nodenumber     x-coordinate     y-coordinate     z-coordinate         pressure velocity-magnitude      sound-speed      temperature rel-velocity-magnitude relative-velocity-angle 
         1 -2.216901913E-02  1.039879580E-01 -4.300600202E-02  8.755000371E+04  1.539458218E+02  3.330495967E+02  2.762234924E+02  2.357903961E+02  8.594553473E-01 
         2 -2.197401757E-02  1.042260031E-01 -4.002397295E-02  8.746483426E+04  1.544180421E+02  3.330067306E+02  2.761524863E+02  2.363204031E+02  8.589307992E-01 
         3 -2.150271627E-02  1.045375264E-01 -3.708169353E-02  8.736944031E+04  1.550078855E+02  3.329563572E+02  2.760688925E+02  2.369677285E+02  8.582738740E-01 
         4 -2.072290556E-02  1.049359494E-01 -3.421635317E-02  8.727231738E+04  1.556433775E+02  3.329048524E+02  2.759835267E+02  2.376857278E+02  8.577020587E-01 
         5 -1.964621854E-02  1.053757771E-01 -3.145501365E-02  8.714953052E+04  1.563504095E+02  3.328386793E+02  2.758738189E+02  2.384780545E+02  8.570431657E-01 
         6 -1.833909717E-02  1.058829391E-01 -2.880182754E-02  8.698247729E+04  1.571725383E+02  3.327512093E+02  2.757288857E+02  2.393872194E+02  8.562021013E-01 
         7 -1.686396899E-02  1.064019756E-01 -2.624136390E-02  8.681508496E+04  1.580081983E+02  3.326629238E+02  2.755826025E+02  2.403880467E+02  8.556638565E-01 
         8 -1.524276490E-02  1.069101094E-01 -2.376908005E-02  8.663270007E+04  1.588996677E+02  3.325675292E+02  2.754245639E+02  2.414320846E+02  8.550145775E-01 
         9 -1.353040875E-02  1.074492491E-01 -2.136449246E-02  8.639893848E+04  1.600328269E+02  3.324440956E+02  2.752201507E+02  2.426556795E+02  8.537014788E-01 
        10 -1.175719847E-02  1.079385502E-01 -1.899452623E-02  8.618407220E+04  1.613602848E+02  3.323253174E+02  2.750234537E+02  2.438398774E+02  8.512386633E-01 
        11 -9.920451205E-03  1.084473482E-01 -1.667649769E-02  8.608663220E+04  1.626236513E+02  3.322599787E+02  2.749153689E+02  2.448239326E+02  8.484384804E-01 
        12 -8.053093039E-03  1.089314126E-01 -1.437870322E-02  8.616783862E+04  1.634470323E+02  3.322957251E+02  2.749745216E+02  2.448905584E+02  8.447086560E-01 
        13 -6.139911673E-03  1.093816015E-01 -1.211111235E-02  8.663810498E+04  1.630713906E+02  3.325443754E+02  2.753862386E+02  2.435074797E+02  8.424966279E-01 
        14 -4.213714023E-03  1.098625599E-01 -9.853315987E-03  8.749716309E+04  1.607004871E+02  3.330183086E+02  2.761717587E+02  2.406808949E+02  8.462489434E-01 
        15 -2.267252226E-03  1.102821410E-01 -7.616721013E-03  8.853573828E+04  1.564281330E+02  3.335875759E+02  2.771168289E+02  2.371054649E+02  8.581370972E-01 
        16 -3.058463972E-04  1.106716081E-01 -5.380345181E-03  8.940749365E+04  1.497676907E+02  3.340136471E+02  2.778253374E+02  2.339145474E+02  8.852520194E-01 
        17  1.649896870E-03  1.110991589E-01 -3.144821902E-03  8.740522839E+04  1.461954592E+02  3.330056977E+02  2.761533220E+02  2.422896311E+02  9.335121028E-01 
        18  3.605378217E-03  1.114680886E-01 -8.997268064E-04  7.563437341E+04  1.750190604E+02  3.262644801E+02  2.650852642E+02  2.859419746E+02  9.427357782E-01 
        19  5.548952344E-03  1.118349081E-01  1.356589372E-03  6.972832056E+04  2.102879188E+02  3.225721421E+02  2.591196265E+02  3.084035449E+02  8.437641202E-01 
        20  7.472030685E-03  1.121892539E-01  3.633809071E-03  7.277507710E+04  2.124514384E+02  3.245348117E+02  2.622882206E+02  2.971706665E+02  7.854896199E-01 
        21  9.366594022E-03  1.125505666E-01  5.932977735E-03  7.650874176E+04  2.077764261E+02  3.269352365E+02  2.661785784E+02  2.842761645E+02  7.590315831E-01 
        22  1.122147558E-02  1.129077905E-01  8.263617067E-03  7.886021112E+04  2.088404073E+02  3.282321382E+02  2.682921929E+02  2.784712728E+02  7.319252990E-01 
        23  1.303284284E-02  1.132507638E-01  1.062953057E-02  8.041097768E+04  2.117458793E+02  3.291122481E+02  2.697322333E+02  2.736680655E+02  6.995494585E-01 
        24  1.479928419E-02  1.136234762E-01  1.303021626E-02  8.156803864E+04  2.158253325E+02  3.298252113E+02  2.709021630E+02  2.688768755E+02  6.612987113E-01 
        25  1.649617427E-02  1.139938279E-01  1.547769530E-02  8.260922559E+04  2.205841553E+02  3.304074736E+02  2.718594708E+02  2.649362698E+02  6.229332532E-01 
        26  1.811807173E-02  1.143837002E-01  1.797032872E-02  8.336509180E+04  2.260586433E+02  3.307613411E+02  2.724417481E+02  2.626987796E+02  5.872377530E-01 
        27  1.968166241E-02  1.148013513E-01  2.049621310E-02  8.351374969E+04  2.330580926E+02  3.307539124E+02  2.724292588E+02  2.630204716E+02  5.529025639E-01 
        28  2.119101764E-02  1.152299366E-01  2.305322148E-02  8.301109383E+04  2.415247481E+02  3.304351598E+02  2.719043438E+02  2.653905835E+02  5.182786748E-01 
        29  2.266338778E-02  1.156643914E-01  2.563116057E-02  8.238273651E+04  2.502804618E+02  3.300286009E+02  2.712357869E+02  2.685306642E+02  4.850004378E-01 
        30  2.408077791E-02  1.161159634E-01  2.823658064E-02  8.184739764E+04  2.585550988E+02  3.296853223E+02  2.706716895E+02  2.714504380E+02  4.536868641E-01 
        31  2.544088325E-02  1.165921105E-01  3.086849856E-02  8.130302759E+04  2.666450496E+02  3.293467507E+02  2.701162360E+02  2.743228602E+02  4.234730802E-01 
        32  2.674433127E-02  1.170738851E-01  3.352942364E-02  8.073940796E+04  2.745581930E+02  3.290465078E+02  2.696239970E+02  2.771376512E+02  3.941905927E-01 
        33  2.797950643E-02  1.175445507E-01  3.622298897E-02  8.021805206E+04  2.822799602E+02  3.288208107E+02  2.692540439E+02  2.797437066E+02  3.652149618E-01 
        34  2.916313541E-02  1.180056499E-01  3.893937175E-02  7.993455510E+04  2.893885107E+02  3.287399064E+02  2.691215582E+02  2.816003940E+02  3.366106927E-01 
        35  3.031249539E-02  1.184785399E-01  4.167042727E-02  8.008128824E+04  2.951746880E+02  3.288613369E+02  2.693204072E+02  2.821314999E+02  3.098592045E-01 
        36  3.139929926E-02  1.189405785E-01  4.442941843E-02  8.036889941E+04  3.005643548E+02  3.290490556E+02  2.696278962E+02  2.820721039E+02  2.828598127E-01 
        37  3.242013936E-02  1.193808800E-01  4.721660669E-02  8.085013216E+04  3.056909917E+02  3.293060694E+02  2.700494125E+02  2.813444620E+02  2.543513054E-01 
        38  3.340677803E-02  1.198011670E-01  5.002067675E-02  8.202052963E+04  3.086926353E+02  3.299337960E+02  2.710803351E+02  2.783357978E+02  2.279366570E-01 
        39  3.430413654E-02  1.201853153E-01  5.285529857E-02  8.357777905E+04  3.105042686E+02  3.308260221E+02  2.725489311E+02  2.739061871E+02  2.020587409E-01 
        40  3.515433510E-02  1.205874318E-01  5.570324370E-02  8.549245557E+04  3.110088329E+02  3.318991890E+02  2.743205414E+02  2.682458076E+02  1.783655789E-01 
        41  3.592907297E-02  1.209644065E-01  5.857535950E-02  8.770378882E+04  3.099860835E+02  3.331055841E+02  2.763188839E+02  2.614920564E+02  1.587531278E-01 
        42  3.664355424E-02  1.213334730E-01  6.146049591E-02  9.007256470E+04  3.074266715E+02  3.343314877E+02  2.783564477E+02  2.540808268E+02  1.453503568E-01 
        43  3.727845098E-02  1.217084379E-01  6.437276718E-02  9.234537158E+04  3.039168215E+02  3.354921417E+02  2.802919054E+02  2.469092178E+02  1.388056758E-01 
        44  3.781448665E-02  1.220744111E-01  6.730672953E-02  9.424313354E+04  3.002490110E+02  3.364946871E+02  2.819690886E+02  2.408610983E+02  1.383149000E-01 
        45  3.826762164E-02  1.224563704E-01  7.025293559E-02  9.558708008E+04  2.972512269E+02  3.372527506E+02  2.832404833E+02  2.367755885E+02  1.423437480E-01 
        46  3.856443464E-02  1.228195695E-01  7.317567491E-02  9.636098047E+04  2.954736099E+02  3.377324982E+02  2.840468521E+02  2.348265762E+02  1.478855573E-01 
        47  3.882754171E-02  1.231963568E-01  7.616928387E-02  9.671994144E+04  2.935711751E+02  3.384050345E+02  2.851803578E+02  2.326320167E+02  1.535750813E-01 
        48  3.896508106E-02  1.235573809E-01  7.913505459E-02  9.685092773E+04  2.898864250E+02  3.393655243E+02  2.868109055E+02  2.267678337E+02  1.571417153E-01 
        49  3.903512947E-02  1.239238609E-01  8.213137167E-02  9.689636975E+04  2.809596825E+02  3.411985533E+02  2.899411829E+02  2.120774937E+02  1.665514740E-01 
        50  3.900153017E-02  1.243001337E-01  8.510504302E-02  9.682811386E+04  2.648431772E+02  3.444047625E+02  2.954343209E+02  1.838800939E+02  1.788390084E-01 
        51  3.889299026E-02  1.246700891E-01  8.806950082E-02  9.659156390E+04  2.478140123E+02  3.481052935E+02  3.018187120E+02  1.404498396E+02  1.659076402E-01 
        52  3.870303970E-02  1.250405990E-01  9.105247242E-02  9.652281152E+04  2.387771435E+02  3.510064945E+02  3.068384247E+02  1.001390418E+02  7.091107637E-02 
        53  3.847530202E-02  1.253810613E-01  9.402032493E-02  9.668557990E+04  2.360941051E+02  3.523683385E+02  3.092189714E+02  6.657883200E+01 -1.547954102E-01 
        54  3.809583015E-02  1.257752167E-01  9.695318516E-02  9.780602637E+04  2.364551163E+02  3.530129547E+02  3.103404007E+02  4.502808118E+01 -1.018184744E+00 
        55  3.767199372E-02  1.261489404E-01  9.992435767E-02  9.950392163E+04  2.455009489E+02  3.526898146E+02  3.097652345E+02  4.242840707E+01 -1.376605839E+00 
        56  3.723780727E-02  1.265196365E-01  1.028569506E-01  1.019068417E+05  2.468337153E+02  3.519394466E+02  3.084491411E+02  5.620716412E+01 -8.332330834E-01 
        57  3.672955052E-02  1.269046997E-01  1.057947981E-01  1.047341267E+05  2.366257055E+02  3.506645288E+02  3.062231750E+02  9.543508959E+01 -8.842778625E-04 
        58  3.615520807E-02  1.273091289E-01  1.087154776E-01  1.070406406E+05  2.407540803E+02  3.481362696E+02  3.018307028E+02  1.444329414E+02  1.996380184E-01 
        59  3.556812424E-02  1.277144368E-01  1.116309472E-01  1.079507968E+05  2.532502162E+02  3.456347003E+02  2.975035775E+02  1.759812293E+02  2.152519129E-01 
        60  3.495651588E-02  1.281329458E-01  1.145394580E-01  1.080521255E+05  2.623464298E+02  3.440948825E+02  2.948516216E+02  1.893040729E+02  2.010619584E-01 
        61  3.433795015E-02  1.285471243E-01  1.174457346E-01  1.079373910E+05  2.671413312E+02  3.433290133E+02  2.935381470E+02  1.946098943E+02  1.907031653E-01 
        62  3.376061330E-02  1.289460490E-01  1.203607660E-01  1.078399115E+05  2.693263407E+02  3.430628502E+02  2.930828369E+02  1.971237791E+02  1.876279637E-01 
        63  3.331803132E-02  1.293309423E-01  1.232882868E-01  1.077757659E+05  2.707898535E+02  3.430075473E+02  2.929883207E+02  1.984030805E+02  1.850093039E-01 
        64  3.310586596E-02  1.296649637E-01  1.262581306E-01  1.077156788E+05  2.720789008E+02  3.430043814E+02  2.929828939E+02  1.994977291E+02  1.829024557E-01 
        65  3.306639982E-02  1.299493947E-01  1.292495641E-01  1.076601534E+05  2.732601536E+02  3.430015900E+02  2.929781210E+02  2.005522655E+02  1.813209328E-01 
        66  3.322486525E-02  1.302097713E-01  1.322380794E-01  1.075822046E+05  2.743594539E+02  3.429800428E+02  2.929413140E+02  2.018217334E+02  1.812005398E-01 
        67  3.356462385E-02  1.304573038E-01  1.352130229E-01  1.074591120E+05  2.754395934E+02  3.429283925E+02  2.928530997E+02  2.032631780E+02  1.821524400E-01 
        68  3.400410102E-02  1.306751199E-01  1.381765647E-01  1.072368057E+05  2.765238810E+02  3.428275957E+02  2.926809709E+02  2.047644210E+02  1.831900137E-01 
        69  3.451963359E-02  1.308741206E-01  1.411278790E-01  1.069709686E+05  2.776590824E+02  3.427026711E+02  2.924676881E+02  2.063593652E+02  1.843083312E-01 
        70  3.508991352E-02  1.310576265E-01  1.440660380E-01  1.066877130E+05  2.787899408E+02  3.425800009E+02  2.922583742E+02  2.081619897E+02  1.862193889E-01 
        71  3.570211579E-02  1.312503676E-01  1.470000000E-01  1.063192695E+05  2.802349586E+02  3.424034691E+02  2.919574661E+02  2.103513737E+02  1.873715166E-01 
        72 -2.843361623E-02  1.708417341E-01 -4.258217492E-02  8.204141284E+04  1.836040406E+02  3.299949493E+02  2.711798973E+02  3.441184015E+02  1.007899199E+00 
        73 -2.838826984E-02  1.709653765E-01 -3.916427879E-02  8.203307092E+04  1.843311880E+02  3.299484291E+02  2.711034713E+02  3.449846354E+02  1.007021535E+00 
        74 -2.835908450E-02  1.711140563E-01 -3.574649433E-02  8.237085193E+04  1.838411217E+02  3.301555879E+02  2.714440091E+02  3.437232966E+02  1.006395357E+00 
        75 -2.838361088E-02  1.712589164E-01 -3.232950605E-02  8.300326929E+04  1.827946677E+02  3.305389299E+02  2.720748472E+02  3.421224804E+02  1.007163040E+00 
        76 -2.841360827E-02  1.714319125E-01 -2.891476756E-02  8.368707898E+04  1.817517681E+02  3.309149718E+02  2.726942844E+02  3.408912296E+02  1.008554989E+00 
        77 -2.833774301E-02  1.716334782E-01 -2.549995819E-02  8.419251895E+04  1.807629805E+02  3.311978126E+02  2.731605818E+02  3.392560356E+02  1.009162260E+00 
        78 -2.791452343E-02  1.719215161E-01 -2.212016887E-02  8.446338623E+04  1.799964924E+02  3.313474674E+02  2.734075785E+02  3.388896008E+02  1.011224590E+00 
        79 -2.700703325E-02  1.722886754E-01 -1.884820631E-02  8.429222607E+04  1.796693583E+02  3.312405281E+02  2.732311907E+02  3.396888657E+02  1.013807751E+00 
        80 -2.544395246E-02  1.727209334E-01 -1.584518523E-02  8.323536859E+04  1.809915222E+02  3.306573551E+02  2.722701995E+02  3.427804875E+02  1.014760484E+00 
        81 -2.351536464E-02  1.732363399E-01 -1.306823492E-02  8.133143443E+04  1.847149005E+02  3.295624369E+02  2.704704126E+02  3.482948854E+02  1.012074691E+00 
        82 -2.134527601E-02  1.737374909E-01 -1.047435973E-02  7.872293793E+04  1.907100120E+02  3.280347741E+02  2.679691432E+02  3.565351989E+02  1.007211388E+00 
        83 -1.897326710E-02  1.742189522E-01 -8.035177519E-03  7.542246378E+04  1.996913874E+02  3.260077561E+02  2.646686934E+02  3.654131545E+02  9.941809620E-01 
        84 -1.652827274E-02  1.746780172E-01 -5.688541800E-03  7.287997394E+04  2.076028483E+02  3.244069815E+02  2.620752511E+02  3.730509157E+02  9.830348035E-01 
        85 -1.397929867E-02  1.751251779E-01 -3.446989688E-03  7.236668420E+04  2.109107323E+02  3.240858951E+02  2.615559802E+02  3.746257901E+02  9.748466760E-01 
        86 -1.139011487E-02  1.755573757E-01 -1.256774906E-03  7.403662158E+04  2.090385633E+02  3.252046824E+02  2.633661990E+02  3.706769409E+02  9.726700466E-01 
        87 -8.734274343E-03  1.759085237E-01  8.667805443E-04  7.931486206E+04  2.032141727E+02  3.283233013E+02  2.684461210E+02  3.552502470E+02  9.623945272E-01 
        88 -6.073383534E-03  1.762548475E-01  2.984781313E-03  8.858451031E+04  1.916417998E+02  3.334108372E+02  2.768285347E+02  3.317994692E+02  9.622290046E-01 
        89 -3.359730182E-03  1.765819110E-01  5.053045394E-03  9.860441425E+04  1.737737416E+02  3.386425953E+02  2.855826696E+02  3.043068311E+02  9.869988658E-01 
        90 -6.741955509E-04  1.768270807E-01  7.130208361E-03  9.773781094E+04  1.652635395E+02  3.381144894E+02  2.846919796E+02  3.070759762E+02  1.019847374E+00 
        91  2.027043660E-03  1.770783858E-01  9.208570588E-03  7.918465714E+04  1.912507198E+02  3.281842123E+02  2.682198515E+02  3.570198188E+02  1.006518469E+00 
        92  4.731686997E-03  1.772422585E-01  1.127155269E-02  7.287923123E+04  2.121452459E+02  3.244575462E+02  2.621594679E+02  3.748411409E+02  9.708665195E-01 
        93  7.454465044E-03  1.773874983E-01  1.334309669E-02  7.318720355E+04  2.109295749E+02  3.245456690E+02  2.623004152E+02  3.761812770E+02  9.773180916E-01 
        94  1.015989937E-02  1.775222933E-01  1.545596277E-02  7.057903047E+04  2.177884363E+02  3.229343374E+02  2.597064555E+02  3.825400065E+02  9.674987788E-01 
        95  1.284858280E-02  1.775661421E-01  1.756817794E-02  6.710328687E+04  2.279047122E+02  3.207067664E+02  2.561384289E+02  3.911989961E+02  9.524338306E-01 
        96  1.551966693E-02  1.776138061E-01  1.970369132E-02  6.418744751E+04  2.374785185E+02  3.186274946E+02  2.528262300E+02  4.005185966E+02  9.409000054E-01 
        97  1.817410325E-02  1.776258069E-01  2.186017323E-02  6.183959314E+04  2.456154616E+02  3.169699821E+02  2.502002993E+02  4.079350963E+02  9.303749874E-01 
        98  2.080993586E-02  1.775631240E-01  2.403936301E-02  6.019238501E+04  2.526497450E+02  3.158458881E+02  2.484266338E+02  4.130108147E+02  9.185310137E-01 
        99  2.341570779E-02  1.774969016E-01  2.625394818E-02  5.978181665E+04  2.573740726E+02  3.156212568E+02  2.480735841E+02  4.142358770E+02  9.055671860E-01 
       100  2.600295182E-02  1.773818036E-01  2.848806157E-02  6.150220508E+04  2.589341125E+02  3.168859243E+02  2.500797310E+02  4.099762945E+02  8.905567490E-01 
       101  2.856627515E-02  1.771883875E-01  3.074502562E-02  6.689045483E+04  2.544387941E+02  3.207107553E+02  2.561997499E+02  3.948174515E+02  8.729068674E-01 
       102  3.110662233E-02  1.769811535E-01  3.302644514E-02  7.512371680E+04  2.463644800E+02  3.261853676E+02  2.650228643E+02  3.712208910E+02  8.512391020E-01 
       103  3.362247542E-02  1.767159818E-01  3.532849163E-02  8.163577942E+04  2.432154489E+02  3.300793304E+02  2.713395343E+02  3.533232784E+02  8.266946599E-01 
       104  3.610895472E-02  1.763647845E-01  3.765120331E-02  8.275561023E+04  2.479864042E+02  3.305443101E+02  2.720892868E+02  3.508133707E+02  8.059741808E-01 
       105  3.856497337E-02  1.759966372E-01  4.000321012E-02  8.024913055E+04  2.567627767E+02  3.290302037E+02  2.696016535E+02  3.589985070E+02  7.914556358E-01 
       106  4.103059304E-02  1.755360248E-01  4.234569910E-02  7.824957458E+04  2.637123717E+02  3.280091963E+02  2.679270072E+02  3.637822349E+02  7.768377686E-01 
       107  4.340106546E-02  1.750377176E-01  4.474435622E-02  7.917966626E+04  2.662879603E+02  3.287268146E+02  2.691031527E+02  3.608146120E+02  7.625238423E-01 
       108  4.575540032E-02  1.745445103E-01  4.717695363E-02  8.334226843E+04  2.650571182E+02  3.310581431E+02  2.729393899E+02  3.497961812E+02  7.464274783E-01 
       109  4.807037784E-02  1.739953488E-01  4.963532790E-02  8.943117261E+04  2.611502733E+02  3.341888571E+02  2.781268330E+02  3.334313526E+02  7.307237498E-01 
       110  5.034733117E-02  1.734133857E-01  5.212084081E-02  9.491306445E+04  2.581223774E+02  3.368947296E+02  2.826436691E+02  3.184341240E+02  7.159604654E-01 
       111  5.258765486E-02  1.728405975E-01  5.464144749E-02  9.846512988E+04  2.578512573E+02  3.386534977E+02  2.855992699E+02  3.087006493E+02  7.012579478E-01 
       112  5.479076840E-02  1.722430532E-01  5.718902978E-02  1.012379851E+05  2.583849134E+02  3.400508108E+02  2.879608107E+02  3.020659304E+02  6.891622078E-01 
       113  5.694737683E-02  1.716020731E-01  5.976586917E-02  1.044316405E+05  2.581220460E+02  3.416048689E+02  2.905985785E+02  2.945111539E+02  6.789744212E-01 
       114  5.911848447E-02  1.709340834E-01  6.233872565E-02  1.079230932E+05  2.568053098E+02  3.432888294E+02  2.934703171E+02  2.857542070E+02  6.710253856E-01 
       115  6.119351897E-02  1.703313828E-01  6.496775561E-02  1.109052529E+05  2.555864320E+02  3.446738777E+02  2.958428488E+02  2.772481432E+02  6.643742211E-01 
       116  6.319798910E-02  1.696485115E-01  6.765543605E-02  1.133854993E+05  2.543825455E+02  3.457649755E+02  2.977183895E+02  2.700534840E+02  6.596865375E-01 
       117  6.520189851E-02  1.689621155E-01  7.034628384E-02  1.154008271E+05  2.536220474E+02  3.465344353E+02  2.990448322E+02  2.646001406E+02  6.561405323E-01 
       118  6.717992039E-02  1.682884043E-01  7.305807409E-02  1.172404819E+05  2.517118597E+02  3.473553829E+02  3.004632044E+02  2.602188110E+02  6.587367076E-01 
       119  6.910755662E-02  1.675987334E-01  7.579818779E-02  1.187877235E+05  2.506532068E+02  3.479406900E+02  3.014766221E+02  2.566713450E+02  6.593538555E-01 
       120  7.101404689E-02  1.668389198E-01  7.852135391E-02  1.198497445E+05  2.475706542E+02  3.485014112E+02  3.024490855E+02  2.539559593E+02  6.689672745E-01 
       121  7.286652020E-02  1.661304029E-01  8.130170181E-02  1.200612163E+05  2.455232832E+02  3.486304131E+02  3.026731681E+02  2.531357364E+02  6.767581904E-01 
       122  7.473378469E-02  1.653966549E-01  8.408122010E-02  1.199876128E+05  2.447536697E+02  3.486947861E+02  3.027850494E+02  2.535718555E+02  6.806498468E-01 
       123  7.654776682E-02  1.646234676E-01  8.688218818E-02  1.198622615E+05  2.447550840E+02  3.487511921E+02  3.028831873E+02  2.529596519E+02  6.801770013E-01 
       124  7.830115451E-02  1.638494494E-01  8.971806956E-02  1.198419771E+05  2.433102932E+02  3.489144955E+02  3.031674843E+02  2.512420330E+02  6.846359931E-01 
       125  8.003223315E-02  1.630890187E-01  9.257063461E-02  1.197670750E+05  2.413331690E+02  3.492767649E+02  3.037991238E+02  2.502501011E+02  6.923152171E-01 
       126  8.174167210E-02  1.623344685E-01  9.543869445E-02  1.196400978E+05  2.400016654E+02  3.496578021E+02  3.044642982E+02  2.487196205E+02  6.970113828E-01 
       127  8.339566060E-02  1.615413001E-01  9.829620033E-02  1.194736669E+05  2.377269914E+02  3.502978073E+02  3.055829649E+02  2.453016120E+02  7.044606216E-01 
       128  8.500809507E-02  1.607572746E-01  1.012133408E-01  1.192223730E+05  2.353995501E+02  3.510772536E+02  3.069471855E+02  2.396852862E+02  7.114179763E-01 
       129  8.654116005E-02  1.600133249E-01  1.041766726E-01  1.189726885E+05  2.344613131E+02  3.517198572E+02  3.080729011E+02  2.315343851E+02  7.117551474E-01 
       130  8.807530659E-02  1.592883350E-01  1.071513815E-01  1.188641409E+05  2.332097178E+02  3.524372439E+02  3.093299589E+02  2.232476768E+02  7.141026696E-01 
       131  8.946870181E-02  1.585918917E-01  1.101955952E-01  1.187948717E+05  2.307198867E+02  3.534057083E+02  3.110292763E+02  2.144568460E+02  7.227587227E-01 
       132  9.078169785E-02  1.579398834E-01  1.132895212E-01  1.187625698E+05  2.281021963E+02  3.541284392E+02  3.122986575E+02  2.090457988E+02  7.339925934E-01 
       133  9.193376095E-02  1.573753789E-01  1.164622823E-01  1.187043567E+05  2.264475989E+02  3.541433659E+02  3.123227968E+02  2.100017276E+02  7.419093931E-01 
       134  9.287851211E-02  1.569754829E-01  1.197270904E-01  1.186610760E+05  2.274011456E+02  3.531999220E+02  3.106635076E+02  2.190486949E+02  7.406300316E-01 
       135  9.346963790E-02  1.567893278E-01  1.230899614E-01  1.185940201E+05  2.317734755E+02  3.512823478E+02  3.073042614E+02  2.367515482E+02  7.295609391E-01 
       136  9.376445592E-02  1.568076376E-01  1.265149706E-01  1.184443431E+05  2.386554625E+02  3.490752974E+02  3.034523411E+02  2.541922760E+02  7.125214823E-01 
       137  9.391306034E-02  1.569225935E-01  1.299303306E-01  1.183575601E+05  2.423442020E+02  3.479454908E+02  3.014859924E+02  2.612539873E+02  7.036532182E-01 
       138  9.402896493E-02  1.570765633E-01  1.333445553E-01  1.183074990E+05  2.425141468E+02  3.477747669E+02  3.011892319E+02  2.607666140E+02  7.029734775E-01 
       139  9.417960043E-02  1.572174564E-01  1.367593072E-01  1.182270452E+05  2.427714963E+02  3.478171825E+02  3.012626433E+02  2.604511275E+02  7.023474257E-01 
       140  9.437397158E-02  1.573466446E-01  1.401725853E-01  1.180903453E+05  2.436695068E+02  3.478569999E+02  3.013316636E+02  2.615786846E+02  7.007523719E-01 
       141  9.455826038E-02  1.574868932E-01  1.435861248E-01  1.179614314E+05  2.440633231E+02  3.480152980E+02  3.016059840E+02  2.619696011E+02  7.004354638E-01 
       142  9.468914447E-02  1.576724412E-01  1.470000022E-01  1.179282900E+05  2.442488585E+02  3.481169357E+02  3.017946644E+02  2.621520176E+02  7.007790618E-01 
       143 -2.515044289E-02  2.387134140E-01 -4.211006034E-02  8.350025736E+04  1.802018538E+02  3.307702237E+02  2.724561133E+02  4.403937446E+02  1.149241094E+00 
       144 -2.515073613E-02  2.387267259E-01 -3.821832766E-02  8.513272647E+04  1.763692458E+02  3.316116451E+02  2.738440096E+02  4.369898905E+02  1.155471844E+00 
       145 -2.514274647E-02  2.387409373E-01 -3.433018188E-02  8.598809967E+04  1.743612479E+02  3.321152617E+02  2.746766448E+02  4.343678904E+02  1.158093307E+00 
       146 -2.514933814E-02  2.387615668E-01 -3.043885368E-02  8.551844113E+04  1.752053936E+02  3.319554690E+02  2.744122348E+02  4.358456707E+02  1.157543587E+00 
       147 -2.514205174E-02  2.387863737E-01 -2.655197175E-02  8.395963635E+04  1.792072950E+02  3.310791476E+02  2.729654631E+02  4.384926786E+02  1.150313645E+00 
       148 -2.514801404E-02  2.388163633E-01 -2.268742808E-02  8.200724553E+04  1.841259163E+02  3.299925765E+02  2.711765517E+02  4.438721346E+02  1.143573249E+00 
       149 -2.514603624E-02  2.387984711E-01 -1.877579094E-02  8.032188574E+04  1.881326256E+02  3.290823746E+02  2.696827202E+02  4.473654938E+02  1.137237668E+00 
       150 -2.513833525E-02  2.388756875E-01 -1.487946342E-02  7.942524983E+04  1.900476697E+02  3.286243406E+02  2.689321395E+02  4.491002697E+02  1.134355797E+00 
       151 -2.514495058E-02  2.389300222E-01 -1.098752945E-02  7.966284323E+04  1.893313982E+02  3.286583464E+02  2.689878320E+02  4.481203985E+02  1.135021615E+00 
       152 -2.501801490E-02  2.389948317E-01 -7.101428526E-03  8.154373138E+04  1.845798236E+02  3.296539050E+02  2.706210946E+02  4.444289104E+02  1.142927881E+00 
       153 -2.403359079E-02  2.391541778E-01 -3.362202731E-03  8.627035513E+04  1.727574621E+02  3.322807382E+02  2.749521464E+02  4.340089526E+02  1.161919898E+00 
       154 -2.203079393E-02  2.393877231E-01 -4.501692070E-05  8.982603806E+04  1.648178535E+02  3.341557109E+02  2.780622855E+02  4.264255641E+02  1.174982217E+00 
       155 -1.942355624E-02  2.396357170E-01  2.825132604E-03  8.663639539E+04  1.728848854E+02  3.326441948E+02  2.755555218E+02  4.342605426E+02  1.161914550E+00 
       156 -1.648721574E-02  2.398964014E-01  5.342831758E-03  8.113331458E+04  1.873520092E+02  3.295132031E+02  2.703911655E+02  4.457912374E+02  1.137377752E+00 
       157 -1.330897545E-02  2.400801911E-01  7.594698846E-03  7.954769666E+04  1.890259080E+02  3.285722218E+02  2.688476143E+02  4.492257237E+02  1.136876045E+00 
       158 -1.004552185E-02  2.402353079E-01  9.709455816E-03  8.035521729E+04  1.860029821E+02  3.289200721E+02  2.694177322E+02  4.473968410E+02  1.142621752E+00 
       159 -6.714656287E-03  2.403804415E-01  1.171394437E-02  8.069524753E+04  1.845060045E+02  3.290883448E+02  2.696932998E+02  4.464734491E+02  1.145717736E+00 
       160 -3.322138608E-03  2.404066774E-01  1.362735999E-02  8.007981680E+04  1.858103242E+02  3.287917588E+02  2.692069898E+02  4.479924247E+02  1.144711935E+00 
       161  9.783589121E-05  2.404201762E-01  1.547870720E-02  8.020862646E+04  1.867845559E+02  3.287220039E+02  2.690944839E+02  4.478844886E+02  1.142963506E+00 
       162  3.534439975E-03  2.403949673E-01  1.730379042E-02  8.203410522E+04  1.791911945E+02  3.302259836E+02  2.715675497E+02  4.445456409E+02  1.159428772E+00 
       163  6.969024296E-03  2.402279751E-01  1.908412837E-02  9.151226886E+04  1.583839836E+02  3.349376080E+02  2.793964064E+02  4.243657956E+02  1.195277494E+00 
       164  1.043411823E-02  2.400800089E-01  2.085152946E-02  7.831914628E+04  1.883098503E+02  3.285150882E+02  2.687581542E+02  4.484711221E+02  1.141678168E+00 
       165  1.388371434E-02  2.398652026E-01  2.263181169E-02  7.916095648E+04  1.851534386E+02  3.288304379E+02  2.692702277E+02  4.463658314E+02  1.146128390E+00 
       166  1.734145131E-02  2.394992745E-01  2.440657916E-02  7.884729956E+04  1.859915338E+02  3.287307215E+02  2.691069129E+02  4.476828876E+02  1.146058209E+00 
       167  2.080043859E-02  2.391294908E-01  2.615375350E-02  7.862411406E+04  1.871683095E+02  3.287488550E+02  2.691364371E+02  4.442431107E+02  1.140297605E+00 
       168  2.424052770E-02  2.387186889E-01  2.792040504E-02  7.875296228E+04  1.884282963E+02  3.287894287E+02  2.692034993E+02  4.396949439E+02  1.132766763E+00 
       169  2.766624902E-02  2.381908713E-01  2.968394578E-02  7.878758972E+04  1.906326003E+02  3.287438674E+02  2.691295533E+02  4.391192188E+02  1.126642872E+00 
       170  3.108229850E-02  2.375970478E-01  3.144655572E-02  7.870010498E+04  1.939901979E+02  3.286269474E+02  2.689383044E+02  4.421422467E+02  1.121619952E+00 
       171  3.449726266E-02  2.369314331E-01  3.319569832E-02  7.870804486E+04  1.967226959E+02  3.285958211E+02  2.688875325E+02  4.444046249E+02  1.117845541E+00 
       172  3.787267708E-02  2.362004853E-01  3.498142333E-02  7.898108179E+04  1.990795190E+02  3.286913657E+02  2.690446172E+02  4.450513735E+02  1.114021908E+00 
       173  4.123744789E-02  2.354271843E-01  3.677379579E-02  7.909830005E+04  2.012830410E+02  3.287386699E+02  2.691218929E+02  4.450815773E+02  1.110280590E+00 
       174  4.456263149E-02  2.345133553E-01  3.856958315E-02  7.836116141E+04  2.051229436E+02  3.283040957E+02  2.684103692E+02  4.463832579E+02  1.104207523E+00 
       175  4.789152860E-02  2.335402793E-01  4.034492433E-02  7.677891214E+04  2.100715503E+02  3.273799971E+02  2.669013752E+02  4.495783005E+02  1.096850489E+00 
       176  5.119514426E-02  2.325727211E-01  4.215365701E-02  7.498638240E+04  2.155592025E+02  3.262334341E+02  2.650350712E+02  4.534075750E+02  1.088453166E+00 
       177  5.444737908E-02  2.314873556E-01  4.396264389E-02  7.322829129E+04  2.210841830E+02  3.250520378E+02  2.631189380E+02  4.571629307E+02  1.079930270E+00 
       178  5.771043354E-02  2.303389779E-01  4.576361213E-02  7.123904535E+04  2.274579724E+02  3.237332422E+02  2.609891695E+02  4.611423478E+02  1.069657097E+00 
       179  6.093363739E-02  2.292015055E-01  4.761570799E-02  6.868536133E+04  2.360679111E+02  3.221338415E+02  2.584181409E+02  4.668047924E+02  1.055865472E+00 
       180  6.411569228E-02  2.279427553E-01  4.946832252E-02  6.662611816E+04  2.471097784E+02  3.209405947E+02  2.565075188E+02  4.708562279E+02  1.033294931E+00 
       181  6.728438578E-02  2.267057043E-01  5.135068917E-02  6.846716504E+04  2.588989496E+02  3.225252800E+02  2.590607376E+02  4.674746962E+02  9.972593002E-01 
       182  7.045491472E-02  2.254566135E-01  5.324396322E-02  7.887290002E+04  2.654762859E+02  3.289790597E+02  2.695772963E+02  4.418798008E+02  9.472886538E-01 
       183  7.352398986E-02  2.240979077E-01  5.520813549E-02  9.397602954E+04  2.531250548E+02  3.367105970E+02  2.823737049E+02  4.089215803E+02  9.422039762E-01 
       184  7.654294831E-02  2.227589545E-01  5.724026033E-02  1.034850463E+05  2.336888480E+02  3.416970609E+02  2.907592244E+02  3.878679556E+02  9.740977904E-01 
       185  7.954929441E-02  2.214414527E-01  5.933596166E-02  1.093838982E+05  2.385099878E+02  3.446562347E+02  2.958271379E+02  3.774716082E+02  9.523288794E-01 
       186  8.244157493E-02  2.200232159E-01  6.149679439E-02  1.242495430E+05  2.393726387E+02  3.507946320E+02  3.064481583E+02  3.445976334E+02  9.306904525E-01 
       187  8.531452000E-02  2.186177542E-01  6.372436707E-02  1.207563412E+05  2.409440980E+02  3.492666502E+02  3.037802138E+02  3.522835152E+02  9.271144266E-01 
       188  8.816039266E-02  2.172472440E-01  6.601424901E-02  1.229924277E+05  2.351471014E+02  3.501977139E+02  3.054007750E+02  3.476404490E+02  9.407447856E-01 
       189  9.092008057E-02  2.157826082E-01  6.831794754E-02  1.228338073E+05  2.273848827E+02  3.502077947E+02  3.054184012E+02  3.464446133E+02  9.616151478E-01 
       190  9.367581728E-02  2.143255962E-01  7.064980943E-02  1.220792305E+05  2.235932406E+02  3.498771210E+02  3.048417819E+02  3.464223962E+02  9.717284565E-01 
       191  9.641114101E-02  2.128789625E-01  7.302159977E-02  1.222680013E+05  2.205619292E+02  3.499430349E+02  3.049565088E+02  3.458652315E+02  9.795787525E-01 
       192  9.907895187E-02  2.114028516E-01  7.542603674E-02  1.223919772E+05  2.199394231E+02  3.498757591E+02  3.048393195E+02  3.451228032E+02  9.807569431E-01 
       193  1.016896232E-01  2.099003163E-01  7.789626121E-02  1.226941500E+05  2.205869632E+02  3.500972886E+02  3.052262971E+02  3.443764596E+02  9.778776448E-01 
       194  1.042573666E-01  2.084682280E-01  8.044071344E-02  1.228388160E+05  2.199696296E+02  3.509247820E+02  3.066719856E+02  3.431115232E+02  9.789615152E-01 
       195  1.067132028E-01  2.069758083E-01  8.306726980E-02  1.228886888E+05  2.209201497E+02  3.516289681E+02  3.079057046E+02  3.395497519E+02  9.747705043E-01 
       196  1.091091693E-01  2.055182938E-01  8.576040538E-02  1.229523604E+05  2.215566220E+02  3.526763569E+02  3.097477869E+02  3.340090589E+02  9.714984149E-01 
       197  1.114533399E-01  2.040960959E-01  8.851719904E-02  1.228598594E+05  2.205500788E+02  3.545968591E+02  3.131377651E+02  3.254348992E+02  9.738260700E-01 
       198  1.136946430E-01  2.026973542E-01  9.137514269E-02  1.226948826E+05  2.210526309E+02  3.565204765E+02  3.165459818E+02  3.118433131E+02  9.734335550E-01 
       199  1.158224243E-01  2.012857480E-01  9.431046231E-02  1.226231618E+05  2.234344552E+02  3.578661101E+02  3.189354241E+02  2.975988829E+02  9.687581857E-01 
       200  1.177983438E-01  1.999614296E-01  9.738734661E-02  1.226037230E+05  2.259081310E+02  3.588454033E+02  3.206772860E+02  2.866189492E+02  9.636533388E-01 
       201  1.195376812E-01  1.988013159E-01  1.006637087E-01  1.225720409E+05  2.283789081E+02  3.590025300E+02  3.209557584E+02  2.849409336E+02  9.556577997E-01 
       202  1.207748534E-01  1.979244993E-01  1.042263433E-01  1.225321036E+05  2.306724519E+02  3.575788293E+02  3.184237940E+02  2.995312309E+02  9.440183085E-01 
       203  1.209766187E-01  1.976967879E-01  1.080979692E-01  1.225924818E+05  2.338210692E+02  3.546568784E+02  3.132457696E+02  3.245039699E+02  9.309020949E-01 
       204  1.209415894E-01  1.976147862E-01  1.119887176E-01  1.227567285E+05  2.329916466E+02  3.527817253E+02  3.099374518E+02  3.322895879E+02  9.329598215E-01 
       205  1.209136670E-01  1.975679793E-01  1.158784497E-01  1.228630804E+05  2.289726829E+02  3.520798112E+02  3.087006854E+02  3.344079448E+02  9.447274382E-01 
       206  1.209140530E-01  1.975343277E-01  1.197687765E-01  1.229199957E+05  2.251968779E+02  3.517241636E+02  3.080743993E+02  3.360462387E+02  9.562163307E-01 
       207  1.209033119E-01  1.974945510E-01  1.236620610E-01  1.229409938E+05  2.226343215E+02  3.515275221E+02  3.077283237E+02  3.359465234E+02  9.638728038E-01 
       208  1.208998844E-01  1.975608583E-01  1.275528569E-01  1.229870408E+05  2.218058522E+02  3.516596143E+02  3.079616500E+02  3.347059907E+02  9.665580294E-01 
       209  1.209086196E-01  1.975927695E-01  1.314428594E-01  1.229438966E+05  2.218078293E+02  3.521027958E+02  3.087412340E+02  3.326184469E+02  9.665329725E-01 
       210  1.209261261E-01  1.976437754E-01  1.353324952E-01  1.229363947E+05  2.220072646E+02  3.529304428E+02  3.101977377E+02  3.269102302E+02  9.655309955E-01 
       211  1.209477387E-01  1.976921952E-01  1.392217013E-01  1.229547522E+05  2.215666667E+02  3.540473496E+02  3.121657653E+02  3.197884512E+02  9.669127760E-01 
       212  1.209659901E-01  1.977439656E-01  1.431109690E-01  1.231065151E+05  2.209779048E+02  3.552021935E+02  3.141894183E+02  3.126617122E+02  9.692306037E-01 
       213  1.210017723E-01  1.977818072E-01  1.470000027E-01  1.232922378E+05  2.213193417E+02  3.557684116E+02  3.149742575E+02  3.093797417E+02  9.688411802E-01 
       214 -1.337431699E-02  1.053111530E-01 -4.600000000E-02  8.759022070E+04  1.539581470E+02  3.331020699E+02  2.763148232E+02  2.356687393E+02  8.588817939E-01 
       215 -1.336879354E-02  1.054912688E-01 -4.299898917E-02  8.749397070E+04  1.540281639E+02  3.330479221E+02  2.762207971E+02  2.359681134E+02  8.596564233E-01 
       216 -1.321272523E-02  1.057016208E-01 -4.000664894E-02  8.749030420E+04  1.542443666E+02  3.330114212E+02  2.761602345E+02  2.362591534E+02  8.596757166E-01 
       217 -1.269691607E-02  1.059729593E-01 -3.706120983E-02  8.738316746E+04  1.549832675E+02  3.329438449E+02  2.760481752E+02  2.369053614E+02  8.581497699E-01 
       218 -1.181263769E-02  1.063072321E-01 -3.420969757E-02  8.724038000E+04  1.559257565E+02  3.328605941E+02  2.759101001E+02  2.379041221E+02  8.568822792E-01 
       219 -1.066241908E-02  1.066659143E-01 -3.145726216E-02  8.709520938E+04  1.565251859E+02  3.328260762E+02  2.758529069E+02  2.386369602E+02  8.565884295E-01 
       220 -9.280794463E-03  1.070573859E-01 -2.881758489E-02  8.692179370E+04  1.572953839E+02  3.327493906E+02  2.757258064E+02  2.395658536E+02  8.560878652E-01 
       221 -7.735023178E-03  1.074435380E-01 -2.626912607E-02  8.681105365E+04  1.581550032E+02  3.326841329E+02  2.756176652E+02  2.403595338E+02  8.546956950E-01 
       222 -6.047350445E-03  1.078135440E-01 -2.381048416E-02  8.668632988E+04  1.591867443E+02  3.325610271E+02  2.754137791E+02  2.412202677E+02  8.526642874E-01 
       223 -4.299611852E-03  1.081916589E-01 -2.139379423E-02  8.659228285E+04  1.596475554E+02  3.326294990E+02  2.755272095E+02  2.416319965E+02  8.521196873E-01 
       224 -2.461870607E-03  1.085505379E-01 -1.904289133E-02  8.665186052E+04  1.601162353E+02  3.325432376E+02  2.753843232E+02  2.420273199E+02  8.514221082E-01 
       225 -5.886173328E-04  1.088780789E-01 -1.671486844E-02  8.676309634E+04  1.599309685E+02  3.326916046E+02  2.756300869E+02  2.419641287E+02  8.527900891E-01 
       226  1.337912187E-03  1.092215599E-01 -1.443302686E-02  8.686698905E+04  1.597941905E+02  3.325864448E+02  2.754558499E+02  2.423868439E+02  8.554634917E-01 
       227  3.290030235E-03  1.094941851E-01 -1.216353628E-02  8.670573108E+04  1.594623610E+02  3.324845992E+02  2.752871924E+02  2.436517244E+02  8.622325218E-01 
       228  5.262023684E-03  1.097864070E-01 -9.913643549E-03  8.602107693E+04  1.603596460E+02  3.320680318E+02  2.745981672E+02  2.468745322E+02  8.693198946E-01 
       229  7.256339014E-03  1.100495762E-01 -7.679258903E-03  8.413329078E+04  1.649528088E+02  3.310272442E+02  2.728797581E+02  2.540140798E+02  8.707335367E-01 
       230  9.250945095E-03  1.102792579E-01 -5.441700620E-03  8.182145036E+04  1.726987751E+02  3.298622092E+02  2.709620776E+02  2.619928510E+02  8.589634016E-01 
       231  1.125130268E-02  1.105297001E-01 -3.209862298E-03  8.036729224E+04  1.803992491E+02  3.292233362E+02  2.699134736E+02  2.666800666E+02  8.357996959E-01 
       232  1.324504242E-02  1.107259366E-01 -9.692227629E-04  8.105411743E+04  1.841267428E+02  3.295739269E+02  2.704890347E+02  2.648146572E+02  8.096535392E-01 
       233  1.522818012E-02  1.109344875E-01  1.280794701E-03  8.307990820E+04  1.844161510E+02  3.307089939E+02  2.723561907E+02  2.582066736E+02  7.850991972E-01 
       234  1.717717000E-02  1.111306516E-01  3.565314237E-03  8.530842188E+04  1.833814220E+02  3.320204659E+02  2.745205326E+02  2.498002968E+02  7.622315958E-01 
       235  2.098827574E-02  1.115152878E-01  8.199040730E-03  8.915030371E+04  1.871206732E+02  3.341174221E+02  2.779991646E+02  2.378984814E+02  7.049176618E-01 
       236  2.283804163E-02  1.116790561E-01  1.055952489E-02  9.046914496E+04  1.895160170E+02  3.354413929E+02  2.802055042E+02  2.292545297E+02  6.653078748E-01 
       237  2.632960383E-02  1.121198866E-01  1.543269692E-02  9.114957861E+04  2.052025051E+02  3.354536572E+02  2.802261105E+02  2.310184288E+02  5.875919387E-01 
       238  2.959379811E-02  1.126564718E-01  2.044933110E-02  9.024920667E+04  2.217452660E+02  3.348260818E+02  2.791783037E+02  2.369074597E+02  5.200875998E-01 
       239  3.114059063E-02  1.129278581E-01  2.301118304E-02  8.969020016E+04  2.291665165E+02  3.346703971E+02  2.789191737E+02  2.400318735E+02  4.923951363E-01 
       240  3.264987762E-02  1.132456905E-01  2.559358749E-02  8.912977777E+04  2.369873275E+02  3.341688374E+02  2.780836123E+02  2.437476152E+02  4.648937099E-01 
       241  3.807676132E-02  1.146676712E-01  3.621643154E-02  8.788250870E+04  2.614852236E+02  3.335089197E+02  2.769861252E+02  2.518832822E+02  3.704088570E-01 
       242  3.928374460E-02  1.150413043E-01  3.894926042E-02  8.802029840E+04  2.669512849E+02  3.338645380E+02  2.775778172E+02  2.528370514E+02  3.464347285E-01 
       243  4.044503934E-02  1.154301055E-01  4.169676193E-02  8.842991472E+04  2.707398037E+02  3.342017615E+02  2.781387250E+02  2.519825502E+02  3.249327284E-01 
       244  4.154949506E-02  1.158110833E-01  4.446441861E-02  8.905260693E+04  2.744086781E+02  3.344976749E+02  2.786314182E+02  2.509991322E+02  3.034759015E-01 
       245  4.259018966E-02  1.161595968E-01  4.726780086E-02  8.986659351E+04  2.776253197E+02  3.348563722E+02  2.792295556E+02  2.493838351E+02  2.818340137E-01 
       246  4.357921759E-02  1.165132208E-01  5.008364009E-02  9.086595239E+04  2.796689453E+02  3.353799658E+02  2.801033697E+02  2.464169340E+02  2.614774080E-01 
       247  4.448002582E-02  1.168267471E-01  5.293502673E-02  9.198753612E+04  2.818298971E+02  3.359080066E+02  2.809862929E+02  2.435244645E+02  2.404851908E-01 
       248  4.534234860E-02  1.171711221E-01  5.579536500E-02  9.321105176E+04  2.829200478E+02  3.365398407E+02  2.820442982E+02  2.396927929E+02  2.220894890E-01 
       249  4.612355051E-02  1.174912616E-01  5.867935283E-02  9.442145410E+04  2.839607086E+02  3.372058487E+02  2.831618843E+02  2.357119141E+02  2.029075958E-01 
       250  4.681688670E-02  1.178330389E-01  6.158342338E-02  9.558820703E+04  2.848409157E+02  3.378029633E+02  2.841654778E+02  2.324836197E+02  1.879586615E-01 
       251  4.742483443E-02  1.181684938E-01  6.451168194E-02  9.667136523E+04  2.856455841E+02  3.383670769E+02  2.851152802E+02  2.297041206E+02  1.752678808E-01 
       252  4.796175059E-02  1.184973583E-01  6.744925218E-02  9.764678076E+04  2.865462370E+02  3.389446564E+02  2.860890388E+02  2.268381386E+02  1.613207003E-01 
       253  4.839690646E-02  1.188449776E-01  7.040346354E-02  9.848330460E+04  2.878421890E+02  3.393067881E+02  2.867003731E+02  2.247381624E+02  1.478970552E-01 
       254  4.867844520E-02  1.192029192E-01  7.337369276E-02  9.907911591E+04  2.892942515E+02  3.396134071E+02  2.872190493E+02  2.237832142E+02  1.380247494E-01 
       255  4.889804354E-02  1.195863964E-01  7.634446821E-02  9.964226144E+04  2.907115714E+02  3.398196702E+02  2.875681432E+02  2.225387833E+02  1.270608008E-01 
       256  4.901527392E-02  1.199575346E-01  7.936475415E-02  9.999298914E+04  2.925177739E+02  3.400010635E+02  2.878752548E+02  2.221929165E+02  1.171751291E-01 
       257  4.897414798E-02  1.207471392E-01  8.530893469E-02  1.001150059E+05  2.970726585E+02  3.401899948E+02  2.881950340E+02  2.229974327E+02  9.718375467E-02 
       258  4.879835866E-02  1.211503063E-01  8.827262235E-02  1.001629854E+05  2.986487999E+02  3.401325073E+02  2.880976219E+02  2.233821487E+02  9.116722923E-02 
       259  4.854576088E-02  1.215647590E-01  9.126615169E-02  1.003352123E+05  2.999298935E+02  3.399928900E+02  2.878612056E+02  2.232208912E+02  8.466352297E-02 
       260  4.818457029E-02  1.219712360E-01  9.420996830E-02  1.008576307E+05  2.995501419E+02  3.402747037E+02  2.883385409E+02  2.217051477E+02  8.233440508E-02 
       261  4.782320061E-02  1.224212570E-01  9.713670139E-02  1.014755078E+05  2.987305603E+02  3.405338593E+02  2.887789459E+02  2.194152508E+02  7.978178794E-02 
       262  4.734997920E-02  1.228526278E-01  1.001180955E-01  1.026349277E+05  2.967866402E+02  3.411431427E+02  2.898126945E+02  2.157388840E+02  7.802075148E-02 
       263  4.683890011E-02  1.232935874E-01  1.030087938E-01  1.041859168E+05  2.927810012E+02  3.421311111E+02  2.914945202E+02  2.103733163E+02  8.269389648E-02 
       264  4.566507936E-02  1.242316696E-01  1.088390156E-01  1.063546631E+05  2.855820993E+02  3.425181516E+02  2.921534448E+02  2.033089647E+02  1.030902363E-01 
       265  4.352639189E-02  1.257122811E-01  1.174848542E-01  1.077509504E+05  2.620255168E+02  3.461986104E+02  2.984717785E+02  1.737879254E+02  1.533104537E-01 
       266  4.289440586E-02  1.261798267E-01  1.203730247E-01  1.076142595E+05  2.510034866E+02  3.483399293E+02  3.021756233E+02  1.471929978E+02  1.403145863E-01 
       267  4.242365191E-02  1.265975250E-01  1.232861776E-01  1.076075850E+05  2.434406780E+02  3.498584757E+02  3.048107557E+02  1.288633159E+02  1.366107294E-01 
       268  4.208270049E-02  1.270006734E-01  1.262530889E-01  1.076675352E+05  2.410947227E+02  3.500494919E+02  3.051425591E+02  1.283359947E+02  1.565907355E-01 
       269  4.202415066E-02  1.273246053E-01  1.292418903E-01  1.077083895E+05  2.418967939E+02  3.497657258E+02  3.046486212E+02  1.334382029E+02  1.687123303E-01 
       270  4.218523596E-02  1.275849052E-01  1.322314117E-01  1.076317004E+05  2.441339015E+02  3.493079805E+02  3.038521170E+02  1.400549986E+02  1.753144417E-01 
       271  4.252691668E-02  1.278080741E-01  1.352038484E-01  1.074541605E+05  2.474366229E+02  3.489456092E+02  3.032224543E+02  1.472802416E+02  1.765655408E-01 
       272  4.296344289E-02  1.279984053E-01  1.381664338E-01  1.072508626E+05  2.504008673E+02  3.484387589E+02  3.023435755E+02  1.532035261E+02  1.772952241E-01 
       273  4.347514252E-02  1.281630447E-01  1.411197974E-01  1.069728807E+05  2.530085855E+02  3.479921432E+02  3.015687179E+02  1.583267442E+02  1.783152804E-01 
       274  4.403358971E-02  1.283124551E-01  1.440677535E-01  1.066655608E+05  2.552697464E+02  3.477939201E+02  3.012233618E+02  1.624156170E+02  1.787619888E-01 
       275  4.466583781E-02  1.284644007E-01  1.470000034E-01  1.063770079E+05  2.578787014E+02  3.473821746E+02  2.961260994E+02  1.666323901E+02  1.772345326E-01 
       276 -1.390154712E-02  1.725232616E-01 -4.600000033E-02  8.233959503E+04  1.819473712E+02  3.303139465E+02  2.713854592E+02  3.424600610E+02  1.010542072E+00 
       277 -1.389524734E-02  1.726308379E-01 -4.258575940E-02  8.268520856E+04  1.814829597E+02  3.303638262E+02  2.717864699E+02  3.423556117E+02  1.011954107E+00 
       278 -1.388827040E-02  1.727470810E-01 -3.919459871E-02  8.297153673E+04  1.809994735E+02  3.304318696E+02  2.718984730E+02  3.422023815E+02  1.013337258E+00 
       279 -1.387976982E-02  1.728866868E-01 -3.575874102E-02  8.303839647E+04  1.808653623E+02  3.304474612E+02  2.719241173E+02  3.423826826E+02  1.014122105E+00 
       280 -1.386962822E-02  1.730354599E-01 -3.234598001E-02  8.286839021E+04  1.811292050E+02  3.303645652E+02  2.717877156E+02  3.430586409E+02  1.014443882E+00 
       281 -1.385715910E-02  1.732129765E-01 -2.893478341E-02  8.242194878E+04  1.817002421E+02  3.301563566E+02  2.714453569E+02  3.443091155E+02  1.014755204E+00 
       282 -1.381464856E-02  1.733989484E-01 -2.553958976E-02  8.186167404E+04  1.832417367E+02  3.297657939E+02  2.708036950E+02  3.462875462E+02  1.013073673E+00 
       283 -1.334927366E-02  1.736519924E-01 -2.216152427E-02  8.097971537E+04  1.852341730E+02  3.292923352E+02  2.700265625E+02  3.487487934E+02  1.010809478E+00 
       284 -1.220387625E-02  1.739549638E-01 -1.896956374E-02  7.985105957E+04  1.881805086E+02  3.286076927E+02  2.689055271E+02  3.520131378E+02  1.006872773E+00 
       285 -1.057589609E-02  1.742731966E-01 -1.599005111E-02  7.819423839E+04  1.929659592E+02  3.276890659E+02  2.674044790E+02  3.567660596E+02  9.996561509E-01 
       286 -8.586070527E-03  1.745821273E-01 -1.323108332E-02  7.635651303E+04  1.976599704E+02  3.269471164E+02  2.661942243E+02  3.612950929E+02  9.924817631E-01 
       287 -6.371188279E-03  1.748941133E-01 -1.065117603E-02  7.596526823E+04  2.001971273E+02  3.268967103E+02  2.661122157E+02  3.621319236E+02  9.854622816E-01 
       288 -3.959984913E-03  1.752012559E-01 -8.251810021E-03  7.833687756E+04  1.981935627E+02  3.281908794E+02  2.682280824E+02  3.556187811E+02  9.799640697E-01 
       289 -1.474621790E-03  1.754287438E-01 -5.921768022E-03  8.359473645E+04  1.898967047E+02  3.309048712E+02  2.726876927E+02  3.423702156E+02  9.846927469E-01 
       290  1.096342236E-03  1.756586641E-01 -3.684409899E-03  8.925945773E+04  1.809190052E+02  3.334769251E+02  2.769373532E+02  3.298592121E+02  9.948093452E-01 
       291  3.722457199E-03  1.758529720E-01 -1.512169024E-03  9.187887744E+04  1.749047718E+02  3.344737911E+02  2.785919456E+02  3.248483553E+02  1.007990886E+00 
       292  6.390497491E-03  1.759799744E-01  6.206893580E-04  8.809789600E+04  1.774569807E+02  3.331518059E+02  2.763984680E+02  3.325846272E+02  1.011105545E+00 
       293  1.179759467E-02  1.761809281E-01  4.808741428E-03  7.631225586E+04  2.002239609E+02  3.268492661E+02  2.660413780E+02  3.649878998E+02  9.908860475E-01 
       294  1.450804596E-02  1.762121176E-01  6.883706551E-03  7.229971191E+04  2.102822895E+02  3.242332344E+02  2.617968140E+02  3.763575974E+02  9.796941280E-01 
       295  1.722225861E-02  1.762495216E-01  8.953048646E-03  7.034309180E+04  2.154495087E+02  3.228434296E+02  2.595552330E+02  3.827077065E+02  9.754496366E-01 
       296  1.993233776E-02  1.761597577E-01  1.102855473E-02  6.927512109E+04  2.181386032E+02  3.221890182E+02  2.585038147E+02  3.857885056E+02  9.729603678E-01 
       297  2.263244469E-02  1.760920636E-01  1.311525345E-02  6.777709814E+04  2.222491169E+02  3.212500820E+02  2.570005016E+02  3.899613533E+02  9.682233036E-01 
       298  2.532249661E-02  1.759768902E-01  1.521525865E-02  6.607402783E+04  2.289268627E+02  3.199778996E+02  2.549688587E+02  3.948214607E+02  9.565050527E-01 
       299  2.800116021E-02  1.758008440E-01  1.732596334E-02  6.561652734E+04  2.337477636E+02  3.195602388E+02  2.543028784E+02  3.971568804E+02  9.455206022E-01 
       300  3.066011949E-02  1.756198651E-01  1.946182943E-02  6.813439221E+04  2.344333181E+02  3.210359230E+02  2.566694880E+02  3.914369183E+02  9.308224600E-01 
       301  3.850917716E-02  1.748410184E-01  2.602581626E-02  8.737181177E+04  2.347419529E+02  3.340384626E+02  2.778708944E+02  3.351320162E+02  8.229965493E-01 
       302  4.358739934E-02  1.740919978E-01  3.053362568E-02  8.576090527E+04  2.391160030E+02  3.327310963E+02  2.756968346E+02  3.433839855E+02  8.224898726E-01 
       303  4.609287257E-02  1.736863543E-01  3.281922705E-02  8.477405200E+04  2.431989231E+02  3.321788273E+02  2.747814369E+02  3.462552137E+02  8.139268979E-01 
       304  4.855845708E-02  1.731970535E-01  3.512834265E-02  8.470697021E+04  2.481331568E+02  3.321139278E+02  2.746740417E+02  3.474567623E+02  7.993221134E-01 
       305  5.100043215E-02  1.726458906E-01  3.745772352E-02  8.613933838E+04  2.506269994E+02  3.330385656E+02  2.762071929E+02  3.437893834E+02  7.846959997E-01 
       306  5.340036417E-02  1.720848619E-01  3.982071753E-02  8.960785205E+04  2.499122748E+02  3.350546894E+02  2.795661941E+02  3.348603878E+02  7.722165091E-01 
       307  5.576533568E-02  1.714326002E-01  4.220398857E-02  9.459535190E+04  2.475697831E+02  3.377715601E+02  2.841193843E+02  3.211480325E+02  7.581489286E-01 
       308  5.808130114E-02  1.707532671E-01  4.462162642E-02  9.954534869E+04  2.460768941E+02  3.402944138E+02  2.883778562E+02  3.081979029E+02  7.433540450E-01 
       309  6.913202621E-02  1.670049815E-01  5.708998555E-02  1.115581908E+05  2.427853665E+02  3.464596634E+02  2.989180470E+02  2.761395793E+02  7.121700626E-01 
       310  7.325557335E-02  1.653928843E-01  6.228962682E-02  1.156887932E+05  2.411906992E+02  3.481145830E+02  3.017795546E+02  2.653878847E+02  7.060340066E-01 
       311  7.526114685E-02  1.645964451E-01  6.493668120E-02  1.165485908E+05  2.401340332E+02  3.485977268E+02  3.026174774E+02  2.626035919E+02  7.085627466E-01 
       312  8.099008587E-02  1.620989224E-01  7.305121222E-02  1.187837822E+05  2.382666779E+02  3.492646294E+02  3.037754097E+02  2.561018600E+02  7.090561092E-01 
       313  8.281625202E-02  1.612441772E-01  7.580722199E-02  1.189807285E+05  2.377368927E+02  3.492428513E+02  3.037374687E+02  2.550501556E+02  7.108028159E-01 
       314  8.462318717E-02  1.604029889E-01  7.856519154E-02  1.191453892E+05  2.370776277E+02  3.492577858E+02  3.037633448E+02  2.546255889E+02  7.145058326E-01 
       315  8.638808364E-02  1.595156660E-01  8.135371941E-02  1.191976038E+05  2.366109076E+02  3.492077036E+02  3.036761799E+02  2.540388846E+02  7.166244946E-01 
       316  8.818531781E-02  1.586346563E-01  8.418846896E-02  1.191995937E+05  2.364884286E+02  3.490671547E+02  3.034318147E+02  2.533601151E+02  7.148911185E-01 
       317  9.153487112E-02  1.568453452E-01  8.985396979E-02  1.194856680E+05  2.361318967E+02  3.492705402E+02  3.037860904E+02  2.527950964E+02  7.164414655E-01 
       318  9.319079870E-02  1.559467714E-01  9.269883327E-02  1.194482754E+05  2.361703720E+02  3.492285728E+02  3.037133293E+02  2.527705956E+02  7.164737061E-01 
       319  9.639067810E-02  1.541493463E-01  9.845101971E-02  1.191837236E+05  2.365278301E+02  3.489129467E+02  3.031640778E+02  2.537442207E+02  7.170061357E-01 
       320  9.789700787E-02  1.532238030E-01  1.013752208E-01  1.191532168E+05  2.375356324E+02  3.487945261E+02  3.029581747E+02  2.539635148E+02  7.121928036E-01 
       321  9.939560036E-02  1.523575645E-01  1.043121280E-01  1.191031104E+05  2.384245701E+02  3.486403275E+02  3.026902256E+02  2.545242062E+02  7.097956687E-01 
       322  1.008373928E-01  1.515239935E-01  1.072922639E-01  1.189332695E+05  2.393758545E+02  3.484019814E+02  3.022765083E+02  2.554866734E+02  7.075262740E-01 
       323  1.021925752E-01  1.507164957E-01  1.103173974E-01  1.187487456E+05  2.409373751E+02  3.481342258E+02  3.018123302E+02  2.568115988E+02  7.023183368E-01 
       324  1.063175391E-01  1.486079647E-01  1.265700906E-01  1.184442168E+05  2.430764427E+02  3.488185120E+02  3.030035400E+02  2.554834824E+02  6.952107549E-01 
       325  1.064822206E-01  1.487022474E-01  1.299738775E-01  1.185445078E+05  2.387212029E+02  3.501551895E+02  3.053315773E+02  2.452966309E+02  7.057333738E-01 
       326  1.066476119E-01  1.488146338E-01  1.333799290E-01  1.183216367E+05  2.330654716E+02  3.514101791E+02  3.075221596E+02  2.323507233E+02  7.224464566E-01 
       327  1.068180965E-01  1.489318139E-01  1.367854531E-01  1.180160664E+05  2.289951248E+02  3.520325699E+02  3.086100311E+02  2.258727093E+02  7.378596961E-01 
       328  1.069979625E-01  1.490578552E-01  1.401905319E-01  1.178626582E+05  2.292817745E+02  3.516232529E+02  3.078935566E+02  2.314117126E+02  7.400251329E-01 
       329  1.071817424E-01  1.491887345E-01  1.435955648E-01  1.178186099E+05  2.340953350E+02  3.503049316E+02  3.054002399E+02  2.451053104E+02  7.277902812E-01 
       330  1.073851999E-01  1.493347905E-01  1.470000044E-01  1.178607891E+05  2.411957245E+02  3.486421356E+02  3.013544540E+02  2.595513077E+02  7.100356221E-01 
       331 -5.132010553E-03  2.399711247E-01 -4.600000034E-02  8.400608350E+04  1.731680927E+02  3.310055275E+02  2.730380535E+02  4.390742989E+02  1.165328592E+00 
       332 -5.128125210E-03  2.399809281E-01 -4.210430258E-02  8.404523804E+04  1.752817254E+02  3.305537586E+02  2.721000590E+02  4.408004503E+02  1.161879823E+00 
       333 -5.125201508E-03  2.399922328E-01 -3.820870464E-02  8.221486658E+04  1.784980592E+02  3.298642135E+02  2.709671972E+02  4.434796758E+02  1.156710233E+00 
       334 -5.121813889E-03  2.400095995E-01 -3.431329778E-02  8.039250037E+04  1.827338908E+02  3.289533725E+02  2.694721378E+02  4.471108208E+02  1.150030032E+00 
       335 -5.119016059E-03  2.400291916E-01 -3.041776666E-02  7.889213985E+04  1.862825206E+02  3.282288384E+02  2.682860512E+02  4.499933632E+02  1.144325280E+00 
       336 -5.114574788E-03  2.400538233E-01 -2.652182619E-02  7.804932594E+04  1.879726027E+02  3.279911618E+02  2.678970621E+02  4.511138152E+02  1.141329572E+00 
       337 -5.109553763E-03  2.400828758E-01 -2.262552630E-02  7.853302490E+04  1.869526672E+02  3.283745480E+02  2.685262899E+02  4.499596930E+02  1.142642917E+00 
       338 -5.103895973E-03  2.401152952E-01 -1.872899116E-02  8.110610388E+04  1.812734110E+02  3.298090346E+02  2.708806171E+02  4.441455574E+02  1.150670764E+00 
       339 -4.925504783E-03  2.402473149E-01 -7.056915668E-03  8.531701679E+04  1.718867829E+02  3.317224012E+02  2.740325243E+02  4.367257068E+02  1.166691716E+00 
       340 -3.715119829E-03  2.403023013E-01 -3.373311706E-03  8.077580621E+04  1.801622002E+02  3.299530616E+02  2.711174957E+02  4.440861657E+02  1.153406651E+00 
       341 -1.562012846E-03  2.403581740E-01 -1.360753051E-04  7.907021839E+04  1.862766929E+02  3.286422841E+02  2.689628078E+02  4.491324193E+02  1.143342701E+00 
       342  1.133764527E-03  2.404094608E-01  2.675248428E-03  7.946490186E+04  1.859106345E+02  3.285636272E+02  2.688340597E+02  4.488651905E+02  1.144204661E+00 
       343  4.137632423E-03  2.404197044E-01  5.149238455E-03  7.986158433E+04  1.841751584E+02  3.288052413E+02  2.692293110E+02  4.477604384E+02  1.147550016E+00 
       344  7.316400202E-03  2.403253331E-01  7.399564588E-03  7.957267249E+04  1.846040650E+02  3.287087277E+02  2.690708357E+02  4.479102072E+02  1.147194107E+00 
       345  1.395577155E-02  2.400667001E-01  1.148649181E-02  8.629667285E+04  1.717780390E+02  3.317748909E+02  2.741224451E+02  4.384243393E+02  1.170039065E+00 
       346  1.735065466E-02  2.397965962E-01  1.337576268E-02  8.989467285E+04  1.596204967E+02  3.337238541E+02  2.773481522E+02  4.287939339E+02  1.191487506E+00 
       347  2.419161170E-02  2.391929427E-01  1.704637434E-02  7.980226855E+04  1.859820671E+02  3.291508255E+02  2.698010674E+02  4.485813141E+02  1.144961059E+00 
       348  2.761839379E-02  2.387452844E-01  1.884103948E-02  7.979655566E+04  1.885763855E+02  3.289506721E+02  2.694681282E+02  4.492790146E+02  1.138926238E+00 
       349  3.105226563E-02  2.382885234E-01  2.062260888E-02  8.098623975E+04  1.854025211E+02  3.297524929E+02  2.707824450E+02  4.461360798E+02  1.143502794E+00 
       350  3.788868369E-02  2.371344800E-01  2.417075674E-02  8.077194482E+04  1.872522392E+02  3.296219177E+02  2.705678921E+02  4.458376617E+02  1.139123581E+00 
       351  4.468291751E-02  2.357525484E-01  2.771953789E-02  8.035707031E+04  1.893656330E+02  3.293369179E+02  2.701025200E+02  4.461420441E+02  1.136188403E+00 
       352  4.805699300E-02  2.349490393E-01  2.948953136E-02  8.076886255E+04  1.896473241E+02  3.294773660E+02  2.703337069E+02  4.447021523E+02  1.135800764E+00 
       353  5.140582287E-02  2.340778219E-01  3.127771149E-02  8.076578857E+04  1.910225182E+02  3.294332199E+02  2.702597218E+02  4.436563873E+02  1.133430228E+00 
       354  5.473006301E-02  2.331020583E-01  3.305777180E-02  7.984718164E+04  1.931326427E+02  3.290091553E+02  2.695642014E+02  4.461810760E+02  1.132219777E+00 
       355  5.803984836E-02  2.320923676E-01  3.484458617E-02  7.824900000E+04  1.967901611E+02  3.280003738E+02  2.679144306E+02  4.502090340E+02  1.129044384E+00 
       356  6.132921494E-02  2.310454118E-01  3.665150486E-02  7.653698944E+04  2.008347698E+02  3.270979823E+02  2.664415057E+02  4.515839279E+02  1.122217359E+00 
       357  6.777528194E-02  2.285846393E-01  4.027160278E-02  8.454984570E+04  2.164956207E+02  3.319032860E+02  2.743589439E+02  4.311251907E+02  1.063415229E+00 
       358  7.097972553E-02  2.273472007E-01  4.209367684E-02  9.147776465E+04  2.297247524E+02  3.356466904E+02  2.805583038E+02  4.145589409E+02  1.014530845E+00 
       359  7.412444428E-02  2.259565065E-01  4.393674079E-02  9.046501001E+04  2.346434112E+02  3.345496988E+02  2.787276926E+02  4.188049679E+02  1.007368730E+00 
       360  7.725834663E-02  2.245514312E-01  4.577102978E-02  8.638270605E+04  2.361210089E+02  3.327291298E+02  2.756947098E+02  4.280486965E+02  1.012509175E+00 
       361  8.037011026E-02  2.231435234E-01  4.763983740E-02  8.842012891E+04  2.332712212E+02  3.346778946E+02  2.789491386E+02  4.218932838E+02  1.016433641E+00 
       362  8.343109451E-02  2.215945322E-01  4.950276897E-02  1.013923959E+05  2.252464340E+02  3.407757220E+02  2.892316298E+02  3.950332267E+02  1.023154420E+00 
       363  8.646988642E-02  2.201046420E-01  5.141624103E-02  1.225228994E+05  2.130515304E+02  3.485741453E+02  3.026185670E+02  3.556162033E+02  1.043786589E+00 
       364  9.242245520E-02  2.169732682E-01  5.534503106E-02  1.187326833E+05  2.231656294E+02  3.505428343E+02  3.060455446E+02  3.481064072E+02  9.989136644E-01 
       365  9.533631835E-02  2.153857768E-01  5.738443174E-02  1.160970190E+05  2.242571080E+02  3.501722260E+02  3.054145107E+02  3.520535350E+02  9.925900819E-01 
       366  9.819952312E-02  2.138016843E-01  5.949569436E-02  1.168441309E+05  2.258831673E+02  3.511170502E+02  3.070588417E+02  3.492585487E+02  9.817047864E-01 
       367  1.009694591E-01  2.121295788E-01  6.167326851E-02  1.188205129E+05  2.297144022E+02  3.520657721E+02  3.087111483E+02  3.429112215E+02  9.625915606E-01 
       368  1.037116704E-01  2.105064985E-01  6.390540356E-02  1.194095420E+05  2.329055080E+02  3.523788729E+02  3.092593412E+02  3.401968184E+02  9.482475147E-01 
       369  1.064180189E-01  2.088777679E-01  6.618856681E-02  1.198659507E+05  2.341191711E+02  3.520001087E+02  3.085872345E+02  3.410952873E+02  9.418806806E-01 
       370  1.090480686E-01  2.071800512E-01  6.850700508E-02  1.207680420E+05  2.339871445E+02  3.515646210E+02  3.078172245E+02  3.404868011E+02  9.403496310E-01 
       371  1.116790455E-01  2.055210471E-01  7.084353951E-02  1.217099365E+05  2.322745314E+02  3.515994768E+02  3.078741922E+02  3.396722312E+02  9.443263840E-01 
       372  1.142974452E-01  2.038484190E-01  7.319785208E-02  1.223232832E+05  2.294032469E+02  3.516569452E+02  3.079687014E+02  3.399475555E+02  9.518590644E-01 
       373  1.168416696E-01  2.021295301E-01  7.558130371E-02  1.226172388E+05  2.279640560E+02  3.516901760E+02  3.080275002E+02  3.393568573E+02  9.553217106E-01 
       374  1.193277496E-01  2.004108846E-01  7.805168345E-02  1.227922800E+05  2.268690176E+02  3.516565332E+02  3.079710407E+02  3.382311096E+02  9.578402331E-01 
       375  1.217693779E-01  1.987784452E-01  8.060399866E-02  1.228057000E+05  2.258552308E+02  3.515613222E+02  3.078056154E+02  3.370664864E+02  9.603596814E-01 
       376  1.240793489E-01  1.970470446E-01  8.322373237E-02  1.227920640E+05  2.245123520E+02  3.515898438E+02  3.078578548E+02  3.356912394E+02  9.637595154E-01 
       377  1.263696524E-01  1.953872062E-01  8.590193330E-02  1.230621848E+05  2.233060957E+02  3.521010069E+02  3.087522062E+02  3.323036876E+02  9.663484562E-01 
       378  1.285811840E-01  1.937639536E-01  8.866989816E-02  1.232561290E+05  2.210969024E+02  3.512846408E+02  3.073178492E+02  3.376375370E+02  9.731483608E-01 
       379  1.378530526E-01  1.861918564E-01  1.119425893E-01  1.231073726E+05  2.191025438E+02  3.555823650E+02  3.148741579E+02  3.144076500E+02  9.764834680E-01 
       380  1.378280879E-01  1.861358471E-01  1.158380052E-01  1.227160444E+05  2.216861081E+02  3.567999535E+02  3.170340738E+02  2.994495687E+02  9.698748533E-01 
       381  1.378172244E-01  1.861105784E-01  1.197328496E-01  1.219172866E+05  2.276248870E+02  3.569886141E+02  3.173717961E+02  2.965746431E+02  9.510393403E-01 
       382  1.378137064E-01  1.861013403E-01  1.236281983E-01  1.221318132E+05  2.308884158E+02  3.563635509E+02  3.162656369E+02  3.076371646E+02  9.375811387E-01 
       383  1.378232998E-01  1.861207539E-01  1.275238734E-01  1.226342803E+05  2.300259984E+02  3.551284929E+02  3.140807729E+02  3.207515892E+02  9.406932848E-01 
       384  1.378388478E-01  1.861485149E-01  1.314192119E-01  1.230019032E+05  2.261580907E+02  3.539039491E+02  3.119157432E+02  3.288603768E+02  9.532129770E-01 
       385  1.378667705E-01  1.861922064E-01  1.353144338E-01  1.231535593E+05  2.227098023E+02  3.532929697E+02  3.108369547E+02  3.297931476E+02  9.640717781E-01 
       386  1.378917792E-01  1.862393165E-01  1.392095884E-01  1.232214062E+05  2.214954246E+02  3.528882898E+02  3.101222546E+02  3.303452309E+02  9.677639962E-01 
       387  1.379128913E-01  1.862912877E-01  1.431056120E-01  1.232632861E+05  2.214076948E+02  3.529072656E+02  3.099704885E+02  3.287874484E+02  9.677305033E-01 
       388  1.379274402E-01  1.863453723E-01  1.469999959E-01  1.233130601E+05  2.208756418E+02  3.536707540E+02  3.107590518E+02  3.219923940E+02  9.690497555E-01 
       389 -3.389247132E-02  1.007789921E-01 -4.300551245E-02  8.754073584E+04  1.539758615E+02  3.330559120E+02  2.762340088E+02  2.358124199E+02  8.593743145E-01 
       390 -3.372456358E-02  1.010433636E-01 -4.002223516E-02  8.744896472E+04  1.545320167E+02  3.330125983E+02  2.761621195E+02  2.364597352E+02  8.587833239E-01 
       391 -3.329024078E-02  1.014074167E-01 -3.707963811E-02  8.734668396E+04  1.551282470E+02  3.329603943E+02  2.760755765E+02  2.370771975E+02  8.579789733E-01 
       392 -3.255620303E-02  1.018883264E-01 -3.421559131E-02  8.724981615E+04  1.557501839E+02  3.329017141E+02  2.759782516E+02  2.377619547E+02  8.573688031E-01 
       393 -3.153373485E-02  1.024554568E-01 -3.145384174E-02  8.713552934E+04  1.564978061E+02  3.328226354E+02  2.758471783E+02  2.385553535E+02  8.564941523E-01 
       394 -3.028950121E-02  1.031058036E-01 -2.880322264E-02  8.700717824E+04  1.572941953E+02  3.327420937E+02  2.757136991E+02  2.393808700E+02  8.554961876E-01 
       395 -2.888173412E-02  1.037838005E-01 -2.624318977E-02  8.690616895E+04  1.579687867E+02  3.326852213E+02  2.756194544E+02  2.400735446E+02  8.547457730E-01 
       396 -2.733119538E-02  1.044792183E-01 -2.377110822E-02  8.683286923E+04  1.584661936E+02  3.326539773E+02  2.755676916E+02  2.406791278E+02  8.547029140E-01 
       397 -2.568342124E-02  1.052055751E-01 -2.135968630E-02  8.674488388E+04  1.589940407E+02  3.326085046E+02  2.754923652E+02  2.413905674E+02  8.548435654E-01 
       398 -2.397735570E-02  1.059146334E-01 -1.899049647E-02  8.659817090E+04  1.595151635E+02  3.325312606E+02  2.753644504E+02  2.423935473E+02  8.560702337E-01 
       399 -2.220871387E-02  1.066063154E-01 -1.667396516E-02  8.625483780E+04  1.604498765E+02  3.323511325E+02  2.750662087E+02  2.440678154E+02  8.573915143E-01 
       400 -2.041003203E-02  1.073389070E-01 -1.437512078E-02  8.564541666E+04  1.622555504E+02  3.320171940E+02  2.745138026E+02  2.466160338E+02  8.571795116E-01 
       401 -1.856976066E-02  1.079715131E-01 -1.211630566E-02  8.487025142E+04  1.651727813E+02  3.315901171E+02  2.738080668E+02  2.498955916E+02  8.537233429E-01 
       402 -1.670953655E-02  1.086522831E-01 -9.860640570E-03  8.420641364E+04  1.687427224E+02  3.312111064E+02  2.731824849E+02  2.526179848E+02  8.448774041E-01 
       403 -1.482329113E-02  1.093026603E-01 -7.620995183E-03  8.411554164E+04  1.717247505E+02  3.311710741E+02  2.731165286E+02  2.534311631E+02  8.324803635E-01 
       404 -1.292306254E-02  1.099268373E-01 -5.385291055E-03  8.507654956E+04  1.722758002E+02  3.317149162E+02  2.740144682E+02  2.505428276E+02  8.201438859E-01 
       405 -1.101845801E-02  1.105590611E-01 -3.137660868E-03  8.696241083E+04  1.707360927E+02  3.327454941E+02  2.757198422E+02  2.443211545E+02  8.078536165E-01 
       406 -9.120841472E-03  1.111701815E-01 -8.914052251E-04  8.937540051E+04  1.673598359E+02  3.340883958E+02  2.779499635E+02  2.353997158E+02  7.977859552E-01 
       407 -7.240675928E-03  1.117476218E-01  1.353994698E-03  9.293943637E+04  1.631987123E+02  3.359309839E+02  2.810254750E+02  2.226035430E+02  7.833690940E-01 
       408 -5.370549944E-03  1.123083196E-01  3.627204146E-03  9.655521375E+04  1.649891946E+02  3.376101384E+02  2.838407185E+02  2.098708539E+02  7.373180958E-01 
       409 -3.530590186E-03  1.128981262E-01  5.933484609E-03  9.842677155E+04  1.738558528E+02  3.385881120E+02  2.854874773E+02  2.043246676E+02  6.721806423E-01 
       410 -1.726912218E-03  1.134387153E-01  8.259926622E-03  9.809191089E+04  1.848887739E+02  3.385667038E+02  2.854509392E+02  2.037006121E+02  6.070605181E-01 
       411  3.734044288E-05  1.140039107E-01  1.062617763E-02  9.726155664E+04  1.945624685E+02  3.380971355E+02  2.846601591E+02  2.090012589E+02  5.688106054E-01 
       412  1.740848712E-03  1.145879687E-01  1.302702968E-02  9.646301577E+04  2.025133925E+02  3.376269365E+02  2.838689533E+02  2.133863594E+02  5.392755650E-01 
       413  3.387617433E-03  1.151172021E-01  1.547343878E-02  9.598620309E+04  2.084539632E+02  3.374672782E+02  2.836003672E+02  2.154526256E+02  5.141101343E-01 
       414  4.957112811E-03  1.157081541E-01  1.796238578E-02  9.542239795E+04  2.155346084E+02  3.371618772E+02  2.830872655E+02  2.189253242E+02  4.877370680E-01 
       415  6.462677552E-03  1.163151534E-01  2.048609031E-02  9.458488501E+04  2.224449964E+02  3.367195272E+02  2.823448830E+02  2.231019135E+02  4.655285366E-01 
       416  7.926557233E-03  1.168909271E-01  2.304605918E-02  9.389336340E+04  2.280868394E+02  3.363670568E+02  2.817538736E+02  2.265100605E+02  4.481915594E-01 
       417  9.338612782E-03  1.175119790E-01  2.562398907E-02  9.359109996E+04  2.329910728E+02  3.361802231E+02  2.814408831E+02  2.287401076E+02  4.314364649E-01 
       418  1.068984297E-02  1.181121478E-01  2.822455248E-02  9.346826605E+04  2.377426432E+02  3.360979491E+02  2.813031418E+02  2.303481821E+02  4.134102294E-01 
       419  1.198650266E-02  1.187330819E-01  3.085849659E-02  9.339770230E+04  2.424202952E+02  3.360606828E+02  2.812407970E+02  2.317948840E+02  3.954057174E-01 
       420  1.322982934E-02  1.193430432E-01  3.352159396E-02  9.343739207E+04  2.466837114E+02  3.360819376E+02  2.812763898E+02  2.327203061E+02  3.778030530E-01 
       421  1.439865389E-02  1.199672983E-01  3.621509854E-02  9.365099449E+04  2.503859206E+02  3.361911142E+02  2.814592023E+02  2.331384003E+02  3.615321027E-01 
       422  1.553995729E-02  1.205631245E-01  3.892438234E-02  9.410988782E+04  2.534717546E+02  3.364305880E+02  2.818603531E+02  2.325144592E+02  3.448126428E-01 
       423  1.662952250E-02  1.211745408E-01  4.165332372E-02  9.465955331E+04  2.562378505E+02  3.366930842E+02  2.823003789E+02  2.316117641E+02  3.289746990E-01 
       424  1.764894372E-02  1.217373945E-01  4.441857664E-02  9.535213846E+04  2.583924403E+02  3.370356784E+02  2.828753617E+02  2.299958819E+02  3.136619421E-01 
       425  1.861873940E-02  1.222791769E-01  4.720617614E-02  9.630788387E+04  2.600327244E+02  3.375181676E+02  2.836858178E+02  2.272838234E+02  2.972484629E-01 
       426  1.950820179E-02  1.228336643E-01  5.001741530E-02  9.723392914E+04  2.619642454E+02  3.379430532E+02  2.844004475E+02  2.247776482E+02  2.798841321E-01 
       427  2.036944420E-02  1.233245632E-01  5.285072558E-02  9.816325412E+04  2.636811198E+02  3.384193156E+02  2.852028518E+02  2.222068427E+02  2.632699448E-01 
       428  2.117157025E-02  1.238295963E-01  5.569831964E-02  9.915442993E+04  2.652509832E+02  3.389129400E+02  2.860353990E+02  2.193502831E+02  2.465038330E-01 
       429  2.190592593E-02  1.242947792E-01  5.857026217E-02  1.001069297E+05  2.669678125E+02  3.393637819E+02  2.867970276E+02  2.168110533E+02  2.298086798E-01 
       430  2.257248913E-02  1.247551336E-01  6.145961794E-02  1.009929067E+05  2.686475925E+02  3.397983618E+02  2.875318680E+02  2.142210293E+02  2.131007854E-01 
       431  2.314781749E-02  1.251835029E-01  6.437124902E-02  1.017579192E+05  2.707944436E+02  3.401361465E+02  2.881038275E+02  2.123605895E+02  1.959804860E-01 
       432  2.363318974E-02  1.255957621E-01  6.730774801E-02  1.024003002E+05  2.729719031E+02  3.404569051E+02  2.886472917E+02  2.106360059E+02  1.790010674E-01 
       433  2.402789138E-02  1.260195069E-01  7.025072331E-02  1.029014561E+05  2.755828495E+02  3.407021332E+02  2.890631466E+02  2.096652479E+02  1.621897193E-01 
       434  2.431727977E-02  1.264030352E-01  7.321094069E-02  1.032553438E+05  2.783162174E+02  3.409021759E+02  2.894027405E+02  2.091252861E+02  1.459183954E-01 
       435  2.453016930E-02  1.268032789E-01  7.617447467E-02  1.034646174E+05  2.812712026E+02  3.410308332E+02  2.896212478E+02  2.090922499E+02  1.302479918E-01 
       436  2.462079541E-02  1.271795605E-01  7.915094878E-02  1.035246630E+05  2.843668280E+02  3.410994477E+02  2.897378309E+02  2.095610002E+02  1.153808833E-01 
       437  2.463902970E-02  1.275610820E-01  8.212637731E-02  1.031729016E+05  2.882184014E+02  3.409467115E+02  2.894784675E+02  2.118411798E+02  1.032054140E-01 
       438  2.457492051E-02  1.279220853E-01  8.510260082E-02  1.024581708E+05  2.924494485E+02  3.406276818E+02  2.889369150E+02  2.150966560E+02  9.262541082E-02 
       439  2.441429013E-02  1.282749863E-01  8.807550525E-02  1.015363511E+05  2.961348980E+02  3.401697518E+02  2.881604442E+02  2.194894323E+02  9.014433183E-02 
       440  2.420234297E-02  1.286273229E-01  9.105186832E-02  1.004923340E+05  2.971892643E+02  3.396916579E+02  2.873510408E+02  2.234641748E+02  1.021915489E-01 
       441  2.388558350E-02  1.289647853E-01  9.401845916E-02  1.004715571E+05  2.955464795E+02  3.396661249E+02  2.873078638E+02  2.237394414E+02  1.149483001E-01 
       442  2.351928731E-02  1.293134864E-01  9.696958543E-02  1.010084840E+05  2.927279882E+02  3.399126558E+02  2.877251701E+02  2.222163623E+02  1.275992031E-01 
       443  2.306449285E-02  1.296327241E-01  9.991680403E-02  1.018860088E+05  2.894316845E+02  3.403333826E+02  2.884378653E+02  2.193466711E+02  1.375142173E-01 
       444  2.257188759E-02  1.299515661E-01  1.028605699E-01  1.029057310E+05  2.857572384E+02  3.408168030E+02  2.892578592E+02  2.154917631E+02  1.460429789E-01 
       445  2.201092100E-02  1.302726916E-01  1.057899135E-01  1.040159194E+05  2.825889446E+02  3.413148606E+02  2.901039867E+02  2.113247842E+02  1.507033295E-01 
       446  2.143382683E-02  1.305960230E-01  1.087107054E-01  1.050407762E+05  2.799502474E+02  3.418675636E+02  2.910441961E+02  2.071204426E+02  1.523353967E-01 
       447  2.076802587E-02  1.309307408E-01  1.116221513E-01  1.058778789E+05  2.782811832E+02  3.424024525E+02  2.919555893E+02  2.033487930E+02  1.499346541E-01 
       448  2.010215597E-02  1.312657467E-01  1.145293522E-01  1.065173979E+05  2.773756151E+02  3.428449459E+02  2.927106457E+02  2.012764497E+02  1.494557247E-01 
       449  1.945135245E-02  1.316056955E-01  1.174374795E-01  1.069579125E+05  2.770002718E+02  3.431720748E+02  2.932694786E+02  2.006042902E+02  1.511086426E-01 
       450  1.885387307E-02  1.319548677E-01  1.203553293E-01  1.072649953E+05  2.771690528E+02  3.433551986E+02  2.935824616E+02  2.007549248E+02  1.525722595E-01 
       451  1.837479322E-02  1.322913677E-01  1.233018373E-01  1.074830024E+05  2.773691454E+02  3.434674368E+02  2.937744989E+02  2.008749433E+02  1.538436394E-01 
       452  1.811263581E-02  1.325954541E-01  1.262715907E-01  1.075952031E+05  2.774343014E+02  3.435514975E+02  2.939183130E+02  2.012110872E+02  1.566800992E-01 
       453  1.805653049E-02  1.328847135E-01  1.292554963E-01  1.076106174E+05  2.777741895E+02  3.435671668E+02  2.939450860E+02  2.020876393E+02  1.599733159E-01 
       454  1.819877737E-02  1.331672438E-01  1.322380588E-01  1.075078798E+05  2.781957879E+02  3.435292591E+02  2.938802636E+02  2.032138401E+02  1.637262588E-01 
       455  1.852494771E-02  1.334510277E-01  1.352129826E-01  1.073343086E+05  2.786870526E+02  3.434381180E+02  2.937242645E+02  2.044975046E+02  1.678251513E-01 
       456  1.890761882E-02  1.337081709E-01  1.381756048E-01  1.071414932E+05  2.793024794E+02  3.433323073E+02  2.935433371E+02  2.058559290E+02  1.712631017E-01 
       457  1.937808835E-02  1.339540030E-01  1.411279949E-01  1.069370293E+05  2.800417466E+02  3.432275751E+02  2.933642666E+02  2.074113410E+02  1.746312998E-01 
       458  1.989552602E-02  1.341916383E-01  1.440726902E-01  1.066849665E+05  2.808244987E+02  3.431013694E+02  2.931485178E+02  2.090287722E+02  1.779443785E-01 
       459  2.048114376E-02  1.344526817E-01  1.469999956E-01  1.063218755E+05  2.816896753E+02  3.429202557E+02  2.928374548E+02  2.107670374E+02  1.808357770E-01 
       460 -4.772920012E-02  1.664853148E-01 -4.258181757E-02  8.252868120E+04  1.813347915E+02  3.302822181E+02  2.716522233E+02  3.428840215E+02  1.013422078E+00 
       461 -4.770031945E-02  1.666117663E-01 -3.916302660E-02  8.228518201E+04  1.820435472E+02  3.301169639E+02  2.713804567E+02  3.437940402E+02  1.012641866E+00 
       462 -4.768621633E-02  1.667606858E-01 -3.574527808E-02  8.188498376E+04  1.828042293E+02  3.299075503E+02  2.710363169E+02  3.448982024E+02  1.012053652E+00 
       463 -4.773671611E-02  1.669008759E-01 -3.232563070E-02  8.132346143E+04  1.844964705E+02  3.295576677E+02  2.704618349E+02  3.469048967E+02  1.009962164E+00 
       464 -4.779814392E-02  1.670685917E-01 -2.890641835E-02  8.069049707E+04  1.864528151E+02  3.291683941E+02  2.698232403E+02  3.490401545E+02  1.007226720E+00 
       465 -4.772832030E-02  1.672854950E-01 -2.549705171E-02  7.996381775E+04  1.885318253E+02  3.287699742E+02  2.691706271E+02  3.509682345E+02  1.003754333E+00 
       466 -4.733274936E-02  1.676197526E-01 -2.211766833E-02  7.933847168E+04  1.912549174E+02  3.283891025E+02  2.685472231E+02  3.530585613E+02  9.984000400E-01 
       467 -4.646629434E-02  1.680852894E-01 -1.884685997E-02  7.941063373E+04  1.927905273E+02  3.284921689E+02  2.687160444E+02  3.533660589E+02  9.937637015E-01 
       468 -4.497458874E-02  1.687177674E-01 -1.583913045E-02  8.147213647E+04  1.909251480E+02  3.296469259E+02  2.706107059E+02  3.486352758E+02  9.914707579E-01 
       469 -4.311049959E-02  1.694263862E-01 -1.306511329E-02  8.498238452E+04  1.846385036E+02  3.316437807E+02  2.738995829E+02  3.384004354E+02  9.950266294E-01 
       470 -4.101650432E-02  1.701661907E-01 -1.047820325E-02  8.783341846E+04  1.785762844E+02  3.331808472E+02  2.764416332E+02  3.308976631E+02  1.003443383E+00 
       471 -3.872443978E-02  1.709287414E-01 -8.043812788E-03  8.765712720E+04  1.767122598E+02  3.330539670E+02  2.762312434E+02  3.314676371E+02  1.010757090E+00 
       472 -3.634257562E-02  1.716543837E-01 -5.706210795E-03  8.542362012E+04  1.791763659E+02  3.318195763E+02  2.741889095E+02  3.377993736E+02  1.012693107E+00 
       473 -3.384972842E-02  1.724025179E-01 -3.469956820E-03  8.145877167E+04  1.863509438E+02  3.296305709E+02  2.705845580E+02  3.493795872E+02  1.008445389E+00 
       474 -3.133060076E-02  1.731099844E-01 -1.271304633E-03  7.693786700E+04  1.969470611E+02  3.270002816E+02  2.662831351E+02  3.618965178E+02  9.959962312E-01 
       475 -2.873453975E-02  1.737912906E-01  8.535856133E-04  7.318198950E+04  2.068554087E+02  3.246852140E+02  2.625259905E+02  3.732674990E+02  9.852778651E-01 
       476 -2.611690126E-02  1.744247281E-01  2.958268427E-03  7.067706506E+04  2.141526465E+02  3.230217509E+02  2.598411422E+02  3.800230460E+02  9.746129084E-01 
       477 -2.348835128E-02  1.750433393E-01  5.058280838E-03  6.975722888E+04  2.166113669E+02  3.224649096E+02  2.589458753E+02  3.829220395E+02  9.724658472E-01 
       478 -2.083113736E-02  1.756162102E-01  7.133742148E-03  6.967290430E+04  2.184257207E+02  3.223110933E+02  2.586990318E+02  3.831088152E+02  9.667707402E-01 
       479 -1.816607045E-02  1.761555279E-01  9.209141426E-03  7.004156543E+04  2.201603537E+02  3.225693960E+02  2.591142426E+02  3.824784145E+02  9.594477750E-01 
       480 -1.549262448E-02  1.766467189E-01  1.128626304E-02  7.252111890E+04  2.212806187E+02  3.242097073E+02  2.617643471E+02  3.763579082E+02  9.431404881E-01 
       481 -1.281959455E-02  1.771087169E-01  1.337222607E-02  8.309460040E+04  2.144425361E+02  3.305148211E+02  2.720573854E+02  3.478493099E+02  9.133611806E-01 
       482 -1.015361520E-02  1.775059034E-01  1.547159933E-02  9.862303283E+04  2.058089721E+02  3.387259898E+02  2.857275410E+02  3.044489731E+02  8.776280856E-01 
       483 -7.491200012E-03  1.778633735E-01  1.757589553E-02  9.687715747E+04  2.213070002E+02  3.379038372E+02  2.843404665E+02  3.101521187E+02  8.299354911E-01 
       484 -4.837064878E-03  1.782590199E-01  1.971143984E-02  8.882040479E+04  2.308775091E+02  3.337706738E+02  2.774239645E+02  3.332180128E+02  8.322588131E-01 
       485 -2.188499166E-03  1.785530451E-01  2.185094162E-02  8.802373907E+04  2.310369781E+02  3.335787315E+02  2.771029761E+02  3.358132191E+02  8.362604512E-01 
       486  4.329096806E-04  1.787998193E-01  2.404680664E-02  8.881946777E+04  2.344899616E+02  3.338052120E+02  2.774791145E+02  3.344661217E+02  8.223178312E-01 
       487  3.027224691E-03  1.790317150E-01  2.627094405E-02  8.880583783E+04  2.368191550E+02  3.338089068E+02  2.774854894E+02  3.345980744E+02  8.148895949E-01 
       488  5.626976121E-03  1.792222402E-01  2.847807669E-02  8.953613062E+04  2.385055535E+02  3.342508216E+02  2.782212813E+02  3.330629823E+02  8.069363264E-01 
       489  8.191038637E-03  1.793338257E-01  3.074695743E-02  9.167412305E+04  2.389559631E+02  3.354231703E+02  2.801777573E+02  3.275957389E+02  7.968488168E-01 
       490  1.074058355E-02  1.794129340E-01  3.303046409E-02  9.526519751E+04  2.377622986E+02  3.371793787E+02  2.831210133E+02  3.179433363E+02  7.864084909E-01 
       491  1.325979491E-02  1.793970135E-01  3.532576038E-02  9.944278394E+04  2.352252657E+02  3.391120706E+02  2.863757768E+02  3.064953001E+02  7.787477355E-01 
       492  1.577166567E-02  1.793535417E-01  3.765132951E-02  1.029288394E+05  2.331064706E+02  3.407264709E+02  2.891070237E+02  2.973778892E+02  7.737733098E-01 
       493  1.825553626E-02  1.792503646E-01  4.000403552E-02  1.052873046E+05  2.323540800E+02  3.418949399E+02  2.910919876E+02  2.915306287E+02  7.688300982E-01 
       494  2.071273564E-02  1.790845686E-01  4.238164633E-02  1.071543122E+05  2.319688726E+02  3.428849322E+02  2.927801771E+02  2.859645842E+02  7.634674902E-01 
       495  2.315348782E-02  1.789033294E-01  4.476881837E-02  1.092041261E+05  2.314161825E+02  3.438762612E+02  2.944754715E+02  2.806347618E+02  7.592274379E-01 
       496  2.554611962E-02  1.786610662E-01  4.720294885E-02  1.112133359E+05  2.307783718E+02  3.447595921E+02  2.959903126E+02  2.749434156E+02  7.554062549E-01 
       497  2.790553153E-02  1.783591187E-01  4.966367300E-02  1.129591206E+05  2.303875599E+02  3.454852304E+02  2.972373819E+02  2.703245049E+02  7.519589495E-01 
       498  3.023553076E-02  1.780531658E-01  5.215009418E-02  1.144678893E+05  2.303117564E+02  3.460988059E+02  2.982936733E+02  2.662008991E+02  7.480534120E-01 
       499  3.255140683E-02  1.777481834E-01  5.464573084E-02  1.157865568E+05  2.300833963E+02  3.466936793E+02  2.993201227E+02  2.629060825E+02  7.460184256E-01 
       500  3.480321611E-02  1.773622653E-01  5.719033452E-02  1.169085203E+05  2.301269231E+02  3.472065401E+02  3.002060854E+02  2.597634451E+02  7.427996681E-01 
       501  3.704366447E-02  1.769956776E-01  5.978074099E-02  1.178258856E+05  2.300863006E+02  3.476190820E+02  3.009198031E+02  2.574670141E+02  7.410801551E-01 
       502  3.923116288E-02  1.766153691E-01  6.237867612E-02  1.185305979E+05  2.304495890E+02  3.478914604E+02  3.013913550E+02  2.556118841E+02  7.381996112E-01 
       503  4.136429871E-02  1.761773997E-01  6.501205622E-02  1.189504056E+05  2.309518112E+02  3.480686928E+02  3.016984583E+02  2.543941561E+02  7.352611676E-01 
       504  4.348069858E-02  1.757484529E-01  6.766046190E-02  1.192538010E+05  2.316645103E+02  3.481759596E+02  3.018843880E+02  2.538208117E+02  7.321959306E-01 
       505  4.554226392E-02  1.753162813E-01  7.034950997E-02  1.194891333E+05  2.322520504E+02  3.482711754E+02  3.020494852E+02  2.536223860E+02  7.299988475E-01 
       506  4.756665315E-02  1.748560179E-01  7.306168772E-02  1.196476579E+05  2.327710212E+02  3.483394830E+02  3.021679778E+02  2.536402088E+02  7.282110909E-01 
       507  4.956604909E-02  1.743615796E-01  7.580968578E-02  1.197316924E+05  2.331925779E+02  3.483798211E+02  3.022379662E+02  2.538696552E+02  7.269722566E-01 
       508  5.152654947E-02  1.738670862E-01  7.855886540E-02  1.196930197E+05  2.336189715E+02  3.483363882E+02  3.021625780E+02  2.542209592E+02  7.259122950E-01 
       509  5.347325952E-02  1.733659220E-01  8.131742073E-02  1.194558717E+05  2.335502321E+02  3.482326016E+02  3.019825746E+02  2.549649282E+02  7.272793167E-01 
       510  5.541917190E-02  1.728212690E-01  8.412523757E-02  1.193437394E+05  2.331180824E+02  3.481745032E+02  3.018817900E+02  2.547389597E+02  7.290245236E-01 
       511  5.731737707E-02  1.722438844E-01  8.698058411E-02  1.197038939E+05  2.332071310E+02  3.483134602E+02  3.021229016E+02  2.536945413E+02  7.278579152E-01 
       512  5.917186437E-02  1.716911252E-01  8.979478553E-02  1.199021440E+05  2.336620881E+02  3.484042307E+02  3.022804547E+02  2.533638664E+02  7.259944513E-01 
       513  6.096387184E-02  1.711643945E-01  9.255110888E-02  1.199759223E+05  2.346087657E+02  3.484169340E+02  3.023025343E+02  2.534340919E+02  7.225247410E-01 
       514  6.270700241E-02  1.705757992E-01  9.544380808E-02  1.198703816E+05  2.357997656E+02  3.483716278E+02  3.022238188E+02  2.538195996E+02  7.181568854E-01 
       515  6.442263795E-02  1.699823167E-01  9.834544530E-02  1.196692142E+05  2.366350072E+02  3.482892556E+02  3.020809706E+02  2.545545211E+02  7.156113624E-01 
       516  6.612271722E-02  1.694054111E-01  1.012510921E-01  1.194635314E+05  2.373184705E+02  3.481900077E+02  3.019087598E+02  2.550040808E+02  7.136486256E-01 
       517  6.776083839E-02  1.688452726E-01  1.042003507E-01  1.192809029E+05  2.381981249E+02  3.480995706E+02  3.017519636E+02  2.552895255E+02  7.107840665E-01 
       518  6.936215302E-02  1.682812898E-01  1.071729988E-01  1.190771602E+05  2.391874722E+02  3.480334089E+02  3.016372670E+02  2.558595827E+02  7.076620862E-01 
       519  7.082677073E-02  1.677321085E-01  1.102128146E-01  1.189832167E+05  2.402388430E+02  3.480217502E+02  3.016171260E+02  2.564696710E+02  7.041614926E-01 
       520  7.220712168E-02  1.672497044E-01  1.133584680E-01  1.190162120E+05  2.409841401E+02  3.481256133E+02  3.017972804E+02  2.570959884E+02  7.020661972E-01 
       521  7.342602904E-02  1.668557431E-01  1.165154693E-01  1.189999414E+05  2.414234016E+02  3.482888811E+02  3.020804911E+02  2.575757151E+02  7.012028792E-01 
       522  7.439926912E-02  1.665467988E-01  1.197652411E-01  1.188796101E+05  2.418566499E+02  3.484293647E+02  3.023242545E+02  2.575816855E+02  6.998587884E-01 
       523  7.498839543E-02  1.664581038E-01  1.231239650E-01  1.186884668E+05  2.420511875E+02  3.485434837E+02  3.025221233E+02  2.574131336E+02  6.995206624E-01 
       524  7.530423640E-02  1.665023734E-01  1.265249777E-01  1.185048079E+05  2.422672081E+02  3.485744224E+02  3.025757375E+02  2.574266725E+02  6.992895631E-01 
       525  7.543612494E-02  1.666233331E-01  1.299370256E-01  1.183166836E+05  2.430725727E+02  3.484260521E+02  3.023182049E+02  2.586055202E+02  6.978858896E-01 
       526  7.553122174E-02  1.667952118E-01  1.333496155E-01  1.181854963E+05  2.444642811E+02  3.482155828E+02  3.019531770E+02  2.605922942E+02  6.951651145E-01 
       527  7.566054780E-02  1.669469890E-01  1.367626796E-01  1.181357896E+05  2.454115086E+02  3.481893959E+02  3.019079256E+02  2.614103870E+02  6.930574849E-01 
       528  7.583993244E-02  1.671002891E-01  1.401745263E-01  1.180281887E+05  2.451208265E+02  3.484625463E+02  3.023827349E+02  2.598671217E+02  6.936709471E-01 
       529  7.600645069E-02  1.672586086E-01  1.435869327E-01  1.179035895E+05  2.428551657E+02  3.491537683E+02  3.035855455E+02  2.544864862E+02  6.991390092E-01 
       530  7.611546960E-02  1.674572299E-01  1.470000031E-01  1.179569203E+05  2.379417300E+02  3.501817365E+02  3.054550648E+02  2.455390851E+02  7.127809715E-01 
       531 -5.220359409E-02  2.342994603E-01 -4.210986580E-02  8.162812238E+04  1.832932609E+02  3.296444292E+02  2.706834285E+02  4.443471148E+02  1.145596850E+00 
       532 -5.220192467E-02  2.343108577E-01 -3.821952920E-02  8.091140887E+04  1.854319098E+02  3.293703984E+02  2.701548078E+02  4.454895148E+02  1.141514525E+00 
       533 -5.220302368E-02  2.343278434E-01 -3.432921672E-02  8.119070993E+04  1.855972667E+02  3.295342783E+02  2.704239339E+02  4.452891184E+02  1.140929228E+00 
       534 -5.220531674E-02  2.343446645E-01 -3.043898101E-02  8.266611646E+04  1.826568859E+02  3.303150281E+02  2.717082779E+02  4.423471336E+02  1.145303219E+00 
       535 -5.220735409E-02  2.343651870E-01 -2.654892396E-02  8.459173779E+04  1.774845581E+02  3.314590988E+02  2.735936756E+02  4.376385803E+02  1.153543502E+00 
       536 -5.221355576E-02  2.343966826E-01 -2.266385481E-02  8.578623557E+04  1.735234613E+02  3.321673076E+02  2.747625498E+02  4.348097966E+02  1.160623913E+00 
       537 -5.221196162E-02  2.344309954E-01 -1.877454498E-02  8.560215417E+04  1.731192384E+02  3.319220936E+02  2.743577583E+02  4.358006693E+02  1.162478115E+00 
       538 -5.222596507E-02  2.344687402E-01 -1.488167101E-02  8.388475067E+04  1.763436068E+02  3.309338421E+02  2.727273643E+02  4.394698341E+02  1.158028567E+00 
       539 -5.222923531E-02  2.345160018E-01 -1.099302079E-02  8.152796960E+04  1.827686802E+02  3.296622319E+02  2.706354654E+02  4.446324656E+02  1.147447641E+00 
       540 -5.210275326E-02  2.345957540E-01 -7.104134264E-03  8.000640164E+04  1.878413221E+02  3.289120896E+02  2.694039071E+02  4.488464873E+02  1.139412510E+00 
       541 -5.114101036E-02  2.348545508E-01 -3.375994418E-03  7.992043135E+04  1.876066875E+02  3.290364789E+02  2.696074464E+02  4.481329303E+02  1.139440479E+00 
       542 -4.917766965E-02  2.353023755E-01 -5.047413344E-05  8.031664258E+04  1.860373297E+02  3.293148298E+02  2.700638323E+02  4.473832760E+02  1.142862581E+00 
       543 -4.661414278E-02  2.358651253E-01  2.823323178E-03  8.133223340E+04  1.837782209E+02  3.299313884E+02  2.710764189E+02  4.445894337E+02  1.145759204E+00 
       544 -4.374488282E-02  2.364440537E-01  5.350106892E-03  8.457243555E+04  1.775108576E+02  3.315796523E+02  2.737934318E+02  4.379979954E+02  1.154910739E+00 
       545 -4.059796688E-02  2.370222596E-01  7.583171126E-03  8.900707440E+04  1.653954108E+02  3.337940466E+02  2.774617705E+02  4.290108161E+02  1.176394503E+00 
       546 -3.738701819E-02  2.375676250E-01  9.702642239E-03  8.794862109E+04  1.673966688E+02  3.332459807E+02  2.765523348E+02  4.313829722E+02  1.173444994E+00 
       547 -3.407522408E-02  2.380263225E-01  1.169481074E-02  8.226412573E+04  1.833809717E+02  3.302531419E+02  2.716110454E+02  4.439638815E+02  1.145758793E+00 
       548 -3.073065008E-02  2.384984497E-01  1.361793802E-02  7.944098779E+04  1.915008016E+02  3.287315037E+02  2.691079481E+02  4.492182512E+02  1.130935491E+00 
       549 -2.732884007E-02  2.388770261E-01  1.546643341E-02  8.105467432E+04  1.865401158E+02  3.295992718E+02  2.705314121E+02  4.456602349E+02  1.139517747E+00 
       550 -2.390908864E-02  2.392176502E-01  1.728468609E-02  8.196644400E+04  1.839142507E+02  3.300689757E+02  2.713025432E+02  4.432723389E+02  1.143759356E+00 
       551 -2.044822495E-02  2.394794424E-01  1.908927170E-02  8.114046365E+04  1.858822168E+02  3.296841221E+02  2.706710155E+02  4.448545659E+02  1.141038260E+00 
       552 -1.699643969E-02  2.397114515E-01  2.086461287E-02  8.057648450E+04  1.883281674E+02  3.292775149E+02  2.700045080E+02  4.464017706E+02  1.137429111E+00 
       553 -1.354033893E-02  2.398615604E-01  2.263394957E-02  8.094987500E+04  1.871137772E+02  3.295294914E+02  2.704190941E+02  4.453448563E+02  1.140337653E+00 
       554 -1.007792796E-02  2.399171479E-01  2.439846914E-02  8.136366064E+04  1.868867335E+02  3.296587429E+02  2.706298308E+02  4.443458962E+02  1.141330685E+00 
       555 -6.592279415E-03  2.399646350E-01  2.619220728E-02  8.076675049E+04  1.871334953E+02  3.294162159E+02  2.702311292E+02  4.456594439E+02  1.143315587E+00 
       556 -3.124907716E-03  2.398994093E-01  2.794309000E-02  7.936004004E+04  1.896384439E+02  3.286730766E+02  2.690136204E+02  4.464716740E+02  1.139351428E+00 
       557  3.338943067E-04  2.398017910E-01  2.968583889E-02  1.016707081E+05  2.051527752E+02  3.408013574E+02  2.892465689E+02  3.983107225E+02  1.058399280E+00 
       558  3.794068913E-03  2.396169640E-01  3.144821874E-02  9.944838525E+04  2.120070820E+02  3.397485394E+02  2.874536324E+02  4.043283186E+02  1.047692519E+00 
       559  7.248441593E-03  2.393064044E-01  3.320284907E-02  9.507824951E+04  2.118041439E+02  3.375134544E+02  2.836824331E+02  4.142257156E+02  1.057526581E+00 
       560  1.068879679E-02  2.389885178E-01  3.498866898E-02  9.201834448E+04  2.120018368E+02  3.358060493E+02  2.808178110E+02  4.176107130E+02  1.058590859E+00 
       561  1.412543948E-02  2.386075767E-01  3.676435012E-02  8.920975317E+04  2.135263109E+02  3.344307404E+02  2.785207844E+02  4.226176996E+02  1.058318745E+00 
       562  1.753589177E-02  2.380598424E-01  3.855175648E-02  8.818437305E+04  2.182393951E+02  3.337986031E+02  2.774706612E+02  4.282927094E+02  1.053970687E+00 
       563  2.093820079E-02  2.375000001E-01  4.035454522E-02  9.133683887E+04  2.169987411E+02  3.357911854E+02  2.808012390E+02  4.245306225E+02  1.054648045E+00 
       564  2.432947450E-02  2.368878370E-01  4.215773147E-02  1.035737232E+05  2.086392673E+02  3.419956877E+02  2.913060254E+02  3.948724215E+02  1.059347269E+00 
       565  2.770729830E-02  2.361795572E-01  4.394886350E-02  1.233335012E+05  1.960065284E+02  3.503735518E+02  3.057344670E+02  3.466738896E+02  1.071702292E+00 
       566  3.105826597E-02  2.354459967E-01  4.578622705E-02  1.292932087E+05  1.951928911E+02  3.524361486E+02  3.093194165E+02  3.352404885E+02  1.071919288E+00 
       567  3.438758923E-02  2.346372217E-01  4.762879820E-02  1.223231582E+05  1.977641895E+02  3.502787823E+02  3.055455180E+02  3.500796321E+02  1.059499705E+00 
       568  3.771502906E-02  2.337669833E-01  4.947240569E-02  1.177625470E+05  2.018493791E+02  3.488492088E+02  3.030532887E+02  3.592819588E+02  1.047923041E+00 
       569  4.101460083E-02  2.329246351E-01  5.135281935E-02  1.198481123E+05  2.025299671E+02  3.496211090E+02  3.043966188E+02  3.555182500E+02  1.045063324E+00 
       570  4.428347740E-02  2.319960665E-01  5.324515281E-02  1.228604938E+05  2.026445951E+02  3.506972363E+02  3.062726140E+02  3.483834686E+02  1.043417003E+00 
       571  4.749748393E-02  2.310181580E-01  5.520824782E-02  1.233706160E+05  2.035733252E+02  3.509853954E+02  3.067758803E+02  3.463968687E+02  1.039634494E+00 
       572  5.066691057E-02  2.300652086E-01  5.723980181E-02  1.235004385E+05  2.058523282E+02  3.510322157E+02  3.068577189E+02  3.451373275E+02  1.032211178E+00 
       573  5.379140778E-02  2.290521307E-01  5.932353399E-02  1.241082188E+05  2.090707633E+02  3.512812285E+02  3.072934160E+02  3.428320767E+02  1.022002558E+00 
       574  5.683956615E-02  2.279793322E-01  6.149869556E-02  1.246036377E+05  2.123272724E+02  3.516365414E+02  3.079154816E+02  3.418450623E+02  1.011777055E+00 
       575  5.985072913E-02  2.269370111E-01  6.373374277E-02  1.246085752E+05  2.155766220E+02  3.516856041E+02  3.080013466E+02  3.422053127E+02  1.001598462E+00 
       576  6.280959972E-02  2.258492183E-01  6.601505396E-02  1.241575834E+05  2.186102707E+02  3.514253478E+02  3.075454107E+02  3.424802845E+02  9.917622490E-01 
       577  6.573461678E-02  2.247295145E-01  6.832363097E-02  1.236977491E+05  2.220722678E+02  3.510236688E+02  3.068428097E+02  3.423806005E+02  9.803468203E-01 
       578  6.865501872E-02  2.236625994E-01  7.064894084E-02  1.231641157E+05  2.253203441E+02  3.507050536E+02  3.062860352E+02  3.436061337E+02  9.700628025E-01 
       579  7.151541969E-02  2.224865137E-01  7.302188293E-02  1.219137920E+05  2.280697932E+02  3.502450495E+02  3.054831905E+02  3.455864282E+02  9.613205623E-01 
       580  7.433322259E-02  2.213060150E-01  7.543149031E-02  1.215851567E+05  2.281399970E+02  3.503064318E+02  3.055903993E+02  3.452771368E+02  9.595512431E-01 
       581  7.711325138E-02  2.201536844E-01  7.789825066E-02  1.231275304E+05  2.292763566E+02  3.510216952E+02  3.068396692E+02  3.412992967E+02  9.537222648E-01 
       582  7.981655167E-02  2.189959972E-01  8.044372180E-02  1.237398611E+05  2.312693129E+02  3.514307890E+02  3.075557241E+02  3.390537019E+02  9.454809604E-01 
       583  8.242371870E-02  2.177951216E-01  8.306797326E-02  1.234390991E+05  2.326557150E+02  3.513903942E+02  3.074855766E+02  3.385901432E+02  9.396113344E-01 
       584  8.497819178E-02  2.166305248E-01  8.576177505E-02  1.229969159E+05  2.333236554E+02  3.512793300E+02  3.072917073E+02  3.387959666E+02  9.366967108E-01 
       585  8.747465708E-02  2.155008942E-01  8.852176985E-02  1.226440288E+05  2.330357895E+02  3.512571239E+02  3.072536473E+02  3.383779211E+02  9.366485458E-01 
       586  8.983863293E-02  2.143275504E-01  9.137087988E-02  1.224910771E+05  2.321468990E+02  3.513065748E+02  3.073409576E+02  3.374624257E+02  9.382778611E-01 
       587  9.211779941E-02  2.131724912E-01  9.430579148E-02  1.225861796E+05  2.311347379E+02  3.513963288E+02  3.074986856E+02  3.361032796E+02  9.403352297E-01 
       588  9.424446159E-02  2.121023496E-01  9.738772987E-02  1.227803890E+05  2.292030849E+02  3.515403416E+02  3.077518817E+02  3.359515455E+02  9.459118348E-01 
       589  9.610967173E-02  2.111612431E-01  1.006666829E-01  1.229177920E+05  2.260585995E+02  3.516470346E+02  3.079390624E+02  3.361103793E+02  9.550517193E-01 
       590  9.742401869E-02  2.103903297E-01  1.042235364E-01  1.229728666E+05  2.229278285E+02  3.514915092E+02  3.076670118E+02  3.371618412E+02  9.641194271E-01 
       591  9.764724840E-02  2.101688920E-01  1.080985861E-01  1.230150354E+05  2.202590511E+02  3.510706639E+02  3.069293528E+02  3.386388702E+02  9.719557576E-01 
       592  9.763062643E-02  2.101108570E-01  1.119846410E-01  1.228415336E+05  2.201433692E+02  3.507025254E+02  3.062845592E+02  3.395123938E+02  9.723467739E-01 
       593  9.759894170E-02  2.100363093E-01  1.158782398E-01  1.226275935E+05  2.212209728E+02  3.512098975E+02  3.071723216E+02  3.393832734E+02  9.691379229E-01 
       594  9.760335841E-02  2.100041055E-01  1.197683889E-01  1.225432300E+05  2.220943528E+02  3.525559021E+02  3.095339890E+02  3.314821625E+02  9.653414255E-01 
       595  9.760552297E-02  2.099886023E-01  1.236588659E-01  1.225882788E+05  2.233155014E+02  3.542234027E+02  3.124678002E+02  3.154757564E+02  9.612288069E-01 
       596  9.760989540E-02  2.100145164E-01  1.275491461E-01  1.226865618E+05  2.245491637E+02  3.555031977E+02  3.147287956E+02  3.030683967E+02  9.586048000E-01 
       597  9.760550437E-02  2.100148949E-01  1.314412195E-01  1.228161851E+05  2.257035155E+02  3.560718212E+02  3.157378731E+02  3.026160021E+02  9.546810016E-01 
       598  9.762031038E-02  2.101034915E-01  1.353312483E-01  1.229249579E+05  2.268498182E+02  3.559701813E+02  3.155635569E+02  3.096275194E+02  9.501708092E-01 
       599  9.762506170E-02  2.101609083E-01  1.392228176E-01  1.230384594E+05  2.264634828E+02  3.553704330E+02  3.145047177E+02  3.176067446E+02  9.514259708E-01 
       600  9.764671237E-02  2.102092269E-01  1.431110049E-01  1.231699487E+05  2.244389074E+02  3.544819264E+02  3.129342101E+02  3.234818327E+02  9.580879416E-01 
       601  9.766256924E-02  2.102587391E-01  1.469999989E-01  1.232843794E+05  2.224257760E+02  3.539074554E+02  3.116391840E+02  3.270574150E+02  9.647018984E-01 
