nodenumber     x-coordinate     y-coordinate     z-coordinate         pressure velocity-magnitude      sound-speed      temperature rel-velocity-magnitude relative-velocity-angle 
         1 -2.216901913E-02  1.039879580E-01 -4.300600202E-02  8.753158002E+04  1.538102066E+02  3.330612782E+02  2.762430080E+02  2.355908770E+02  8.595839553E-01 
         2 -2.197401757E-02  1.042260031E-01 -4.002397295E-02  8.745736826E+04  1.545793842E+02  3.329842672E+02  2.761152104E+02  2.363343340E+02  8.581345428E-01 
         3 -2.150271627E-02  1.045375264E-01 -3.708169353E-02  8.734229871E+04  1.550700196E+02  3.329398444E+02  2.760415757E+02  2.371680584E+02  8.586823149E-01 
         4 -2.072290556E-02  1.049359494E-01 -3.421635317E-02  8.723947974E+04  1.554946485E+02  3.329090586E+02  2.759905686E+02  2.377181869E+02  8.587601669E-01 
         5 -1.964621854E-02  1.053757771E-01 -3.145501365E-02  8.707956177E+04  1.562625289E+02  3.328209362E+02  2.758444419E+02  2.381567974E+02  8.565824535E-01 
         6 -1.833909717E-02  1.058829391E-01 -2.880182754E-02  8.692147363E+04  1.573098655E+02  3.327094936E+02  2.756597304E+02  2.396163630E+02  8.563405704E-01 
         7 -1.686396899E-02  1.064019756E-01 -2.624136390E-02  8.678587085E+04  1.582309685E+02  3.326232967E+02  2.755169163E+02  2.405543609E+02  8.550201543E-01 
         8 -1.524276490E-02  1.069101094E-01 -2.376908005E-02  8.660972827E+04  1.590953798E+02  3.325395851E+02  2.753783536E+02  2.415043473E+02  8.543117717E-01 
         9 -1.353040875E-02  1.074492491E-01 -2.136449246E-02  8.634023340E+04  1.602070878E+02  3.323991628E+02  2.751458359E+02  2.426980736E+02  8.529667631E-01 
        10 -1.175719847E-02  1.079385502E-01 -1.899452623E-02  8.616059833E+04  1.612578942E+02  3.323226850E+02  2.750191751E+02  2.436183708E+02  8.509491691E-01 
        11 -9.920451205E-03  1.084473482E-01 -1.667649769E-02  8.610617538E+04  1.624213319E+02  3.322901670E+02  2.749652867E+02  2.447128795E+02  8.491581080E-01 
        12 -8.053093039E-03  1.089314126E-01 -1.437870322E-02  8.630238693E+04  1.627982347E+02  3.324039789E+02  2.751537385E+02  2.445446584E+02  8.470965251E-01 
        13 -6.139911673E-03  1.093816015E-01 -1.211111235E-02  8.682150806E+04  1.625152454E+02  3.326451998E+02  2.755533290E+02  2.429956813E+02  8.436833229E-01 
        14 -4.213714023E-03  1.098625599E-01 -9.853315987E-03  8.763725830E+04  1.606113272E+02  3.330580311E+02  2.762378349E+02  2.406370115E+02  8.467408009E-01 
        15 -2.267252226E-03  1.102821410E-01 -7.616721013E-03  8.856362988E+04  1.561377268E+02  3.336166649E+02  2.771651783E+02  2.372860250E+02  8.605604097E-01 
        16 -3.058463972E-04  1.106716081E-01 -5.380345181E-03  8.953735449E+04  1.493895779E+02  3.340938578E+02  2.779589024E+02  2.340137572E+02  8.877443690E-01 
        17  1.649896870E-03  1.110991589E-01 -3.144821902E-03  8.737830640E+04  1.461761088E+02  3.329710255E+02  2.760946577E+02  2.414873669E+02  9.318276560E-01 
        18  3.605378217E-03  1.114680886E-01 -8.997268064E-04  7.565664526E+04  1.770886543E+02  3.260905018E+02  2.648028750E+02  2.870050817E+02  9.372771345E-01 
        19  5.548952344E-03  1.118349081E-01  1.356589372E-03  7.007244482E+04  2.065235661E+02  3.231498570E+02  2.600483546E+02  3.060818825E+02  8.539690138E-01 
        20  7.472030685E-03  1.121892539E-01  3.633809071E-03  7.302851462E+04  2.109825884E+02  3.248332844E+02  2.627704992E+02  2.946902438E+02  7.832547300E-01 
        21  9.366594022E-03  1.125505666E-01  5.932977735E-03  7.667741327E+04  2.049876356E+02  3.273979158E+02  2.669335914E+02  2.798180435E+02  7.558642258E-01 
        22  1.122147558E-02  1.129077905E-01  8.263617067E-03  7.896258891E+04  2.054580139E+02  3.287472106E+02  2.691365401E+02  2.736596341E+02  7.309278016E-01 
        23  1.303284284E-02  1.132507638E-01  1.062953057E-02  8.049820719E+04  2.091574574E+02  3.295134825E+02  2.703914761E+02  2.684129572E+02  6.941096963E-01 
        24  1.479928419E-02  1.136234762E-01  1.303021626E-02  8.169482214E+04  2.140089824E+02  3.300753020E+02  2.713142461E+02  2.651409739E+02  6.579266863E-01 
        25  1.649617427E-02  1.139938279E-01  1.547769530E-02  8.276888556E+04  2.189075642E+02  3.305895090E+02  2.721598725E+02  2.628166234E+02  6.247189152E-01 
        26  1.811807173E-02  1.143837002E-01  1.797032872E-02  8.350944775E+04  2.246612058E+02  3.309124546E+02  2.726910524E+02  2.617498798E+02  5.917769391E-01 
        27  1.968166241E-02  1.148013513E-01  2.049621310E-02  8.360063269E+04  2.320722980E+02  3.308978009E+02  2.726667399E+02  2.626676831E+02  5.571223679E-01 
        28  2.119101764E-02  1.152299366E-01  2.305322148E-02  8.307761891E+04  2.406656941E+02  3.305840924E+02  2.721502132E+02  2.650118615E+02  5.215701605E-01 
        29  2.266338778E-02  1.156643914E-01  2.563116057E-02  8.245866339E+04  2.491229734E+02  3.302215590E+02  2.715536388E+02  2.674707031E+02  4.876890315E-01 
        30  2.408077791E-02  1.161159634E-01  2.823658064E-02  8.191107123E+04  2.577513497E+02  3.298214462E+02  2.708960257E+02  2.709428389E+02  4.564243769E-01 
        31  2.544088325E-02  1.165921105E-01  3.086849856E-02  8.133509778E+04  2.656789622E+02  3.295203876E+02  2.704016833E+02  2.738567634E+02  4.269320020E-01 
        32  2.674433127E-02  1.170738851E-01  3.352942364E-02  8.073102271E+04  2.730631788E+02  3.293112879E+02  2.700584831E+02  2.759543443E+02  3.975119223E-01 
        33  2.797950643E-02  1.175445507E-01  3.622298897E-02  8.016806253E+04  2.810937179E+02  3.290115324E+02  2.695672404E+02  2.784053676E+02  3.663139495E-01 
        34  2.916313541E-02  1.180056499E-01  3.893937175E-02  7.984166266E+04  2.897013745E+02  3.286507742E+02  2.689765852E+02  2.814473212E+02  3.344673396E-01 
        35  3.031249539E-02  1.184785399E-01  4.167042727E-02  7.995357510E+04  2.958247646E+02  3.287372265E+02  2.691179695E+02  2.822935368E+02  3.071416822E-01 
        36  3.139929926E-02  1.189405785E-01  4.442941843E-02  8.022285962E+04  3.006948897E+02  3.290648756E+02  2.696542068E+02  2.818936850E+02  2.814723072E-01 
        37  3.242013936E-02  1.193808800E-01  4.721660669E-02  8.075295216E+04  3.059413146E+02  3.294059375E+02  2.702137534E+02  2.811808916E+02  2.522799783E-01 
        38  3.340677803E-02  1.198011670E-01  5.002067675E-02  8.207798245E+04  3.088697098E+02  3.302121344E+02  2.715390904E+02  2.778456786E+02  2.249645741E-01 
        39  3.430413654E-02  1.201853153E-01  5.285529857E-02  8.385305493E+04  3.103274307E+02  3.312543106E+02  2.732558584E+02  2.729766502E+02  1.992383180E-01 
        40  3.515433510E-02  1.205874318E-01  5.570324370E-02  8.596730469E+04  3.106431866E+02  3.323705463E+02  2.751005688E+02  2.671746311E+02  1.759860385E-01 
        41  3.592907297E-02  1.209644065E-01  5.857535950E-02  8.834070190E+04  3.092435341E+02  3.336162891E+02  2.771670470E+02  2.604655905E+02  1.587105156E-01 
        42  3.664355424E-02  1.213334730E-01  6.146049591E-02  9.081271606E+04  3.061914821E+02  3.348710175E+02  2.792555628E+02  2.529250250E+02  1.476509161E-01 
        43  3.727845098E-02  1.217084379E-01  6.437276718E-02  9.307849756E+04  3.023628407E+02  3.359403429E+02  2.810411129E+02  2.457018280E+02  1.429575705E-01 
        44  3.781448665E-02  1.220744111E-01  6.730672953E-02  9.481931836E+04  2.985567150E+02  3.367712984E+02  2.824323597E+02  2.398790898E+02  1.444690377E-01 
        45  3.826762164E-02  1.224563704E-01  7.025293559E-02  9.591307404E+04  2.957259622E+02  3.372886620E+02  2.833002851E+02  2.360143646E+02  1.486341604E-01 
        46  3.856443464E-02  1.228195695E-01  7.317567491E-02  9.642651172E+04  2.937419739E+02  3.375939636E+02  2.838135757E+02  2.339754486E+02  1.552304067E-01 
        47  3.882754171E-02  1.231963568E-01  7.616928387E-02  9.661676840E+04  2.915848409E+02  3.381510712E+02  2.847528864E+02  2.317978257E+02  1.628438305E-01 
        48  3.896508106E-02  1.235573809E-01  7.913505459E-02  9.669099023E+04  2.870084839E+02  3.393174210E+02  2.867362137E+02  2.241736259E+02  1.671575531E-01 
        49  3.903512947E-02  1.239238609E-01  8.213137167E-02  9.663048291E+04  2.751983569E+02  3.417941539E+02  2.909660850E+02  2.039984994E+02  1.812475573E-01 
        50  3.900153017E-02  1.243001337E-01  8.510504302E-02  9.646592950E+04  2.578872592E+02  3.453840315E+02  2.971174083E+02  1.695549487E+02  1.811638759E-01 
        51  3.889299026E-02  1.246700891E-01  8.806950082E-02  9.631235687E+04  2.398086498E+02  3.493667219E+02  3.039976151E+02  1.213121586E+02  1.700867797E-01 
        52  3.870303970E-02  1.250405990E-01  9.105247242E-02  9.619438232E+04  2.321168022E+02  3.521462278E+02  3.088224349E+02  7.875813138E+01  4.803183416E-02 
        53  3.847530202E-02  1.253810613E-01  9.402032493E-02  9.679364127E+04  2.335488771E+02  3.529776568E+02  3.102773020E+02  4.600961243E+01 -4.017368402E-01 
        54  3.809583015E-02  1.257752167E-01  9.695318516E-02  9.679463379E+04  2.295734978E+02  3.530582008E+02  3.104131470E+02  4.072471571E+01 -7.628118116E-01 
        55  3.767199372E-02  1.261489404E-01  9.992435767E-02  9.791979688E+04  2.444458442E+02  3.524667702E+02  3.093728752E+02  4.811677098E+01 -1.656372733E+00 
        56  3.723780727E-02  1.265196365E-01  1.028569506E-01  1.000428758E+05  2.543062432E+02  3.520609180E+02  3.086610337E+02  6.446731144E+01 -1.194014036E+00 
        57  3.672955052E-02  1.269046997E-01  1.057947981E-01  1.013779275E+05  2.465096967E+02  3.505846643E+02  3.060780029E+02  1.089632971E+02 -1.070212533E-01 
        58  3.615520807E-02  1.273091289E-01  1.087154776E-01  1.028923872E+05  2.380912743E+02  3.479821634E+02  3.015537109E+02  1.510182490E+02  2.479095329E-01 
        59  3.556812424E-02  1.277144368E-01  1.116309472E-01  1.049886749E+05  2.442443092E+02  3.449540462E+02  2.963283885E+02  1.806653661E+02  2.931338272E-01 
        60  3.495651588E-02  1.281329458E-01  1.145394580E-01  1.068585754E+05  2.514899158E+02  3.434040337E+02  2.936693797E+02  1.908529916E+02  2.766362773E-01 
        61  3.433795015E-02  1.285471243E-01  1.174457346E-01  1.079403079E+05  2.560204966E+02  3.432078280E+02  2.933314381E+02  1.916065922E+02  2.506251340E-01 
        62  3.376061330E-02  1.289460490E-01  1.203607660E-01  1.082807437E+05  2.611024790E+02  3.435191979E+02  2.938635068E+02  1.927152101E+02  2.237508127E-01 
        63  3.331803132E-02  1.293309423E-01  1.232882868E-01  1.082086963E+05  2.664761242E+02  3.436273297E+02  2.940486256E+02  1.958690724E+02  2.030985716E-01 
        64  3.310586596E-02  1.296649637E-01  1.262581306E-01  1.080634264E+05  2.697958870E+02  3.434787860E+02  2.937943652E+02  1.984049760E+02  1.934761098E-01 
        65  3.306639982E-02  1.299493947E-01  1.292495641E-01  1.079197902E+05  2.728087174E+02  3.429505811E+02  2.928916643E+02  2.000315517E+02  1.826187483E-01 
        66  3.322486525E-02  1.302097713E-01  1.322380794E-01  1.077227489E+05  2.728318090E+02  3.428211447E+02  2.926704912E+02  2.019260852E+02  1.910573054E-01 
        67  3.356462385E-02  1.304573038E-01  1.352130229E-01  1.075209086E+05  2.737340716E+02  3.426534615E+02  2.923841115E+02  2.028195738E+02  1.909900231E-01 
        68  3.400410102E-02  1.306751199E-01  1.381765647E-01  1.072422491E+05  2.744818232E+02  3.426014066E+02  2.922953224E+02  2.031587129E+02  1.898924040E-01 
        69  3.451963359E-02  1.308741206E-01  1.411278790E-01  1.069358026E+05  2.755170372E+02  3.425555449E+02  2.922170730E+02  2.039523103E+02  1.887973153E-01 
        70  3.508991352E-02  1.310576265E-01  1.440660380E-01  1.066475413E+05  2.768683493E+02  3.424796004E+02  2.920873318E+02  2.057198122E+02  1.892374165E-01 
        71  3.570211579E-02  1.312503676E-01  1.470000000E-01  1.063052979E+05  2.785257874E+02  3.423617172E+02  2.918836594E+02  2.084015789E+02  1.907913834E-01 
        72 -2.843361623E-02  1.708417341E-01 -4.258217492E-02  8.214200903E+04  1.835826035E+02  3.300242958E+02  2.712283449E+02  3.440195818E+02  1.007899486E+00 
        73 -2.838826984E-02  1.709653765E-01 -3.916427879E-02  8.216919977E+04  1.833803034E+02  3.300991976E+02  2.713515110E+02  3.444423909E+02  1.009458365E+00 
        74 -2.835908450E-02  1.711140563E-01 -3.574649433E-02  8.234121088E+04  1.835955681E+02  3.301517906E+02  2.714382329E+02  3.427804708E+02  1.005742976E+00 
        75 -2.838361088E-02  1.712589164E-01 -3.232950605E-02  8.267999390E+04  1.843172359E+02  3.302250509E+02  2.715587683E+02  3.440359268E+02  1.005989756E+00 
        76 -2.841360827E-02  1.714319125E-01 -2.891476756E-02  8.325559985E+04  1.825775456E+02  3.306786351E+02  2.723051171E+02  3.410957403E+02  1.006554598E+00 
        77 -2.833774301E-02  1.716334782E-01 -2.549995819E-02  8.382204471E+04  1.809207017E+02  3.310585842E+02  2.729314463E+02  3.388658071E+02  1.008300035E+00 
        78 -2.791452343E-02  1.719215161E-01 -2.212016887E-02  8.417427539E+04  1.815205889E+02  3.310956841E+02  2.729924459E+02  3.409199390E+02  1.009968236E+00 
        79 -2.700703325E-02  1.722886754E-01 -1.884820631E-02  8.411205200E+04  1.810904551E+02  3.310366468E+02  2.728950052E+02  3.403236284E+02  1.010303337E+00 
        80 -2.544395246E-02  1.727209334E-01 -1.584518523E-02  8.327727795E+04  1.815524690E+02  3.306137121E+02  2.721984334E+02  3.429141641E+02  1.013316201E+00 
        81 -2.351536464E-02  1.732363399E-01 -1.306823492E-02  8.135571738E+04  1.844948512E+02  3.296118973E+02  2.705520962E+02  3.486515634E+02  1.013722377E+00 
        82 -2.134527601E-02  1.737374909E-01 -1.047435973E-02  7.871324915E+04  1.914567063E+02  3.279438895E+02  2.678226675E+02  3.558925197E+02  1.004058140E+00 
        83 -1.897326710E-02  1.742189522E-01 -8.035177519E-03  7.593465952E+04  1.977485271E+02  3.264770509E+02  2.654308909E+02  3.632157204E+02  9.964645603E-01 
        84 -1.652827274E-02  1.746780172E-01 -5.688541800E-03  7.387120569E+04  2.052591639E+02  3.249616685E+02  2.629721415E+02  3.695141978E+02  9.838223690E-01 
        85 -1.397929867E-02  1.751251779E-01 -3.446989688E-03  7.290172107E+04  2.077051163E+02  3.245879064E+02  2.623674207E+02  3.714910378E+02  9.793914016E-01 
        86 -1.139011487E-02  1.755573757E-01 -1.256774906E-03  7.362569531E+04  2.105962391E+02  3.248284922E+02  2.627588573E+02  3.713252697E+02  9.693350494E-01 
        87 -8.734274343E-03  1.759085237E-01  8.667805443E-04  7.813076324E+04  2.050481497E+02  3.276555965E+02  2.673589454E+02  3.586377697E+02  9.636382898E-01 
        88 -6.073383534E-03  1.762548475E-01  2.984781313E-03  8.803892181E+04  1.907039220E+02  3.332980196E+02  2.766457012E+02  3.325507011E+02  9.677025173E-01 
        89 -3.359730182E-03  1.765819110E-01  5.053045394E-03  9.805489923E+04  1.759094241E+02  3.383030288E+02  2.850112917E+02  3.055519497E+02  9.818651346E-01 
        90 -6.741955509E-04  1.768270807E-01  7.130208361E-03  9.652505254E+04  1.694880790E+02  3.374538252E+02  2.835806318E+02  3.091045499E+02  1.008059243E+00 
        91  2.027043660E-03  1.770783858E-01  9.208570588E-03  7.940061981E+04  1.927176763E+02  3.283222892E+02  2.684456917E+02  3.590311533E+02  1.006173013E+00 
        92  4.731686997E-03  1.772422585E-01  1.127155269E-02  7.427677441E+04  2.103418556E+02  3.252500629E+02  2.634402354E+02  3.732930838E+02  9.741441748E-01 
        93  7.454465044E-03  1.773874983E-01  1.334309669E-02  7.400004391E+04  2.107624574E+02  3.248173364E+02  2.627412620E+02  3.747641922E+02  9.756626226E-01 
        94  1.015989937E-02  1.775222933E-01  1.545596277E-02  7.087343155E+04  2.192873856E+02  3.228232857E+02  2.595318332E+02  3.822498348E+02  9.628784070E-01 
        95  1.284858280E-02  1.775661421E-01  1.756817794E-02  6.725733954E+04  2.279736606E+02  3.206968262E+02  2.561208665E+02  3.913195000E+02  9.529703506E-01 
        96  1.551966693E-02  1.776138061E-01  1.970369132E-02  6.425382001E+04  2.356029844E+02  3.188516848E+02  2.531872575E+02  3.997653995E+02  9.460905679E-01 
        97  1.817410325E-02  1.776258069E-01  2.186017323E-02  6.171177209E+04  2.457658758E+02  3.168716912E+02  2.500506072E+02  4.097344108E+02  9.346822128E-01 
        98  2.080993586E-02  1.775631240E-01  2.403936301E-02  5.986787634E+04  2.529505019E+02  3.157047539E+02  2.482074752E+02  4.140361900E+02  9.204025529E-01 
        99  2.341570779E-02  1.774969016E-01  2.625394818E-02  5.918071301E+04  2.576378350E+02  3.153939228E+02  2.477196178E+02  4.138703680E+02  9.046562966E-01 
       100  2.600295182E-02  1.773818036E-01  2.848806157E-02  6.084871875E+04  2.593687801E+02  3.165641680E+02  2.495778208E+02  4.098398943E+02  8.897530995E-01 
       101  2.856627515E-02  1.771883875E-01  3.074502562E-02  6.648641577E+04  2.544560366E+02  3.204217472E+02  2.557512913E+02  3.942974348E+02  8.734978139E-01 
       102  3.110662233E-02  1.769811535E-01  3.302644514E-02  7.491915723E+04  2.458989925E+02  3.259973412E+02  2.647272816E+02  3.700908861E+02  8.522236478E-01 
       103  3.362247542E-02  1.767159818E-01  3.532849163E-02  8.164666394E+04  2.428208718E+02  3.300098858E+02  2.712260776E+02  3.526484213E+02  8.277078718E-01 
       104  3.610895472E-02  1.763647845E-01  3.765120331E-02  8.296331409E+04  2.475548348E+02  3.305776567E+02  2.721455441E+02  3.494911232E+02  8.058841852E-01 
       105  3.856497337E-02  1.759966372E-01  4.000321012E-02  8.043943137E+04  2.560959991E+02  3.291691234E+02  2.698310148E+02  3.583897724E+02  7.930311072E-01 
       106  4.103059304E-02  1.755360248E-01  4.234569910E-02  7.808212807E+04  2.628152946E+02  3.281006086E+02  2.680774278E+02  3.631227095E+02  7.788345369E-01 
       107  4.340106546E-02  1.750377176E-01  4.474435622E-02  7.836691177E+04  2.684136686E+02  3.281191529E+02  2.681083809E+02  3.627885051E+02  7.593974420E-01 
       108  4.575540032E-02  1.745445103E-01  4.717695363E-02  8.192113318E+04  2.676256094E+02  3.301667047E+02  2.714733164E+02  3.538006935E+02  7.454237081E-01 
       109  4.807037784E-02  1.739953488E-01  4.963532790E-02  8.835421362E+04  2.623379192E+02  3.337409782E+02  2.773873720E+02  3.355018597E+02  7.307689488E-01 
       110  5.034733117E-02  1.734133857E-01  5.212084081E-02  9.521253711E+04  2.577794552E+02  3.372362747E+02  2.832221603E+02  3.178761997E+02  7.166988142E-01 
       111  5.258765486E-02  1.728405975E-01  5.464144749E-02  9.963864111E+04  2.566145496E+02  3.395430584E+02  2.871027279E+02  3.054933853E+02  7.009316646E-01 
       112  5.479076840E-02  1.722430532E-01  5.718902978E-02  1.023521379E+05  2.578165398E+02  3.409431410E+02  2.894738569E+02  2.975560942E+02  6.847021729E-01 
       113  5.694737683E-02  1.716020731E-01  5.976586917E-02  1.052589953E+05  2.577737257E+02  3.422976825E+02  2.917785804E+02  2.909337583E+02  6.752218017E-01 
       114  5.911848447E-02  1.709340834E-01  6.233872565E-02  1.086126896E+05  2.565861380E+02  3.436789940E+02  2.941375358E+02  2.840914825E+02  6.696316491E-01 
       115  6.119351897E-02  1.703313828E-01  6.496775561E-02  1.114909941E+05  2.558245435E+02  3.448328619E+02  2.961162987E+02  2.770881577E+02  6.632984243E-01 
       116  6.319798910E-02  1.696485115E-01  6.765543605E-02  1.137382854E+05  2.550043793E+02  3.458361988E+02  2.978418674E+02  2.698290434E+02  6.572374636E-01 
       117  6.520189851E-02  1.689621155E-01  7.034628384E-02  1.158464395E+05  2.525410318E+02  3.468946600E+02  2.996676006E+02  2.630110121E+02  6.585994810E-01 
       118  6.717992039E-02  1.682884043E-01  7.305807409E-02  1.175178799E+05  2.506469135E+02  3.476340103E+02  3.009455338E+02  2.589006920E+02  6.616214961E-01 
       119  6.910755662E-02  1.675987334E-01  7.579818779E-02  1.187380054E+05  2.495442941E+02  3.480204918E+02  3.016148012E+02  2.568666756E+02  6.641828297E-01 
       120  7.101404689E-02  1.668389198E-01  7.852135391E-02  1.196650739E+05  2.459799255E+02  3.485413253E+02  3.025185890E+02  2.551187468E+02  6.766153360E-01 
       121  7.286652020E-02  1.661304029E-01  8.130170181E-02  1.197427116E+05  2.452714526E+02  3.485538258E+02  3.025402505E+02  2.546303197E+02  6.792794393E-01 
       122  7.473378469E-02  1.653966549E-01  8.408122010E-02  1.197567139E+05  2.443131752E+02  3.486783943E+02  3.027566471E+02  2.536662140E+02  6.826583035E-01 
       123  7.654776682E-02  1.646234676E-01  8.688218818E-02  1.197791619E+05  2.432997141E+02  3.487667046E+02  3.029106693E+02  2.532264247E+02  6.865873598E-01 
       124  7.830115451E-02  1.638494494E-01  8.971806956E-02  1.196248149E+05  2.410786304E+02  3.491189384E+02  3.035247936E+02  2.536085491E+02  6.962093115E-01 
       125  8.003223315E-02  1.630890187E-01  9.257063461E-02  1.193234651E+05  2.406996803E+02  3.494185390E+02  3.040485497E+02  2.527799244E+02  6.974460874E-01 
       126  8.174167210E-02  1.623344685E-01  9.543869445E-02  1.190252206E+05  2.412624381E+02  3.496172554E+02  3.043965051E+02  2.508601017E+02  6.941198702E-01 
       127  8.339566060E-02  1.615413001E-01  9.829620033E-02  1.189302265E+05  2.407327584E+02  3.498895473E+02  3.048721717E+02  2.472415931E+02  6.943298320E-01 
       128  8.500809507E-02  1.607572746E-01  1.012133408E-01  1.188563707E+05  2.377884741E+02  3.507209320E+02  3.063259163E+02  2.428999553E+02  7.047019908E-01 
       129  8.654116005E-02  1.600133249E-01  1.041766726E-01  1.186418142E+05  2.356652328E+02  3.516858014E+02  3.080151057E+02  2.367369485E+02  7.113677727E-01 
       130  8.807530659E-02  1.592883350E-01  1.071513815E-01  1.184547092E+05  2.358867245E+02  3.521076689E+02  3.087527986E+02  2.299384856E+02  7.073005270E-01 
       131  8.946870181E-02  1.585918917E-01  1.101955952E-01  1.184795319E+05  2.368596783E+02  3.523834593E+02  3.092316210E+02  2.188687292E+02  6.981407725E-01 
       132  9.078169785E-02  1.579398834E-01  1.132895212E-01  1.186536599E+05  2.297756152E+02  3.534506691E+02  3.111031508E+02  2.095453122E+02  7.281077122E-01 
       133  9.193376095E-02  1.573753789E-01  1.164622823E-01  1.185944144E+05  2.223712075E+02  3.537662244E+02  3.116575112E+02  2.100418723E+02  7.614363357E-01 
       134  9.287851211E-02  1.569754829E-01  1.197270904E-01  1.185113823E+05  2.243753021E+02  3.527864659E+02  3.099355186E+02  2.170457529E+02  7.535105213E-01 
       135  9.346963790E-02  1.567893278E-01  1.230899614E-01  1.184187203E+05  2.324955039E+02  3.509463186E+02  3.067155577E+02  2.348946655E+02  7.268994027E-01 
       136  9.376445592E-02  1.568076376E-01  1.265149706E-01  1.184117838E+05  2.398850014E+02  3.488720951E+02  3.030981002E+02  2.554316068E+02  7.089211280E-01 
       137  9.391306034E-02  1.569225935E-01  1.299303306E-01  1.182867163E+05  2.418733997E+02  3.478682852E+02  3.013522329E+02  2.611911764E+02  7.055626828E-01 
       138  9.402896493E-02  1.570765633E-01  1.333445553E-01  1.181219111E+05  2.410931845E+02  3.477491550E+02  3.011452370E+02  2.593139668E+02  7.076030057E-01 
       139  9.417960043E-02  1.572174564E-01  1.367593072E-01  1.180264670E+05  2.418422370E+02  3.477262096E+02  3.011054659E+02  2.600656066E+02  7.060580403E-01 
       140  9.437397158E-02  1.573466446E-01  1.401725853E-01  1.179485421E+05  2.428280983E+02  3.477821898E+02  3.012024469E+02  2.615666926E+02  7.042920310E-01 
       141  9.455826038E-02  1.574868932E-01  1.435861248E-01  1.179209835E+05  2.434500954E+02  3.479467524E+02  3.014872487E+02  2.619395257E+02  7.028852366E-01 
       142  9.468914447E-02  1.576724412E-01  1.470000022E-01  1.178324482E+05  2.439543028E+02  3.480221024E+02  3.016289806E+02  2.622874069E+02  7.021174766E-01 
       143 -2.515044289E-02  2.387134140E-01 -4.211006034E-02  8.302825552E+04  1.816724991E+02  3.305062349E+02  2.720210272E+02  4.420680255E+02  1.147334173E+00 
       144 -2.515073613E-02  2.387267259E-01 -3.821832766E-02  8.439507700E+04  1.785448970E+02  3.312469567E+02  2.732422899E+02  4.388127486E+02  1.151972296E+00 
       145 -2.514274647E-02  2.387409373E-01 -3.433018188E-02  8.569899226E+04  1.744467851E+02  3.320700610E+02  2.746019735E+02  4.332681631E+02  1.157323883E+00 
       146 -2.514933814E-02  2.387615668E-01 -3.043885368E-02  8.603062863E+04  1.747881947E+02  3.321129827E+02  2.746730683E+02  4.349561267E+02  1.158325014E+00 
       147 -2.514205174E-02  2.387863737E-01 -2.655197175E-02  8.497149530E+04  1.778796786E+02  3.314993458E+02  2.736591819E+02  4.384698594E+02  1.154085253E+00 
       148 -2.514801404E-02  2.388163633E-01 -2.268742808E-02  8.278940773E+04  1.820581767E+02  3.304623143E+02  2.719500619E+02  4.371711360E+02  1.142678766E+00 
       149 -2.514603624E-02  2.387984711E-01 -1.877579094E-02  8.049514355E+04  1.878231449E+02  3.291524277E+02  2.697980080E+02  4.470153885E+02  1.137897030E+00 
       150 -2.513833525E-02  2.388756875E-01 -1.487946342E-02  7.907916213E+04  1.909000359E+02  3.284045055E+02  2.685723991E+02  4.487151292E+02  1.132220783E+00 
       151 -2.514495058E-02  2.389300222E-01 -1.098752945E-02  7.903010971E+04  1.920932914E+02  3.282131208E+02  2.682597595E+02  4.510035534E+02  1.131705087E+00 
       152 -2.501801490E-02  2.389948317E-01 -7.101428526E-03  8.123074945E+04  1.863856907E+02  3.294595197E+02  2.703031389E+02  4.456258922E+02  1.139728275E+00 
       153 -2.403359079E-02  2.391541778E-01 -3.362202731E-03  8.571117365E+04  1.739336874E+02  3.320459024E+02  2.745633024E+02  4.358628270E+02  1.160964216E+00 
       154 -2.203079393E-02  2.393877231E-01 -4.501692070E-05  8.936822449E+04  1.659167549E+02  3.339180092E+02  2.776671511E+02  4.290868222E+02  1.174684268E+00 
       155 -1.942355624E-02  2.396357170E-01  2.825132604E-03  8.679059586E+04  1.746864108E+02  3.322670212E+02  2.749316211E+02  4.334664203E+02  1.156855495E+00 
       156 -1.648721574E-02  2.398964014E-01  5.342831758E-03  8.187062665E+04  1.849215637E+02  3.298377435E+02  2.709258232E+02  4.457959070E+02  1.143186560E+00 
       157 -1.330897545E-02  2.400801911E-01  7.594698846E-03  8.037008350E+04  1.884705317E+02  3.288926969E+02  2.693734412E+02  4.464536376E+02  1.135270502E+00 
       158 -1.004552185E-02  2.402353079E-01  9.709455816E-03  8.074679358E+04  1.850351572E+02  3.291970415E+02  2.698717217E+02  4.471299381E+02  1.144720877E+00 
       159 -6.714656287E-03  2.403804415E-01  1.171394437E-02  8.076468480E+04  1.844122444E+02  3.291255551E+02  2.697539328E+02  4.447035599E+02  1.143942382E+00 
       160 -3.322138608E-03  2.404066774E-01  1.362735999E-02  7.993125977E+04  1.849615242E+02  3.288127227E+02  2.692415899E+02  4.488968637E+02  1.147624571E+00 
       161  9.783589121E-05  2.404201762E-01  1.547870720E-02  7.982342749E+04  1.844869134E+02  3.287620549E+02  2.691605377E+02  4.474846811E+02  1.148817634E+00 
       162  3.534439975E-03  2.403949673E-01  1.730379042E-02  8.246785962E+04  1.814583035E+02  3.301056271E+02  2.713848381E+02  4.398093472E+02  1.150286261E+00 
       163  6.969024296E-03  2.402279751E-01  1.908412837E-02  9.196060553E+04  1.563230159E+02  3.353869185E+02  2.801411293E+02  4.205635211E+02  1.196020503E+00 
       164  1.043411823E-02  2.400800089E-01  2.085152946E-02  7.930108316E+04  1.908877335E+02  3.287866090E+02  2.692009286E+02  4.526034175E+02  1.139787003E+00 
       165  1.388371434E-02  2.398652026E-01  2.263181169E-02  7.923816565E+04  1.863261127E+02  3.289473939E+02  2.694628797E+02  4.463371668E+02  1.144806759E+00 
       166  1.734145131E-02  2.394992745E-01  2.440657916E-02  7.911650720E+04  1.877123191E+02  3.287069149E+02  2.690694680E+02  4.472520700E+02  1.141298480E+00 
       167  2.080043859E-02  2.391294908E-01  2.615375350E-02  7.925057491E+04  1.893334565E+02  3.288554643E+02  2.693116117E+02  4.484663838E+02  1.138533039E+00 
       168  2.424052770E-02  2.387186889E-01  2.792040504E-02  7.919354272E+04  1.888333387E+02  3.291430449E+02  2.697830544E+02  4.423560863E+02  1.134573947E+00 
       169  2.766624902E-02  2.381908713E-01  2.968394578E-02  7.891043982E+04  1.920333891E+02  3.288776608E+02  2.693479791E+02  4.430839729E+02  1.127546137E+00 
       170  3.108229850E-02  2.375970478E-01  3.144655572E-02  7.853574512E+04  1.953184361E+02  3.285917237E+02  2.688805614E+02  4.451582875E+02  1.122134449E+00 
       171  3.449726266E-02  2.369314331E-01  3.319569832E-02  7.847867850E+04  1.974902977E+02  3.285750233E+02  2.688540827E+02  4.437531416E+02  1.116188641E+00 
       172  3.787267708E-02  2.362004853E-01  3.498142333E-02  7.890580408E+04  1.985611243E+02  3.288761997E+02  2.693480988E+02  4.421541548E+02  1.112784015E+00 
       173  4.123744789E-02  2.354271843E-01  3.677379579E-02  7.921685193E+04  2.001558261E+02  3.290605721E+02  2.696503115E+02  4.413742018E+02  1.109867830E+00 
       174  4.456263149E-02  2.345133553E-01  3.856958315E-02  7.869178032E+04  2.018536052E+02  3.289987991E+02  2.695483049E+02  4.416033431E+02  1.107866172E+00 
       175  4.789152860E-02  2.335402793E-01  4.034492433E-02  7.713391223E+04  2.063417492E+02  3.281863257E+02  2.682199495E+02  4.421626842E+02  1.099278595E+00 
       176  5.119514426E-02  2.325727211E-01  4.215365701E-02  7.515430566E+04  2.122143936E+02  3.268505266E+02  2.660418227E+02  4.455440506E+02  1.089153176E+00 
       177  5.444737908E-02  2.314873556E-01  4.396264389E-02  7.315999722E+04  2.175613021E+02  3.255532815E+02  2.639326118E+02  4.476862030E+02  1.078809852E+00 
       178  5.771043354E-02  2.303389779E-01  4.576361213E-02  7.094674585E+04  2.257676297E+02  3.239271636E+02  2.613075007E+02  4.550970390E+02  1.067419111E+00 
       179  6.093363739E-02  2.292015055E-01  4.761570799E-02  6.846071570E+04  2.354016457E+02  3.221437197E+02  2.584415731E+02  4.616916018E+02  1.053278228E+00 
       180  6.411569228E-02  2.279427553E-01  4.946832252E-02  6.682872461E+04  2.486139383E+02  3.207384167E+02  2.561926498E+02  4.699145203E+02  1.029637795E+00 
       181  6.728438578E-02  2.267057043E-01  5.135068917E-02  6.927531506E+04  2.563032761E+02  3.233230095E+02  2.603441281E+02  4.599875669E+02  9.954592474E-01 
       182  7.045491472E-02  2.254566135E-01  5.324396322E-02  8.082795483E+04  2.649444122E+02  3.298923483E+02  2.710808897E+02  4.409263911E+02  9.492402812E-01 
       183  7.352398986E-02  2.240979077E-01  5.520813549E-02  9.657377661E+04  2.503624935E+02  3.380668306E+02  2.846548691E+02  4.014145937E+02  9.455881510E-01 
       184  7.654294831E-02  2.227589545E-01  5.724026033E-02  1.042611574E+05  2.385207061E+02  3.416334025E+02  2.906516500E+02  3.868667008E+02  9.622690487E-01 
       185  7.954929441E-02  2.214414527E-01  5.933596166E-02  1.083433235E+05  2.435714869E+02  3.439964457E+02  2.946937656E+02  3.793143511E+02  9.415408410E-01 
       186  8.244157493E-02  2.200232159E-01  6.149679439E-02  1.249705703E+05  2.369353561E+02  3.517705231E+02  3.081548080E+02  3.398036423E+02  9.389722049E-01 
       187  8.531452000E-02  2.186177542E-01  6.372436707E-02  1.192462684E+05  2.413217833E+02  3.488081450E+02  3.029839278E+02  3.573105497E+02  9.290251783E-01 
       188  8.816039266E-02  2.172472440E-01  6.601424901E-02  1.215426619E+05  2.341459284E+02  3.498446131E+02  3.047877469E+02  3.501763849E+02  9.455434084E-01 
       189  9.092008057E-02  2.157826082E-01  6.831794754E-02  1.215239622E+05  2.272404515E+02  3.498519064E+02  3.047983656E+02  3.474380932E+02  9.631251941E-01 
       190  9.367581728E-02  2.143255962E-01  7.064980943E-02  1.218848239E+05  2.226688307E+02  3.498819186E+02  3.048509323E+02  3.476876960E+02  9.752393056E-01 
       191  9.641114101E-02  2.128789625E-01  7.302159977E-02  1.223363777E+05  2.230275512E+02  3.498537743E+02  3.048021109E+02  3.462764125E+02  9.729396352E-01 
       192  9.907895187E-02  2.114028516E-01  7.542603674E-02  1.226716825E+05  2.201690981E+02  3.503482232E+02  3.056638036E+02  3.448417852E+02  9.799120408E-01 
       193  1.016896232E-01  2.099003163E-01  7.789626121E-02  1.228757750E+05  2.208618917E+02  3.503713236E+02  3.057046092E+02  3.443442750E+02  9.770916961E-01 
       194  1.042573666E-01  2.084682280E-01  8.044071344E-02  1.228823858E+05  2.212135315E+02  3.506889615E+02  3.062595603E+02  3.434186866E+02  9.761497932E-01 
       195  1.067132028E-01  2.069758083E-01  8.306726980E-02  1.228172483E+05  2.204754889E+02  3.517046956E+02  3.080398929E+02  3.418623858E+02  9.773733779E-01 
       196  1.091091693E-01  2.055182938E-01  8.576040538E-02  1.226785802E+05  2.235288042E+02  3.524140276E+02  3.092876721E+02  3.387754031E+02  9.666633951E-01 
       197  1.114533399E-01  2.040960959E-01  8.851719904E-02  1.227139570E+05  2.242675430E+02  3.538528915E+02  3.118235340E+02  3.321575306E+02  9.628217022E-01 
       198  1.136946430E-01  2.026973542E-01  9.137514269E-02  1.225361209E+05  2.240771549E+02  3.557147097E+02  3.151152090E+02  3.222512849E+02  9.626664920E-01 
       199  1.158224243E-01  2.012857480E-01  9.431046231E-02  1.223518164E+05  2.254013029E+02  3.571515753E+02  3.176599705E+02  3.083170792E+02  9.605849427E-01 
       200  1.177983438E-01  1.999614296E-01  9.738734661E-02  1.223406620E+05  2.294849936E+02  3.578607094E+02  3.189162420E+02  2.931303909E+02  9.508779906E-01 
       201  1.195376812E-01  1.988013159E-01  1.006637087E-01  1.224094996E+05  2.317019970E+02  3.581038615E+02  3.193483093E+02  2.839565869E+02  9.461246229E-01 
       202  1.207748534E-01  1.979244993E-01  1.042263433E-01  1.222586801E+05  2.330703448E+02  3.568633192E+02  3.171463127E+02  2.939665799E+02  9.400346391E-01 
       203  1.209766187E-01  1.976967879E-01  1.080979692E-01  1.223604945E+05  2.328886124E+02  3.541258697E+02  3.123043008E+02  3.254698618E+02  9.369434571E-01 
       204  1.209415894E-01  1.976147862E-01  1.119887176E-01  1.225537214E+05  2.296024906E+02  3.519644729E+02  3.084976481E+02  3.351107235E+02  9.446277919E-01 
       205  1.209136670E-01  1.975679793E-01  1.158784497E-01  1.226360003E+05  2.264667606E+02  3.510501549E+02  3.068919677E+02  3.402967220E+02  9.540358402E-01 
       206  1.209140530E-01  1.975343277E-01  1.197687765E-01  1.226648082E+05  2.227919075E+02  3.510745547E+02  3.069345079E+02  3.402035451E+02  9.647833967E-01 
       207  1.209033119E-01  1.974945510E-01  1.236620610E-01  1.226901720E+05  2.202812277E+02  3.514716817E+02  3.076309658E+02  3.351510051E+02  9.711074755E-01 
       208  1.208998844E-01  1.975608583E-01  1.275528569E-01  1.225924639E+05  2.207383954E+02  3.519079527E+02  3.084005773E+02  3.372687209E+02  9.710796333E-01 
       209  1.209086196E-01  1.975927695E-01  1.314428594E-01  1.225457382E+05  2.203447416E+02  3.525188026E+02  3.094743671E+02  3.369761767E+02  9.723327128E-01 
       210  1.209261261E-01  1.976437754E-01  1.353324952E-01  1.226087868E+05  2.217381472E+02  3.530626596E+02  3.104313427E+02  3.313704685E+02  9.677155472E-01 
       211  1.209477387E-01  1.976921952E-01  1.392217013E-01  1.226587317E+05  2.210971004E+02  3.538431046E+02  3.118058646E+02  3.219422792E+02  9.702224799E-01 
       212  1.209659901E-01  1.977439656E-01  1.431109690E-01  1.229344536E+05  2.196025164E+02  3.548866816E+02  3.136322113E+02  3.083338397E+02  9.756247310E-01 
       213  1.210017723E-01  1.977818072E-01  1.470000027E-01  1.231462441E+05  2.210465832E+02  3.553502464E+02  3.142795000E+02  3.020486135E+02  9.724726342E-01 
       214 -1.337431699E-02  1.053111530E-01 -4.600000000E-02  8.754434277E+04  1.540523434E+02  3.330814819E+02  2.762468872E+02  2.353315125E+02  8.571485206E-01 
       215 -1.336879354E-02  1.054912688E-01 -4.299898917E-02  8.748343457E+04  1.539527650E+02  3.330504160E+02  2.762249017E+02  2.358592024E+02  8.596707936E-01 
       216 -1.321272523E-02  1.057016208E-01 -4.000664894E-02  8.747402588E+04  1.542331009E+02  3.330050297E+02  2.761496639E+02  2.363481369E+02  8.600863740E-01 
       217 -1.269691607E-02  1.059729593E-01 -3.706120983E-02  8.737154891E+04  1.548048288E+02  3.329476506E+02  2.760545424E+02  2.366102746E+02  8.581184565E-01 
       218 -1.181263769E-02  1.063072321E-01 -3.420969757E-02  8.715161381E+04  1.559648987E+02  3.328425258E+02  2.758801700E+02  2.382824513E+02  8.580230256E-01 
       219 -1.066241908E-02  1.066659143E-01 -3.145726216E-02  8.707628696E+04  1.567902948E+02  3.327895892E+02  2.757924497E+02  2.391261017E+02  8.569087098E-01 
       220 -9.280794463E-03  1.070573859E-01 -2.881758489E-02  8.690705673E+04  1.572249376E+02  3.327490874E+02  2.757253234E+02  2.395340679E+02  8.564022167E-01 
       221 -7.735023178E-03  1.074435380E-01 -2.626912607E-02  8.682905072E+04  1.578702950E+02  3.327160628E+02  2.756705980E+02  2.399728338E+02  8.548677131E-01 
       222 -6.047350445E-03  1.078135440E-01 -2.381048416E-02  8.668686915E+04  1.588372773E+02  3.325992279E+02  2.754770100E+02  2.406443903E+02  8.525200676E-01 
       223 -4.299611852E-03  1.081916589E-01 -2.139379423E-02  8.662127816E+04  1.594352487E+02  3.326532878E+02  2.755665755E+02  2.414005404E+02  8.525472511E-01 
       224 -2.461870607E-03  1.085505379E-01 -1.904289133E-02  8.670761333E+04  1.599545006E+02  3.325679973E+02  2.754253522E+02  2.417106416E+02  8.514331278E-01 
       225 -5.886173328E-04  1.088780789E-01 -1.671486844E-02  8.680006310E+04  1.594959050E+02  3.327379912E+02  2.757069730E+02  2.414546994E+02  8.533262931E-01 
       226  1.337912187E-03  1.092215599E-01 -1.443302686E-02  8.690179880E+04  1.595918620E+02  3.326076040E+02  2.754909523E+02  2.423624690E+02  8.565365335E-01 
       227  3.290030235E-03  1.094941851E-01 -1.216353628E-02  8.674183181E+04  1.592634605E+02  3.325117942E+02  2.753322766E+02  2.433276424E+02  8.622068182E-01 
       228  5.262023684E-03  1.097864070E-01 -9.913643549E-03  8.601909714E+04  1.603237853E+02  3.320659535E+02  2.745947913E+02  2.472692239E+02  8.709997857E-01 
       229  7.256339014E-03  1.100495762E-01 -7.679258903E-03  8.415994218E+04  1.644964810E+02  3.310600327E+02  2.729339180E+02  2.538578525E+02  8.728809557E-01 
       230  9.250945095E-03  1.102792579E-01 -5.441700620E-03  8.176171315E+04  1.724556404E+02  3.298908670E+02  2.710093725E+02  2.618867253E+02  8.598572466E-01 
       231  1.125130268E-02  1.105297001E-01 -3.209862298E-03  8.060304614E+04  1.799239011E+02  3.293523436E+02  2.701251807E+02  2.657819085E+02  8.351678867E-01 
       232  1.324504242E-02  1.107259366E-01 -9.692227629E-04  8.131048657E+04  1.832462058E+02  3.297811956E+02  2.708294077E+02  2.639117889E+02  8.111520968E-01 
       233  1.522818012E-02  1.109344875E-01  1.280794701E-03  8.321834326E+04  1.843189945E+02  3.307753506E+02  2.724653339E+02  2.585111122E+02  7.867306620E-01 
       234  1.717717000E-02  1.111306516E-01  3.565314237E-03  8.536569922E+04  1.833559113E+02  3.320511513E+02  2.745709209E+02  2.497852783E+02  7.624667659E-01 
       235  2.098827574E-02  1.115152878E-01  8.199040730E-03  8.918830176E+04  1.861215191E+02  3.342092628E+02  2.781517544E+02  2.369020920E+02  7.071325034E-01 
       236  2.283804163E-02  1.116790561E-01  1.055952489E-02  9.044638965E+04  1.903094430E+02  3.352412286E+02  2.798711843E+02  2.302876543E+02  6.644829512E-01 
       237  2.632960383E-02  1.121198866E-01  1.543269692E-02  9.113819727E+04  2.048038139E+02  3.354051628E+02  2.801449699E+02  2.307823563E+02  5.890231170E-01 
       238  2.959379811E-02  1.126564718E-01  2.044933110E-02  9.027493774E+04  2.207060885E+02  3.349329557E+02  2.793564768E+02  2.365127420E+02  5.247820290E-01 
       239  3.114059063E-02  1.129278581E-01  2.301118304E-02  8.976103989E+04  2.281545029E+02  3.348808958E+02  2.792697067E+02  2.387430748E+02  4.935655500E-01 
       240  3.264987762E-02  1.132456905E-01  2.559358749E-02  8.920395618E+04  2.355152897E+02  3.344815843E+02  2.786043791E+02  2.418934482E+02  4.665873230E-01 
       241  3.807676132E-02  1.146676712E-01  3.621643154E-02  8.772929731E+04  2.603606879E+02  3.337047213E+02  2.773114363E+02  2.510249546E+02  3.736870380E-01 
       242  3.928374460E-02  1.150413043E-01  3.894926042E-02  8.790094055E+04  2.654846039E+02  3.341861436E+02  2.781130753E+02  2.511846459E+02  3.482293428E-01 
       243  4.044503934E-02  1.154301055E-01  4.169676193E-02  8.835216076E+04  2.699646952E+02  3.344386190E+02  2.785333409E+02  2.511910145E+02  3.263167687E-01 
       244  4.154949506E-02  1.158110833E-01  4.446441861E-02  8.905138086E+04  2.729073238E+02  3.348782425E+02  2.792674923E+02  2.497316446E+02  3.072841093E-01 
       245  4.259018966E-02  1.161595968E-01  4.726780086E-02  8.997185914E+04  2.754037239E+02  3.353919046E+02  2.801259017E+02  2.473707901E+02  2.868333463E-01 
       246  4.357921759E-02  1.165132208E-01  5.008364009E-02  9.110438843E+04  2.782583666E+02  3.358271551E+02  2.808530989E+02  2.447304840E+02  2.630710062E-01 
       247  4.448002582E-02  1.168267471E-01  5.293502673E-02  9.243777297E+04  2.794147542E+02  3.365389701E+02  2.820434097E+02  2.399129910E+02  2.402694988E-01 
       248  4.534234860E-02  1.171711221E-01  5.579536500E-02  9.386345459E+04  2.799822464E+02  3.372206192E+02  2.831879253E+02  2.362343159E+02  2.255968153E-01 
       249  4.612355051E-02  1.174912616E-01  5.867935283E-02  9.514796875E+04  2.814130249E+02  3.378152885E+02  2.841882782E+02  2.326693344E+02  2.059994489E-01 
       250  4.681688670E-02  1.178330389E-01  6.158342338E-02  9.630252539E+04  2.823374786E+02  3.384177017E+02  2.852020493E+02  2.295203362E+02  1.911471598E-01 
       251  4.742483443E-02  1.181684938E-01  6.451168194E-02  9.731011914E+04  2.830426064E+02  3.389803047E+02  2.861496429E+02  2.268131866E+02  1.792747229E-01 
       252  4.796175059E-02  1.184973583E-01  6.744925218E-02  9.814831885E+04  2.844125338E+02  3.394023724E+02  2.868624105E+02  2.246457577E+02  1.654387387E-01 
       253  4.839690646E-02  1.188449776E-01  7.040346354E-02  9.877273883E+04  2.861298442E+02  3.396448238E+02  2.872722248E+02  2.235455784E+02  1.536160068E-01 
       254  4.867844520E-02  1.192029192E-01  7.337369276E-02  9.914204299E+04  2.883723499E+02  3.397525662E+02  2.874549035E+02  2.233022243E+02  1.417549553E-01 
       255  4.889804354E-02  1.195863964E-01  7.634446821E-02  9.949170519E+04  2.897748074E+02  3.399015508E+02  2.877072129E+02  2.224833439E+02  1.327107075E-01 
       256  4.901527392E-02  1.199575346E-01  7.936475415E-02  9.955742923E+04  2.924043122E+02  3.398856099E+02  2.876803595E+02  2.231530328E+02  1.219527532E-01 
       257  4.897414798E-02  1.207471392E-01  8.530893469E-02  9.949598438E+04  2.968463821E+02  3.399618073E+02  2.878087196E+02  2.240778885E+02  1.032010559E-01 
       258  4.879835866E-02  1.211503063E-01  8.827262235E-02  9.951562402E+04  2.986481667E+02  3.399000435E+02  2.877039032E+02  2.255706825E+02  1.004586602E-01 
       259  4.854576088E-02  1.215647590E-01  9.126615169E-02  9.959048821E+04  3.007241672E+02  3.396383284E+02  2.872611960E+02  2.253807683E+02  8.892703975E-02 
       260  4.818457029E-02  1.219712360E-01  9.420996830E-02  9.997995099E+04  3.004791580E+02  3.399227056E+02  2.877425052E+02  2.248611483E+02  9.003784892E-02 
       261  4.782320061E-02  1.224212570E-01  9.713670139E-02  1.004463569E+05  3.011613216E+02  3.400373421E+02  2.879371109E+02  2.237203522E+02  8.293709811E-02 
       262  4.734997920E-02  1.228526278E-01  1.001180955E-01  1.013794902E+05  2.998823853E+02  3.406838684E+02  2.890324249E+02  2.207791367E+02  8.000840340E-02 
       263  4.683890011E-02  1.232935874E-01  1.030087938E-01  1.028761805E+05  2.974779745E+02  3.415552675E+02  2.905138112E+02  2.169072269E+02  8.050152426E-02 
       264  4.566507936E-02  1.242316696E-01  1.088390156E-01  1.050584410E+05  2.925598147E+02  3.419805455E+02  2.912374366E+02  2.095250676E+02  8.417794940E-02 
       265  4.352639189E-02  1.257122811E-01  1.174848542E-01  1.079770764E+05  2.622679223E+02  3.457499025E+02  2.977000524E+02  1.771520522E+02  1.660775532E-01 
       266  4.289440586E-02  1.261798267E-01  1.203730247E-01  1.082083462E+05  2.447337881E+02  3.480065465E+02  3.015970797E+02  1.541982390E+02  2.102317877E-01 
       267  4.242365191E-02  1.265975250E-01  1.232861776E-01  1.083954391E+05  2.463212813E+02  3.484777035E+02  3.024092325E+02  1.498887092E+02  1.820383571E-01 
       268  4.208270049E-02  1.270006734E-01  1.262530889E-01  1.079919414E+05  2.601168594E+02  3.475570183E+02  3.008136749E+02  1.496558285E+02  7.588741090E-02 
       269  4.202415066E-02  1.273246053E-01  1.292418903E-01  1.071341517E+05  2.599513515E+02  3.474358753E+02  3.006045739E+02  1.437895450E+02  6.220502790E-02 
       270  4.218523596E-02  1.275849052E-01  1.322314117E-01  1.066363896E+05  2.510598227E+02  3.476916018E+02  3.010470991E+02  1.399132710E+02  1.196438682E-01 
       271  4.252691668E-02  1.278080741E-01  1.352038484E-01  1.067308501E+05  2.451092237E+02  3.481067261E+02  3.017707494E+02  1.475382518E+02  1.957007327E-01 
       272  4.296344289E-02  1.279984053E-01  1.381664338E-01  1.069115083E+05  2.477442482E+02  3.479725793E+02  3.015419407E+02  1.563401973E+02  2.085280389E-01 
       273  4.347514252E-02  1.281630447E-01  1.411197974E-01  1.068314688E+05  2.520139150E+02  3.479491616E+02  3.015001699E+02  1.619621140E+02  1.991588243E-01 
       274  4.403358971E-02  1.283124551E-01  1.440677535E-01  1.065517309E+05  2.555910494E+02  3.480050991E+02  3.015916451E+02  1.659025785E+02  1.894564788E-01 
       275  4.466583781E-02  1.284644007E-01  1.470000034E-01  1.063088736E+05  2.584725756E+02  3.475609145E+02  2.943550226E+02  1.692820037E+02  1.831457704E-01 
       276 -1.390154712E-02  1.725232616E-01 -4.600000033E-02  8.228401331E+04  1.817132023E+02  3.302733219E+02  2.716158777E+02  3.422431128E+02  1.010991773E+00 
       277 -1.389524734E-02  1.726308379E-01 -4.258575940E-02  8.261359185E+04  1.819192212E+02  3.302528259E+02  2.716039117E+02  3.421959799E+02  1.010205141E+00 
       278 -1.388827040E-02  1.727470810E-01 -3.919459871E-02  8.287762044E+04  1.818059043E+02  3.302894721E+02  2.716641846E+02  3.425952523E+02  1.011403077E+00 
       279 -1.387976982E-02  1.728866868E-01 -3.575874102E-02  8.275366865E+04  1.819158596E+02  3.302963142E+02  2.716754768E+02  3.429490157E+02  1.011745232E+00 
       280 -1.386962822E-02  1.730354599E-01 -3.234598001E-02  8.289794765E+04  1.822008872E+02  3.302395753E+02  2.715821633E+02  3.434408968E+02  1.011869575E+00 
       281 -1.385715910E-02  1.732129765E-01 -2.893478341E-02  8.239534798E+04  1.821770632E+02  3.301284161E+02  2.713993594E+02  3.447889637E+02  1.014971813E+00 
       282 -1.381464856E-02  1.733989484E-01 -2.553958976E-02  8.204992953E+04  1.822009623E+02  3.299318045E+02  2.710764275E+02  3.448913606E+02  1.015621029E+00 
       283 -1.334927366E-02  1.736519924E-01 -2.216152427E-02  8.125456209E+04  1.850874502E+02  3.293636719E+02  2.701440457E+02  3.473765165E+02  1.010542538E+00 
       284 -1.220387625E-02  1.739549638E-01 -1.896956374E-02  7.988652686E+04  1.893048782E+02  3.285370388E+02  2.687901630E+02  3.535275440E+02  1.007046603E+00 
       285 -1.057589609E-02  1.742731966E-01 -1.599005111E-02  7.843226033E+04  1.928652945E+02  3.277997431E+02  2.675845874E+02  3.566943540E+02  1.000062751E+00 
       286 -8.586070527E-03  1.745821273E-01 -1.323108332E-02  7.683517362E+04  1.974051166E+02  3.270460818E+02  2.663559381E+02  3.603444743E+02  9.915582755E-01 
       287 -6.371188279E-03  1.748941133E-01 -1.065117603E-02  7.590861859E+04  2.005033132E+02  3.267467341E+02  2.658684651E+02  3.611601663E+02  9.826883387E-01 
       288 -3.959984913E-03  1.752012559E-01 -8.251810021E-03  7.752781930E+04  1.987844884E+02  3.278159062E+02  2.676146599E+02  3.557683895E+02  9.784559668E-01 
       289 -1.474621790E-03  1.754287438E-01 -5.921768022E-03  8.232802368E+04  1.917270015E+02  3.303932416E+02  2.718471042E+02  3.432300754E+02  9.810469366E-01 
       290  1.096342236E-03  1.756586641E-01 -3.684409899E-03  8.875561527E+04  1.807474028E+02  3.332768570E+02  2.766062906E+02  3.292060103E+02  9.949795059E-01 
       291  3.722457199E-03  1.758529720E-01 -1.512169024E-03  9.163367407E+04  1.751204672E+02  3.343123369E+02  2.783228998E+02  3.277385750E+02  1.011384118E+00 
       292  6.390497491E-03  1.759799744E-01  6.206893580E-04  8.807326514E+04  1.792239571E+02  3.328294716E+02  2.758650246E+02  3.341506329E+02  1.008223556E+00 
       293  1.179759467E-02  1.761809281E-01  4.808741428E-03  7.628001172E+04  1.996329117E+02  3.266785965E+02  2.657628403E+02  3.654399567E+02  9.940139651E-01 
       294  1.450804596E-02  1.762121176E-01  6.883706551E-03  7.256585107E+04  2.091281433E+02  3.242023792E+02  2.617476006E+02  3.765281525E+02  9.839281440E-01 
       295  1.722225861E-02  1.762495216E-01  8.953048646E-03  7.068208008E+04  2.147560730E+02  3.228380432E+02  2.595463219E+02  3.816830292E+02  9.756398946E-01 
       296  1.993233776E-02  1.761597577E-01  1.102855473E-02  6.917838574E+04  2.159502735E+02  3.221974869E+02  2.585172462E+02  3.841517754E+02  9.768498018E-01 
       297  2.263244469E-02  1.760920636E-01  1.311525345E-02  6.738080859E+04  2.211927319E+02  3.210724945E+02  2.567168427E+02  3.888501663E+02  9.693416506E-01 
       298  2.532249661E-02  1.759768902E-01  1.521525865E-02  6.575366992E+04  2.296998425E+02  3.197021313E+02  2.545303612E+02  3.952893982E+02  9.548072144E-01 
       299  2.800116021E-02  1.758008440E-01  1.732596334E-02  6.544888306E+04  2.354930086E+02  3.192840281E+02  2.538641844E+02  3.985935488E+02  9.427227750E-01 
       300  3.066011949E-02  1.756198651E-01  1.946182943E-02  6.785029016E+04  2.360530338E+02  3.207788725E+02  2.562547970E+02  3.927672391E+02  9.279763103E-01 
       301  3.850917716E-02  1.748410184E-01  2.602581626E-02  8.686817749E+04  2.360632753E+02  3.334753723E+02  2.769352455E+02  3.364285822E+02  8.208886329E-01 
       302  4.358739934E-02  1.740919978E-01  3.053362568E-02  8.608362549E+04  2.371784239E+02  3.330687084E+02  2.762562580E+02  3.420140743E+02  8.269214444E-01 
       303  4.609287257E-02  1.736863543E-01  3.281922705E-02  8.533077026E+04  2.394768152E+02  3.327207251E+02  2.756791992E+02  3.426064892E+02  8.205572292E-01 
       304  4.855845708E-02  1.731970535E-01  3.512834265E-02  8.502284131E+04  2.425109692E+02  3.326465559E+02  2.755559330E+02  3.431679659E+02  8.111517951E-01 
       305  5.100043215E-02  1.726458906E-01  3.745772352E-02  8.561072778E+04  2.471920223E+02  3.329541168E+02  2.760658603E+02  3.430800719E+02  7.953353561E-01 
       306  5.340036417E-02  1.720848619E-01  3.982071753E-02  8.857010303E+04  2.493098073E+02  3.344594254E+02  2.785737896E+02  3.359151602E+02  7.762467461E-01 
       307  5.576533568E-02  1.714326002E-01  4.220398857E-02  9.409532858E+04  2.466415391E+02  3.374678161E+02  2.836116769E+02  3.216663971E+02  7.626277111E-01 
       308  5.808130114E-02  1.707532671E-01  4.462162642E-02  9.988038913E+04  2.437398579E+02  3.405935334E+02  2.888863982E+02  3.069156689E+02  7.504082908E-01 
       309  6.913202621E-02  1.670049815E-01  5.708998555E-02  1.129443539E+05  2.436463308E+02  3.469628477E+02  2.997870564E+02  2.730644312E+02  7.051498471E-01 
       310  7.325557335E-02  1.653928843E-01  6.228962682E-02  1.155100779E+05  2.411672512E+02  3.482867899E+02  3.020778971E+02  2.664224300E+02  7.073487146E-01 
       311  7.526114685E-02  1.645964451E-01  6.493668120E-02  1.164410156E+05  2.402402153E+02  3.487395153E+02  3.028639584E+02  2.643202171E+02  7.099648528E-01 
       312  8.099008587E-02  1.620989224E-01  7.305121222E-02  1.186622676E+05  2.379819813E+02  3.494199829E+02  3.040458107E+02  2.579129162E+02  7.119916454E-01 
       313  8.281625202E-02  1.612441772E-01  7.580722199E-02  1.189083232E+05  2.376817055E+02  3.494220886E+02  3.040495110E+02  2.575830803E+02  7.133298889E-01 
       314  8.462318717E-02  1.604029889E-01  7.856519154E-02  1.190860703E+05  2.377955866E+02  3.493646030E+02  3.039494028E+02  2.570279226E+02  7.137555722E-01 
       315  8.638808364E-02  1.595156660E-01  8.135371941E-02  1.191689661E+05  2.380957284E+02  3.492255907E+02  3.037074356E+02  2.562516332E+02  7.126469370E-01 
       316  8.818531781E-02  1.586346563E-01  8.418846896E-02  1.191555656E+05  2.386116336E+02  3.489765037E+02  3.032743343E+02  2.559572244E+02  7.087745750E-01 
       317  9.153487112E-02  1.568453452E-01  8.985396979E-02  1.189506001E+05  2.374741812E+02  3.489571481E+02  3.032412591E+02  2.567685714E+02  7.147661336E-01 
       318  9.319079870E-02  1.559467714E-01  9.269883327E-02  1.189002432E+05  2.379262047E+02  3.489537239E+02  3.032354717E+02  2.554413242E+02  7.117852792E-01 
       319  9.639067810E-02  1.541493463E-01  9.845101971E-02  1.189033301E+05  2.389930096E+02  3.486541195E+02  3.027144032E+02  2.546413441E+02  7.078943476E-01 
       320  9.789700787E-02  1.532238030E-01  1.013752208E-01  1.189147223E+05  2.399587126E+02  3.484669876E+02  3.023893800E+02  2.546716561E+02  7.031424511E-01 
       321  9.939560036E-02  1.523575645E-01  1.043121280E-01  1.189110293E+05  2.401912880E+02  3.483877754E+02  3.022518559E+02  2.551197281E+02  7.032631710E-01 
       322  1.008373928E-01  1.515239935E-01  1.072922639E-01  1.187827910E+05  2.407745304E+02  3.481955719E+02  3.019183483E+02  2.559655170E+02  7.023920193E-01 
       323  1.021925752E-01  1.507164957E-01  1.103173974E-01  1.186212395E+05  2.416161580E+02  3.480406866E+02  3.016500497E+02  2.568033442E+02  6.996104233E-01 
       324  1.063175391E-01  1.486079647E-01  1.265700906E-01  1.181783574E+05  2.416611824E+02  3.487513351E+02  3.028865166E+02  2.556901474E+02  7.007482648E-01 
       325  1.064822206E-01  1.487022474E-01  1.299738775E-01  1.183857637E+05  2.377909241E+02  3.502200012E+02  3.054455299E+02  2.466010704E+02  7.105469108E-01 
       326  1.066476119E-01  1.488146338E-01  1.333799290E-01  1.182878477E+05  2.319030418E+02  3.517547340E+02  3.081261787E+02  2.305790024E+02  7.282641530E-01 
       327  1.068180965E-01  1.489318139E-01  1.367854531E-01  1.180114473E+05  2.281987648E+02  3.524638481E+02  3.093668861E+02  2.191194744E+02  7.426570728E-01 
       328  1.069979625E-01  1.490578552E-01  1.401905319E-01  1.179162842E+05  2.291950645E+02  3.520115051E+02  3.085744381E+02  2.251838322E+02  7.426741943E-01 
       329  1.071817424E-01  1.491887345E-01  1.435955648E-01  1.180394365E+05  2.354734383E+02  3.504707203E+02  3.057779484E+02  2.462667818E+02  7.250864133E-01 
       330  1.073851999E-01  1.493347905E-01  1.470000044E-01  1.180186094E+05  2.451104279E+02  3.482095642E+02  3.012404480E+02  2.657081757E+02  7.009337842E-01 
       331 -5.132010553E-03  2.399711247E-01 -4.600000034E-02  8.369123975E+04  1.731340942E+02  3.311686459E+02  2.725751610E+02  4.378168983E+02  1.164164782E+00 
       332 -5.128125210E-03  2.399809281E-01 -4.210430258E-02  8.442651392E+04  1.744120283E+02  3.308962145E+02  2.726636648E+02  4.392948761E+02  1.162538461E+00 
       333 -5.125201508E-03  2.399922328E-01 -3.820870464E-02  8.351252496E+04  1.771920938E+02  3.303450203E+02  2.717573173E+02  4.418040547E+02  1.158281052E+00 
       334 -5.121813889E-03  2.400095995E-01 -3.431329778E-02  8.183022699E+04  1.815479436E+02  3.294976600E+02  2.703651825E+02  4.455287106E+02  1.151403884E+00 
       335 -5.119016059E-03  2.400291916E-01 -3.041776666E-02  7.984078507E+04  1.865861172E+02  3.285107949E+02  2.687481945E+02  4.494053494E+02  1.143038269E+00 
       336 -5.114574788E-03  2.400538233E-01 -2.652182619E-02  7.819118840E+04  1.890520523E+02  3.280323760E+02  2.679647058E+02  4.510857091E+02  1.138682378E+00 
       337 -5.109553763E-03  2.400828758E-01 -2.262552630E-02  7.804617749E+04  1.887387996E+02  3.281874766E+02  2.682192602E+02  4.504575233E+02  1.138774043E+00 
       338 -5.103895973E-03  2.401152952E-01 -1.872899116E-02  8.023299463E+04  1.848828758E+02  3.293341308E+02  2.700989516E+02  4.462128530E+02  1.143985081E+00 
       339 -4.925504783E-03  2.402473149E-01 -7.056915668E-03  8.757943324E+04  1.704388278E+02  3.323367566E+02  2.750489740E+02  4.318634886E+02  1.169391117E+00 
       340 -3.715119829E-03  2.403023013E-01 -3.373311706E-03  8.236249084E+04  1.802413583E+02  3.303074386E+02  2.717059379E+02  4.431131058E+02  1.155187031E+00 
       341 -1.562012846E-03  2.403581740E-01 -1.360753051E-04  7.841330557E+04  1.907898882E+02  3.281947084E+02  2.682338752E+02  4.548503316E+02  1.139109298E+00 
       342  1.133764527E-03  2.404094608E-01  2.675248428E-03  7.837984351E+04  1.909751463E+02  3.277738504E+02  2.675444584E+02  4.537065544E+02  1.137453493E+00 
       343  4.137632423E-03  2.404197044E-01  5.149238455E-03  7.991440900E+04  1.866326127E+02  3.284033125E+02  2.685722390E+02  4.455580836E+02  1.140010957E+00 
       344  7.316400202E-03  2.403253331E-01  7.399564588E-03  8.004647492E+04  1.842175193E+02  3.287442634E+02  2.691289923E+02  4.422767867E+02  1.142634302E+00 
       345  1.395577155E-02  2.400667001E-01  1.148649181E-02  8.665392334E+04  1.703760414E+02  3.319549294E+02  2.744208860E+02  4.342205429E+02  1.169765919E+00 
       346  1.735065466E-02  2.397965962E-01  1.337576268E-02  9.022653711E+04  1.595240860E+02  3.338902740E+02  2.776257973E+02  4.269986801E+02  1.190246493E+00 
       347  2.419161170E-02  2.391929427E-01  1.704637434E-02  7.957428711E+04  1.841081200E+02  3.290864182E+02  2.696945763E+02  4.498876648E+02  1.150954753E+00 
       348  2.761839379E-02  2.387452844E-01  1.884103948E-02  7.957848145E+04  1.881775227E+02  3.286212578E+02  2.689286461E+02  4.495688019E+02  1.140217498E+00 
       349  3.105226563E-02  2.382885234E-01  2.062260888E-02  8.070549365E+04  1.857458267E+02  3.294064541E+02  2.702154121E+02  4.452447281E+02  1.142012715E+00 
       350  3.788868369E-02  2.371344800E-01  2.417075674E-02  8.056247266E+04  1.857902908E+02  3.297337627E+02  2.707518425E+02  4.462308464E+02  1.143675745E+00 
       351  4.468291751E-02  2.357525484E-01  2.771953789E-02  8.012666016E+04  1.893600597E+02  3.291478882E+02  2.697930336E+02  4.446427803E+02  1.134419933E+00 
       352  4.805699300E-02  2.349490393E-01  2.948953136E-02  8.067769519E+04  1.905813937E+02  3.292565556E+02  2.699728379E+02  4.442938948E+02  1.132878786E+00 
       353  5.140582287E-02  2.340778219E-01  3.127771149E-02  8.085081104E+04  1.900089121E+02  3.294935207E+02  2.703612270E+02  4.461575947E+02  1.138029113E+00 
       354  5.473006301E-02  2.331020583E-01  3.305777180E-02  8.003781445E+04  1.938722744E+02  3.288784485E+02  2.693510857E+02  4.482080612E+02  1.132795498E+00 
       355  5.803984836E-02  2.320923676E-01  3.484458617E-02  7.852737354E+04  1.983772907E+02  3.279077816E+02  2.677635765E+02  4.514098549E+02  1.126587495E+00 
       356  6.132921494E-02  2.310454118E-01  3.665150486E-02  7.671393182E+04  2.030072559E+02  3.266719410E+02  2.657485204E+02  4.551539023E+02  1.120444421E+00 
       357  6.777528194E-02  2.285846393E-01  4.027160278E-02  8.561498828E+04  2.159976463E+02  3.329451103E+02  2.760833092E+02  4.292330399E+02  1.063737854E+00 
       358  7.097972553E-02  2.273472007E-01  4.209367684E-02  9.248781738E+04  2.296368580E+02  3.364863281E+02  2.819648476E+02  4.147341690E+02  1.015319899E+00 
       359  7.412444428E-02  2.259565065E-01  4.393674079E-02  9.128192261E+04  2.345744190E+02  3.351468792E+02  2.797224483E+02  4.205274982E+02  1.009233398E+00 
       360  7.725834663E-02  2.245514312E-01  4.577102978E-02  8.744126465E+04  2.343997326E+02  3.332956429E+02  2.766342335E+02  4.271870041E+02  1.017028853E+00 
       361  8.037011026E-02  2.231435234E-01  4.763983740E-02  8.990633008E+04  2.319759674E+02  3.349688148E+02  2.794351997E+02  4.184898109E+02  1.019049302E+00 
       362  8.343109451E-02  2.215945322E-01  4.950276897E-02  1.031921301E+05  2.218253800E+02  3.411402459E+02  2.898518548E+02  3.934472792E+02  1.032393804E+00 
       363  8.646988642E-02  2.201046420E-01  5.141624103E-02  1.216284817E+05  2.077088895E+02  3.481723242E+02  3.019122634E+02  3.608203897E+02  1.059845272E+00 
       364  9.242245520E-02  2.169732682E-01  5.534503106E-02  1.185051460E+05  2.223757710E+02  3.494972239E+02  3.042048883E+02  3.518836946E+02  9.972850084E-01 
       365  9.533631835E-02  2.153857768E-01  5.738443174E-02  1.165644291E+05  2.251643972E+02  3.491142612E+02  3.035507398E+02  3.562562666E+02  9.878486032E-01 
       366  9.819952312E-02  2.138016843E-01  5.949569436E-02  1.165402705E+05  2.244226303E+02  3.499679852E+02  3.050402622E+02  3.534659729E+02  9.873367324E-01 
       367  1.009694591E-01  2.121295788E-01  6.167326851E-02  1.188377588E+05  2.267940683E+02  3.511363649E+02  3.070780382E+02  3.462264595E+02  9.738545977E-01 
       368  1.037116704E-01  2.105064985E-01  6.390540356E-02  1.202258667E+05  2.326071997E+02  3.521776218E+02  3.089043970E+02  3.383934650E+02  9.507430270E-01 
       369  1.064180189E-01  2.088777679E-01  6.618856681E-02  1.207265332E+05  2.363096504E+02  3.525778751E+02  3.096010227E+02  3.375030193E+02  9.360089675E-01 
       370  1.090480686E-01  2.071800512E-01  6.850700508E-02  1.210739878E+05  2.359994154E+02  3.526658134E+02  3.097545662E+02  3.355170937E+02  9.339181930E-01 
       371  1.116790455E-01  2.055210471E-01  7.084353951E-02  1.214883674E+05  2.349739463E+02  3.530345984E+02  3.104036565E+02  3.354371190E+02  9.357312992E-01 
       372  1.142974452E-01  2.038484190E-01  7.319785208E-02  1.219650889E+05  2.363559580E+02  3.530841227E+02  3.104884014E+02  3.348436480E+02  9.301710781E-01 
       373  1.168416696E-01  2.021295301E-01  7.558130371E-02  1.222951177E+05  2.377795820E+02  3.532102642E+02  3.107158566E+02  3.319989948E+02  9.243593849E-01 
       374  1.193277496E-01  2.004108846E-01  7.805168345E-02  1.225244025E+05  2.365041628E+02  3.535440884E+02  3.113105931E+02  3.301735244E+02  9.267210038E-01 
       375  1.217693779E-01  1.987784452E-01  8.060399866E-02  1.225431152E+05  2.344507818E+02  3.539521914E+02  3.120349665E+02  3.302638426E+02  9.324677959E-01 
       376  1.240793489E-01  1.970470446E-01  8.322373237E-02  1.226436650E+05  2.318464279E+02  3.541056461E+02  3.123102388E+02  3.293579912E+02  9.401698783E-01 
       377  1.263696524E-01  1.953872062E-01  8.590193330E-02  1.230343485E+05  2.267603275E+02  3.548616669E+02  3.136428225E+02  3.241198237E+02  9.555635685E-01 
       378  1.285811840E-01  1.937639536E-01  8.866989816E-02  1.233110374E+05  2.212943079E+02  3.537372584E+02  3.116479716E+02  3.294739456E+02  9.723451184E-01 
       379  1.378530526E-01  1.861918564E-01  1.119425893E-01  1.223182144E+05  2.221233168E+02  3.547684946E+02  3.134349136E+02  3.206096888E+02  9.675455913E-01 
       380  1.378280879E-01  1.861358471E-01  1.158380052E-01  1.221134758E+05  2.236671658E+02  3.554465609E+02  3.146333885E+02  3.063588629E+02  9.629287012E-01 
       381  1.378172244E-01  1.861105784E-01  1.197328496E-01  1.218066406E+05  2.280800476E+02  3.555654187E+02  3.148418002E+02  3.008275027E+02  9.495808613E-01 
       382  1.378137064E-01  1.861013403E-01  1.236281983E-01  1.223654401E+05  2.292270854E+02  3.553247273E+02  3.144161479E+02  3.118992424E+02  9.427234596E-01 
       383  1.378232998E-01  1.861207539E-01  1.275238734E-01  1.229553117E+05  2.288477307E+02  3.543069725E+02  3.126203114E+02  3.252534993E+02  9.445014006E-01 
       384  1.378388478E-01  1.861485149E-01  1.314192119E-01  1.231045756E+05  2.268107313E+02  3.530919058E+02  3.104828012E+02  3.366224023E+02  9.530373606E-01 
       385  1.378667705E-01  1.861922064E-01  1.353144338E-01  1.229982645E+05  2.227189136E+02  3.528376329E+02  3.100376959E+02  3.347955656E+02  9.648130182E-01 
       386  1.378917792E-01  1.862393165E-01  1.392095884E-01  1.229570550E+05  2.213484628E+02  3.527737879E+02  3.099239360E+02  3.322196698E+02  9.683957738E-01 
       387  1.379128913E-01  1.862912877E-01  1.431056120E-01  1.230236153E+05  2.213959358E+02  3.530057531E+02  3.101938586E+02  3.300396914E+02  9.680490772E-01 
       388  1.379274402E-01  1.863453723E-01  1.469999959E-01  1.231770522E+05  2.204198494E+02  3.538150406E+02  3.112034793E+02  3.269481382E+02  9.711443987E-01 
       389 -3.389247132E-02  1.007789921E-01 -4.300551245E-02  8.753406104E+04  1.543850241E+02  3.330186844E+02  2.761723328E+02  2.361233025E+02  8.582508601E-01 
       390 -3.372456358E-02  1.010433636E-01 -4.002223516E-02  8.744618160E+04  1.545408715E+02  3.330093296E+02  2.761568209E+02  2.364297627E+02  8.586535630E-01 
       391 -3.329024078E-02  1.014074167E-01 -3.707963811E-02  8.734050598E+04  1.546585081E+02  3.330010134E+02  2.761430105E+02  2.367111994E+02  8.593055080E-01 
       392 -3.255620303E-02  1.018883264E-01 -3.421559131E-02  8.721003456E+04  1.558503430E+02  3.328886487E+02  2.759566607E+02  2.377242182E+02  8.567327057E-01 
       393 -3.153373485E-02  1.024554568E-01 -3.145384174E-02  8.708692574E+04  1.565540091E+02  3.328064121E+02  2.758203080E+02  2.384039489E+02  8.556693246E-01 
       394 -3.028950121E-02  1.031058036E-01 -2.880322264E-02  8.698771616E+04  1.576488873E+02  3.327049108E+02  2.756521099E+02  2.397365792E+02  8.548625350E-01 
       395 -2.888173412E-02  1.037838005E-01 -2.624318977E-02  8.691907480E+04  1.581706243E+02  3.326655046E+02  2.755868419E+02  2.408115256E+02  8.561983482E-01 
       396 -2.733119538E-02  1.044792183E-01 -2.377110822E-02  8.683661657E+04  1.587440705E+02  3.326195885E+02  2.755107178E+02  2.411861433E+02  8.549690641E-01 
       397 -2.568342124E-02  1.052055751E-01 -2.135968630E-02  8.672834522E+04  1.592714043E+02  3.325650998E+02  2.754205028E+02  2.417063287E+02  8.543710692E-01 
       398 -2.397735570E-02  1.059146334E-01 -1.899049647E-02  8.658326660E+04  1.596175281E+02  3.325095754E+02  2.753285515E+02  2.424929553E+02  8.558465894E-01 
       399 -2.220871387E-02  1.066063154E-01 -1.667396516E-02  8.625173734E+04  1.604071055E+02  3.323484404E+02  2.750618021E+02  2.441425949E+02  8.579860143E-01 
       400 -2.041003203E-02  1.073389070E-01 -1.437512078E-02  8.563235931E+04  1.626165493E+02  3.319656590E+02  2.744286164E+02  2.468244278E+02  8.560626085E-01 
       401 -1.856976066E-02  1.079715131E-01 -1.211630566E-02  8.492997171E+04  1.646057271E+02  3.316708376E+02  2.739413909E+02  2.495246196E+02  8.555396642E-01 
       402 -1.670953655E-02  1.086522831E-01 -9.860640570E-03  8.435009822E+04  1.682826106E+02  3.313152905E+02  2.733542917E+02  2.521825587E+02  8.458671361E-01 
       403 -1.482329113E-02  1.093026603E-01 -7.620995183E-03  8.441876717E+04  1.711333236E+02  3.313336216E+02  2.733846815E+02  2.529876229E+02  8.340369813E-01 
       404 -1.292306254E-02  1.099268373E-01 -5.385291055E-03  8.532937451E+04  1.717550554E+02  3.318575735E+02  2.742500954E+02  2.496701031E+02  8.198876977E-01 
       405 -1.101845801E-02  1.105590611E-01 -3.137660868E-03  8.705768436E+04  1.699182991E+02  3.328342837E+02  2.758669877E+02  2.440715361E+02  8.114194749E-01 
       406 -9.120841472E-03  1.111701815E-01 -8.914052251E-04  8.947258572E+04  1.673431554E+02  3.341032829E+02  2.779750133E+02  2.355327121E+02  7.982428593E-01 
       407 -7.240675928E-03  1.117476218E-01  1.353994698E-03  9.288535994E+04  1.632048902E+02  3.359217403E+02  2.810098924E+02  2.233987044E+02  7.860312780E-01 
       408 -5.370549944E-03  1.123083196E-01  3.627204146E-03  9.666584265E+04  1.636312408E+02  3.378145323E+02  2.841845393E+02  2.072159641E+02  7.380906073E-01 
       409 -3.530590186E-03  1.128981262E-01  5.933484609E-03  9.849972664E+04  1.732223999E+02  3.387068661E+02  2.856875894E+02  2.044154516E+02  6.763459382E-01 
       410 -1.726912218E-03  1.134387153E-01  8.259926622E-03  9.805087817E+04  1.861084509E+02  3.383724179E+02  2.851245594E+02  2.053602157E+02  6.049557030E-01 
       411  3.734044288E-05  1.140039107E-01  1.062617763E-02  9.727913721E+04  1.942011046E+02  3.381032848E+02  2.846709442E+02  2.085968041E+02  5.695255129E-01 
       412  1.740848712E-03  1.145879687E-01  1.302702968E-02  9.652851258E+04  2.018337431E+02  3.377366871E+02  2.840533791E+02  2.128826398E+02  5.409901061E-01 
       413  3.387617433E-03  1.151172021E-01  1.547343878E-02  9.604763318E+04  2.082091690E+02  3.375583042E+02  2.837533354E+02  2.158269625E+02  5.165767402E-01 
       414  4.957112811E-03  1.157081541E-01  1.796238578E-02  9.546658752E+04  2.148941934E+02  3.372757831E+02  2.832787395E+02  2.182001681E+02  4.890613053E-01 
       415  6.462677552E-03  1.163151534E-01  2.048609031E-02  9.471577563E+04  2.220831881E+02  3.368064775E+02  2.824908504E+02  2.220256414E+02  4.639434610E-01 
       416  7.926557233E-03  1.168909271E-01  2.304605918E-02  9.403595905E+04  2.278135796E+02  3.364622490E+02  2.819135153E+02  2.255073612E+02  4.462336288E-01 
       417  9.338612782E-03  1.175119790E-01  2.562398907E-02  9.362245883E+04  2.329265221E+02  3.362244662E+02  2.815151871E+02  2.284407497E+02  4.305834618E-01 
       418  1.068984297E-02  1.181121478E-01  2.822455248E-02  9.337187408E+04  2.374894489E+02  3.361216090E+02  2.813430434E+02  2.305493462E+02  4.156067269E-01 
       419  1.198650266E-02  1.187330819E-01  3.085849659E-02  9.326537857E+04  2.425792061E+02  3.359744425E+02  2.810969183E+02  2.322013388E+02  3.960956319E-01 
       420  1.322982934E-02  1.193430432E-01  3.352159396E-02  9.325519710E+04  2.472116404E+02  3.359179640E+02  2.810025171E+02  2.331746472E+02  3.765565973E-01 
       421  1.439865389E-02  1.199672983E-01  3.621509854E-02  9.345608388E+04  2.507284919E+02  3.360427601E+02  2.812114516E+02  2.328976272E+02  3.589337283E-01 
       422  1.553995729E-02  1.205631245E-01  3.892438234E-02  9.393751196E+04  2.536770552E+02  3.363186368E+02  2.816732671E+02  2.320519853E+02  3.424192141E-01 
       423  1.662952250E-02  1.211745408E-01  4.165332372E-02  9.453074658E+04  2.562497540E+02  3.366456803E+02  2.822214082E+02  2.309068719E+02  3.266252164E-01 
       424  1.764894372E-02  1.217373945E-01  4.441857664E-02  9.534082379E+04  2.583221920E+02  3.370365483E+02  2.828772862E+02  2.290753816E+02  3.109019545E-01 
       425  1.861873940E-02  1.222791769E-01  4.720617614E-02  9.645333633E+04  2.601398563E+02  3.375217150E+02  2.836920058E+02  2.264554667E+02  2.936857607E-01 
       426  1.950820179E-02  1.228336643E-01  5.001741530E-02  9.760247552E+04  2.614301020E+02  3.380613552E+02  2.846004449E+02  2.235021609E+02  2.785888540E-01 
       427  2.036944420E-02  1.233245632E-01  5.285072558E-02  9.875080029E+04  2.621639701E+02  3.387111422E+02  2.856952629E+02  2.200971193E+02  2.645974024E-01 
       428  2.117157025E-02  1.238295963E-01  5.569831964E-02  9.985225391E+04  2.636283531E+02  3.392487426E+02  2.866028957E+02  2.170918341E+02  2.479155215E-01 
       429  2.190592593E-02  1.242947792E-01  5.857026217E-02  1.007986919E+05  2.654290581E+02  3.396936913E+02  2.873551664E+02  2.145064459E+02  2.304825606E-01 
       430  2.257248913E-02  1.247551336E-01  6.145961794E-02  1.015929790E+05  2.677025700E+02  3.400008516E+02  2.878750839E+02  2.127482071E+02  2.134022117E-01 
       431  2.314781749E-02  1.251835029E-01  6.437124902E-02  1.022077534E+05  2.700339980E+02  3.402583427E+02  2.883110828E+02  2.115687490E+02  1.976991422E-01 
       432  2.363318974E-02  1.255957621E-01  6.730774801E-02  1.026990804E+05  2.724921784E+02  3.404916682E+02  2.887063887E+02  2.105458176E+02  1.817049622E-01 
       433  2.402789138E-02  1.260195069E-01  7.025072331E-02  1.030783374E+05  2.750484886E+02  3.407214165E+02  2.890960827E+02  2.096032848E+02  1.653828118E-01 
       434  2.431727977E-02  1.264030352E-01  7.321094069E-02  1.033331982E+05  2.779863453E+02  3.408881454E+02  2.893791008E+02  2.092317467E+02  1.485270057E-01 
       435  2.453016930E-02  1.268032789E-01  7.617447467E-02  1.034211277E+05  2.812558908E+02  3.409638386E+02  2.895076938E+02  2.095095057E+02  1.321622436E-01 
       436  2.462079541E-02  1.271795605E-01  7.915094878E-02  1.033093890E+05  2.846647923E+02  3.409735758E+02  2.895241981E+02  2.104000994E+02  1.170401440E-01 
       437  2.463902970E-02  1.275610820E-01  8.212637731E-02  1.028182014E+05  2.890085540E+02  3.407512760E+02  2.891468282E+02  2.130660853E+02  1.034586842E-01 
       438  2.457492051E-02  1.279220853E-01  8.510260082E-02  1.019124306E+05  2.935819012E+02  3.403311839E+02  2.884345019E+02  2.168153255E+02  9.284695906E-02 
       439  2.441429013E-02  1.282749863E-01  8.807550525E-02  1.006758918E+05  2.973642673E+02  3.397359770E+02  2.874263666E+02  2.219382602E+02  9.293020816E-02 
       440  2.420234297E-02  1.286273229E-01  9.105186832E-02  9.977100607E+04  2.985059930E+02  3.393004094E+02  2.866896453E+02  2.253272230E+02  1.019612298E-01 
       441  2.388558350E-02  1.289647853E-01  9.401845916E-02  9.968708459E+04  2.969306791E+02  3.392601445E+02  2.866215322E+02  2.261961417E+02  1.166911740E-01 
       442  2.351928731E-02  1.293134864E-01  9.696958543E-02  1.001916964E+05  2.939157534E+02  3.395255709E+02  2.870702212E+02  2.241650629E+02  1.283676328E-01 
       443  2.306449285E-02  1.296327241E-01  9.991680403E-02  1.011260293E+05  2.915465384E+02  3.399304247E+02  2.877551842E+02  2.217559738E+02  1.344339191E-01 
       444  2.257188759E-02  1.299515661E-01  1.028605699E-01  1.021538711E+05  2.889644518E+02  3.404354067E+02  2.886108227E+02  2.187708340E+02  1.396438321E-01 
       445  2.201092100E-02  1.302726916E-01  1.057899135E-01  1.030744868E+05  2.867179680E+02  3.408912297E+02  2.893841008E+02  2.159949969E+02  1.437907574E-01 
       446  2.143382683E-02  1.305960230E-01  1.087107054E-01  1.039774525E+05  2.844036473E+02  3.413230118E+02  2.901177312E+02  2.130741392E+02  1.479861757E-01 
       447  2.076802587E-02  1.309307408E-01  1.116221513E-01  1.048146826E+05  2.817016602E+02  3.418750114E+02  2.910569859E+02  2.090693645E+02  1.505783498E-01 
       448  2.010215597E-02  1.312657467E-01  1.145293522E-01  1.057059863E+05  2.794078102E+02  3.424327993E+02  2.920075769E+02  2.044791360E+02  1.488511134E-01 
       449  1.945135245E-02  1.316056955E-01  1.174374795E-01  1.064529614E+05  2.780353200E+02  3.428790677E+02  2.927689834E+02  2.017515354E+02  1.488373820E-01 
       450  1.885387307E-02  1.319548677E-01  1.203553293E-01  1.070350076E+05  2.768976147E+02  3.432344980E+02  2.933761890E+02  2.002506694E+02  1.522629159E-01 
       451  1.837479322E-02  1.322913677E-01  1.233018373E-01  1.074469873E+05  2.760590782E+02  3.434475985E+02  2.937407007E+02  1.987674284E+02  1.540457355E-01 
       452  1.811263581E-02  1.325954541E-01  1.262715907E-01  1.076430396E+05  2.754461584E+02  3.435569010E+02  2.939277716E+02  1.981229715E+02  1.575084738E-01 
       453  1.805653049E-02  1.328847135E-01  1.292554963E-01  1.076914353E+05  2.751301889E+02  3.436077065E+02  2.940148244E+02  1.978626294E+02  1.607962805E-01 
       454  1.819877737E-02  1.331672438E-01  1.322380588E-01  1.076013011E+05  2.754409721E+02  3.435465304E+02  2.939102017E+02  1.983922842E+02  1.631133563E-01 
       455  1.852494771E-02  1.334510277E-01  1.352129826E-01  1.074434839E+05  2.760172348E+02  3.434584524E+02  2.937595227E+02  1.996852325E+02  1.667856326E-01 
       456  1.890761882E-02  1.337081709E-01  1.381756048E-01  1.072152951E+05  2.770452983E+02  3.433099993E+02  2.935054802E+02  2.019293070E+02  1.708970470E-01 
       457  1.937808835E-02  1.339540030E-01  1.411279949E-01  1.069536194E+05  2.779037139E+02  3.432010927E+02  2.933191340E+02  2.042132967E+02  1.761406329E-01 
       458  1.989552602E-02  1.341916383E-01  1.440726902E-01  1.066467833E+05  2.784317864E+02  3.431392692E+02  2.932134363E+02  2.063102198E+02  1.826999481E-01 
       459  2.048114376E-02  1.344526817E-01  1.469999956E-01  1.063078740E+05  2.795629311E+02  3.429578991E+02  2.929057655E+02  2.084805002E+02  1.854628483E-01 
       460 -4.772920012E-02  1.664853148E-01 -4.258181757E-02  8.253949889E+04  1.816608028E+02  3.302788532E+02  2.716467754E+02  3.428621082E+02  1.012317980E+00 
       461 -4.770031945E-02  1.666117663E-01 -3.916302660E-02  8.232976410E+04  1.808765522E+02  3.302782590E+02  2.716459413E+02  3.425073924E+02  1.014452579E+00 
       462 -4.768621633E-02  1.667606858E-01 -3.574527808E-02  8.194425745E+04  1.833217223E+02  3.298715205E+02  2.709775982E+02  3.450764265E+02  1.010865731E+00 
       463 -4.773671611E-02  1.669008759E-01 -3.232563070E-02  8.146815869E+04  1.849445853E+02  3.295483589E+02  2.704466772E+02  3.472738266E+02  1.009405032E+00 
       464 -4.779814392E-02  1.670685917E-01 -2.890641835E-02  8.088169189E+04  1.857757368E+02  3.293102827E+02  2.700562811E+02  3.478413486E+02  1.007611144E+00 
       465 -4.772832030E-02  1.672854950E-01 -2.549705171E-02  8.024091589E+04  1.884782624E+02  3.288809934E+02  2.693527441E+02  3.504707232E+02  1.003628092E+00 
       466 -4.733274936E-02  1.676197526E-01 -2.211766833E-02  7.954164050E+04  1.911736562E+02  3.284693594E+02  2.686804075E+02  3.533663297E+02  1.000858501E+00 
       467 -4.646629434E-02  1.680852894E-01 -1.884685997E-02  7.906963928E+04  1.965943351E+02  3.278777652E+02  2.677141765E+02  3.548881974E+02  9.914448638E-01 
       468 -4.497458874E-02  1.687177674E-01 -1.583913045E-02  8.071354224E+04  1.975315242E+02  3.285092440E+02  2.687501025E+02  3.532272043E+02  9.922332726E-01 
       469 -4.311049959E-02  1.694263862E-01 -1.306511329E-02  8.391655249E+04  1.926176977E+02  3.302630310E+02  2.716269083E+02  3.446077499E+02  9.950762503E-01 
       470 -4.101650432E-02  1.701661907E-01 -1.047820325E-02  8.681439453E+04  1.863393192E+02  3.318510590E+02  2.742428036E+02  3.375385189E+02  1.004241541E+00 
       471 -3.872443978E-02  1.709287414E-01 -8.043812788E-03  8.732359277E+04  1.815952723E+02  3.322907324E+02  2.749685185E+02  3.345972152E+02  1.011396697E+00 
       472 -3.634257562E-02  1.716543837E-01 -5.706210795E-03  8.528618799E+04  1.821906433E+02  3.313535233E+02  2.734206181E+02  3.388818398E+02  1.014094114E+00 
       473 -3.384972842E-02  1.724025179E-01 -3.469956820E-03  8.135269843E+04  1.883771050E+02  3.292155011E+02  2.699073122E+02  3.519971206E+02  1.012653183E+00 
       474 -3.133060076E-02  1.731099844E-01 -1.271304633E-03  7.696378766E+04  1.986985446E+02  3.266786413E+02  2.657638727E+02  3.632122025E+02  9.957882524E-01 
       475 -2.873453975E-02  1.737912906E-01  8.535856133E-04  7.355149658E+04  2.068180752E+02  3.246975460E+02  2.625489225E+02  3.722586565E+02  9.853375517E-01 
       476 -2.611690126E-02  1.744247281E-01  2.958268427E-03  7.127320081E+04  2.138123789E+02  3.231999578E+02  2.601319413E+02  3.795887790E+02  9.763773810E-01 
       477 -2.348835128E-02  1.750433393E-01  5.058280838E-03  6.990132965E+04  2.181795412E+02  3.223252611E+02  2.587299895E+02  3.830298326E+02  9.689011555E-01 
       478 -2.083113736E-02  1.756162102E-01  7.133742148E-03  6.975709424E+04  2.186474543E+02  3.223920012E+02  2.588332925E+02  3.830704184E+02  9.665838927E-01 
       479 -1.816607045E-02  1.761555279E-01  9.209141426E-03  7.007846143E+04  2.218061085E+02  3.225185719E+02  2.590378017E+02  3.842482243E+02  9.584253356E-01 
       480 -1.549262448E-02  1.766467189E-01  1.128626304E-02  7.243640845E+04  2.222333517E+02  3.241127729E+02  2.616085844E+02  3.763633242E+02  9.401877373E-01 
       481 -1.281959455E-02  1.771087169E-01  1.337222607E-02  8.211104578E+04  2.119363601E+02  3.302756743E+02  2.716630328E+02  3.494566007E+02  9.247347480E-01 
       482 -1.015361520E-02  1.775059034E-01  1.547159933E-02  9.764945439E+04  2.075882851E+02  3.381107425E+02  2.846918336E+02  3.052463562E+02  8.732125773E-01 
       483 -7.491200012E-03  1.778633735E-01  1.757589553E-02  9.477009668E+04  2.206887288E+02  3.369210711E+02  2.826897898E+02  3.134846239E+02  8.381095920E-01 
       484 -4.837064878E-03  1.782590199E-01  1.971143984E-02  8.985301782E+04  2.314464207E+02  3.343123007E+02  2.783255882E+02  3.296663628E+02  8.270369172E-01 
       485 -2.188499166E-03  1.785530451E-01  2.185094162E-02  8.857533218E+04  2.309226705E+02  3.337902427E+02  2.774559220E+02  3.328601279E+02  8.336005711E-01 
       486  4.329096806E-04  1.787998193E-01  2.404680664E-02  8.882858594E+04  2.344728699E+02  3.338442993E+02  2.775459080E+02  3.363238220E+02  8.277618960E-01 
       487  3.027224691E-03  1.790317150E-01  2.627094405E-02  8.888096820E+04  2.392395437E+02  3.335461857E+02  2.770493345E+02  3.398019912E+02  8.173794369E-01 
       488  5.626976121E-03  1.792222402E-01  2.847807669E-02  8.952665369E+04  2.401231439E+02  3.338869677E+02  2.776152661E+02  3.383253779E+02  8.110772884E-01 
       489  8.191038637E-03  1.793338257E-01  3.074695743E-02  9.130606458E+04  2.401132917E+02  3.348833086E+02  2.792766910E+02  3.332848189E+02  8.024097849E-01 
       490  1.074058355E-02  1.794129340E-01  3.303046409E-02  9.465070724E+04  2.386238502E+02  3.367221295E+02  2.823545789E+02  3.233018802E+02  7.913896068E-01 
       491  1.325979491E-02  1.793970135E-01  3.532576038E-02  9.914044849E+04  2.373049843E+02  3.388946118E+02  2.860099230E+02  3.098735640E+02  7.755241655E-01 
       492  1.577166567E-02  1.793535417E-01  3.765132951E-02  1.033368989E+05  2.364600458E+02  3.408393602E+02  2.893000813E+02  2.994811101E+02  7.637892654E-01 
       493  1.825553626E-02  1.792503646E-01  4.000403552E-02  1.063060311E+05  2.363089242E+02  3.422047963E+02  2.916204901E+02  2.928973432E+02  7.556340871E-01 
       494  2.071273564E-02  1.790845686E-01  4.238164633E-02  1.084293816E+05  2.366833749E+02  3.431752850E+02  2.932760510E+02  2.867435154E+02  7.466376210E-01 
       495  2.315348782E-02  1.789033294E-01  4.476881837E-02  1.107234435E+05  2.356050537E+02  3.442457447E+02  2.951087847E+02  2.806303558E+02  7.433666401E-01 
       496  2.554611962E-02  1.786610662E-01  4.720294885E-02  1.129552549E+05  2.334562864E+02  3.452496128E+02  2.968325672E+02  2.771310482E+02  7.475260049E-01 
       497  2.790553153E-02  1.783591187E-01  4.966367300E-02  1.144667400E+05  2.318993454E+02  3.459181948E+02  2.979828157E+02  2.727421761E+02  7.486067936E-01 
       498  3.023553076E-02  1.780531658E-01  5.215009418E-02  1.154345272E+05  2.313196354E+02  3.464025195E+02  2.988175151E+02  2.665464189E+02  7.444460187E-01 
       499  3.255140683E-02  1.777481834E-01  5.464573084E-02  1.163033997E+05  2.310213317E+02  3.468531344E+02  2.995953442E+02  2.638521221E+02  7.431865903E-01 
       500  3.480321611E-02  1.773622653E-01  5.719033452E-02  1.171191334E+05  2.314389402E+02  3.471841590E+02  3.001678190E+02  2.614712896E+02  7.395614549E-01 
       501  3.704366447E-02  1.769956776E-01  5.978074099E-02  1.178416802E+05  2.313015103E+02  3.474678183E+02  3.006582258E+02  2.589629431E+02  7.381049353E-01 
       502  3.923116288E-02  1.766153691E-01  6.237867612E-02  1.185076824E+05  2.309449599E+02  3.478018022E+02  3.012363515E+02  2.581318736E+02  7.388366526E-01 
       503  4.136429871E-02  1.761773997E-01  6.501205622E-02  1.190124633E+05  2.315329220E+02  3.479880775E+02  3.015591209E+02  2.572861921E+02  7.357258478E-01 
       504  4.348069858E-02  1.757484529E-01  6.766046190E-02  1.192201978E+05  2.320440221E+02  3.480610905E+02  3.016854534E+02  2.551765079E+02  7.320008669E-01 
       505  4.554226392E-02  1.753162813E-01  7.034950997E-02  1.193238555E+05  2.325685673E+02  3.481037493E+02  3.017594090E+02  2.547353649E+02  7.298382036E-01 
       506  4.756665315E-02  1.748560179E-01  7.306168772E-02  1.193430544E+05  2.329472595E+02  3.481600432E+02  3.018570032E+02  2.551933011E+02  7.290450586E-01 
       507  4.956604909E-02  1.743615796E-01  7.580968578E-02  1.192640943E+05  2.337050134E+02  3.481698790E+02  3.018739542E+02  2.553943331E+02  7.264213655E-01 
       508  5.152654947E-02  1.738670862E-01  7.855886540E-02  1.192772117E+05  2.342690345E+02  3.482044959E+02  3.019339222E+02  2.553449380E+02  7.244776888E-01 
       509  5.347325952E-02  1.733659220E-01  8.131742073E-02  1.191879701E+05  2.343927216E+02  3.482031945E+02  3.019316720E+02  2.555996392E+02  7.246116974E-01 
       510  5.541917190E-02  1.728212690E-01  8.412523757E-02  1.192659185E+05  2.343257964E+02  3.481649957E+02  3.018655353E+02  2.559029864E+02  7.253369184E-01 
       511  5.731737707E-02  1.722438844E-01  8.698058411E-02  1.196810985E+05  2.344428668E+02  3.482853301E+02  3.020742751E+02  2.544396837E+02  7.236498906E-01 
       512  5.917186437E-02  1.716911252E-01  8.979478553E-02  1.198081067E+05  2.349499736E+02  3.483163921E+02  3.021282758E+02  2.542310958E+02  7.216873984E-01 
       513  6.096387184E-02  1.711643945E-01  9.255110888E-02  1.197597921E+05  2.357437836E+02  3.483003463E+02  3.021005213E+02  2.544614152E+02  7.190063121E-01 
       514  6.270700241E-02  1.705757992E-01  9.544380808E-02  1.195921836E+05  2.367336278E+02  3.482451835E+02  3.020047059E+02  2.550061588E+02  7.155870032E-01 
       515  6.442263795E-02  1.699823167E-01  9.834544530E-02  1.194187140E+05  2.372589921E+02  3.482094465E+02  3.019427480E+02  2.551887994E+02  7.138673393E-01 
       516  6.612271722E-02  1.694054111E-01  1.012510921E-01  1.192258978E+05  2.380435741E+02  3.481139660E+02  3.017771077E+02  2.556728265E+02  7.115707695E-01 
       517  6.776083839E-02  1.688452726E-01  1.042003507E-01  1.190310573E+05  2.386483177E+02  3.480219393E+02  3.016176835E+02  2.562677864E+02  7.101741701E-01 
       518  6.936215302E-02  1.682812898E-01  1.071729988E-01  1.188667034E+05  2.390887558E+02  3.479665127E+02  3.015216101E+02  2.569417528E+02  7.094476151E-01 
       519  7.082677073E-02  1.677321085E-01  1.102128146E-01  1.187520938E+05  2.398250078E+02  3.479239123E+02  3.014477546E+02  2.577122251E+02  7.074536891E-01 
       520  7.220712168E-02  1.672497044E-01  1.133584680E-01  1.186668879E+05  2.404112110E+02  3.479504626E+02  3.014938760E+02  2.586036589E+02  7.065150541E-01 
       521  7.342602904E-02  1.668557431E-01  1.165154693E-01  1.185971699E+05  2.407697238E+02  3.480654700E+02  3.016934447E+02  2.584993103E+02  7.057085629E-01 
       522  7.439926912E-02  1.665467988E-01  1.197652411E-01  1.185483038E+05  2.406740696E+02  3.482596455E+02  3.020305386E+02  2.574479597E+02  7.055871980E-01 
       523  7.498839543E-02  1.664581038E-01  1.231239650E-01  1.184024883E+05  2.406659470E+02  3.484233017E+02  3.023141251E+02  2.560537262E+02  7.045776024E-01 
       524  7.530423640E-02  1.665023734E-01  1.265249777E-01  1.182886599E+05  2.406276422E+02  3.484799318E+02  3.024121761E+02  2.556714845E+02  7.048962805E-01 
       525  7.543612494E-02  1.666233331E-01  1.299370256E-01  1.180961592E+05  2.418342705E+02  3.482568035E+02  3.020254478E+02  2.589166508E+02  7.041361667E-01 
       526  7.553122174E-02  1.667952118E-01  1.333496155E-01  1.178932661E+05  2.437898688E+02  3.478811016E+02  3.013746881E+02  2.626897478E+02  7.015696159E-01 
       527  7.566054780E-02  1.669469890E-01  1.367626796E-01  1.178364985E+05  2.437457724E+02  3.479897785E+02  3.015622396E+02  2.593592277E+02  6.981188674E-01 
       528  7.583993244E-02  1.671002891E-01  1.401745263E-01  1.177589307E+05  2.439234809E+02  3.482471769E+02  3.020090671E+02  2.595194077E+02  6.982188211E-01 
       529  7.600645069E-02  1.672586086E-01  1.435869327E-01  1.176755945E+05  2.440855815E+02  3.487170870E+02  3.028282239E+02  2.592027690E+02  6.997594442E-01 
       530  7.611546960E-02  1.674572299E-01  1.470000031E-01  1.178610533E+05  2.377773502E+02  3.500208204E+02  3.052006850E+02  2.474890003E+02  7.167160804E-01 
       531 -5.220359409E-02  2.342994603E-01 -4.210986580E-02  8.179183746E+04  1.819233148E+02  3.297187699E+02  2.708088042E+02  4.440031610E+02  1.148659204E+00 
       532 -5.220192467E-02  2.343108577E-01 -3.821952920E-02  8.073335687E+04  1.850680068E+02  3.291989480E+02  2.698738132E+02  4.464530325E+02  1.143478340E+00 
       533 -5.220302368E-02  2.343278434E-01 -3.432921672E-02  8.048739252E+04  1.862086200E+02  3.291189200E+02  2.697422257E+02  4.472756368E+02  1.141575322E+00 
       534 -5.220531674E-02  2.343446645E-01 -3.043898101E-02  8.152790379E+04  1.837569549E+02  3.297575104E+02  2.707918922E+02  4.441456168E+02  1.144513462E+00 
       535 -5.220735409E-02  2.343651870E-01 -2.654892396E-02  8.354506445E+04  1.785411215E+02  3.309524384E+02  2.727586956E+02  4.396377411E+02  1.152957991E+00 
       536 -5.221355576E-02  2.343966826E-01 -2.266385481E-02  8.530017577E+04  1.739236152E+02  3.319261456E+02  2.743642502E+02  4.362048811E+02  1.161134204E+00 
       537 -5.221196162E-02  2.344309954E-01 -1.877454498E-02  8.561430650E+04  1.731053183E+02  3.319258826E+02  2.743641353E+02  4.358429610E+02  1.162779609E+00 
       538 -5.222596507E-02  2.344687402E-01 -1.488167101E-02  8.412158362E+04  1.761103233E+02  3.309661057E+02  2.727807034E+02  4.387369145E+02  1.158171525E+00 
       539 -5.222923531E-02  2.345160018E-01 -1.099302079E-02  8.145761908E+04  1.819994537E+02  3.294530642E+02  2.702947303E+02  4.463399374E+02  1.152614400E+00 
       540 -5.210275326E-02  2.345957540E-01 -7.104134264E-03  7.904064014E+04  1.890077309E+02  3.281866586E+02  2.682183045E+02  4.483526957E+02  1.139994261E+00 
       541 -5.114101036E-02  2.348545508E-01 -3.375994418E-03  7.846261961E+04  1.928773947E+02  3.278559296E+02  2.676785109E+02  4.503056479E+02  1.134104082E+00 
       542 -4.917766965E-02  2.353023755E-01 -5.047413344E-05  7.979033203E+04  1.909859233E+02  3.284694796E+02  2.686813602E+02  4.531949940E+02  1.140396744E+00 
       543 -4.661414278E-02  2.358651253E-01  2.823323178E-03  8.137806616E+04  1.860279081E+02  3.295592566E+02  2.704665666E+02  4.494063787E+02  1.148053069E+00 
       544 -4.374488282E-02  2.364440537E-01  5.350106892E-03  8.428353619E+04  1.792039394E+02  3.313687170E+02  2.734447660E+02  4.415981331E+02  1.155285795E+00 
       545 -4.059796688E-02  2.370222596E-01  7.583171126E-03  8.843320404E+04  1.671039443E+02  3.335789623E+02  2.771052504E+02  4.295213904E+02  1.173570638E+00 
       546 -3.738701819E-02  2.375676250E-01  9.702642239E-03  8.742535516E+04  1.679557319E+02  3.331056190E+02  2.763199091E+02  4.311538763E+02  1.172834690E+00 
       547 -3.407522408E-02  2.380263225E-01  1.169481074E-02  8.234702075E+04  1.818617852E+02  3.304943905E+02  2.720067735E+02  4.437870421E+02  1.150000174E+00 
       548 -3.073065008E-02  2.384984497E-01  1.361793802E-02  8.014934753E+04  1.898920799E+02  3.291780381E+02  2.698401784E+02  4.484621937E+02  1.134463711E+00 
       549 -2.732884007E-02  2.388770261E-01  1.546643341E-02  8.156206299E+04  1.862938576E+02  3.298621058E+02  2.709630961E+02  4.441833372E+02  1.139060058E+00 
       550 -2.390908864E-02  2.392176502E-01  1.728468609E-02  8.223336388E+04  1.843939766E+02  3.302478338E+02  2.715970477E+02  4.429740037E+02  1.142710153E+00 
       551 -2.044822495E-02  2.394794424E-01  1.908927170E-02  8.149772501E+04  1.865060811E+02  3.297996416E+02  2.708602722E+02  4.416205297E+02  1.135865786E+00 
       552 -1.699643969E-02  2.397114515E-01  2.086461287E-02  8.087815930E+04  1.879441283E+02  3.294315333E+02  2.702569580E+02  4.458681831E+02  1.137764791E+00 
       553 -1.354033893E-02  2.398615604E-01  2.263394957E-02  8.079564355E+04  1.881409931E+02  3.293117027E+02  2.700615673E+02  4.448143291E+02  1.137180202E+00 
       554 -1.007792796E-02  2.399171479E-01  2.439846914E-02  8.115192932E+04  1.861673341E+02  3.296172304E+02  2.705638881E+02  4.447821980E+02  1.143120075E+00 
       555 -6.592279415E-03  2.399646350E-01  2.619220728E-02  8.079591089E+04  1.874067898E+02  3.292830200E+02  2.700143123E+02  4.449687634E+02  1.141254716E+00 
       556 -3.124907716E-03  2.398994093E-01  2.794309000E-02  7.960530664E+04  1.889370108E+02  3.288035374E+02  2.692263737E+02  4.466107197E+02  1.140714481E+00 
       557  3.338943067E-04  2.398017910E-01  2.968583889E-02  1.048374868E+05  2.088279302E+02  3.417893227E+02  2.909251264E+02  3.940480942E+02  1.046588095E+00 
       558  3.794068913E-03  2.396169640E-01  3.144821874E-02  1.005257546E+05  2.124992681E+02  3.402012091E+02  2.882232456E+02  4.032231293E+02  1.044644907E+00 
       559  7.248441593E-03  2.393064044E-01  3.320284907E-02  9.587359570E+04  2.137856512E+02  3.378673058E+02  2.842781487E+02  4.118822536E+02  1.048700124E+00 
       560  1.068879679E-02  2.389885178E-01  3.498866898E-02  9.272148877E+04  2.143381047E+02  3.364754734E+02  2.819410381E+02  4.157487469E+02  1.051398627E+00 
       561  1.412543948E-02  2.386075767E-01  3.676435012E-02  8.995489526E+04  2.187064567E+02  3.348868208E+02  2.792837458E+02  4.273498049E+02  1.050086200E+00 
       562  1.753589177E-02  2.380598424E-01  3.855175648E-02  8.880435742E+04  2.192767372E+02  3.343143940E+02  2.783304348E+02  4.274914169E+02  1.049303576E+00 
       563  2.093820079E-02  2.375000001E-01  4.035454522E-02  9.168386865E+04  2.148326416E+02  3.363316526E+02  2.817069540E+02  4.170505619E+02  1.052803211E+00 
       564  2.432947450E-02  2.368878370E-01  4.215773147E-02  1.035228257E+05  2.083052522E+02  3.423172806E+02  2.918455597E+02  3.917199570E+02  1.054965000E+00 
       565  2.770729830E-02  2.361795572E-01  4.394886350E-02  1.245911375E+05  1.996763530E+02  3.510156779E+02  3.068657122E+02  3.469840665E+02  1.063310752E+00 
       566  3.105826597E-02  2.354459967E-01  4.578622705E-02  1.314967523E+05  1.971545544E+02  3.534427075E+02  3.110908499E+02  3.376582913E+02  1.067980129E+00 
       567  3.438758923E-02  2.346372217E-01  4.762879820E-02  1.238929040E+05  2.021564059E+02  3.506174894E+02  3.061405111E+02  3.559324693E+02  1.052301517E+00 
       568  3.771502906E-02  2.337669833E-01  4.947240569E-02  1.172844257E+05  2.063933198E+02  3.481884010E+02  3.019081831E+02  3.660839186E+02  1.040196714E+00 
       569  4.101460083E-02  2.329246351E-01  5.135281935E-02  1.183095106E+05  2.037429466E+02  3.488224282E+02  3.030089874E+02  3.601025848E+02  1.046519779E+00 
       570  4.428347740E-02  2.319960665E-01  5.324515281E-02  1.228101443E+05  2.015967294E+02  3.506119859E+02  3.061247332E+02  3.481742439E+02  1.048181696E+00 
       571  4.749748393E-02  2.310181580E-01  5.520824782E-02  1.249584050E+05  2.041880403E+02  3.511430340E+02  3.070518937E+02  3.465488491E+02  1.039619803E+00 
       572  5.066691057E-02  2.300652086E-01  5.723980181E-02  1.248749409E+05  2.058393538E+02  3.511172808E+02  3.070069087E+02  3.466465327E+02  1.034917957E+00 
       573  5.379140778E-02  2.290521307E-01  5.932353399E-02  1.245991173E+05  2.072752061E+02  3.512809711E+02  3.072936188E+02  3.446083769E+02  1.028712267E+00 
       574  5.683956615E-02  2.279793322E-01  6.149869556E-02  1.252314404E+05  2.114071770E+02  3.515299683E+02  3.077291775E+02  3.415680103E+02  1.015758883E+00 
       575  5.985072913E-02  2.269370111E-01  6.373374277E-02  1.255528945E+05  2.152057791E+02  3.516414909E+02  3.079244347E+02  3.407998199E+02  1.004694171E+00 
       576  6.280959972E-02  2.258492183E-01  6.601505396E-02  1.252920780E+05  2.173507498E+02  3.516171952E+02  3.078815121E+02  3.393624896E+02  9.971408374E-01 
       577  6.573461678E-02  2.247295145E-01  6.832363097E-02  1.248701500E+05  2.204354768E+02  3.513797631E+02  3.074659772E+02  3.367188621E+02  9.853990218E-01 
       578  6.865501872E-02  2.236625994E-01  7.064894084E-02  1.242633429E+05  2.247567753E+02  3.511016201E+02  3.069792975E+02  3.384175260E+02  9.734295192E-01 
       579  7.151541969E-02  2.224865137E-01  7.302188293E-02  1.225970415E+05  2.294468293E+02  3.505393181E+02  3.059976869E+02  3.483078361E+02  9.626558069E-01 
       580  7.433322259E-02  2.213060150E-01  7.543149031E-02  1.208731501E+05  2.304457350E+02  3.502725458E+02  3.055325208E+02  3.545808897E+02  9.605549276E-01 
       581  7.711325138E-02  2.201536844E-01  7.789825066E-02  1.222407345E+05  2.310280160E+02  3.512512157E+02  3.072444312E+02  3.461689368E+02  9.526325912E-01 
       582  7.981655167E-02  2.189959972E-01  8.044372180E-02  1.226691869E+05  2.357706189E+02  3.514537015E+02  3.075993118E+02  3.412242374E+02  9.334986685E-01 
       583  8.242371870E-02  2.177951216E-01  8.306797326E-02  1.223696924E+05  2.383363104E+02  3.516186218E+02  3.078891277E+02  3.391131611E+02  9.231045134E-01 
       584  8.497819178E-02  2.166305248E-01  8.576177505E-02  1.219792390E+05  2.385032127E+02  3.517464406E+02  3.081151307E+02  3.394836328E+02  9.212940941E-01 
       585  8.747465708E-02  2.155008942E-01  8.852176985E-02  1.218752798E+05  2.387647076E+02  3.513630295E+02  3.074404812E+02  3.402406702E+02  9.197115693E-01 
       586  8.983863293E-02  2.143275504E-01  9.137087988E-02  1.220515898E+05  2.348393452E+02  3.512267442E+02  3.072004094E+02  3.400785441E+02  9.306841549E-01 
       587  9.211779941E-02  2.131724912E-01  9.430579148E-02  1.224569093E+05  2.304399543E+02  3.511277895E+02  3.070263663E+02  3.386049269E+02  9.427889488E-01 
       588  9.424446159E-02  2.121023496E-01  9.738772987E-02  1.226960441E+05  2.266859834E+02  3.510422466E+02  3.068764972E+02  3.393049974E+02  9.540562046E-01 
       589  9.610967173E-02  2.111612431E-01  1.006666829E-01  1.227998184E+05  2.231964172E+02  3.509023520E+02  3.066319259E+02  3.399348814E+02  9.643200375E-01 
       590  9.742401869E-02  2.103903297E-01  1.042235364E-01  1.229019615E+05  2.190634190E+02  3.508485603E+02  3.065383177E+02  3.409076426E+02  9.765078816E-01 
       591  9.764724840E-02  2.101688920E-01  1.080985861E-01  1.229435015E+05  2.179623125E+02  3.507359753E+02  3.063422651E+02  3.411776552E+02  9.798788019E-01 
       592  9.763062643E-02  2.101108570E-01  1.119846410E-01  1.228611217E+05  2.197909119E+02  3.507798518E+02  3.064203216E+02  3.395807466E+02  9.743187036E-01 
       593  9.759894170E-02  2.100363093E-01  1.158782398E-01  1.227175542E+05  2.220499423E+02  3.515796406E+02  3.078222456E+02  3.371566634E+02  9.671220551E-01 
       594  9.760335841E-02  2.100041055E-01  1.197683889E-01  1.226304330E+05  2.228791155E+02  3.529984121E+02  3.103131917E+02  3.305247375E+02  9.636941743E-01 
       595  9.760552297E-02  2.099886023E-01  1.236588659E-01  1.225633399E+05  2.229359380E+02  3.544302240E+02  3.128331588E+02  3.170432866E+02  9.639663888E-01 
       596  9.760989540E-02  2.100145164E-01  1.275491461E-01  1.226526208E+05  2.249271283E+02  3.551856632E+02  3.141652047E+02  3.033672851E+02  9.597617601E-01 
       597  9.760550437E-02  2.100148949E-01  1.314412195E-01  1.227282285E+05  2.266932397E+02  3.555275192E+02  3.147710476E+02  3.011592236E+02  9.538926035E-01 
       598  9.762031038E-02  2.101034915E-01  1.353312483E-01  1.228505006E+05  2.282622133E+02  3.556340764E+02  3.149646065E+02  3.108143396E+02  9.463421523E-01 
       599  9.762506170E-02  2.101609083E-01  1.392228176E-01  1.229728797E+05  2.285232189E+02  3.552106509E+02  3.142201489E+02  3.186609954E+02  9.450543858E-01 
       600  9.764671237E-02  2.102092269E-01  1.431110049E-01  1.230672551E+05  2.257363276E+02  3.543933651E+02  3.127779078E+02  3.242532115E+02  9.542425210E-01 
       601  9.766256924E-02  2.102587391E-01  1.469999989E-01  1.231384458E+05  2.218591137E+02  3.538838692E+02  3.115962114E+02  3.302027788E+02  9.667428993E-01 
