nodenumber     x-coordinate     y-coordinate     z-coordinate         pressure velocity-magnitude      sound-speed      temperature rel-velocity-magnitude relative-velocity-angle 
         1 -2.216901913E-02  1.039879580E-01 -4.300600202E-02  8.761240504E+04  1.537043762E+02  3.330731091E+02  2.762625675E+02  2.356275670E+02  8.602432854E-01 
         2 -2.197401757E-02  1.042260031E-01 -4.002397295E-02  8.747370007E+04  1.544489176E+02  3.330014367E+02  2.761436529E+02  2.364329417E+02  8.592027584E-01 
         3 -2.150271627E-02  1.045375264E-01 -3.708169353E-02  8.736554736E+04  1.550868974E+02  3.329462290E+02  2.760521648E+02  2.369682121E+02  8.578562140E-01 
         4 -2.072290556E-02  1.049359494E-01 -3.421635317E-02  8.725566223E+04  1.557236590E+02  3.328928947E+02  2.759637537E+02  2.377262430E+02  8.574117646E-01 
         5 -1.964621854E-02  1.053757771E-01 -3.145501365E-02  8.714604785E+04  1.563877788E+02  3.328370495E+02  2.758712049E+02  2.384657807E+02  8.568191696E-01 
         6 -1.833909717E-02  1.058829391E-01 -2.880182754E-02  8.701905542E+04  1.570798535E+02  3.327724409E+02  2.757640715E+02  2.393320146E+02  8.565588240E-01 
         7 -1.686396899E-02  1.064019756E-01 -2.624136390E-02  8.683685010E+04  1.579595327E+02  3.326712532E+02  2.755964174E+02  2.403561687E+02  8.558312878E-01 
         8 -1.524276490E-02  1.069101094E-01 -2.376908005E-02  8.659757483E+04  1.591133816E+02  3.325321808E+02  2.753659992E+02  2.415921388E+02  8.543689568E-01 
         9 -1.353040875E-02  1.074492491E-01 -2.136449246E-02  8.634048511E+04  1.604221334E+02  3.323851352E+02  2.751225784E+02  2.429845610E+02  8.527296260E-01 
        10 -1.175719847E-02  1.079385502E-01 -1.899452623E-02  8.611804883E+04  1.615429305E+02  3.322892871E+02  2.749639871E+02  2.442030814E+02  8.515394563E-01 
        11 -9.920451205E-03  1.084473482E-01 -1.667649769E-02  8.599974802E+04  1.626427375E+02  3.322350070E+02  2.748741344E+02  2.449145981E+02  8.485975687E-01 
        12 -8.053093039E-03  1.089314126E-01 -1.437870322E-02  8.618245541E+04  1.633598667E+02  3.323187233E+02  2.750126857E+02  2.446979618E+02  8.445457891E-01 
        13 -6.139911673E-03  1.093816015E-01 -1.211111235E-02  8.668739014E+04  1.627812672E+02  3.325845661E+02  2.754527893E+02  2.431075373E+02  8.427537885E-01 
        14 -4.213714023E-03  1.098625599E-01 -9.853315987E-03  8.751816699E+04  1.607148495E+02  3.330263329E+02  2.761850681E+02  2.406161880E+02  8.459747955E-01 
        15 -2.267252226E-03  1.102821410E-01 -7.616721013E-03  8.852332959E+04  1.565598717E+02  3.335667877E+02  2.770823202E+02  2.371983700E+02  8.577831499E-01 
        16 -3.058463972E-04  1.106716081E-01 -5.380345181E-03  8.936036133E+04  1.498346334E+02  3.340067635E+02  2.778139076E+02  2.345109320E+02  8.866057470E-01 
        17  1.649896870E-03  1.110991589E-01 -3.144821902E-03  8.729664636E+04  1.457958255E+02  3.329893770E+02  2.761262910E+02  2.416970577E+02  9.352962859E-01 
        18  3.605378217E-03  1.114680886E-01 -8.997268064E-04  7.566287646E+04  1.760522799E+02  3.261997728E+02  2.649795079E+02  2.868761210E+02  9.406747092E-01 
        19  5.548952344E-03  1.118349081E-01  1.356589372E-03  6.990128888E+04  2.105796137E+02  3.226316130E+02  2.592163854E+02  3.090780141E+02  8.452468668E-01 
        20  7.472030685E-03  1.121892539E-01  3.633809071E-03  7.282826450E+04  2.132592007E+02  3.245466133E+02  2.623075222E+02  2.994673469E+02  7.905118915E-01 
        21  9.366594022E-03  1.125505666E-01  5.932977735E-03  7.658409851E+04  2.083965442E+02  3.269301956E+02  2.661709535E+02  2.845887446E+02  7.569621410E-01 
        22  1.122147558E-02  1.129077905E-01  8.263617067E-03  7.901334006E+04  2.088384764E+02  3.283049080E+02  2.684131121E+02  2.775291778E+02  7.286890359E-01 
        23  1.303284284E-02  1.132507638E-01  1.062953057E-02  8.056066420E+04  2.105896614E+02  3.292905711E+02  2.700255231E+02  2.707600799E+02  6.954766344E-01 
        24  1.479928419E-02  1.136234762E-01  1.303021626E-02  8.168477133E+04  2.145968482E+02  3.299580019E+02  2.711204833E+02  2.666481028E+02  6.599870997E-01 
        25  1.649617427E-02  1.139938279E-01  1.547769530E-02  8.267992963E+04  2.199026310E+02  3.304407787E+02  2.719142165E+02  2.648316922E+02  6.263320935E-01 
        26  1.811807173E-02  1.143837002E-01  1.797032872E-02  8.336916479E+04  2.259445243E+02  3.307266798E+02  2.723846374E+02  2.642478433E+02  5.936517352E-01 
        27  1.968166241E-02  1.148013513E-01  2.049621310E-02  8.343646198E+04  2.332160044E+02  3.307168794E+02  2.723684833E+02  2.648327062E+02  5.589287174E-01 
        28  2.119101764E-02  1.152299366E-01  2.305322148E-02  8.291337055E+04  2.419491375E+02  3.304450495E+02  2.719209269E+02  2.667964931E+02  5.212822770E-01 
        29  2.266338778E-02  1.156643914E-01  2.563116057E-02  8.235733636E+04  2.508746291E+02  3.301119528E+02  2.713731035E+02  2.690679528E+02  4.837073975E-01 
        30  2.408077791E-02  1.161159634E-01  2.823658064E-02  8.186763013E+04  2.592515521E+02  3.297862761E+02  2.708378353E+02  2.716005459E+02  4.504630365E-01 
        31  2.544088325E-02  1.165921105E-01  3.086849856E-02  8.133172034E+04  2.671970084E+02  3.294341879E+02  2.702599778E+02  2.743146420E+02  4.204739272E-01 
        32  2.674433127E-02  1.170738851E-01  3.352942364E-02  8.077197449E+04  2.748470945E+02  3.291040797E+02  2.697185783E+02  2.769775157E+02  3.920672182E-01 
        33  2.797950643E-02  1.175445507E-01  3.622298897E-02  8.026640091E+04  2.824483297E+02  3.288257272E+02  2.692623311E+02  2.795395216E+02  3.635658815E-01 
        34  2.916313541E-02  1.180056499E-01  3.893937175E-02  7.998558067E+04  2.897267373E+02  3.286610557E+02  2.689926528E+02  2.816572010E+02  3.349439228E-01 
        35  3.031249539E-02  1.184785399E-01  4.167042727E-02  8.010934274E+04  2.956983696E+02  3.287238917E+02  2.690955570E+02  2.823780119E+02  3.079459672E-01 
        36  3.139929926E-02  1.189405785E-01  4.442941843E-02  8.037771588E+04  3.012493399E+02  3.288773117E+02  2.693466407E+02  2.824781477E+02  2.808201744E-01 
        37  3.242013936E-02  1.193808800E-01  4.721660669E-02  8.085767261E+04  3.061625378E+02  3.292316554E+02  2.699274739E+02  2.814668714E+02  2.522875491E-01 
        38  3.340677803E-02  1.198011670E-01  5.002067675E-02  8.201419943E+04  3.088888555E+02  3.299604484E+02  2.711243368E+02  2.781384391E+02  2.260558187E-01 
        39  3.430413654E-02  1.201853153E-01  5.285529857E-02  8.360454077E+04  3.103579359E+02  3.308946733E+02  2.726622438E+02  2.734850941E+02  2.011748767E-01 
        40  3.515433510E-02  1.205874318E-01  5.570324370E-02  8.560470898E+04  3.105394039E+02  3.320090160E+02  2.745023975E+02  2.675328560E+02  1.780962534E-01 
        41  3.592907297E-02  1.209644065E-01  5.857535950E-02  8.792347559E+04  3.092141595E+02  3.332643414E+02  2.765825396E+02  2.605646620E+02  1.593394615E-01 
        42  3.664355424E-02  1.213334730E-01  6.146049591E-02  9.039534106E+04  3.064724207E+02  3.345231690E+02  2.786758027E+02  2.530778403E+02  1.467365788E-01 
        43  3.727845098E-02  1.217084379E-01  6.437276718E-02  9.274827734E+04  3.028751974E+02  3.356859016E+02  2.806157923E+02  2.459164295E+02  1.408472299E-01 
        44  3.781448665E-02  1.220744111E-01  6.730672953E-02  9.467230859E+04  2.992137671E+02  3.366714125E+02  2.822651510E+02  2.400101771E+02  1.409934438E-01 
        45  3.826762164E-02  1.224563704E-01  7.025293559E-02  9.597294849E+04  2.963854613E+02  3.373799937E+02  2.834541552E+02  2.361186755E+02  1.449076744E-01 
        46  3.856443464E-02  1.228195695E-01  7.317567491E-02  9.664957031E+04  2.946434555E+02  3.378310547E+02  2.842126236E+02  2.341717224E+02  1.503114998E-01 
        47  3.882754171E-02  1.231963568E-01  7.616928387E-02  9.685551117E+04  2.931284579E+02  3.384375046E+02  2.852352499E+02  2.324440744E+02  1.557218574E-01 
        48  3.896508106E-02  1.235573809E-01  7.913505459E-02  9.678140625E+04  2.900628700E+02  3.393415833E+02  2.867720070E+02  2.271550903E+02  1.583241448E-01 
        49  3.903512947E-02  1.239238609E-01  8.213137167E-02  9.662184534E+04  2.816757174E+02  3.411087654E+02  2.897885902E+02  2.124702972E+02  1.643601807E-01 
        50  3.900153017E-02  1.243001337E-01  8.510504302E-02  9.652250296E+04  2.665919921E+02  3.440822625E+02  2.948771208E+02  1.847827833E+02  1.684135702E-01 
        51  3.889299026E-02  1.246700891E-01  8.806950082E-02  9.655873535E+04  2.495086696E+02  3.477234750E+02  3.011535664E+02  1.398400385E+02  1.384672764E-01 
        52  3.870303970E-02  1.250405990E-01  9.105247242E-02  9.693356274E+04  2.391242785E+02  3.511164265E+02  3.070296202E+02  9.481450319E+01  1.779498381E-02 
        53  3.847530202E-02  1.253810613E-01  9.402032493E-02  9.716958215E+04  2.336438904E+02  3.530277138E+02  3.103717394E+02  5.620140166E+01 -2.038575308E-01 
        54  3.809583015E-02  1.257752167E-01  9.695318516E-02  9.770005664E+04  2.300781174E+02  3.535557823E+02  3.112914581E+02  3.589660263E+01 -1.577128977E+00 
        55  3.767199372E-02  1.261489404E-01  9.992435767E-02  9.899061719E+04  2.388469577E+02  3.528036995E+02  3.099662061E+02  4.038031363E+01 -1.464445330E+00 
        56  3.723780727E-02  1.265196365E-01  1.028569506E-01  1.015374388E+05  2.475894992E+02  3.518756871E+02  3.083385175E+02  5.546348020E+01 -1.135030162E+00 
        57  3.672955052E-02  1.269046997E-01  1.057947981E-01  1.039308998E+05  2.519668903E+02  3.508657737E+02  3.065708637E+02  9.256073260E+01 -3.697378041E-01 
        58  3.615520807E-02  1.273091289E-01  1.087154776E-01  1.053974634E+05  2.529030991E+02  3.487504768E+02  3.028889713E+02  1.418864841E+02  6.887736940E-02 
        59  3.556812424E-02  1.277144368E-01  1.116309472E-01  1.067874150E+05  2.551454659E+02  3.457864444E+02  2.977608938E+02  1.801914566E+02  2.195318583E-01 
        60  3.495651588E-02  1.281329458E-01  1.145394580E-01  1.078568088E+05  2.592845602E+02  3.438706346E+02  2.944658637E+02  1.901433125E+02  2.242821618E-01 
        61  3.433795015E-02  1.285471243E-01  1.174457346E-01  1.082966088E+05  2.612291403E+02  3.434662127E+02  2.937725921E+02  1.891654727E+02  2.091940744E-01 
        62  3.376061330E-02  1.289460490E-01  1.203607660E-01  1.083595208E+05  2.642367649E+02  3.434205313E+02  2.936944194E+02  1.908943172E+02  1.976043596E-01 
        63  3.331803132E-02  1.293309423E-01  1.232882868E-01  1.082297708E+05  2.683936592E+02  3.432593760E+02  2.934188153E+02  1.953494001E+02  1.891316228E-01 
        64  3.310586596E-02  1.296649637E-01  1.262581306E-01  1.080545450E+05  2.714507875E+02  3.431080737E+02  2.931601720E+02  1.991307012E+02  1.855560172E-01 
        65  3.306639982E-02  1.299493947E-01  1.292495641E-01  1.078945595E+05  2.730430003E+02  3.430420680E+02  2.930473774E+02  2.012730835E+02  1.853215777E-01 
        66  3.322486525E-02  1.302097713E-01  1.322380794E-01  1.077574182E+05  2.738903569E+02  3.430329354E+02  2.930316949E+02  2.025717982E+02  1.868301540E-01 
        67  3.356462385E-02  1.304573038E-01  1.352130229E-01  1.075982411E+05  2.748697864E+02  3.429838310E+02  2.929478858E+02  2.037295302E+02  1.873451511E-01 
        68  3.400410102E-02  1.306751199E-01  1.381765647E-01  1.073725913E+05  2.759445860E+02  3.428953357E+02  2.927967136E+02  2.049743543E+02  1.874874877E-01 
        69  3.451963359E-02  1.308741206E-01  1.411278790E-01  1.070860938E+05  2.771560378E+02  3.427653494E+02  2.925747416E+02  2.064548814E+02  1.877105373E-01 
        70  3.508991352E-02  1.310576265E-01  1.440660380E-01  1.067215347E+05  2.784594753E+02  3.426121078E+02  2.923131568E+02  2.082081957E+02  1.883805261E-01 
        71  3.570211579E-02  1.312503676E-01  1.470000000E-01  1.063135645E+05  2.800695648E+02  3.424019241E+02  2.919544983E+02  2.104075508E+02  1.885675937E-01 
        72 -2.843361623E-02  1.708417341E-01 -4.258217492E-02  8.202865991E+04  1.838891940E+02  3.299514656E+02  2.711085529E+02  3.444620905E+02  1.007571176E+00 
        73 -2.838826984E-02  1.709653765E-01 -3.916427879E-02  8.206730066E+04  1.841592772E+02  3.299636910E+02  2.711288073E+02  3.447628245E+02  1.007297345E+00 
        74 -2.835908450E-02  1.711140563E-01 -3.574649433E-02  8.235549438E+04  1.840392762E+02  3.301267848E+02  2.713969750E+02  3.439459946E+02  1.006412812E+00 
        75 -2.838361088E-02  1.712589164E-01 -3.232950605E-02  8.289807764E+04  1.829889979E+02  3.304667902E+02  2.719563541E+02  3.419947767E+02  1.006505515E+00 
        76 -2.841360827E-02  1.714319125E-01 -2.891476756E-02  8.350514050E+04  1.824779477E+02  3.307843680E+02  2.724791799E+02  3.421422200E+02  1.008459395E+00 
        77 -2.833774301E-02  1.716334782E-01 -2.549995819E-02  8.409173734E+04  1.809017097E+02  3.311541147E+02  2.730885124E+02  3.395481175E+02  1.009287745E+00 
        78 -2.791452343E-02  1.719215161E-01 -2.212016887E-02  8.449588623E+04  1.797321253E+02  3.313715935E+02  2.734473190E+02  3.390243244E+02  1.012383144E+00 
        79 -2.700703325E-02  1.722886754E-01 -1.884820631E-02  8.436259717E+04  1.798501258E+02  3.312384272E+02  2.732276249E+02  3.391189232E+02  1.012197353E+00 
        80 -2.544395246E-02  1.727209334E-01 -1.584518523E-02  8.321552570E+04  1.809256829E+02  3.306707647E+02  2.722923496E+02  3.436414340E+02  1.016596761E+00 
        81 -2.351536464E-02  1.732363399E-01 -1.306823492E-02  8.140275130E+04  1.848333497E+02  3.295706295E+02  2.704833822E+02  3.475572075E+02  1.010262470E+00 
        82 -2.134527601E-02  1.737374909E-01 -1.047435973E-02  7.870111319E+04  1.907856510E+02  3.280570047E+02  2.680055537E+02  3.562475780E+02  1.006204993E+00 
        83 -1.897326710E-02  1.742189522E-01 -8.035177519E-03  7.560673483E+04  1.991950748E+02  3.261434312E+02  2.648889905E+02  3.650310464E+02  9.949827190E-01 
        84 -1.652827274E-02  1.746780172E-01 -5.688541800E-03  7.324641626E+04  2.064486063E+02  3.246281786E+02  2.624327984E+02  3.723122559E+02  9.852847699E-01 
        85 -1.397929867E-02  1.751251779E-01 -3.446989688E-03  7.267609460E+04  2.107703695E+02  3.242268291E+02  2.617834978E+02  3.739010139E+02  9.737726767E-01 
        86 -1.139011487E-02  1.755573757E-01 -1.256774906E-03  7.376559143E+04  2.100816119E+02  3.249728799E+02  2.629907489E+02  3.722224178E+02  9.725228101E-01 
        87 -8.734274343E-03  1.759085237E-01  8.667805443E-04  7.889075317E+04  2.024471860E+02  3.282562397E+02  2.683388174E+02  3.570493555E+02  9.684454398E-01 
        88 -6.073383534E-03  1.762548475E-01  2.984781313E-03  8.857126251E+04  1.914445276E+02  3.333952210E+02  2.768065159E+02  3.313240116E+02  9.623046815E-01 
        89 -3.359730182E-03  1.765819110E-01  5.053045394E-03  9.801876617E+04  1.756428659E+02  3.383045492E+02  2.850121580E+02  3.053935490E+02  9.819639027E-01 
        90 -6.741955509E-04  1.768270807E-01  7.130208361E-03  9.815421578E+04  1.660843529E+02  3.382240226E+02  2.848758868E+02  3.054811698E+02  1.015964744E+00 
        91  2.027043660E-03  1.770783858E-01  9.208570588E-03  7.903584824E+04  1.914033763E+02  3.280849393E+02  2.680568135E+02  3.574698423E+02  1.006751959E+00 
        92  4.731686997E-03  1.772422585E-01  1.127155269E-02  7.270738995E+04  2.130350828E+02  3.243772742E+02  2.620285395E+02  3.755952905E+02  9.694821592E-01 
        93  7.454465044E-03  1.773874983E-01  1.334309669E-02  7.340197789E+04  2.098312218E+02  3.246618949E+02  2.624881468E+02  3.730126970E+02  9.746419508E-01 
        94  1.015989937E-02  1.775222933E-01  1.545596277E-02  7.079389859E+04  2.178376079E+02  3.229882892E+02  2.597941836E+02  3.822474581E+02  9.670734391E-01 
        95  1.284858280E-02  1.775661421E-01  1.756817794E-02  6.726322476E+04  2.290612023E+02  3.206523902E+02  2.560507350E+02  3.938411055E+02  9.543774095E-01 
        96  1.551966693E-02  1.776138061E-01  1.970369132E-02  6.421454248E+04  2.375932043E+02  3.186243980E+02  2.528220923E+02  4.011710229E+02  9.419819321E-01 
        97  1.817410325E-02  1.776258069E-01  2.186017323E-02  6.174410962E+04  2.454495432E+02  3.169024363E+02  2.500951819E+02  4.080936189E+02  9.312920962E-01 
        98  2.080993586E-02  1.775631240E-01  2.403936301E-02  6.003034827E+04  2.521200066E+02  3.157637382E+02  2.482979159E+02  4.125625267E+02  9.191957619E-01 
        99  2.341570779E-02  1.774969016E-01  2.625394818E-02  5.953792224E+04  2.565157228E+02  3.155648651E+02  2.479854321E+02  4.130067139E+02  9.056352172E-01 
       100  2.600295182E-02  1.773818036E-01  2.848806157E-02  6.127597705E+04  2.576687813E+02  3.169419260E+02  2.501697998E+02  4.081407490E+02  8.908531927E-01 
       101  2.856627515E-02  1.771883875E-01  3.074502562E-02  6.671196533E+04  2.533498354E+02  3.207923117E+02  2.563319683E+02  3.929869442E+02  8.731428832E-01 
       102  3.110662233E-02  1.769811535E-01  3.302644514E-02  7.503703662E+04  2.459060745E+02  3.262162685E+02  2.650769997E+02  3.697412806E+02  8.504629135E-01 
       103  3.362247542E-02  1.767159818E-01  3.532849163E-02  8.178846680E+04  2.436740313E+02  3.300751114E+02  2.713324428E+02  3.532749443E+02  8.251401149E-01 
       104  3.610895472E-02  1.763647845E-01  3.765120331E-02  8.317170801E+04  2.485953460E+02  3.306440425E+02  2.722520642E+02  3.505695405E+02  8.036391111E-01 
       105  3.856497337E-02  1.759966372E-01  4.000321012E-02  8.057267197E+04  2.559210107E+02  3.293460186E+02  2.701194115E+02  3.569485092E+02  7.907658429E-01 
       106  4.103059304E-02  1.755360248E-01  4.234569910E-02  7.823230570E+04  2.634423038E+02  3.281116603E+02  2.680951654E+02  3.637546530E+02  7.777884601E-01 
       107  4.340106546E-02  1.750377176E-01  4.474435622E-02  7.894884976E+04  2.672400343E+02  3.285960664E+02  2.688889862E+02  3.619846732E+02  7.616325370E-01 
       108  4.575540032E-02  1.745445103E-01  4.717695363E-02  8.278022144E+04  2.659969926E+02  3.308359900E+02  2.725741377E+02  3.517314343E+02  7.468862515E-01 
       109  4.807037784E-02  1.739953488E-01  4.963532790E-02  8.894112866E+04  2.610606422E+02  3.341762104E+02  2.781081076E+02  3.346003389E+02  7.333012242E-01 
       110  5.034733117E-02  1.734133857E-01  5.212084081E-02  9.485540479E+04  2.577546120E+02  3.371091251E+02  2.830046444E+02  3.181518097E+02  7.169151828E-01 
       111  5.258765486E-02  1.728405975E-01  5.464144749E-02  9.874167480E+04  2.575236340E+02  3.390135479E+02  2.862073193E+02  3.080503330E+02  7.013891004E-01 
       112  5.479076840E-02  1.722430532E-01  5.718902978E-02  1.015971355E+05  2.578255749E+02  3.404480228E+02  2.886338472E+02  3.009344330E+02  6.894412078E-01 
       113  5.694737683E-02  1.716020731E-01  5.976586917E-02  1.047018880E+05  2.572207484E+02  3.418852220E+02  2.910757487E+02  2.923620925E+02  6.791634932E-01 
       114  5.911848447E-02  1.709340834E-01  6.233872565E-02  1.081786696E+05  2.553644178E+02  3.433989038E+02  2.936584275E+02  2.834970671E+02  6.733810419E-01 
       115  6.119351897E-02  1.703313828E-01  6.496775561E-02  1.110361804E+05  2.540909667E+02  3.446029463E+02  2.957209511E+02  2.758723402E+02  6.683071535E-01 
       116  6.319798910E-02  1.696485115E-01  6.765543605E-02  1.131689265E+05  2.533575954E+02  3.454995804E+02  2.972616138E+02  2.699629917E+02  6.636438221E-01 
       117  6.520189851E-02  1.689621155E-01  7.034628384E-02  1.150820103E+05  2.525274153E+02  3.463451319E+02  2.987183046E+02  2.658422852E+02  6.620431039E-01 
       118  6.717992039E-02  1.682884043E-01  7.305807409E-02  1.168099561E+05  2.517696180E+02  3.471349649E+02  3.000820932E+02  2.620023556E+02  6.605553217E-01 
       119  6.910755662E-02  1.675987334E-01  7.579818779E-02  1.183497184E+05  2.507021501E+02  3.477783065E+02  3.011952560E+02  2.577960103E+02  6.604110356E-01 
       120  7.101404689E-02  1.668389198E-01  7.852135391E-02  1.194318556E+05  2.475569086E+02  3.482914276E+02  3.020849209E+02  2.542047586E+02  6.692536729E-01 
       121  7.286652020E-02  1.661304029E-01  8.130170181E-02  1.196291707E+05  2.458120407E+02  3.483629751E+02  3.022090417E+02  2.536413279E+02  6.761666825E-01 
       122  7.473378469E-02  1.653966549E-01  8.408122010E-02  1.196555059E+05  2.447390537E+02  3.484605522E+02  3.023783588E+02  2.537995777E+02  6.809844077E-01 
       123  7.654776682E-02  1.646234676E-01  8.688218818E-02  1.196826016E+05  2.441885381E+02  3.486064672E+02  3.026318760E+02  2.536706305E+02  6.832357869E-01 
       124  7.830115451E-02  1.638494494E-01  8.971806956E-02  1.196804863E+05  2.427607651E+02  3.488847942E+02  3.031161671E+02  2.528180943E+02  6.884870604E-01 
       125  8.003223315E-02  1.630890187E-01  9.257063461E-02  1.195125056E+05  2.417658448E+02  3.493595791E+02  3.039444027E+02  2.528338466E+02  6.930460278E-01 
       126  8.174167210E-02  1.623344685E-01  9.543869445E-02  1.193357471E+05  2.434814682E+02  3.495289137E+02  3.042400405E+02  2.521437688E+02  6.857327078E-01 
       127  8.339566060E-02  1.615413001E-01  9.829620033E-02  1.193371444E+05  2.433107636E+02  3.497092707E+02  3.045547304E+02  2.478285869E+02  6.829128888E-01 
       128  8.500809507E-02  1.607572746E-01  1.012133408E-01  1.193487465E+05  2.397653433E+02  3.504780679E+02  3.058989890E+02  2.423957229E+02  6.941582575E-01 
       129  8.654116005E-02  1.600133249E-01  1.041766726E-01  1.192093520E+05  2.365809681E+02  3.514775637E+02  3.076483757E+02  2.368838090E+02  7.051151427E-01 
       130  8.807530659E-02  1.592883350E-01  1.071513815E-01  1.190884253E+05  2.346699777E+02  3.523859358E+02  3.092391958E+02  2.295446143E+02  7.102272222E-01 
       131  8.946870181E-02  1.585918917E-01  1.101955952E-01  1.189174849E+05  2.310393413E+02  3.535854135E+02  3.113441706E+02  2.188582197E+02  7.227921244E-01 
       132  9.078169785E-02  1.579398834E-01  1.132895212E-01  1.187301693E+05  2.277685308E+02  3.543296225E+02  3.126523844E+02  2.104982287E+02  7.363029746E-01 
       133  9.193376095E-02  1.573753789E-01  1.164622823E-01  1.186072262E+05  2.265019488E+02  3.541964908E+02  3.124162529E+02  2.098130474E+02  7.422827901E-01 
       134  9.287851211E-02  1.569754829E-01  1.197270904E-01  1.185218033E+05  2.277441153E+02  3.531906664E+02  3.106474910E+02  2.194189347E+02  7.402561393E-01 
       135  9.346963790E-02  1.567893278E-01  1.230899614E-01  1.184838636E+05  2.327766562E+02  3.511882101E+02  3.071403838E+02  2.390822275E+02  7.276155541E-01 
       136  9.376445592E-02  1.568076376E-01  1.265149706E-01  1.184524838E+05  2.396807559E+02  3.489681726E+02  3.032662210E+02  2.561064558E+02  7.099403162E-01 
       137  9.391306034E-02  1.569225935E-01  1.299303306E-01  1.183661904E+05  2.428245459E+02  3.478626261E+02  3.013424959E+02  2.613854761E+02  7.018408570E-01 
       138  9.402896493E-02  1.570765633E-01  1.333445553E-01  1.182257007E+05  2.425706530E+02  3.476990843E+02  3.010581636E+02  2.603694963E+02  7.023715619E-01 
       139  9.417960043E-02  1.572174564E-01  1.367593072E-01  1.181047737E+05  2.428211622E+02  3.477301350E+02  3.011118608E+02  2.605185766E+02  7.022647932E-01 
       140  9.437397158E-02  1.573466446E-01  1.401725853E-01  1.180212218E+05  2.437500930E+02  3.477858696E+02  3.012084880E+02  2.619463632E+02  7.008569203E-01 
       141  9.455826038E-02  1.574868932E-01  1.435861248E-01  1.179694178E+05  2.440651817E+02  3.479930990E+02  3.015675358E+02  2.621309055E+02  7.006034267E-01 
       142  9.468914447E-02  1.576724412E-01  1.470000022E-01  1.179195586E+05  2.443183670E+02  3.481099091E+02  3.017863007E+02  2.621929216E+02  7.005506679E-01 
       143 -2.515044289E-02  2.387134140E-01 -4.211006034E-02  8.328898445E+04  1.808880216E+02  3.306612659E+02  2.722764049E+02  4.404305556E+02  1.147603268E+00 
       144 -2.515073613E-02  2.387267259E-01 -3.821832766E-02  8.488721890E+04  1.770243673E+02  3.315010652E+02  2.736619206E+02  4.373046463E+02  1.154200693E+00 
       145 -2.514274647E-02  2.387409373E-01 -3.433018188E-02  8.602013118E+04  1.744408717E+02  3.321324252E+02  2.747049737E+02  4.354925392E+02  1.158976318E+00 
       146 -2.514933814E-02  2.387615668E-01 -3.043885368E-02  8.583142561E+04  1.748206359E+02  3.321048726E+02  2.746593674E+02  4.335439210E+02  1.156513527E+00 
       147 -2.514205174E-02  2.387863737E-01 -2.655197175E-02  8.435923607E+04  1.780741218E+02  3.313303269E+02  2.733797582E+02  4.385313096E+02  1.153395748E+00 
       148 -2.514801404E-02  2.388163633E-01 -2.268742808E-02  8.226126935E+04  1.839555084E+02  3.300811905E+02  2.713220262E+02  4.421123059E+02  1.142359012E+00 
       149 -2.514603624E-02  2.387984711E-01 -1.877579094E-02  8.023132129E+04  1.891144352E+02  3.289237061E+02  2.694229240E+02  4.483810081E+02  1.136097953E+00 
       150 -2.513833525E-02  2.388756875E-01 -1.487946342E-02  7.923075613E+04  1.902853162E+02  3.284830921E+02  2.687009406E+02  4.484690622E+02  1.133050944E+00 
       151 -2.514495058E-02  2.389300222E-01 -1.098752945E-02  7.942829202E+04  1.899369465E+02  3.284920157E+02  2.687156622E+02  4.487699804E+02  1.134242619E+00 
       152 -2.501801490E-02  2.389948317E-01 -7.101428526E-03  8.121926074E+04  1.852730409E+02  3.294837284E+02  2.703420551E+02  4.462194277E+02  1.143148961E+00 
       153 -2.403359079E-02  2.391541778E-01 -3.362202731E-03  8.592087649E+04  1.739783090E+02  3.320847721E+02  2.746275515E+02  4.358684900E+02  1.160739561E+00 
       154 -2.203079393E-02  2.393877231E-01 -4.501692070E-05  8.977284078E+04  1.643366060E+02  3.341804017E+02  2.781038376E+02  4.269489536E+02  1.176634697E+00 
       155 -1.942355624E-02  2.396357170E-01  2.825132604E-03  8.677945584E+04  1.723546795E+02  3.325468780E+02  2.753935336E+02  4.320700505E+02  1.161204153E+00 
       156 -1.648721574E-02  2.398964014E-01  5.342831758E-03  8.120370538E+04  1.883792807E+02  3.292512264E+02  2.699626608E+02  4.471031308E+02  1.136083141E+00 
       157 -1.330897545E-02  2.400801911E-01  7.594698846E-03  7.946218713E+04  1.904441869E+02  3.283948336E+02  2.685582132E+02  4.495175924E+02  1.133564683E+00 
       158 -1.004552185E-02  2.402353079E-01  9.709455816E-03  8.022471692E+04  1.866390975E+02  3.288200822E+02  2.692547960E+02  4.488821030E+02  1.142752359E+00 
       159 -6.714656287E-03  2.403804415E-01  1.171394437E-02  8.067338152E+04  1.856469272E+02  3.289612222E+02  2.694854447E+02  4.470929528E+02  1.143711491E+00 
       160 -3.322138608E-03  2.404066774E-01  1.362735999E-02  8.004099561E+04  1.854696916E+02  3.289230089E+02  2.694218849E+02  4.484431250E+02  1.146114825E+00 
       161  9.783589121E-05  2.404201762E-01  1.547870720E-02  7.986389099E+04  1.872334909E+02  3.287500329E+02  2.691413593E+02  4.499701576E+02  1.144328022E+00 
       162  3.534439975E-03  2.403949673E-01  1.730379042E-02  8.102746802E+04  1.861637745E+02  3.292281189E+02  2.699308281E+02  4.486994152E+02  1.146906476E+00 
       163  6.969024296E-03  2.402279751E-01  1.908412837E-02  9.151502759E+04  1.551974466E+02  3.354179499E+02  2.801981452E+02  4.253405662E+02  1.202044839E+00 
       164  1.043411823E-02  2.400800089E-01  2.085152946E-02  7.910329000E+04  1.869304780E+02  3.288511674E+02  2.693071231E+02  4.460192112E+02  1.143185721E+00 
       165  1.388371434E-02  2.398652026E-01  2.263181169E-02  7.892303992E+04  1.852522273E+02  3.286527951E+02  2.689810431E+02  4.451470046E+02  1.146003310E+00 
       166  1.734145131E-02  2.394992745E-01  2.440657916E-02  7.867549829E+04  1.879788873E+02  3.283575549E+02  2.684982998E+02  4.462613754E+02  1.140165923E+00 
       167  2.080043859E-02  2.391294908E-01  2.615375350E-02  7.872319669E+04  1.888719292E+02  3.284253781E+02  2.686081722E+02  4.461263580E+02  1.136969847E+00 
       168  2.424052770E-02  2.387186889E-01  2.792040504E-02  7.879849170E+04  1.906112683E+02  3.285290561E+02  2.687775886E+02  4.450013223E+02  1.132178231E+00 
       169  2.766624902E-02  2.381908713E-01  2.968394578E-02  7.868002368E+04  1.940867751E+02  3.284458175E+02  2.686413465E+02  4.460761323E+02  1.125087185E+00 
       170  3.108229850E-02  2.375970478E-01  3.144655572E-02  7.848770428E+04  1.976864011E+02  3.282622731E+02  2.683411844E+02  4.491423471E+02  1.119514449E+00 
       171  3.449726266E-02  2.369314331E-01  3.319569832E-02  7.861857361E+04  1.985868573E+02  3.284466674E+02  2.686440393E+02  4.494392183E+02  1.118478105E+00 
       172  3.787267708E-02  2.362004853E-01  3.498142333E-02  7.907580627E+04  1.989079719E+02  3.289090648E+02  2.694020281E+02  4.457030735E+02  1.116017599E+00 
       173  4.123744789E-02  2.354271843E-01  3.677379579E-02  7.928467236E+04  1.997851367E+02  3.291560187E+02  2.698056931E+02  4.406335330E+02  1.110459518E+00 
       174  4.456263149E-02  2.345133553E-01  3.856958315E-02  7.856691730E+04  2.027121642E+02  3.287760851E+02  2.691829223E+02  4.376418426E+02  1.101544973E+00 
       175  4.789152860E-02  2.335402793E-01  4.034492433E-02  7.699055423E+04  2.072869296E+02  3.277557499E+02  2.675151509E+02  4.399618058E+02  1.093292915E+00 
       176  5.119514426E-02  2.325727211E-01  4.215365701E-02  7.510556942E+04  2.129686084E+02  3.265910894E+02  2.656174026E+02  4.472196460E+02  1.087647374E+00 
       177  5.444737908E-02  2.314873556E-01  4.396264389E-02  7.325590294E+04  2.198400284E+02  3.253557409E+02  2.636110348E+02  4.546920203E+02  1.080197833E+00 
       178  5.771043354E-02  2.303389779E-01  4.576361213E-02  7.127096005E+04  2.274491583E+02  3.238753890E+02  2.612197450E+02  4.609538205E+02  1.069567179E+00 
       179  6.093363739E-02  2.292015055E-01  4.761570799E-02  6.872147632E+04  2.362778730E+02  3.221917143E+02  2.585106649E+02  4.661299400E+02  1.054456634E+00 
       180  6.411569228E-02  2.279427553E-01  4.946832252E-02  6.681388574E+04  2.477304630E+02  3.209651346E+02  2.565462837E+02  4.709696636E+02  1.031559329E+00 
       181  6.728438578E-02  2.267057043E-01  5.135068917E-02  6.898477625E+04  2.574668326E+02  3.229961491E+02  2.598254132E+02  4.646981201E+02  9.973105062E-01 
       182  7.045491472E-02  2.254566135E-01  5.324396322E-02  7.973999854E+04  2.643385291E+02  3.294222393E+02  2.702903380E+02  4.424856963E+02  9.505649246E-01 
       183  7.352398986E-02  2.240979077E-01  5.520813549E-02  9.514114453E+04  2.517782021E+02  3.372153549E+02  2.832268586E+02  4.059357014E+02  9.442706574E-01 
       184  7.654294831E-02  2.227589545E-01  5.724026033E-02  1.043413016E+05  2.325631148E+02  3.422041858E+02  2.916215484E+02  3.862248744E+02  9.764907561E-01 
       185  7.954929441E-02  2.214414527E-01  5.933596166E-02  1.087092512E+05  2.427378678E+02  3.437006950E+02  2.941882744E+02  3.793482075E+02  9.428321887E-01 
       186  8.244157493E-02  2.200232159E-01  6.149679439E-02  1.247104180E+05  2.376538734E+02  3.512354660E+02  3.072223358E+02  3.434903946E+02  9.353110045E-01 
       187  8.531452000E-02  2.186177542E-01  6.372436707E-02  1.207601583E+05  2.404780295E+02  3.494749863E+02  3.041437225E+02  3.519640827E+02  9.287372269E-01 
       188  8.816039266E-02  2.172472440E-01  6.601424901E-02  1.221325610E+05  2.354068828E+02  3.497656174E+02  3.046492076E+02  3.480777578E+02  9.404482506E-01 
       189  9.092008057E-02  2.157826082E-01  6.831794754E-02  1.218949520E+05  2.272505848E+02  3.498712079E+02  3.048318329E+02  3.479474937E+02  9.625828762E-01 
       190  9.367581728E-02  2.143255962E-01  7.064980943E-02  1.217625733E+05  2.233341004E+02  3.499127429E+02  3.049038345E+02  3.488920285E+02  9.731276718E-01 
       191  9.641114101E-02  2.128789625E-01  7.302159977E-02  1.221070316E+05  2.211220101E+02  3.499938207E+02  3.050451366E+02  3.464105513E+02  9.781385073E-01 
       192  9.907895187E-02  2.114028516E-01  7.542603674E-02  1.221124729E+05  2.193176641E+02  3.501810799E+02  3.053717027E+02  3.462086205E+02  9.826278528E-01 
       193  1.016896232E-01  2.099003163E-01  7.789626121E-02  1.221786837E+05  2.202154446E+02  3.502899165E+02  3.055620825E+02  3.461367636E+02  9.791980851E-01 
       194  1.042573666E-01  2.084682280E-01  8.044071344E-02  1.224147811E+05  2.203652929E+02  3.506553822E+02  3.062008374E+02  3.424876709E+02  9.774979143E-01 
       195  1.067132028E-01  2.069758083E-01  8.306726980E-02  1.226794921E+05  2.195323823E+02  3.516630937E+02  3.079670227E+02  3.395907675E+02  9.787679032E-01 
       196  1.091091693E-01  2.055182938E-01  8.576040538E-02  1.226255106E+05  2.214197230E+02  3.527341941E+02  3.098521073E+02  3.354528630E+02  9.722133679E-01 
       197  1.114533399E-01  2.040960959E-01  8.851719904E-02  1.225204086E+05  2.234663119E+02  3.538600954E+02  3.118381789E+02  3.289881620E+02  9.648940954E-01 
       198  1.136946430E-01  2.026973542E-01  9.137514269E-02  1.224992115E+05  2.244002823E+02  3.553454006E+02  3.144616710E+02  3.192976379E+02  9.614679180E-01 
       199  1.158224243E-01  2.012857480E-01  9.431046231E-02  1.225445851E+05  2.259154714E+02  3.567971447E+02  3.170317826E+02  3.074178516E+02  9.573610393E-01 
       200  1.177983438E-01  1.999614296E-01  9.738734661E-02  1.225559841E+05  2.290373983E+02  3.579610896E+02  3.190974364E+02  2.942943170E+02  9.497457049E-01 
       201  1.195376812E-01  1.988013159E-01  1.006637087E-01  1.225899536E+05  2.308148226E+02  3.585249354E+02  3.201016106E+02  2.873043488E+02  9.460844865E-01 
       202  1.207748534E-01  1.979244993E-01  1.042263433E-01  1.223937590E+05  2.315965886E+02  3.573736610E+02  3.180581965E+02  3.022178404E+02  9.415997979E-01 
       203  1.209766187E-01  1.976967879E-01  1.080979692E-01  1.225563782E+05  2.343161346E+02  3.543944805E+02  3.127812553E+02  3.307632402E+02  9.312520485E-01 
       204  1.209415894E-01  1.976147862E-01  1.119887176E-01  1.228065545E+05  2.334681706E+02  3.524220061E+02  3.093020971E+02  3.340762575E+02  9.320462688E-01 
       205  1.209136670E-01  1.975679793E-01  1.158784497E-01  1.228809592E+05  2.300012281E+02  3.517365390E+02  3.080963575E+02  3.343315679E+02  9.416146937E-01 
       206  1.209140530E-01  1.975343277E-01  1.197687765E-01  1.229584848E+05  2.255447227E+02  3.516101899E+02  3.078737486E+02  3.365092152E+02  9.553278895E-01 
       207  1.209033119E-01  1.974945510E-01  1.236620610E-01  1.229681403E+05  2.219848604E+02  3.516195307E+02  3.078897158E+02  3.356075072E+02  9.656909625E-01 
       208  1.208998844E-01  1.975608583E-01  1.275528569E-01  1.229861104E+05  2.214399577E+02  3.517867682E+02  3.081849754E+02  3.356676284E+02  9.678511433E-01 
       209  1.209086196E-01  1.975927695E-01  1.314428594E-01  1.229503534E+05  2.214808947E+02  3.522341113E+02  3.089718183E+02  3.353702785E+02  9.680688251E-01 
       210  1.209261261E-01  1.976437754E-01  1.353324952E-01  1.230039072E+05  2.217008027E+02  3.529763400E+02  3.102778724E+02  3.296003649E+02  9.668840335E-01 
       211  1.209477387E-01  1.976921952E-01  1.392217013E-01  1.230141768E+05  2.214086742E+02  3.539501008E+02  3.119934167E+02  3.211396905E+02  9.676350965E-01 
       212  1.209659901E-01  1.977439656E-01  1.431109690E-01  1.231644620E+05  2.210926512E+02  3.550610631E+02  3.139399885E+02  3.116149684E+02  9.691541423E-01 
       213  1.210017723E-01  1.977818072E-01  1.470000027E-01  1.232813618E+05  2.217860889E+02  3.556445665E+02  3.147699594E+02  3.070259361E+02  9.678709768E-01 
       214 -1.337431699E-02  1.053111530E-01 -4.600000000E-02  8.757283887E+04  1.539574413E+02  3.331005859E+02  2.763504105E+02  2.355796356E+02  8.585607708E-01 
       215 -1.336879354E-02  1.054912688E-01 -4.299898917E-02  8.752974487E+04  1.539541645E+02  3.330630684E+02  2.762458863E+02  2.358886552E+02  8.597832453E-01 
       216 -1.321272523E-02  1.057016208E-01 -4.000664894E-02  8.750689209E+04  1.542891750E+02  3.330125275E+02  2.761620903E+02  2.364452848E+02  8.601090834E-01 
       217 -1.269691607E-02  1.059729593E-01 -3.706120983E-02  8.738751752E+04  1.551085644E+02  3.329330663E+02  2.760303097E+02  2.369562751E+02  8.576590088E-01 
       218 -1.181263769E-02  1.063072321E-01 -3.420969757E-02  8.725599134E+04  1.558545948E+02  3.328645843E+02  2.759167759E+02  2.378206556E+02  8.569586438E-01 
       219 -1.066241908E-02  1.066659143E-01 -3.145726216E-02  8.707508282E+04  1.565641709E+02  3.328174237E+02  2.758386064E+02  2.386317954E+02  8.563752348E-01 
       220 -9.280794463E-03  1.070573859E-01 -2.881758489E-02  8.691647404E+04  1.572792014E+02  3.327551597E+02  2.757354090E+02  2.395571201E+02  8.561303040E-01 
       221 -7.735023178E-03  1.074435380E-01 -2.626912607E-02  8.682554944E+04  1.581545191E+02  3.326851803E+02  2.756194822E+02  2.403025178E+02  8.544837385E-01 
       222 -6.047350445E-03  1.078135440E-01 -2.381048416E-02  8.664449975E+04  1.593619227E+02  3.325359552E+02  2.753721874E+02  2.414022400E+02  8.523232300E-01 
       223 -4.299611852E-03  1.081916589E-01 -2.139379423E-02  8.653929925E+04  1.598621386E+02  3.325967241E+02  2.754729038E+02  2.418452923E+02  8.516805833E-01 
       224 -2.461870607E-03  1.085505379E-01 -1.904289133E-02  8.661234881E+04  1.602930465E+02  3.325150178E+02  2.753375660E+02  2.421284672E+02  8.508874340E-01 
       225 -5.886173328E-04  1.088780789E-01 -1.671486844E-02  8.672473007E+04  1.601776415E+02  3.326565270E+02  2.755719881E+02  2.422911345E+02  8.526269826E-01 
       226  1.337912187E-03  1.092215599E-01 -1.443302686E-02  8.687559509E+04  1.597284049E+02  3.325897202E+02  2.754612569E+02  2.424529261E+02  8.560502362E-01 
       227  3.290030235E-03  1.094941851E-01 -1.216353628E-02  8.673481124E+04  1.593885856E+02  3.325016119E+02  2.753153681E+02  2.435234020E+02  8.621899675E-01 
       228  5.262023684E-03  1.097864070E-01 -9.913643549E-03  8.604621257E+04  1.603602708E+02  3.320667046E+02  2.745959997E+02  2.471732991E+02  8.703612177E-01 
       229  7.256339014E-03  1.100495762E-01 -7.679258903E-03  8.406383987E+04  1.650273799E+02  3.309925024E+02  2.728225163E+02  2.542444798E+02  8.712707091E-01 
       230  9.250945095E-03  1.102792579E-01 -5.441700620E-03  8.172998138E+04  1.729566220E+02  3.298341320E+02  2.709161737E+02  2.624129058E+02  8.591643889E-01 
       231  1.125130268E-02  1.105297001E-01 -3.209862298E-03  8.039509521E+04  1.801293426E+02  3.292872877E+02  2.700184493E+02  2.663082280E+02  8.359123301E-01 
       232  1.324504242E-02  1.107259366E-01 -9.692227629E-04  8.124027515E+04  1.836485357E+02  3.297147455E+02  2.707202187E+02  2.640883512E+02  8.095333390E-01 
       233  1.522818012E-02  1.109344875E-01  1.280794701E-03  8.317355029E+04  1.845357161E+02  3.307347469E+02  2.723986311E+02  2.583524895E+02  7.850589007E-01 
       234  1.717717000E-02  1.111306516E-01  3.565314237E-03  8.532486328E+04  1.833389454E+02  3.320386963E+02  2.745507259E+02  2.498223743E+02  7.625989914E-01 
       235  2.098827574E-02  1.115152878E-01  8.199040730E-03  8.924123193E+04  1.872372923E+02  3.341137047E+02  2.779930897E+02  2.376155720E+02  7.034226805E-01 
       236  2.283804163E-02  1.116790561E-01  1.055952489E-02  9.054230328E+04  1.898452313E+02  3.354110699E+02  2.801549585E+02  2.295407107E+02  6.644440084E-01 
       237  2.632960383E-02  1.121198866E-01  1.543269692E-02  9.114838721E+04  2.046517677E+02  3.354806042E+02  2.802711315E+02  2.309820862E+02  5.905388892E-01 
       238  2.959379811E-02  1.126564718E-01  2.044933110E-02  9.024903467E+04  2.208463907E+02  3.349906163E+02  2.794527926E+02  2.362210231E+02  5.227734474E-01 
       239  3.114059063E-02  1.129278581E-01  2.301118304E-02  8.974020506E+04  2.280621793E+02  3.349548542E+02  2.793933234E+02  2.388489648E+02  4.943823625E-01 
       240  3.264987762E-02  1.132456905E-01  2.559358749E-02  8.916437006E+04  2.359301779E+02  3.344491435E+02  2.785503827E+02  2.424466688E+02  4.662051868E-01 
       241  3.807676132E-02  1.146676712E-01  3.621643154E-02  8.790197517E+04  2.609252098E+02  3.335865933E+02  2.771150790E+02  2.515535914E+02  3.722443020E-01 
       242  3.928374460E-02  1.150413043E-01  3.894926042E-02  8.803959314E+04  2.664381549E+02  3.340072544E+02  2.778155079E+02  2.526426897E+02  3.484354939E-01 
       243  4.044503934E-02  1.154301055E-01  4.169676193E-02  8.844121029E+04  2.704111088E+02  3.343462743E+02  2.783794744E+02  2.520681951E+02  3.270923654E-01 
       244  4.154949506E-02  1.158110833E-01  4.446441861E-02  8.906077100E+04  2.739026794E+02  3.346905918E+02  2.789532719E+02  2.507779408E+02  3.054860570E-01 
       245  4.259018966E-02  1.161595968E-01  4.726780086E-02  8.985803098E+04  2.770504685E+02  3.350607452E+02  2.795709300E+02  2.489601618E+02  2.834343236E-01 
       246  4.357921759E-02  1.165132208E-01  5.008364009E-02  9.082315405E+04  2.795507870E+02  3.354830084E+02  2.802758055E+02  2.464784460E+02  2.624126114E-01 
       247  4.448002582E-02  1.168267471E-01  5.293502673E-02  9.196263472E+04  2.814755619E+02  3.360180118E+02  2.811699412E+02  2.430651785E+02  2.406995393E-01 
       248  4.534234860E-02  1.171711221E-01  5.579536500E-02  9.324285010E+04  2.826423721E+02  3.366100159E+02  2.821620827E+02  2.395117798E+02  2.229843456E-01 
       249  4.612355051E-02  1.174912616E-01  5.867935283E-02  9.454697266E+04  2.836060829E+02  3.372687721E+02  2.832677689E+02  2.355393219E+02  2.043457087E-01 
       250  4.681688670E-02  1.178330389E-01  6.158342338E-02  9.580924023E+04  2.841604462E+02  3.379195900E+02  2.843618965E+02  2.319492378E+02  1.898828223E-01 
       251  4.742483443E-02  1.181684938E-01  6.451168194E-02  9.696540820E+04  2.847170219E+02  3.385348778E+02  2.853982162E+02  2.289482498E+02  1.778017879E-01 
       252  4.796175059E-02  1.184973583E-01  6.744925218E-02  9.798244824E+04  2.856937141E+02  3.391033573E+02  2.863572321E+02  2.263784285E+02  1.647005482E-01 
       253  4.839690646E-02  1.188449776E-01  7.040346354E-02  9.884690146E+04  2.867455553E+02  3.394984267E+02  2.870243213E+02  2.241999440E+02  1.523794594E-01 
       254  4.867844520E-02  1.192029192E-01  7.337369276E-02  9.937679162E+04  2.881207601E+02  3.397777751E+02  2.874970852E+02  2.228816712E+02  1.415010995E-01 
       255  4.889804354E-02  1.195863964E-01  7.634446821E-02  9.975525725E+04  2.901872662E+02  3.398511648E+02  2.876214211E+02  2.228039224E+02  1.314172285E-01 
       256  4.901527392E-02  1.199575346E-01  7.936475415E-02  9.991448181E+04  2.924552720E+02  3.399251454E+02  2.877469292E+02  2.224519503E+02  1.186355339E-01 
       257  4.897414798E-02  1.207471392E-01  8.530893469E-02  1.000152422E+05  2.967510834E+02  3.401551819E+02  2.881360359E+02  2.231770020E+02  9.995547123E-02 
       258  4.879835866E-02  1.211503063E-01  8.827262235E-02  9.991583789E+04  2.991079521E+02  3.399827995E+02  2.878440857E+02  2.240549831E+02  9.118372109E-02 
       259  4.854576088E-02  1.215647590E-01  9.126615169E-02  1.000268965E+05  3.002791694E+02  3.398366979E+02  2.875967114E+02  2.245469315E+02  8.810933097E-02 
       260  4.818457029E-02  1.219712360E-01  9.420996830E-02  1.004944249E+05  3.002681182E+02  3.400967136E+02  2.880371411E+02  2.231075599E+02  8.383530613E-02 
       261  4.782320061E-02  1.224212570E-01  9.713670139E-02  1.010593140E+05  2.999951763E+02  3.403156509E+02  2.884090824E+02  2.215293989E+02  8.089167671E-02 
       262  4.734997920E-02  1.228526278E-01  1.001180955E-01  1.019906094E+05  2.987228508E+02  3.409002724E+02  2.894004631E+02  2.182824097E+02  7.666933443E-02 
       263  4.683890011E-02  1.232935874E-01  1.030087938E-01  1.033200476E+05  2.961158123E+02  3.417729491E+02  2.908846685E+02  2.137412524E+02  7.571865958E-02 
       264  4.566507936E-02  1.242316696E-01  1.088390156E-01  1.059415093E+05  2.888273866E+02  3.424251814E+02  2.919952427E+02  2.034522559E+02  8.283548930E-02 
       265  4.352639189E-02  1.257122811E-01  1.174848542E-01  1.082198167E+05  2.654174052E+02  3.452145671E+02  2.967776977E+02  1.823066062E+02  1.618190709E-01 
       266  4.289440586E-02  1.261798267E-01  1.203730247E-01  1.079604191E+05  2.539830095E+02  3.475952436E+02  3.008886874E+02  1.559457138E+02  1.501228922E-01 
       267  4.242365191E-02  1.265975250E-01  1.232861776E-01  1.077564280E+05  2.450527628E+02  3.497646770E+02  3.046486222E+02  1.296158588E+02  1.262760286E-01 
       268  4.208270049E-02  1.270006734E-01  1.262530889E-01  1.077128516E+05  2.407319641E+02  3.502971497E+02  3.055749512E+02  1.247562389E+02  1.489206385E-01 
       269  4.202415066E-02  1.273246053E-01  1.292418903E-01  1.076572515E+05  2.404990433E+02  3.499863918E+02  3.050338596E+02  1.298248039E+02  1.692483555E-01 
       270  4.218523596E-02  1.275849052E-01  1.322314117E-01  1.075179125E+05  2.423895735E+02  3.494563357E+02  3.041117584E+02  1.377539663E+02  1.825141559E-01 
       271  4.252691668E-02  1.278080741E-01  1.352038484E-01  1.073560559E+05  2.460093100E+02  3.490830697E+02  3.034632359E+02  1.464460545E+02  1.855439831E-01 
       272  4.296344289E-02  1.279984053E-01  1.381664338E-01  1.071837119E+05  2.493537599E+02  3.485866469E+02  3.026023774E+02  1.530309840E+02  1.852742722E-01 
       273  4.347514252E-02  1.281630447E-01  1.411197974E-01  1.069367729E+05  2.523017099E+02  3.481513739E+02  3.018465838E+02  1.583361898E+02  1.840821554E-01 
       274  4.403358971E-02  1.283124551E-01  1.440677535E-01  1.066556043E+05  2.548219791E+02  3.479792166E+02  3.015450410E+02  1.623773662E+02  1.821328758E-01 
       275  4.466583781E-02  1.284644007E-01  1.470000034E-01  1.063627495E+05  2.578296001E+02  3.475289400E+02  2.954653220E+02  1.666176840E+02  1.776912012E-01 
       276 -1.390154712E-02  1.725232616E-01 -4.600000033E-02  8.230190076E+04  1.814574089E+02  3.303781723E+02  2.712396253E+02  3.414565517E+02  1.010409544E+00 
       277 -1.389524734E-02  1.726308379E-01 -4.258575940E-02  8.276939145E+04  1.814695644E+02  3.303628744E+02  2.717849008E+02  3.422273602E+02  1.011773470E+00 
       278 -1.388827040E-02  1.727470810E-01 -3.919459871E-02  8.289614447E+04  1.815245561E+02  3.303611984E+02  2.717821457E+02  3.427413462E+02  1.012514663E+00 
       279 -1.387976982E-02  1.728866868E-01 -3.575874102E-02  8.292785664E+04  1.814031841E+02  3.303659713E+02  2.717899807E+02  3.427426973E+02  1.012950700E+00 
       280 -1.386962822E-02  1.730354599E-01 -3.234598001E-02  8.274611234E+04  1.813096465E+02  3.303234499E+02  2.717200279E+02  3.427867346E+02  1.013390100E+00 
       281 -1.385715910E-02  1.732129765E-01 -2.893478341E-02  8.247602988E+04  1.817785940E+02  3.301555638E+02  2.714439974E+02  3.440652392E+02  1.014091932E+00 
       282 -1.381464856E-02  1.733989484E-01 -2.553958976E-02  8.197940755E+04  1.830689866E+02  3.298270564E+02  2.709041715E+02  3.461636083E+02  1.013456183E+00 
       283 -1.334927366E-02  1.736519924E-01 -2.216152427E-02  8.119910162E+04  1.844914511E+02  3.294243139E+02  2.702430291E+02  3.478887768E+02  1.011784181E+00 
       284 -1.220387625E-02  1.739549638E-01 -1.896956374E-02  8.007711963E+04  1.876440277E+02  3.287049122E+02  2.690648117E+02  3.513708153E+02  1.007591188E+00 
       285 -1.057589609E-02  1.742731966E-01 -1.599005111E-02  7.828513291E+04  1.923248063E+02  3.278045738E+02  2.675929210E+02  3.556894961E+02  9.998399769E-01 
       286 -8.586070527E-03  1.745821273E-01 -1.323108332E-02  7.637314247E+04  1.978981996E+02  3.269494336E+02  2.661982380E+02  3.614546050E+02  9.921726165E-01 
       287 -6.371188279E-03  1.748941133E-01 -1.065117603E-02  7.594486601E+04  2.004335045E+02  3.268470332E+02  2.660316060E+02  3.618384203E+02  9.843630055E-01 
       288 -3.959984913E-03  1.752012559E-01 -8.251810021E-03  7.817646591E+04  1.983150075E+02  3.281080392E+02  2.680919214E+02  3.544232618E+02  9.774227004E-01 
       289 -1.474621790E-03  1.754287438E-01 -5.921768022E-03  8.339519875E+04  1.898485415E+02  3.307976355E+02  2.725118408E+02  3.424196833E+02  9.855054416E-01 
       290  1.096342236E-03  1.756586641E-01 -3.684409899E-03  8.925536743E+04  1.797082013E+02  3.335293890E+02  2.770246550E+02  3.290289334E+02  9.981312691E-01 
       291  3.722457199E-03  1.758529720E-01 -1.512169024E-03  9.155147681E+04  1.752888036E+02  3.344097118E+02  2.784851370E+02  3.241266422E+02  1.005710900E+00 
       292  6.390497491E-03  1.759799744E-01  6.206893580E-04  8.797986719E+04  1.772831783E+02  3.331645775E+02  2.764190159E+02  3.320255337E+02  1.010731146E+00 
       293  1.179759467E-02  1.761809281E-01  4.808741428E-03  7.656987891E+04  1.997395859E+02  3.269739685E+02  2.662434196E+02  3.640539169E+02  9.907652736E-01 
       294  1.450804596E-02  1.762121176E-01  6.883706551E-03  7.260512305E+04  2.094986057E+02  3.244264450E+02  2.621101627E+02  3.756994915E+02  9.811775312E-01 
       295  1.722225861E-02  1.762495216E-01  8.953048646E-03  7.055763867E+04  2.155882225E+02  3.228933296E+02  2.596358299E+02  3.835246658E+02  9.766872376E-01 
       296  1.993233776E-02  1.761597577E-01  1.102855473E-02  6.923977344E+04  2.182998047E+02  3.221112404E+02  2.583791428E+02  3.862454605E+02  9.733488560E-01 
       297  2.263244469E-02  1.760920636E-01  1.311525345E-02  6.761827881E+04  2.224477882E+02  3.211542645E+02  2.568465862E+02  3.905394325E+02  9.687573463E-01 
       298  2.532249661E-02  1.759768902E-01  1.521525865E-02  6.598749951E+04  2.287605495E+02  3.200483971E+02  2.550808496E+02  3.958969955E+02  9.592854492E-01 
       299  2.800116021E-02  1.758008440E-01  1.732596334E-02  6.565913745E+04  2.336154575E+02  3.196862307E+02  2.545041103E+02  3.974518461E+02  9.463796914E-01 
       300  3.066011949E-02  1.756198651E-01  1.946182943E-02  6.816391125E+04  2.347028313E+02  3.210598221E+02  2.567065291E+02  3.920218725E+02  9.308940861E-01 
       301  3.850917716E-02  1.748410184E-01  2.602581626E-02  8.703855005E+04  2.342982111E+02  3.338506956E+02  2.775577030E+02  3.363361568E+02  8.264297415E-01 
       302  4.358739934E-02  1.740919978E-01  3.053362568E-02  8.610319995E+04  2.384098473E+02  3.330193338E+02  2.761739883E+02  3.418361893E+02  8.223284483E-01 
       303  4.609287257E-02  1.736863543E-01  3.281922705E-02  8.523051440E+04  2.412722559E+02  3.326228390E+02  2.755165043E+02  3.441709118E+02  8.169653453E-01 
       304  4.855845708E-02  1.731970535E-01  3.512834265E-02  8.496605420E+04  2.458306704E+02  3.323560677E+02  2.750746002E+02  3.454081287E+02  8.035571482E-01 
       305  5.100043215E-02  1.726458906E-01  3.745772352E-02  8.588818152E+04  2.490924768E+02  3.329705062E+02  2.760935612E+02  3.440233164E+02  7.902469784E-01 
       306  5.340036417E-02  1.720848619E-01  3.982071753E-02  8.889972424E+04  2.493100808E+02  3.347713580E+02  2.790935264E+02  3.359247546E+02  7.760080602E-01 
       307  5.576533568E-02  1.714326002E-01  4.220398857E-02  9.397626050E+04  2.474278623E+02  3.374041132E+02  2.835015060E+02  3.223722970E+02  7.605400509E-01 
       308  5.808130114E-02  1.707532671E-01  4.462162642E-02  9.928078950E+04  2.453720636E+02  3.400290867E+02  2.879292297E+02  3.075898625E+02  7.451848807E-01 
       309  6.913202621E-02  1.670049815E-01  5.708998555E-02  1.122451240E+05  2.427768717E+02  3.467586370E+02  2.994347734E+02  2.747612090E+02  7.105132900E-01 
       310  7.325557335E-02  1.653928843E-01  6.228962682E-02  1.152560201E+05  2.412734820E+02  3.482101591E+02  3.019452140E+02  2.659496313E+02  7.064229422E-01 
       311  7.526114685E-02  1.645964451E-01  6.493668120E-02  1.163872588E+05  2.398292904E+02  3.487284508E+02  3.028447781E+02  2.636717186E+02  7.109750248E-01 
       312  8.099008587E-02  1.620989224E-01  7.305121222E-02  1.185778096E+05  2.393119202E+02  3.492719994E+02  3.037882996E+02  2.564290409E+02  7.051583380E-01 
       313  8.281625202E-02  1.612441772E-01  7.580722199E-02  1.188790918E+05  2.387592812E+02  3.492730789E+02  3.037901611E+02  2.554617004E+02  7.070687413E-01 
       314  8.462318717E-02  1.604029889E-01  7.856519154E-02  1.191487852E+05  2.379232984E+02  3.493327780E+02  3.038938608E+02  2.551690712E+02  7.115852796E-01 
       315  8.638808364E-02  1.595156660E-01  8.135371941E-02  1.192912451E+05  2.373039045E+02  3.493147984E+02  3.038624854E+02  2.546332240E+02  7.143322099E-01 
       316  8.818531781E-02  1.586346563E-01  8.418846896E-02  1.193012528E+05  2.373470569E+02  3.491082840E+02  3.035034037E+02  2.535212318E+02  7.115495054E-01 
       317  9.153487112E-02  1.568453452E-01  8.985396979E-02  1.189955800E+05  2.363701048E+02  3.490337667E+02  3.033744216E+02  2.534272075E+02  7.160308678E-01 
       318  9.319079870E-02  1.559467714E-01  9.269883327E-02  1.189240801E+05  2.362106514E+02  3.490289097E+02  3.033661308E+02  2.530982342E+02  7.165956162E-01 
       319  9.639067810E-02  1.541493463E-01  9.845101971E-02  1.190482744E+05  2.362454376E+02  3.488856449E+02  3.031165180E+02  2.534612293E+02  7.179018632E-01 
       320  9.789700787E-02  1.532238030E-01  1.013752208E-01  1.191483735E+05  2.370801799E+02  3.488075700E+02  3.029807858E+02  2.536692724E+02  7.137799049E-01 
       321  9.939560036E-02  1.523575645E-01  1.043121280E-01  1.191662021E+05  2.377274799E+02  3.486721764E+02  3.027455482E+02  2.542004986E+02  7.123278454E-01 
       322  1.008373928E-01  1.515239935E-01  1.072922639E-01  1.189965234E+05  2.386409168E+02  3.484131966E+02  3.022959595E+02  2.553548050E+02  7.103970647E-01 
       323  1.021925752E-01  1.507164957E-01  1.103173974E-01  1.188050386E+05  2.402223516E+02  3.481180468E+02  3.017843871E+02  2.569496012E+02  7.053761147E-01 
       324  1.063175391E-01  1.486079647E-01  1.265700906E-01  1.183212656E+05  2.432827339E+02  3.486740417E+02  3.027521782E+02  2.561734047E+02  6.949384660E-01 
       325  1.064822206E-01  1.487022474E-01  1.299738775E-01  1.183600547E+05  2.390367699E+02  3.499796066E+02  3.050253181E+02  2.454759178E+02  7.047048211E-01 
       326  1.066476119E-01  1.488146338E-01  1.333799290E-01  1.182242559E+05  2.328085327E+02  3.513664360E+02  3.074459152E+02  2.308147354E+02  7.236502469E-01 
       327  1.068180965E-01  1.489318139E-01  1.367854531E-01  1.180813809E+05  2.283317833E+02  3.521618195E+02  3.088369293E+02  2.224582291E+02  7.410824522E-01 
       328  1.069979625E-01  1.490578552E-01  1.401905319E-01  1.180120449E+05  2.289005451E+02  3.518217697E+02  3.082416744E+02  2.287403908E+02  7.424015701E-01 
       329  1.071817424E-01  1.491887345E-01  1.435955648E-01  1.179480405E+05  2.350216999E+02  3.503576984E+02  3.055149784E+02  2.456400766E+02  7.251318209E-01 
       330  1.073851999E-01  1.493347905E-01  1.470000044E-01  1.179320430E+05  2.424388885E+02  3.485544434E+02  3.013640594E+02  2.617356720E+02  7.072340548E-01 
       331 -5.132010553E-03  2.399711247E-01 -4.600000034E-02  8.403343457E+04  1.733786564E+02  3.310960732E+02  2.729292660E+02  4.397689209E+02  1.165495500E+00 
       332 -5.128125210E-03  2.399809281E-01 -4.210430258E-02  8.416775513E+04  1.746893077E+02  3.307220173E+02  2.723768606E+02  4.403855114E+02  1.162923329E+00 
       333 -5.125201508E-03  2.399922328E-01 -3.820870464E-02  8.259137360E+04  1.772607543E+02  3.301024377E+02  2.713584049E+02  4.422518001E+02  1.158532746E+00 
       334 -5.121813889E-03  2.400095995E-01 -3.431329778E-02  8.089150705E+04  1.812033656E+02  3.292336020E+02  2.699316007E+02  4.455494275E+02  1.152243279E+00 
       335 -5.119016059E-03  2.400291916E-01 -3.041776666E-02  7.924785525E+04  1.864610329E+02  3.283323145E+02  2.684558440E+02  4.497655821E+02  1.143698410E+00 
       336 -5.114574788E-03  2.400538233E-01 -2.652182619E-02  7.813326219E+04  1.891539720E+02  3.279631788E+02  2.678516684E+02  4.517555988E+02  1.139145008E+00 
       337 -5.109553763E-03  2.400828758E-01 -2.262552630E-02  7.840390649E+04  1.885002024E+02  3.282638612E+02  2.683450561E+02  4.509845610E+02  1.139944948E+00 
       338 -5.103895973E-03  2.401152952E-01 -1.872899116E-02  8.079574524E+04  1.829062479E+02  3.296347301E+02  2.705933499E+02  4.452524121E+02  1.147764598E+00 
       339 -4.925504783E-03  2.402473149E-01 -7.056915668E-03  8.682428261E+04  1.701185699E+02  3.322089663E+02  2.748368317E+02  4.348095323E+02  1.169252608E+00 
       340 -3.715119829E-03  2.403023013E-01 -3.373311706E-03  8.176610455E+04  1.791351892E+02  3.302410412E+02  2.715945362E+02  4.427610872E+02  1.154812267E+00 
       341 -1.562012846E-03  2.403581740E-01 -1.360753051E-04  7.826792880E+04  1.883365221E+02  3.282937286E+02  2.683955140E+02  4.518386409E+02  1.141505816E+00 
       342  1.133764527E-03  2.404094608E-01  2.675248428E-03  7.848373975E+04  1.891840916E+02  3.279181356E+02  2.677796993E+02  4.528039265E+02  1.140821215E+00 
       343  4.137632423E-03  2.404197044E-01  5.149238455E-03  8.009631252E+04  1.853765737E+02  3.285656587E+02  2.688376419E+02  4.480647005E+02  1.145204854E+00 
       344  7.316400202E-03  2.403253331E-01  7.399564588E-03  7.992877547E+04  1.840068234E+02  3.288439838E+02  2.692925152E+02  4.458359121E+02  1.146500808E+00 
       345  1.395577155E-02  2.400667001E-01  1.148649181E-02  8.641364990E+04  1.714929676E+02  3.319483566E+02  2.744103947E+02  4.368929653E+02  1.169584397E+00 
       346  1.735065466E-02  2.397965962E-01  1.337576268E-02  8.996297754E+04  1.595018864E+02  3.339446411E+02  2.777159500E+02  4.276811218E+02  1.190731451E+00 
       347  2.419161170E-02  2.391929427E-01  1.704637434E-02  7.959140332E+04  1.854201584E+02  3.292308884E+02  2.699321136E+02  4.487988052E+02  1.146761984E+00 
       348  2.761839379E-02  2.387452844E-01  1.884103948E-02  7.971156445E+04  1.880175896E+02  3.289441299E+02  2.694575729E+02  4.487411880E+02  1.139843643E+00 
       349  3.105226563E-02  2.382885234E-01  2.062260888E-02  8.096749512E+04  1.847012510E+02  3.297510967E+02  2.707806692E+02  4.446513958E+02  1.143896148E+00 
       350  3.788868369E-02  2.371344800E-01  2.417075674E-02  8.076965674E+04  1.862340889E+02  3.297832336E+02  2.708329964E+02  4.456900787E+02  1.141673677E+00 
       351  4.468291751E-02  2.357525484E-01  2.771953789E-02  8.037887109E+04  1.905274467E+02  3.293157425E+02  2.700679512E+02  4.466666336E+02  1.133658856E+00 
       352  4.805699300E-02  2.349490393E-01  2.948953136E-02  8.071332263E+04  1.905452342E+02  3.294822159E+02  2.703419085E+02  4.460087729E+02  1.134625290E+00 
       353  5.140582287E-02  2.340778219E-01  3.127771149E-02  8.063955322E+04  1.907297144E+02  3.295048752E+02  2.703784122E+02  4.445554695E+02  1.135020070E+00 
       354  5.473006301E-02  2.331020583E-01  3.305777180E-02  7.980057813E+04  1.935933170E+02  3.288702698E+02  2.693377190E+02  4.460967865E+02  1.131117791E+00 
       355  5.803984836E-02  2.320923676E-01  3.484458617E-02  7.836566895E+04  1.976023846E+02  3.278395004E+02  2.676513023E+02  4.489419250E+02  1.125810571E+00 
       356  6.132921494E-02  2.310454118E-01  3.665150486E-02  7.665404703E+04  2.004749287E+02  3.270201879E+02  2.663144836E+02  4.517056848E+02  1.123073216E+00 
       357  6.777528194E-02  2.285846393E-01  4.027160278E-02  8.473012793E+04  2.162175255E+02  3.320353661E+02  2.745720825E+02  4.304406929E+02  1.063787758E+00 
       358  7.097972553E-02  2.273472007E-01  4.209367684E-02  9.170449609E+04  2.316252918E+02  3.354824524E+02  2.802827511E+02  4.138407364E+02  1.008722767E+00 
       359  7.412444428E-02  2.259565065E-01  4.393674079E-02  9.057953442E+04  2.334386024E+02  3.347783346E+02  2.791052332E+02  4.196505795E+02  1.010963149E+00 
       360  7.725834663E-02  2.245514312E-01  4.577102978E-02  8.670847705E+04  2.322935648E+02  3.333117256E+02  2.766603699E+02  4.290866566E+02  1.023072597E+00 
       361  8.037011026E-02  2.231435234E-01  4.763983740E-02  8.897672461E+04  2.328676605E+02  3.348442268E+02  2.792255020E+02  4.212127953E+02  1.016929314E+00 
       362  8.343109451E-02  2.215945322E-01  4.950276897E-02  1.020287173E+05  2.247429553E+02  3.408411613E+02  2.893420861E+02  3.955190783E+02  1.022232135E+00 
       363  8.646988642E-02  2.201046420E-01  5.141624103E-02  1.221217222E+05  2.120820899E+02  3.480915623E+02  3.017758069E+02  3.587667112E+02  1.046048611E+00 
       364  9.242245520E-02  2.169732682E-01  5.534503106E-02  1.182321702E+05  2.199252458E+02  3.499509277E+02  3.050035572E+02  3.479366808E+02  1.005150080E+00 
       365  9.533631835E-02  2.153857768E-01  5.738443174E-02  1.162678065E+05  2.207587378E+02  3.496970835E+02  3.045738215E+02  3.521832261E+02  9.995211586E-01 
       366  9.819952312E-02  2.138016843E-01  5.949569436E-02  1.171199131E+05  2.217185688E+02  3.510218964E+02  3.068947849E+02  3.472383842E+02  9.932021499E-01 
       367  1.009694591E-01  2.121295788E-01  6.167326851E-02  1.185984141E+05  2.257502899E+02  3.527730083E+02  3.099679956E+02  3.371076822E+02  9.755302519E-01 
       368  1.037116704E-01  2.105064985E-01  6.390540356E-02  1.191498462E+05  2.320755587E+02  3.538330517E+02  3.118397856E+02  3.317205935E+02  9.510276727E-01 
       369  1.064180189E-01  2.088777679E-01  6.618856681E-02  1.195022485E+05  2.354429693E+02  3.541085987E+02  3.123271370E+02  3.310197353E+02  9.369870313E-01 
       370  1.090480686E-01  2.071800512E-01  6.850700508E-02  1.202044170E+05  2.361076269E+02  3.538987560E+02  3.119487019E+02  3.324914742E+02  9.320846349E-01 
       371  1.116790455E-01  2.055210471E-01  7.084353951E-02  1.210489287E+05  2.375922143E+02  3.535923247E+02  3.113984070E+02  3.327539811E+02  9.262824152E-01 
       372  1.142974452E-01  2.038484190E-01  7.319785208E-02  1.217647388E+05  2.357263355E+02  3.530145512E+02  3.103676615E+02  3.349280252E+02  9.312692620E-01 
       373  1.168416696E-01  2.021295301E-01  7.558130371E-02  1.223633330E+05  2.322294064E+02  3.525374107E+02  3.095212498E+02  3.361991787E+02  9.414077811E-01 
       374  1.193277496E-01  2.004108846E-01  7.805168345E-02  1.227860828E+05  2.291304884E+02  3.519115887E+02  3.084187529E+02  3.369771276E+02  9.502644744E-01 
       375  1.217693779E-01  1.987784452E-01  8.060399866E-02  1.229778628E+05  2.261556010E+02  3.513740702E+02  3.074737196E+02  3.385322208E+02  9.590068422E-01 
       376  1.240793489E-01  1.970470446E-01  8.322373237E-02  1.230371177E+05  2.229555922E+02  3.511360140E+02  3.070565863E+02  3.396960640E+02  9.681854993E-01 
       377  1.263696524E-01  1.953872062E-01  8.590193330E-02  1.233718251E+05  2.207122624E+02  3.517847453E+02  3.081900630E+02  3.360987548E+02  9.737375141E-01 
       378  1.285811840E-01  1.937639536E-01  8.866989816E-02  1.234249556E+05  2.191546838E+02  3.510186315E+02  3.068463259E+02  3.395331726E+02  9.787324043E-01 
       379  1.378530526E-01  1.861918564E-01  1.119425893E-01  1.228060508E+05  2.179170389E+02  3.553585148E+02  3.144777164E+02  3.148476315E+02  9.809684828E-01 
       380  1.378280879E-01  1.861358471E-01  1.158380052E-01  1.223794902E+05  2.201089020E+02  3.565152197E+02  3.165286694E+02  2.999964657E+02  9.760712124E-01 
       381  1.378172244E-01  1.861105784E-01  1.197328496E-01  1.216938762E+05  2.270955324E+02  3.567865167E+02  3.170120225E+02  2.964719200E+02  9.539299626E-01 
       382  1.378137064E-01  1.861013403E-01  1.236281983E-01  1.220813959E+05  2.326620736E+02  3.561722808E+02  3.159251637E+02  3.080961640E+02  9.320747973E-01 
       383  1.378232998E-01  1.861207539E-01  1.275238734E-01  1.227379279E+05  2.320045674E+02  3.550620205E+02  3.139622306E+02  3.227382635E+02  9.352596537E-01 
       384  1.378388478E-01  1.861485149E-01  1.314192119E-01  1.231329633E+05  2.278229877E+02  3.537343464E+02  3.116182082E+02  3.312043833E+02  9.488411539E-01 
       385  1.378667705E-01  1.861922064E-01  1.353144338E-01  1.232002890E+05  2.230421361E+02  3.531530139E+02  3.105917577E+02  3.320195525E+02  9.633999481E-01 
       386  1.378917792E-01  1.862393165E-01  1.392095884E-01  1.232077824E+05  2.214863082E+02  3.527581543E+02  3.098940667E+02  3.317791736E+02  9.679401563E-01 
       387  1.379128913E-01  1.862912877E-01  1.431056120E-01  1.232391972E+05  2.214014507E+02  3.528138258E+02  3.097572091E+02  3.292173492E+02  9.678696665E-01 
       388  1.379274402E-01  1.863453723E-01  1.469999959E-01  1.233285833E+05  2.201050582E+02  3.537222500E+02  3.106499653E+02  3.218011088E+02  9.715512116E-01 
       389 -3.389247132E-02  1.007789921E-01 -4.300551245E-02  8.756653809E+04  1.538718748E+02  3.330718079E+02  2.762604427E+02  2.357105350E+02  8.595934398E-01 
       390 -3.372456358E-02  1.010433636E-01 -4.002223516E-02  8.746607086E+04  1.546166196E+02  3.330082279E+02  2.761549440E+02  2.366205852E+02  8.588996962E-01 
       391 -3.329024078E-02  1.014074167E-01 -3.707963811E-02  8.734097238E+04  1.551023884E+02  3.329603013E+02  2.760754703E+02  2.370438640E+02  8.580079400E-01 
       392 -3.255620303E-02  1.018883264E-01 -3.421559131E-02  8.723405998E+04  1.557349085E+02  3.328950844E+02  2.759673398E+02  2.377757826E+02  8.575409924E-01 
       393 -3.153373485E-02  1.024554568E-01 -3.145384174E-02  8.712484282E+04  1.565899134E+02  3.328124034E+02  2.758302634E+02  2.386313064E+02  8.562508094E-01 
       394 -3.028950121E-02  1.031058036E-01 -2.880322264E-02  8.701991208E+04  1.572532528E+02  3.327507907E+02  2.757281601E+02  2.393846963E+02  8.557516610E-01 
       395 -2.888173412E-02  1.037838005E-01 -2.624318977E-02  8.692528117E+04  1.578685737E+02  3.327009965E+02  2.756455934E+02  2.399827078E+02  8.550064992E-01 
       396 -2.733119538E-02  1.044792183E-01 -2.377110822E-02  8.683069342E+04  1.584451570E+02  3.326539720E+02  2.755676730E+02  2.406152045E+02  8.545798864E-01 
       397 -2.568342124E-02  1.052055751E-01 -2.135968630E-02  8.671758015E+04  1.591308589E+02  3.325894035E+02  2.754606937E+02  2.414388412E+02  8.543107347E-01 
       398 -2.397735570E-02  1.059146334E-01 -1.899049647E-02  8.652604855E+04  1.596166666E+02  3.324986989E+02  2.753105482E+02  2.424864820E+02  8.558357977E-01 
       399 -2.220871387E-02  1.066063154E-01 -1.667396516E-02  8.616790860E+04  1.606681095E+02  3.322993259E+02  2.749804546E+02  2.441472661E+02  8.564960775E-01 
       400 -2.041003203E-02  1.073389070E-01 -1.437512078E-02  8.555494427E+04  1.625326160E+02  3.319591715E+02  2.744178863E+02  2.470315992E+02  8.571539971E-01 
       401 -1.856976066E-02  1.079715131E-01 -1.211630566E-02  8.484191875E+04  1.653136899E+02  3.315631794E+02  2.737635705E+02  2.499748060E+02  8.532520923E-01 
       402 -1.670953655E-02  1.086522831E-01 -9.860640570E-03  8.427296731E+04  1.684332096E+02  3.312758579E+02  2.732892786E+02  2.524865872E+02  8.460762399E-01 
       403 -1.482329113E-02  1.093026603E-01 -7.620995183E-03  8.426032898E+04  1.716392953E+02  3.312466983E+02  2.732412372E+02  2.532356386E+02  8.323081291E-01 
       404 -1.292306254E-02  1.099268373E-01 -5.385291055E-03  8.517796045E+04  1.720626278E+02  3.317710152E+02  2.741071072E+02  2.501347694E+02  8.198519610E-01 
       405 -1.101845801E-02  1.105590611E-01 -3.137660868E-03  8.697834570E+04  1.706556484E+02  3.327543259E+02  2.757344685E+02  2.442766407E+02  8.082126873E-01 
       406 -9.120841472E-03  1.111701815E-01 -8.914052251E-04  8.942909363E+04  1.671841201E+02  3.341180110E+02  2.779994537E+02  2.352929816E+02  7.985005756E-01 
       407 -7.240675928E-03  1.117476218E-01  1.353994698E-03  9.289152117E+04  1.634757526E+02  3.358727731E+02  2.809277688E+02  2.226633158E+02  7.815915003E-01 
       408 -5.370549944E-03  1.123083196E-01  3.627204146E-03  9.658241418E+04  1.648692024E+02  3.376521540E+02  2.839112375E+02  2.096743474E+02  7.381105796E-01 
       409 -3.530590186E-03  1.128981262E-01  5.933484609E-03  9.858281583E+04  1.752462619E+02  3.385243464E+02  2.853807755E+02  2.049938887E+02  6.673121363E-01 
       410 -1.726912218E-03  1.134387153E-01  8.259926622E-03  9.813938110E+04  1.842913723E+02  3.386296997E+02  2.855578861E+02  2.030890789E+02  6.093924781E-01 
       411  3.734044288E-05  1.140039107E-01  1.062617763E-02  9.737750269E+04  1.943038621E+02  3.381631880E+02  2.847713208E+02  2.086685271E+02  5.693409648E-01 
       412  1.740848712E-03  1.145879687E-01  1.302702968E-02  9.656227118E+04  2.026579109E+02  3.376621748E+02  2.839280234E+02  2.140288129E+02  5.402393194E-01 
       413  3.387617433E-03  1.151172021E-01  1.547343878E-02  9.600059796E+04  2.089300973E+02  3.374307233E+02  2.835388682E+02  2.162230050E+02  5.136401476E-01 
       414  4.957112811E-03  1.157081541E-01  1.796238578E-02  9.546062671E+04  2.156228654E+02  3.371899452E+02  2.831343913E+02  2.186741512E+02  4.863269664E-01 
       415  6.462677552E-03  1.163151534E-01  2.048609031E-02  9.464800806E+04  2.225300026E+02  3.367672758E+02  2.824251709E+02  2.227033467E+02  4.638632266E-01 
       416  7.926557233E-03  1.168909271E-01  2.304605918E-02  9.394213519E+04  2.282176249E+02  3.364004483E+02  2.818102016E+02  2.264374635E+02  4.472171962E-01 
       417  9.338612782E-03  1.175119790E-01  2.562398907E-02  9.362311866E+04  2.331270918E+02  3.361813166E+02  2.814431438E+02  2.289658123E+02  4.314571633E-01 
       418  1.068984297E-02  1.181121478E-01  2.822455248E-02  9.348136316E+04  2.377894743E+02  3.360708584E+02  2.812579241E+02  2.303297853E+02  4.130284380E-01 
       419  1.198650266E-02  1.187330819E-01  3.085849659E-02  9.338762846E+04  2.421441572E+02  3.360448568E+02  2.812144028E+02  2.312945789E+02  3.952990277E-01 
       420  1.322982934E-02  1.193430432E-01  3.352159396E-02  9.341591301E+04  2.463393192E+02  3.360509097E+02  2.812244394E+02  2.321401114E+02  3.778291667E-01 
       421  1.439865389E-02  1.199672983E-01  3.621509854E-02  9.363015068E+04  2.500884680E+02  3.361607162E+02  2.814083187E+02  2.327906792E+02  3.621177881E-01 
       422  1.553995729E-02  1.205631245E-01  3.892438234E-02  9.407952881E+04  2.533583347E+02  3.363925418E+02  2.817966852E+02  2.324113593E+02  3.451370971E-01 
       423  1.662952250E-02  1.211745408E-01  4.165332372E-02  9.463437991E+04  2.563363295E+02  3.366462349E+02  2.822218972E+02  2.317328422E+02  3.288930902E-01 
       424  1.764894372E-02  1.217373945E-01  4.441857664E-02  9.534540567E+04  2.584766426E+02  3.370198224E+02  2.828489127E+02  2.301442285E+02  3.137394369E-01 
       425  1.861873940E-02  1.222791769E-01  4.720617614E-02  9.628279363E+04  2.603977696E+02  3.374702944E+02  2.836053758E+02  2.276505890E+02  2.964984752E-01 
       426  1.950820179E-02  1.228336643E-01  5.001741530E-02  9.719770435E+04  2.621706839E+02  3.379169227E+02  2.843567655E+02  2.251858439E+02  2.802321536E-01 
       427  2.036944420E-02  1.233245632E-01  5.285072558E-02  9.814144791E+04  2.639500253E+02  3.383788533E+02  2.851346462E+02  2.225655935E+02  2.630356946E-01 
       428  2.117157025E-02  1.238295963E-01  5.569831964E-02  9.913934473E+04  2.654209018E+02  3.388781085E+02  2.859768453E+02  2.197327793E+02  2.469881030E-01 
       429  2.190592593E-02  1.242947792E-01  5.857026217E-02  1.000945129E+05  2.669280071E+02  3.393417244E+02  2.867596798E+02  2.169945202E+02  2.307525147E-01 
       430  2.257248913E-02  1.247551336E-01  6.145961794E-02  1.010060610E+05  2.687404165E+02  3.397490492E+02  2.874485998E+02  2.145891380E+02  2.139822356E-01 
       431  2.314781749E-02  1.251835029E-01  6.437124902E-02  1.018509219E+05  2.705057364E+02  3.401577721E+02  2.881405573E+02  2.122444386E+02  1.973335641E-01 
       432  2.363318974E-02  1.255957621E-01  6.730774801E-02  1.026501782E+05  2.725669334E+02  3.405313332E+02  2.887736197E+02  2.103289740E+02  1.803258810E-01 
       433  2.402789138E-02  1.260195069E-01  7.025072331E-02  1.033503315E+05  2.749044695E+02  3.408791943E+02  2.893639526E+02  2.089151001E+02  1.634790003E-01 
       434  2.431727977E-02  1.264030352E-01  7.321094069E-02  1.038497236E+05  2.775099678E+02  3.411517677E+02  2.898267517E+02  2.081526737E+02  1.471095057E-01 
       435  2.453016930E-02  1.268032789E-01  7.617447467E-02  1.040120728E+05  2.806429133E+02  3.412567358E+02  2.900050755E+02  2.082489204E+02  1.308255903E-01 
       436  2.462079541E-02  1.271795605E-01  7.915094878E-02  1.038064334E+05  2.841814647E+02  3.412023866E+02  2.899126627E+02  2.092723358E+02  1.154108471E-01 
       437  2.463902970E-02  1.275610820E-01  8.212637731E-02  1.031656758E+05  2.884456143E+02  3.409205666E+02  2.894341044E+02  2.120401201E+02  1.026496214E-01 
       438  2.457492051E-02  1.279220853E-01  8.510260082E-02  1.023274694E+05  2.926772199E+02  3.405434778E+02  2.887940808E+02  2.154510860E+02  9.271310430E-02 
       439  2.441429013E-02  1.282749863E-01  8.807550525E-02  1.012319859E+05  2.963028999E+02  3.400322678E+02  2.879279051E+02  2.201100790E+02  9.176993420E-02 
       440  2.420234297E-02  1.286273229E-01  9.105186832E-02  1.002650010E+05  2.975624298E+02  3.395504295E+02  2.871123652E+02  2.240806774E+02  1.024995453E-01 
       441  2.388558350E-02  1.289647853E-01  9.401845916E-02  1.002148030E+05  2.957458849E+02  3.395603675E+02  2.871290609E+02  2.243872890E+02  1.164155992E-01 
       442  2.351928731E-02  1.293134864E-01  9.696958543E-02  1.007533385E+05  2.928695645E+02  3.398179808E+02  2.875649870E+02  2.227645630E+02  1.289799650E-01 
       443  2.306449285E-02  1.296327241E-01  9.991680403E-02  1.015697705E+05  2.901106272E+02  3.401877813E+02  2.881911602E+02  2.198895216E+02  1.356104361E-01 
       444  2.257188759E-02  1.299515661E-01  1.028605699E-01  1.024564189E+05  2.875814075E+02  3.406094351E+02  2.889059896E+02  2.164525976E+02  1.388003691E-01 
       445  2.201092100E-02  1.302726916E-01  1.057899135E-01  1.034182038E+05  2.850077842E+02  3.410856614E+02  2.897143971E+02  2.128685164E+02  1.419239626E-01 
       446  2.143382683E-02  1.305960230E-01  1.087107054E-01  1.044878151E+05  2.821677039E+02  3.416080095E+02  2.906025766E+02  2.090552195E+02  1.461271651E-01 
       447  2.076802587E-02  1.309307408E-01  1.116221513E-01  1.055868843E+05  2.790289612E+02  3.422475452E+02  2.916919174E+02  2.045112009E+02  1.497218776E-01 
       448  2.010215597E-02  1.312657467E-01  1.145293522E-01  1.064604077E+05  2.766581507E+02  3.428244209E+02  2.926757784E+02  2.006319666E+02  1.514581032E-01 
       449  1.945135245E-02  1.316056955E-01  1.174374795E-01  1.070415291E+05  2.757513516E+02  3.431911905E+02  2.933021507E+02  1.990295243E+02  1.529513627E-01 
       450  1.885387307E-02  1.319548677E-01  1.203553293E-01  1.073540344E+05  2.758288414E+02  3.433717706E+02  2.936108024E+02  1.990565783E+02  1.545524294E-01 
       451  1.837479322E-02  1.322913677E-01  1.233018373E-01  1.074998308E+05  2.761610155E+02  3.434517517E+02  2.937476578E+02  1.992371783E+02  1.552338353E-01 
       452  1.811263581E-02  1.325954541E-01  1.262715907E-01  1.075338813E+05  2.765753288E+02  3.434732714E+02  2.937845392E+02  2.000148487E+02  1.575739156E-01 
       453  1.805653049E-02  1.328847135E-01  1.292554963E-01  1.075042107E+05  2.769704943E+02  3.434847112E+02  2.938041553E+02  2.010890007E+02  1.612619688E-01 
       454  1.819877737E-02  1.331672438E-01  1.322380588E-01  1.074150767E+05  2.775516907E+02  3.434624095E+02  2.937659129E+02  2.023816712E+02  1.646214442E-01 
       455  1.852494771E-02  1.334510277E-01  1.352129826E-01  1.072766209E+05  2.783076205E+02  3.433919488E+02  2.936453740E+02  2.039584374E+02  1.681720856E-01 
       456  1.890761882E-02  1.337081709E-01  1.381756048E-01  1.070929855E+05  2.791227084E+02  3.432902056E+02  2.934714159E+02  2.055306038E+02  1.711670889E-01 
       457  1.937808835E-02  1.339540030E-01  1.411279949E-01  1.068667343E+05  2.799847279E+02  3.431701181E+02  2.932660511E+02  2.072024510E+02  1.742222508E-01 
       458  1.989552602E-02  1.341916383E-01  1.440726902E-01  1.066211776E+05  2.807214981E+02  3.430653282E+02  2.930870144E+02  2.088119841E+02  1.777942200E-01 
       459  2.048114376E-02  1.344526817E-01  1.469999956E-01  1.063161621E+05  2.816819553E+02  3.428920727E+02  2.927894716E+02  2.107381725E+02  1.807929771E-01 
       460 -4.772920012E-02  1.664853148E-01 -4.258181757E-02  8.249869960E+04  1.814577016E+02  3.302535835E+02  2.716051381E+02  3.428590615E+02  1.012974561E+00 
       461 -4.770031945E-02  1.666117663E-01 -3.916302660E-02  8.226733667E+04  1.819410372E+02  3.301140070E+02  2.713756540E+02  3.438533063E+02  1.013134787E+00 
       462 -4.768621633E-02  1.667606858E-01 -3.574527808E-02  8.181823218E+04  1.828985517E+02  3.298814611E+02  2.709935226E+02  3.449582305E+02  1.011920374E+00 
       463 -4.773671611E-02  1.669008759E-01 -3.232563070E-02  8.131626367E+04  1.848242722E+02  3.295208235E+02  2.704013729E+02  3.470518656E+02  1.009220313E+00 
       464 -4.779814392E-02  1.670685917E-01 -2.890641835E-02  8.075564453E+04  1.863714743E+02  3.291987610E+02  2.698730621E+02  3.489228916E+02  1.007406246E+00 
       465 -4.772832030E-02  1.672854950E-01 -2.549705171E-02  8.011524597E+04  1.879664547E+02  3.288821836E+02  2.693543172E+02  3.498454552E+02  1.003778201E+00 
       466 -4.733274936E-02  1.676197526E-01 -2.211766833E-02  7.952963452E+04  1.910359943E+02  3.284848256E+02  2.687039037E+02  3.534747119E+02  1.000107097E+00 
       467 -4.646629434E-02  1.680852894E-01 -1.884685997E-02  7.954474802E+04  1.930798008E+02  3.284636250E+02  2.686693714E+02  3.540847088E+02  9.942160603E-01 
       468 -4.497458874E-02  1.687177674E-01 -1.583913045E-02  8.132806592E+04  1.908647280E+02  3.295694990E+02  2.704831424E+02  3.483524475E+02  9.912250265E-01 
       469 -4.311049959E-02  1.694263862E-01 -1.306511329E-02  8.458625586E+04  1.854531970E+02  3.314250660E+02  2.735386405E+02  3.384179277E+02  9.924140573E-01 
       470 -4.101650432E-02  1.701661907E-01 -1.047820325E-02  8.753774854E+04  1.790749950E+02  3.330268631E+02  2.761860638E+02  3.318271332E+02  1.003233410E+00 
       471 -3.872443978E-02  1.709287414E-01 -8.043812788E-03  8.761096899E+04  1.771777115E+02  3.329779959E+02  2.761052256E+02  3.328385606E+02  1.011369267E+00 
       472 -3.634257562E-02  1.716543837E-01 -5.706210795E-03  8.549239502E+04  1.789132528E+02  3.318820114E+02  2.742917480E+02  3.375105972E+02  1.013144039E+00 
       473 -3.384972842E-02  1.724025179E-01 -3.469956820E-03  8.164948346E+04  1.857714581E+02  3.297410185E+02  2.707663271E+02  3.481973109E+02  1.008681660E+00 
       474 -3.133060076E-02  1.731099844E-01 -1.271304633E-03  7.703916339E+04  1.965724206E+02  3.270373800E+02  2.663439300E+02  3.613964825E+02  9.968492500E-01 
       475 -2.873453975E-02  1.737912906E-01  8.535856133E-04  7.319741064E+04  2.067764931E+02  3.246002769E+02  2.623881159E+02  3.729969778E+02  9.851074517E-01 
       476 -2.611690126E-02  1.744247281E-01  2.958268427E-03  7.066009460E+04  2.129347749E+02  3.231041088E+02  2.599741840E+02  3.792696371E+02  9.773438741E-01 
       477 -2.348835128E-02  1.750433393E-01  5.058280838E-03  6.975993396E+04  2.172795359E+02  3.223924588E+02  2.588302121E+02  3.826408784E+02  9.698530203E-01 
       478 -2.083113736E-02  1.756162102E-01  7.133742148E-03  6.971143433E+04  2.183488846E+02  3.224074297E+02  2.588534636E+02  3.838142567E+02  9.686261993E-01 
       479 -1.816607045E-02  1.761555279E-01  9.209141426E-03  7.018621631E+04  2.202818165E+02  3.227076817E+02  2.593370008E+02  3.818888359E+02  9.581536651E-01 
       480 -1.549262448E-02  1.766467189E-01  1.128626304E-02  7.281573438E+04  2.208615189E+02  3.244634695E+02  2.621729612E+02  3.764127789E+02  9.447670318E-01 
       481 -1.281959455E-02  1.771087169E-01  1.337222607E-02  8.285012140E+04  2.125852711E+02  3.305886440E+02  2.721781948E+02  3.474012463E+02  9.181700312E-01 
       482 -1.015361520E-02  1.775059034E-01  1.547159933E-02  9.835984940E+04  2.080182745E+02  3.382863624E+02  2.849845299E+02  3.060610304E+02  8.720839963E-01 
       483 -7.491200012E-03  1.778633735E-01  1.757589553E-02  9.718008838E+04  2.234188118E+02  3.376822624E+02  2.839660349E+02  3.122187805E+02  8.247552160E-01 
       484 -4.837064878E-03  1.782590199E-01  1.971143984E-02  8.949381445E+04  2.291631212E+02  3.342704439E+02  2.782535496E+02  3.310488539E+02  8.338832706E-01 
       485 -2.188499166E-03  1.785530451E-01  2.185094162E-02  8.843105368E+04  2.319095086E+02  3.334729955E+02  2.769279828E+02  3.366388004E+02  8.342017464E-01 
       486  4.329096806E-04  1.787998193E-01  2.404680664E-02  8.899592480E+04  2.347620640E+02  3.337831383E+02  2.774424477E+02  3.335354080E+02  8.197772950E-01 
       487  3.027224691E-03  1.790317150E-01  2.627094405E-02  8.904107642E+04  2.368877604E+02  3.339691534E+02  2.777524819E+02  3.335814552E+02  8.130659368E-01 
       488  5.626976121E-03  1.792222402E-01  2.847807669E-02  8.967415613E+04  2.390242805E+02  3.343186798E+02  2.783344085E+02  3.330632765E+02  8.055030173E-01 
       489  8.191038637E-03  1.793338257E-01  3.074695743E-02  9.155967993E+04  2.397318761E+02  3.353108711E+02  2.799904964E+02  3.290626345E+02  7.970595872E-01 
       490  1.074058355E-02  1.794129340E-01  3.303046409E-02  9.503275537E+04  2.385445281E+02  3.370223978E+02  2.828573997E+02  3.209470652E+02  7.887384570E-01 
       491  1.325979491E-02  1.793970135E-01  3.532576038E-02  9.930839600E+04  2.359240291E+02  3.390162168E+02  2.862142062E+02  3.088756680E+02  7.801556038E-01 
       492  1.577166567E-02  1.793535417E-01  3.765132951E-02  1.030051134E+05  2.330105519E+02  3.407975407E+02  2.892285800E+02  2.977985735E+02  7.751249373E-01 
       493  1.825553626E-02  1.792503646E-01  4.000403552E-02  1.055273086E+05  2.321769252E+02  3.419999890E+02  2.912715912E+02  2.910973706E+02  7.692938102E-01 
       494  2.071273564E-02  1.790845686E-01  4.238164633E-02  1.073298279E+05  2.325023750E+02  3.428020927E+02  2.926393977E+02  2.867330644E+02  7.627284026E-01 
       495  2.315348782E-02  1.789033294E-01  4.476881837E-02  1.092050917E+05  2.320737748E+02  3.436562014E+02  2.940986109E+02  2.807118659E+02  7.569875969E-01 
       496  2.554611962E-02  1.786610662E-01  4.720294885E-02  1.112343999E+05  2.313145199E+02  3.445386333E+02  2.956114483E+02  2.753914318E+02  7.540821042E-01 
       497  2.790553153E-02  1.783591187E-01  4.966367300E-02  1.131456367E+05  2.305566959E+02  3.453846750E+02  2.970646381E+02  2.706848307E+02  7.517197859E-01 
       498  3.023553076E-02  1.780531658E-01  5.215009418E-02  1.148019619E+05  2.300256851E+02  3.461775787E+02  2.984296026E+02  2.665276458E+02  7.494751113E-01 
       499  3.255140683E-02  1.777481834E-01  5.464573084E-02  1.162534581E+05  2.297899793E+02  3.468643301E+02  2.996148074E+02  2.623245536E+02  7.465626705E-01 
       500  3.480321611E-02  1.773622653E-01  5.719033452E-02  1.172714359E+05  2.300796123E+02  3.473582270E+02  3.004683876E+02  2.594536884E+02  7.426447719E-01 
       501  3.704366447E-02  1.769956776E-01  5.978074099E-02  1.180235225E+05  2.304307139E+02  3.476865802E+02  3.010365686E+02  2.576129034E+02  7.398106437E-01 
       502  3.923116288E-02  1.766153691E-01  6.237867612E-02  1.186205120E+05  2.309596424E+02  3.478836856E+02  3.013778772E+02  2.562291903E+02  7.366974987E-01 
       503  4.136429871E-02  1.761773997E-01  6.501205622E-02  1.190164882E+05  2.312000970E+02  3.480614915E+02  3.016859990E+02  2.550513482E+02  7.348322179E-01 
       504  4.348069858E-02  1.757484529E-01  6.766046190E-02  1.193118999E+05  2.317287669E+02  3.482009583E+02  3.019277611E+02  2.542960401E+02  7.323524952E-01 
       505  4.554226392E-02  1.753162813E-01  7.034950997E-02  1.195442314E+05  2.321866627E+02  3.483229122E+02  3.021393118E+02  2.539088182E+02  7.305124849E-01 
       506  4.756665315E-02  1.748560179E-01  7.306168772E-02  1.196411803E+05  2.326146535E+02  3.483758345E+02  3.022310729E+02  2.536217631E+02  7.288415423E-01 
       507  4.956604909E-02  1.743615796E-01  7.580968578E-02  1.195588435E+05  2.330805382E+02  3.483225025E+02  3.021385641E+02  2.538515279E+02  7.274572724E-01 
       508  5.152654947E-02  1.738670862E-01  7.855886540E-02  1.193051310E+05  2.334359091E+02  3.481991249E+02  3.019245042E+02  2.549605150E+02  7.273505908E-01 
       509  5.347325952E-02  1.733659220E-01  8.131742073E-02  1.191879619E+05  2.333592456E+02  3.481371542E+02  3.018170724E+02  2.551670268E+02  7.282513999E-01 
       510  5.541917190E-02  1.728212690E-01  8.412523757E-02  1.192576542E+05  2.330707268E+02  3.481463534E+02  3.018330467E+02  2.551147770E+02  7.295910850E-01 
       511  5.731737707E-02  1.722438844E-01  8.698058411E-02  1.196769726E+05  2.331001942E+02  3.483140181E+02  3.021239278E+02  2.538082747E+02  7.284283976E-01 
       512  5.917186437E-02  1.716911252E-01  8.979478553E-02  1.198581877E+05  2.335152988E+02  3.483956051E+02  3.022656060E+02  2.533343515E+02  7.266014442E-01 
       513  6.096387184E-02  1.711643945E-01  9.255110888E-02  1.199058690E+05  2.344816093E+02  3.484043274E+02  3.022807437E+02  2.533589276E+02  7.229997364E-01 
       514  6.270700241E-02  1.705757992E-01  9.544380808E-02  1.197675015E+05  2.356814327E+02  3.483442569E+02  3.021765227E+02  2.538174577E+02  7.186744679E-01 
       515  6.442263795E-02  1.699823167E-01  9.834544530E-02  1.195534475E+05  2.365701974E+02  3.482459474E+02  3.020059453E+02  2.546005516E+02  7.159646017E-01 
       516  6.612271722E-02  1.694054111E-01  1.012510921E-01  1.193439860E+05  2.373056123E+02  3.481518707E+02  3.018427320E+02  2.552348406E+02  7.140163966E-01 
       517  6.776083839E-02  1.688452726E-01  1.042003507E-01  1.192547560E+05  2.383093659E+02  3.480793269E+02  3.017170423E+02  2.558581413E+02  7.110773302E-01 
       518  6.936215302E-02  1.682812898E-01  1.071729988E-01  1.192325616E+05  2.390436827E+02  3.480697405E+02  3.017004998E+02  2.566012233E+02  7.092804094E-01 
       519  7.082677073E-02  1.677321085E-01  1.102128146E-01  1.191324486E+05  2.395835621E+02  3.480708671E+02  3.017023277E+02  2.575236412E+02  7.081711353E-01 
       520  7.220712168E-02  1.672497044E-01  1.133584680E-01  1.189277752E+05  2.402722952E+02  3.480590361E+02  3.016819421E+02  2.580810455E+02  7.063265814E-01 
       521  7.342602904E-02  1.668557431E-01  1.165154693E-01  1.186815551E+05  2.410315653E+02  3.480963042E+02  3.017469084E+02  2.577648220E+02  7.035124660E-01 
       522  7.439926912E-02  1.665467988E-01  1.197652411E-01  1.184580579E+05  2.415147769E+02  3.482197399E+02  3.019612641E+02  2.572039042E+02  7.013925966E-01 
       523  7.498839543E-02  1.664581038E-01  1.231239650E-01  1.183148018E+05  2.416204624E+02  3.484033985E+02  3.022796707E+02  2.569378910E+02  7.011511326E-01 
       524  7.530423640E-02  1.665023734E-01  1.265249777E-01  1.182825085E+05  2.416883068E+02  3.485221930E+02  3.024854374E+02  2.566026306E+02  7.009962713E-01 
       525  7.543612494E-02  1.666233331E-01  1.299370256E-01  1.182255928E+05  2.428288612E+02  3.483840542E+02  3.022455254E+02  2.584984894E+02  6.988876164E-01 
       526  7.553122174E-02  1.667952118E-01  1.333496155E-01  1.181428884E+05  2.444168777E+02  3.481439624E+02  3.018290925E+02  2.609887261E+02  6.959363716E-01 
       527  7.566054780E-02  1.669469890E-01  1.367626796E-01  1.180615034E+05  2.451002245E+02  3.481341152E+02  3.018121424E+02  2.611197996E+02  6.940368079E-01 
       528  7.583993244E-02  1.671002891E-01  1.401745263E-01  1.179611455E+05  2.449953614E+02  3.483957882E+02  3.022669363E+02  2.598788562E+02  6.941691376E-01 
       529  7.600645069E-02  1.672586086E-01  1.435869327E-01  1.178287933E+05  2.436307056E+02  3.490104811E+02  3.033369126E+02  2.562898383E+02  6.979214586E-01 
       530  7.611546960E-02  1.674572299E-01  1.470000031E-01  1.179481713E+05  2.382714820E+02  3.501380548E+02  3.053864541E+02  2.462648349E+02  7.125055357E-01 
       531 -5.220359409E-02  2.342994603E-01 -4.210986580E-02  8.162184598E+04  1.830612745E+02  3.296626476E+02  2.707139223E+02  4.441742203E+02  1.145988981E+00 
       532 -5.220192467E-02  2.343108577E-01 -3.821952920E-02  8.087063849E+04  1.855871635E+02  3.293129902E+02  2.700605351E+02  4.459952896E+02  1.141657037E+00 
       533 -5.220302368E-02  2.343278434E-01 -3.432921672E-02  8.106464859E+04  1.858754232E+02  3.294331002E+02  2.702577733E+02  4.456220692E+02  1.140613767E+00 
       534 -5.220531674E-02  2.343446645E-01 -3.043898101E-02  8.242900040E+04  1.824970002E+02  3.302353159E+02  2.715772231E+02  4.420810528E+02  1.145449381E+00 
       535 -5.220735409E-02  2.343651870E-01 -2.654892396E-02  8.428442285E+04  1.777537298E+02  3.313161354E+02  2.733576050E+02  4.385691719E+02  1.153738938E+00 
       536 -5.221355576E-02  2.343966826E-01 -2.266385481E-02  8.554949583E+04  1.740618832E+02  3.320219339E+02  2.745222690E+02  4.360423231E+02  1.160469484E+00 
       537 -5.221196162E-02  2.344309954E-01 -1.877454498E-02  8.550218321E+04  1.734325812E+02  3.318736840E+02  2.742780371E+02  4.358592588E+02  1.161855183E+00 
       538 -5.222596507E-02  2.344687402E-01 -1.488167101E-02  8.403705513E+04  1.763580393E+02  3.309785854E+02  2.728008843E+02  4.397095646E+02  1.158272041E+00 
       539 -5.222923531E-02  2.345160018E-01 -1.099302079E-02  8.185086200E+04  1.813553061E+02  3.298247888E+02  2.709025501E+02  4.442001143E+02  1.150444990E+00 
       540 -5.210275326E-02  2.345957540E-01 -7.104134264E-03  8.000326877E+04  1.866455418E+02  3.289306265E+02  2.694344463E+02  4.479966757E+02  1.141495293E+00 
       541 -5.114101036E-02  2.348545508E-01 -3.375994418E-03  7.965741190E+04  1.879656471E+02  3.288386599E+02  2.692834766E+02  4.482249270E+02  1.138801707E+00 
       542 -4.917766965E-02  2.353023755E-01 -5.047413344E-05  8.027340112E+04  1.872761741E+02  3.291161356E+02  2.697382011E+02  4.491173859E+02  1.141761471E+00 
       543 -4.661414278E-02  2.358651253E-01  2.823323178E-03  8.136107825E+04  1.849972873E+02  3.297796988E+02  2.708274527E+02  4.475885153E+02  1.146057773E+00 
       544 -4.374488282E-02  2.364440537E-01  5.350106892E-03  8.427855963E+04  1.782795365E+02  3.315119519E+02  2.736820750E+02  4.396954107E+02  1.154844914E+00 
       545 -4.059796688E-02  2.370222596E-01  7.583171126E-03  8.859722803E+04  1.657295350E+02  3.337306757E+02  2.773569274E+02  4.290005693E+02  1.175847927E+00 
       546 -3.738701819E-02  2.375676250E-01  9.702642239E-03  8.770092059E+04  1.674157879E+02  3.331807120E+02  2.764441273E+02  4.315374103E+02  1.173496207E+00 
       547 -3.407522408E-02  2.380263225E-01  1.169481074E-02  8.226384888E+04  1.830949862E+02  3.302354283E+02  2.715823317E+02  4.424756293E+02  1.145020427E+00 
       548 -3.073065008E-02  2.384984497E-01  1.361793802E-02  7.969927734E+04  1.906833459E+02  3.287741256E+02  2.691783700E+02  4.502358229E+02  1.134130245E+00 
       549 -2.732884007E-02  2.388770261E-01  1.546643341E-02  8.112323022E+04  1.869708123E+02  3.294923272E+02  2.703557925E+02  4.455713701E+02  1.138620386E+00 
       550 -2.390908864E-02  2.392176502E-01  1.728468609E-02  8.187399849E+04  1.850932870E+02  3.298466794E+02  2.709379291E+02  4.439652727E+02  1.141749088E+00 
       551 -2.044822495E-02  2.394794424E-01  1.908927170E-02  8.140882465E+04  1.868074729E+02  3.296095979E+02  2.705483197E+02  4.466113920E+02  1.140557124E+00 
       552 -1.699643969E-02  2.397114515E-01  2.086461287E-02  8.094762378E+04  1.869583724E+02  3.295672159E+02  2.704798493E+02  4.470124454E+02  1.141637342E+00 
       553 -1.354033893E-02  2.398615604E-01  2.263394957E-02  8.088962549E+04  1.887689867E+02  3.293050613E+02  2.700515518E+02  4.467057190E+02  1.137690008E+00 
       554 -1.007792796E-02  2.399171479E-01  2.439846914E-02  8.097176196E+04  1.870064886E+02  3.295366244E+02  2.704297087E+02  4.455998316E+02  1.142625341E+00 
       555 -6.592279415E-03  2.399646350E-01  2.619220728E-02  8.056298730E+04  1.878142190E+02  3.292498837E+02  2.699593143E+02  4.467733040E+02  1.142917011E+00 
       556 -3.124907716E-03  2.398994093E-01  2.794309000E-02  7.920515527E+04  1.909230537E+02  3.283591976E+02  2.685007095E+02  4.451257668E+02  1.135447644E+00 
       557  3.338943067E-04  2.398017910E-01  2.968583889E-02  1.015209580E+05  2.066362965E+02  3.402466131E+02  2.883056465E+02  4.047647842E+02  1.059013010E+00 
       558  3.794068913E-03  2.396169640E-01  3.144821874E-02  9.926003076E+04  2.102865348E+02  3.395994263E+02  2.872045984E+02  4.029497032E+02  1.051631790E+00 
       559  7.248441593E-03  2.393064044E-01  3.320284907E-02  9.500392920E+04  2.102592058E+02  3.375524578E+02  2.837493582E+02  4.111117706E+02  1.059453405E+00 
       560  1.068879679E-02  2.389885178E-01  3.498866898E-02  9.185911108E+04  2.134822006E+02  3.355073137E+02  2.803200102E+02  4.192230797E+02  1.056605220E+00 
       561  1.412543948E-02  2.386075767E-01  3.676435012E-02  8.934511304E+04  2.142691841E+02  3.343840647E+02  2.784428768E+02  4.251437235E+02  1.058984842E+00 
       562  1.753589177E-02  2.380598424E-01  3.855175648E-02  8.865208252E+04  2.151180077E+02  3.343726444E+02  2.784249592E+02  4.251892891E+02  1.056751877E+00 
       563  2.093820079E-02  2.375000001E-01  4.035454522E-02  9.160990381E+04  2.142662048E+02  3.362931442E+02  2.816401510E+02  4.194894428E+02  1.054256305E+00 
       564  2.432947450E-02  2.368878370E-01  4.215773147E-02  1.030383960E+05  2.078208122E+02  3.421063458E+02  2.914848158E+02  3.958445190E+02  1.057640125E+00 
       565  2.770729830E-02  2.361795572E-01  4.394886350E-02  1.233477888E+05  1.972229314E+02  3.504857044E+02  3.059368992E+02  3.504492555E+02  1.068405958E+00 
       566  3.105826597E-02  2.354459967E-01  4.578622705E-02  1.304253571E+05  1.958046556E+02  3.528603835E+02  3.100652881E+02  3.331715355E+02  1.068435459E+00 
       567  3.438758923E-02  2.346372217E-01  4.762879820E-02  1.232532414E+05  2.000609616E+02  3.503393638E+02  3.056533221E+02  3.481274537E+02  1.054957386E+00 
       568  3.771502906E-02  2.337669833E-01  4.947240569E-02  1.178373989E+05  2.036631453E+02  3.484510121E+02  3.023639565E+02  3.625205569E+02  1.047864704E+00 
       569  4.101460083E-02  2.329246351E-01  5.135281935E-02  1.193450833E+05  2.016930907E+02  3.491323838E+02  3.035486226E+02  3.582100191E+02  1.052065575E+00 
       570  4.428347740E-02  2.319960665E-01  5.324515281E-02  1.229524961E+05  1.992469480E+02  3.505376699E+02  3.059954298E+02  3.494755275E+02  1.055412619E+00 
       571  4.749748393E-02  2.310181580E-01  5.520824782E-02  1.239889246E+05  2.015017080E+02  3.509766111E+02  3.067605987E+02  3.457274837E+02  1.046127466E+00 
       572  5.066691057E-02  2.300652086E-01  5.723980181E-02  1.240077782E+05  2.053458928E+02  3.511075223E+02  3.069892912E+02  3.433798119E+02  1.033895560E+00 
       573  5.379140778E-02  2.290521307E-01  5.932353399E-02  1.244751321E+05  2.088683222E+02  3.513669564E+02  3.074432371E+02  3.433647631E+02  1.023097521E+00 
       574  5.683956615E-02  2.279793322E-01  6.149869556E-02  1.250576963E+05  2.123211393E+02  3.515989799E+02  3.078495207E+02  3.422791653E+02  1.012264036E+00 
       575  5.985072913E-02  2.269370111E-01  6.373374277E-02  1.250777119E+05  2.159549265E+02  3.515531158E+02  3.077691956E+02  3.419449005E+02  1.000752576E+00 
       576  6.280959972E-02  2.258492183E-01  6.601505396E-02  1.245214327E+05  2.194846721E+02  3.513159588E+02  3.073539892E+02  3.424974840E+02  9.894253933E-01 
       577  6.573461678E-02  2.247295145E-01  6.832363097E-02  1.240615079E+05  2.235203841E+02  3.510828490E+02  3.069462523E+02  3.426199713E+02  9.761640271E-01 
       578  6.865501872E-02  2.236625994E-01  7.064894084E-02  1.234740339E+05  2.260971963E+02  3.510812114E+02  3.069435663E+02  3.427501429E+02  9.678653730E-01 
       579  7.151541969E-02  2.224865137E-01  7.302188293E-02  1.220543528E+05  2.293637538E+02  3.506409626E+02  3.061745577E+02  3.455766425E+02  9.577241670E-01 
       580  7.433322259E-02  2.213060150E-01  7.543149031E-02  1.215377178E+05  2.289290953E+02  3.508213959E+02  3.064894462E+02  3.465829945E+02  9.582384359E-01 
       581  7.711325138E-02  2.201536844E-01  7.789825066E-02  1.232219748E+05  2.302381088E+02  3.516657787E+02  3.079671334E+02  3.407485740E+02  9.509348469E-01 
       582  7.981655167E-02  2.189959972E-01  8.044372180E-02  1.237860205E+05  2.327650447E+02  3.518523302E+02  3.082951465E+02  3.380226488E+02  9.406719822E-01 
       583  8.242371870E-02  2.177951216E-01  8.306797326E-02  1.234158750E+05  2.337243710E+02  3.516515198E+02  3.079438095E+02  3.380560436E+02  9.360994771E-01 
       584  8.497819178E-02  2.166305248E-01  8.576177505E-02  1.228937308E+05  2.338149559E+02  3.513678966E+02  3.074476463E+02  3.387721496E+02  9.348886351E-01 
       585  8.747465708E-02  2.155008942E-01  8.852176985E-02  1.224897815E+05  2.327362938E+02  3.511601915E+02  3.070837603E+02  3.394096661E+02  9.374675862E-01 
       586  8.983863293E-02  2.143275504E-01  9.137087988E-02  1.223094731E+05  2.311439302E+02  3.510099754E+02  3.068206286E+02  3.394481840E+02  9.414827637E-01 
       587  9.211779941E-02  2.131724912E-01  9.430579148E-02  1.223786278E+05  2.293985308E+02  3.509778211E+02  3.067643514E+02  3.386264855E+02  9.460396913E-01 
       588  9.424446159E-02  2.121023496E-01  9.738772987E-02  1.226007582E+05  2.278952755E+02  3.510744014E+02  3.069337815E+02  3.383006625E+02  9.502921614E-01 
       589  9.610967173E-02  2.111612431E-01  1.006666829E-01  1.227678750E+05  2.257265377E+02  3.511943773E+02  3.071444868E+02  3.377285842E+02  9.563490967E-01 
       590  9.742401869E-02  2.103903297E-01  1.042235364E-01  1.228335482E+05  2.229605349E+02  3.511957726E+02  3.071480845E+02  3.381598314E+02  9.643564198E-01 
       591  9.764724840E-02  2.101688920E-01  1.080985861E-01  1.228319958E+05  2.197305784E+02  3.510166526E+02  3.068349161E+02  3.399938254E+02  9.739368334E-01 
       592  9.763062643E-02  2.101108570E-01  1.119846410E-01  1.226831187E+05  2.192746600E+02  3.507749791E+02  3.064115730E+02  3.403262359E+02  9.750844289E-01 
       593  9.759894170E-02  2.100363093E-01  1.158782398E-01  1.225020919E+05  2.210020133E+02  3.511795545E+02  3.071192355E+02  3.402387450E+02  9.700527596E-01 
       594  9.760335841E-02  2.100041055E-01  1.197683889E-01  1.224683925E+05  2.221471216E+02  3.524702384E+02  3.093826035E+02  3.322958061E+02  9.656483692E-01 
       595  9.760552297E-02  2.099886023E-01  1.236588659E-01  1.224947058E+05  2.229384341E+02  3.541799131E+02  3.123914063E+02  3.153518619E+02  9.634435172E-01 
       596  9.760989540E-02  2.100145164E-01  1.275491461E-01  1.226366709E+05  2.251480215E+02  3.554014140E+02  3.145486198E+02  2.999134957E+02  9.584025726E-01 
       597  9.760550437E-02  2.100148949E-01  1.314412195E-01  1.228716514E+05  2.265692372E+02  3.560345335E+02  3.156717329E+02  2.990466003E+02  9.535007365E-01 
       598  9.762031038E-02  2.101034915E-01  1.353312483E-01  1.230126122E+05  2.274361936E+02  3.560428226E+02  3.156920910E+02  3.094003684E+02  9.485947024E-01 
       599  9.762506170E-02  2.101609083E-01  1.392228176E-01  1.230935683E+05  2.271441405E+02  3.554334159E+02  3.146164486E+02  3.185607967E+02  9.495040604E-01 
       600  9.764671237E-02  2.102092269E-01  1.431110049E-01  1.232248536E+05  2.245763662E+02  3.544560652E+02  3.128886058E+02  3.247664568E+02  9.578013467E-01 
       601  9.766256924E-02  2.102587391E-01  1.469999989E-01  1.232734819E+05  2.218467202E+02  3.538130760E+02  3.114792957E+02  3.286065073E+02  9.665194303E-01 
