nodenumber     x-coordinate     y-coordinate     z-coordinate         pressure velocity-magnitude      sound-speed      temperature rel-velocity-magnitude relative-velocity-angle 
         1 -2.216901913E-02  1.039879580E-01 -4.300600202E-02  8.752817297E+04  1.537898648E+02  3.330617132E+02  2.762437589E+02  2.354935817E+02  8.593310253E-01 
         2 -2.197401757E-02  1.042260031E-01 -4.002397295E-02  8.746729950E+04  1.544748120E+02  3.330011560E+02  2.761432238E+02  2.362572131E+02  8.584246223E-01 
         3 -2.150271627E-02  1.045375264E-01 -3.708169353E-02  8.734474884E+04  1.551831003E+02  3.329347463E+02  2.760330372E+02  2.376270009E+02  8.597326693E-01 
         4 -2.072290556E-02  1.049359494E-01 -3.421635317E-02  8.721003955E+04  1.554422266E+02  3.329018650E+02  2.759786000E+02  2.372471375E+02  8.574718451E-01 
         5 -1.964621854E-02  1.053757771E-01 -3.145501365E-02  8.707624536E+04  1.563570962E+02  3.328137512E+02  2.758325334E+02  2.383417892E+02  8.566684630E-01 
         6 -1.833909717E-02  1.058829391E-01 -2.880182754E-02  8.697088037E+04  1.573342214E+02  3.327318726E+02  2.756968565E+02  2.396043811E+02  8.562554587E-01 
         7 -1.686396899E-02  1.064019756E-01 -2.624136390E-02  8.681000439E+04  1.579644156E+02  3.326626558E+02  2.755822706E+02  2.403187165E+02  8.558326345E-01 
         8 -1.524276490E-02  1.069101094E-01 -2.376908005E-02  8.661057141E+04  1.591468530E+02  3.325289059E+02  2.753606248E+02  2.416598468E+02  8.544521946E-01 
         9 -1.353040875E-02  1.074492491E-01 -2.136449246E-02  8.642363831E+04  1.600709908E+02  3.324468293E+02  2.752246795E+02  2.427358716E+02  8.537454959E-01 
        10 -1.175719847E-02  1.079385502E-01 -1.899452623E-02  8.624284631E+04  1.614473091E+02  3.323312616E+02  2.750333478E+02  2.439654849E+02  8.511648895E-01 
        11 -9.920451205E-03  1.084473482E-01 -1.667649769E-02  8.614994910E+04  1.625884681E+02  3.322842343E+02  2.749555545E+02  2.447094007E+02  8.481452309E-01 
        12 -8.053093039E-03  1.089314126E-01 -1.437870322E-02  8.628246823E+04  1.631499633E+02  3.323615717E+02  2.750837160E+02  2.443943567E+02  8.446655171E-01 
        13 -6.139911673E-03  1.093816015E-01 -1.211111235E-02  8.673613135E+04  1.621512761E+02  3.326527081E+02  2.755656385E+02  2.429507027E+02  8.457336091E-01 
        14 -4.213714023E-03  1.098625599E-01 -9.853315987E-03  8.753473877E+04  1.603514881E+02  3.330560226E+02  2.762344513E+02  2.404772682E+02  8.474680111E-01 
        15 -2.267252226E-03  1.102821410E-01 -7.616721013E-03  8.859690918E+04  1.563722868E+02  3.335851803E+02  2.771129494E+02  2.369771471E+02  8.581553809E-01 
        16 -3.058463972E-04  1.106716081E-01 -5.380345181E-03  8.919056982E+04  1.504962816E+02  3.338801603E+02  2.776033554E+02  2.347334728E+02  8.841210920E-01 
        17  1.649896870E-03  1.110991589E-01 -3.144821902E-03  8.742473315E+04  1.459011664E+02  3.329994602E+02  2.761422267E+02  2.420684271E+02  9.357678387E-01 
        18  3.605378217E-03  1.114680886E-01 -8.997268064E-04  7.564187134E+04  1.784994340E+02  3.258959136E+02  2.644871206E+02  2.891225514E+02  9.368199855E-01 
        19  5.548952344E-03  1.118349081E-01  1.356589372E-03  7.005418945E+04  2.109087967E+02  3.225545237E+02  2.590937641E+02  3.093680000E+02  8.448460647E-01 
        20  7.472030685E-03  1.121892539E-01  3.633809071E-03  7.305205116E+04  2.116738718E+02  3.247786540E+02  2.626822576E+02  2.971899943E+02  7.892150003E-01 
        21  9.366594022E-03  1.125505666E-01  5.932977735E-03  7.659924640E+04  2.063441651E+02  3.272397108E+02  2.666744809E+02  2.810038352E+02  7.538714726E-01 
        22  1.122147558E-02  1.129077905E-01  8.263617067E-03  7.895508784E+04  2.056892211E+02  3.287181203E+02  2.690889892E+02  2.718313024E+02  7.227936133E-01 
        23  1.303284284E-02  1.132507638E-01  1.062953057E-02  8.053736019E+04  2.085460693E+02  3.295977773E+02  2.705308882E+02  2.685245964E+02  6.968230065E-01 
        24  1.479928419E-02  1.136234762E-01  1.303021626E-02  8.174393095E+04  2.138939999E+02  3.301343507E+02  2.714121332E+02  2.657678745E+02  6.607859884E-01 
        25  1.649617427E-02  1.139938279E-01  1.547769530E-02  8.281632098E+04  2.191465793E+02  3.305909340E+02  2.721628213E+02  2.628038878E+02  6.238033161E-01 
        26  1.811807173E-02  1.143837002E-01  1.797032872E-02  8.354911743E+04  2.246320682E+02  3.308932929E+02  2.726600261E+02  2.613685679E+02  5.909168841E-01 
        27  1.968166241E-02  1.148013513E-01  2.049621310E-02  8.362422736E+04  2.316900742E+02  3.308967493E+02  2.726651504E+02  2.623114431E+02  5.583240348E-01 
        28  2.119101764E-02  1.152299366E-01  2.305322148E-02  8.306059189E+04  2.409380090E+02  3.305166641E+02  2.720393057E+02  2.657825769E+02  5.228849309E-01 
        29  2.266338778E-02  1.156643914E-01  2.563116057E-02  8.242383685E+04  2.494088434E+02  3.301859343E+02  2.714950006E+02  2.682978443E+02  4.888047213E-01 
        30  2.408077791E-02  1.161159634E-01  2.823658064E-02  8.188610181E+04  2.572582111E+02  3.299107270E+02  2.710425460E+02  2.703443978E+02  4.566606297E-01 
        31  2.544088325E-02  1.165921105E-01  3.086849856E-02  8.131133582E+04  2.658773592E+02  3.294557662E+02  2.702963727E+02  2.738263059E+02  4.260547031E-01 
        32  2.674433127E-02  1.170738851E-01  3.352942364E-02  8.071120190E+04  2.739987710E+02  3.290992007E+02  2.697117116E+02  2.771873360E+02  3.975875978E-01 
        33  2.797950643E-02  1.175445507E-01  3.622298897E-02  8.017216217E+04  2.811034255E+02  3.289702028E+02  2.694996254E+02  2.792414308E+02  3.694806444E-01 
        34  2.916313541E-02  1.180056499E-01  3.893937175E-02  7.987461148E+04  2.881672916E+02  3.288928335E+02  2.693721900E+02  2.806739882E+02  3.393311272E-01 
        35  3.031249539E-02  1.184785399E-01  4.167042727E-02  7.998812994E+04  2.952264378E+02  3.288049119E+02  2.692282410E+02  2.821767344E+02  3.097043391E-01 
        36  3.139929926E-02  1.189405785E-01  4.442941843E-02  8.026480557E+04  3.008176961E+02  3.290144051E+02  2.695716270E+02  2.821275408E+02  2.817994170E-01 
        37  3.242013936E-02  1.193808800E-01  4.721660669E-02  8.081239699E+04  3.058853929E+02  3.294192210E+02  2.702353318E+02  2.810332892E+02  2.520774165E-01 
        38  3.340677803E-02  1.198011670E-01  5.002067675E-02  8.212904425E+04  3.087505183E+02  3.302224944E+02  2.715559814E+02  2.773534590E+02  2.236368986E-01 
        39  3.430413654E-02  1.201853153E-01  5.285529857E-02  8.389874023E+04  3.099169445E+02  3.313160553E+02  2.733581495E+02  2.721086216E+02  1.980278483E-01 
        40  3.515433510E-02  1.205874318E-01  5.570324370E-02  8.605278955E+04  3.099653397E+02  3.325376759E+02  2.753776817E+02  2.658697929E+02  1.744994102E-01 
        41  3.592907297E-02  1.209644065E-01  5.857535950E-02  8.846357373E+04  3.087169943E+02  3.338157749E+02  2.774985371E+02  2.590960326E+02  1.561352042E-01 
        42  3.664355424E-02  1.213334730E-01  6.146049591E-02  9.093067493E+04  3.062089505E+02  3.350002379E+02  2.794708943E+02  2.521664696E+02  1.444702167E-01 
        43  3.727845098E-02  1.217084379E-01  6.437276718E-02  9.314890649E+04  3.027473078E+02  3.360008955E+02  2.811422501E+02  2.454834995E+02  1.397672729E-01 
        44  3.781448665E-02  1.220744111E-01  6.730672953E-02  9.482129663E+04  2.989953823E+02  3.367904110E+02  2.824645309E+02  2.402246361E+02  1.432616576E-01 
        45  3.826762164E-02  1.224563704E-01  7.025293559E-02  9.587696606E+04  2.957073941E+02  3.373438873E+02  2.833931286E+02  2.365083442E+02  1.507377663E-01 
        46  3.856443464E-02  1.228195695E-01  7.317567491E-02  9.646830859E+04  2.936366501E+02  3.376574249E+02  2.839201584E+02  2.343150558E+02  1.571637429E-01 
        47  3.882754171E-02  1.231963568E-01  7.616928387E-02  9.672184351E+04  2.913988827E+02  3.382125645E+02  2.848564208E+02  2.316610321E+02  1.634165086E-01 
        48  3.896508106E-02  1.235573809E-01  7.913505459E-02  9.668762305E+04  2.864668579E+02  3.393566589E+02  2.868022385E+02  2.236460724E+02  1.687197648E-01 
        49  3.903512947E-02  1.239238609E-01  8.213137167E-02  9.658257959E+04  2.748449779E+02  3.417158458E+02  2.908346479E+02  2.032650470E+02  1.816647761E-01 
        50  3.900153017E-02  1.243001337E-01  8.510504302E-02  9.639797449E+04  2.565618454E+02  3.454357077E+02  2.972074540E+02  1.679622949E+02  1.888278120E-01 
        51  3.889299026E-02  1.246700891E-01  8.806950082E-02  9.636426709E+04  2.397551017E+02  3.493288677E+02  3.039299562E+02  1.203017349E+02  1.583049961E-01 
        52  3.870303970E-02  1.250405990E-01  9.105247242E-02  9.643735645E+04  2.335388689E+02  3.520936031E+02  3.087287178E+02  7.848425388E+01  1.481694973E-02 
        53  3.847530202E-02  1.253810613E-01  9.402032493E-02  9.715377719E+04  2.336257973E+02  3.533430128E+02  3.109182378E+02  4.478680709E+01 -4.287906836E-01 
        54  3.809583015E-02  1.257752167E-01  9.695318516E-02  9.723650293E+04  2.273274422E+02  3.534205208E+02  3.110503922E+02  4.046096706E+01 -8.347356822E-01 
        55  3.767199372E-02  1.261489404E-01  9.992435767E-02  9.790172998E+04  2.394299040E+02  3.525984840E+02  3.096042047E+02  4.785622680E+01 -1.707625404E+00 
        56  3.723780727E-02  1.265196365E-01  1.028569506E-01  1.002781343E+05  2.506681784E+02  3.524032252E+02  3.092609398E+02  6.047423220E+01 -1.326375532E+00 
        57  3.672955052E-02  1.269046997E-01  1.057947981E-01  1.017994620E+05  2.490044429E+02  3.512312999E+02  3.072080932E+02  1.043769631E+02 -1.884122302E-01 
        58  3.615520807E-02  1.273091289E-01  1.087154776E-01  1.028071257E+05  2.394009304E+02  3.487718620E+02  3.029243479E+02  1.513453984E+02  2.355849640E-01 
        59  3.556812424E-02  1.277144368E-01  1.116309472E-01  1.044496469E+05  2.454849861E+02  3.451817849E+02  2.967209160E+02  1.843031662E+02  2.955909215E-01 
        60  3.495651588E-02  1.281329458E-01  1.145394580E-01  1.062277520E+05  2.536975522E+02  3.431087570E+02  2.931645441E+02  1.963796268E+02  2.813156191E-01 
        61  3.433795015E-02  1.285471243E-01  1.174457346E-01  1.075573219E+05  2.566094599E+02  3.428008037E+02  2.926362491E+02  1.942833934E+02  2.565328593E-01 
        62  3.376061330E-02  1.289460490E-01  1.203607660E-01  1.081718008E+05  2.597039661E+02  3.430870993E+02  2.931244829E+02  1.905999328E+02  2.254376928E-01 
        63  3.331803132E-02  1.293309423E-01  1.232882868E-01  1.082032168E+05  2.648349154E+02  3.433285444E+02  2.935370166E+02  1.936038550E+02  2.052660011E-01 
        64  3.310586596E-02  1.296649637E-01  1.262581306E-01  1.080270479E+05  2.693889358E+02  3.433421025E+02  2.935605147E+02  1.989231613E+02  1.977104390E-01 
        65  3.306639982E-02  1.299493947E-01  1.292495641E-01  1.078998681E+05  2.715099910E+02  3.432602756E+02  2.934205836E+02  2.008641699E+02  1.934458938E-01 
        66  3.322486525E-02  1.302097713E-01  1.322380794E-01  1.077824950E+05  2.740309181E+02  3.428274541E+02  2.926812936E+02  2.018453640E+02  1.836180790E-01 
        67  3.356462385E-02  1.304573038E-01  1.352130229E-01  1.076662244E+05  2.737828301E+02  3.427947117E+02  2.926253236E+02  2.030203655E+02  1.915435068E-01 
        68  3.400410102E-02  1.306751199E-01  1.381765647E-01  1.075018354E+05  2.746774335E+02  3.426506295E+02  2.923792534E+02  2.036445458E+02  1.904348473E-01 
        69  3.451963359E-02  1.308741206E-01  1.411278790E-01  1.072551940E+05  2.752242320E+02  3.426419315E+02  2.923644478E+02  2.040374136E+02  1.907967755E-01 
        70  3.508991352E-02  1.310576265E-01  1.440660380E-01  1.069057698E+05  2.761059353E+02  3.425980163E+02  2.922895203E+02  2.052223868E+02  1.920223332E-01 
        71  3.570211579E-02  1.312503676E-01  1.470000000E-01  1.063081201E+05  2.781223030E+02  3.423606606E+02  2.918818130E+02  2.077877216E+02  1.910099890E-01 
        72 -2.843361623E-02  1.708417341E-01 -4.258217492E-02  8.216707544E+04  1.832769184E+02  3.300654230E+02  2.712959232E+02  3.437725611E+02  1.008518450E+00 
        73 -2.838826984E-02  1.709653765E-01 -3.916427879E-02  8.217540991E+04  1.841106141E+02  3.299958787E+02  2.711815541E+02  3.447165442E+02  1.007449588E+00 
        74 -2.835908450E-02  1.711140563E-01 -3.574649433E-02  8.230679053E+04  1.836259249E+02  3.301544166E+02  2.714424231E+02  3.433339806E+02  1.006759514E+00 
        75 -2.838361088E-02  1.712589164E-01 -3.232950605E-02  8.269326489E+04  1.846275315E+02  3.302170973E+02  2.715456553E+02  3.445934763E+02  1.005988393E+00 
        76 -2.841360827E-02  1.714319125E-01 -2.891476756E-02  8.318969434E+04  1.826038942E+02  3.306400843E+02  2.722415209E+02  3.405440860E+02  1.005499318E+00 
        77 -2.833774301E-02  1.716334782E-01 -2.549995819E-02  8.370320502E+04  1.812886130E+02  3.310154727E+02  2.728601396E+02  3.383166013E+02  1.006273679E+00 
        78 -2.791452343E-02  1.719215161E-01 -2.212016887E-02  8.406415625E+04  1.815449476E+02  3.310212135E+02  2.728698330E+02  3.414667606E+02  1.010788605E+00 
        79 -2.700703325E-02  1.722886754E-01 -1.884820631E-02  8.413602612E+04  1.805488386E+02  3.311046886E+02  2.730075216E+02  3.404100590E+02  1.012422740E+00 
        80 -2.544395246E-02  1.727209334E-01 -1.584518523E-02  8.329875848E+04  1.815939716E+02  3.306573679E+02  2.722705975E+02  3.424055765E+02  1.012262088E+00 
        81 -2.351536464E-02  1.732363399E-01 -1.306823492E-02  8.136247401E+04  1.847400764E+02  3.295843467E+02  2.705061654E+02  3.475815681E+02  1.010926072E+00 
        82 -2.134527601E-02  1.737374909E-01 -1.047435973E-02  7.882433629E+04  1.909779819E+02  3.281241966E+02  2.681151962E+02  3.552108648E+02  1.003816484E+00 
        83 -1.897326710E-02  1.742189522E-01 -8.035177519E-03  7.600731201E+04  1.980717469E+02  3.263754767E+02  2.652661500E+02  3.636522033E+02  9.965673443E-01 
        84 -1.652827274E-02  1.746780172E-01 -5.688541800E-03  7.390537543E+04  2.042255263E+02  3.250859146E+02  2.631739223E+02  3.694817114E+02  9.874123167E-01 
        85 -1.397929867E-02  1.751251779E-01 -3.446989688E-03  7.299905383E+04  2.088000698E+02  3.244963880E+02  2.622206345E+02  3.724058952E+02  9.781071562E-01 
        86 -1.139011487E-02  1.755573757E-01 -1.256774906E-03  7.361195459E+04  2.105861819E+02  3.248316402E+02  2.627646527E+02  3.711175394E+02  9.691588227E-01 
        87 -8.734274343E-03  1.759085237E-01  8.667805443E-04  7.788689948E+04  2.051334651E+02  3.275364156E+02  2.671640496E+02  3.594286163E+02  9.648991111E-01 
        88 -6.073383534E-03  1.762548475E-01  2.984781313E-03  8.792483380E+04  1.915593268E+02  3.331413994E+02  2.763867037E+02  3.319899549E+02  9.643339566E-01 
        89 -3.359730182E-03  1.765819110E-01  5.053045394E-03  9.790389264E+04  1.752522501E+02  3.382764761E+02  2.849655195E+02  3.049562078E+02  9.836003361E-01 
        90 -6.741955509E-04  1.768270807E-01  7.130208361E-03  9.697915162E+04  1.692371050E+02  3.374500656E+02  2.835742826E+02  3.111567734E+02  1.013082968E+00 
        91  2.027043660E-03  1.770783858E-01  9.208570588E-03  7.926456100E+04  1.903673900E+02  3.285402063E+02  2.688003877E+02  3.589147398E+02  1.013779315E+00 
        92  4.731686997E-03  1.772422585E-01  1.127155269E-02  7.410726678E+04  2.098755336E+02  3.251006066E+02  2.632003753E+02  3.709691264E+02  9.712181233E-01 
        93  7.454465044E-03  1.773874983E-01  1.334309669E-02  7.389469875E+04  2.093053910E+02  3.249047863E+02  2.628838425E+02  3.726669008E+02  9.766065832E-01 
        94  1.015989937E-02  1.775222933E-01  1.545596277E-02  7.085000822E+04  2.178781914E+02  3.230333400E+02  2.598703608E+02  3.826147005E+02  9.681041281E-01 
        95  1.284858280E-02  1.775661421E-01  1.756817794E-02  6.734542578E+04  2.302558589E+02  3.205072542E+02  2.558217604E+02  3.943663714E+02  9.516848954E-01 
        96  1.551966693E-02  1.776138061E-01  1.970369132E-02  6.435131689E+04  2.385363162E+02  3.185577753E+02  2.527167287E+02  4.016300035E+02  9.400927285E-01 
        97  1.817410325E-02  1.776258069E-01  2.186017323E-02  6.172108325E+04  2.453813572E+02  3.169584050E+02  2.501844258E+02  4.081705136E+02  9.322650749E-01 
        98  2.080993586E-02  1.775631240E-01  2.403936301E-02  5.981055103E+04  2.539471087E+02  3.154868674E+02  2.478685265E+02  4.159210281E+02  9.215509444E-01 
        99  2.341570779E-02  1.774969016E-01  2.625394818E-02  5.927780750E+04  2.589762855E+02  3.152180681E+02  2.474501648E+02  4.169444094E+02  9.074301459E-01 
       100  2.600295182E-02  1.773818036E-01  2.848806157E-02  6.091057251E+04  2.596732683E+02  3.166907063E+02  2.497748947E+02  4.106043034E+02  8.904988691E-01 
       101  2.856627515E-02  1.771883875E-01  3.074502562E-02  6.624228687E+04  2.552484226E+02  3.203459263E+02  2.556229792E+02  3.950722151E+02  8.726648688E-01 
       102  3.110662233E-02  1.769811535E-01  3.302644514E-02  7.483939258E+04  2.449712353E+02  3.260053902E+02  2.647478752E+02  3.687103462E+02  8.533732835E-01 
       103  3.362247542E-02  1.767159818E-01  3.532849163E-02  8.174151001E+04  2.412600183E+02  3.301408253E+02  2.714443879E+02  3.509561186E+02  8.295983989E-01 
       104  3.610895472E-02  1.763647845E-01  3.765120331E-02  8.284813110E+04  2.467889745E+02  3.306550422E+02  2.722724524E+02  3.491824765E+02  8.074359111E-01 
       105  3.856497337E-02  1.759966372E-01  4.000321012E-02  8.019589670E+04  2.560533134E+02  3.290482414E+02  2.696332831E+02  3.569403565E+02  7.906638929E-01 
       106  4.103059304E-02  1.755360248E-01  4.234569910E-02  7.789630355E+04  2.642881045E+02  3.276670175E+02  2.673697589E+02  3.653026345E+02  7.782848782E-01 
       107  4.340106546E-02  1.750377176E-01  4.474435622E-02  7.832377463E+04  2.670893511E+02  3.282186654E+02  2.682719992E+02  3.624354957E+02  7.632637252E-01 
       108  4.575540032E-02  1.745445103E-01  4.717695363E-02  8.185029614E+04  2.670704362E+02  3.302400985E+02  2.715924201E+02  3.530309825E+02  7.457063375E-01 
       109  4.807037784E-02  1.739953488E-01  4.963532790E-02  8.825035620E+04  2.627886724E+02  3.336672392E+02  2.772656746E+02  3.361994066E+02  7.304286547E-01 
       110  5.034733117E-02  1.734133857E-01  5.212084081E-02  9.506316846E+04  2.581805267E+02  3.371523628E+02  2.830809174E+02  3.170006409E+02  7.140409052E-01 
       111  5.258765486E-02  1.728405975E-01  5.464144749E-02  9.960864111E+04  2.570610352E+02  3.394065094E+02  2.868719807E+02  3.056807804E+02  6.996926405E-01 
       112  5.479076840E-02  1.722430532E-01  5.718902978E-02  1.024710010E+05  2.573528042E+02  3.409013691E+02  2.894032097E+02  2.987570248E+02  6.880459804E-01 
       113  5.694737683E-02  1.716020731E-01  5.976586917E-02  1.053802427E+05  2.572729399E+02  3.423517280E+02  2.918712075E+02  2.900339921E+02  6.757363183E-01 
       114  5.911848447E-02  1.709340834E-01  6.233872565E-02  1.088091676E+05  2.563957381E+02  3.438576145E+02  2.944436863E+02  2.815724087E+02  6.669976040E-01 
       115  6.119351897E-02  1.703313828E-01  6.496775561E-02  1.116896475E+05  2.549535666E+02  3.451222620E+02  2.966132154E+02  2.752241368E+02  6.642098539E-01 
       116  6.319798910E-02  1.696485115E-01  6.765543605E-02  1.137569395E+05  2.549002628E+02  3.458752851E+02  2.979086199E+02  2.707295990E+02  6.585995154E-01 
       117  6.520189851E-02  1.689621155E-01  7.034628384E-02  1.157491133E+05  2.541896858E+02  3.466627235E+02  2.992665005E+02  2.648802500E+02  6.543566547E-01 
       118  6.717992039E-02  1.682884043E-01  7.305807409E-02  1.173277710E+05  2.514111948E+02  3.474725828E+02  3.006669827E+02  2.591109810E+02  6.587992068E-01 
       119  6.910755662E-02  1.675987334E-01  7.579818779E-02  1.185094097E+05  2.490223372E+02  3.480565069E+02  3.016772795E+02  2.561661630E+02  6.656563701E-01 
       120  7.101404689E-02  1.668389198E-01  7.852135391E-02  1.194911668E+05  2.468629612E+02  3.484218438E+02  3.023111961E+02  2.547075944E+02  6.727691940E-01 
       121  7.286652020E-02  1.661304029E-01  8.130170181E-02  1.196175408E+05  2.443392124E+02  3.486087491E+02  3.026356862E+02  2.549964157E+02  6.834557571E-01 
       122  7.473378469E-02  1.653966549E-01  8.408122010E-02  1.196636890E+05  2.441050053E+02  3.486453495E+02  3.026993237E+02  2.548435574E+02  6.845317259E-01 
       123  7.654776682E-02  1.646234676E-01  8.688218818E-02  1.196609038E+05  2.432762442E+02  3.488157234E+02  3.029955425E+02  2.533864188E+02  6.867809575E-01 
       124  7.830115451E-02  1.638494494E-01  8.971806956E-02  1.195542280E+05  2.422302647E+02  3.489845695E+02  3.032905102E+02  2.524998074E+02  6.905179881E-01 
       125  8.003223315E-02  1.630890187E-01  9.257063461E-02  1.193386326E+05  2.401127572E+02  3.494526796E+02  3.041083932E+02  2.524756403E+02  6.997282058E-01 
       126  8.174167210E-02  1.623344685E-01  9.543869445E-02  1.190283541E+05  2.397379096E+02  3.498808796E+02  3.048574924E+02  2.509073963E+02  7.006378397E-01 
       127  8.339566060E-02  1.615413001E-01  9.829620033E-02  1.187678436E+05  2.404182176E+02  3.501140899E+02  3.052655938E+02  2.476047559E+02  6.958732635E-01 
       128  8.500809507E-02  1.607572746E-01  1.012133408E-01  1.187028735E+05  2.393736988E+02  3.504844542E+02  3.059121850E+02  2.421397550E+02  6.972992388E-01 
       129  8.654116005E-02  1.600133249E-01  1.041766726E-01  1.186569859E+05  2.356831206E+02  3.515193878E+02  3.077225033E+02  2.352065865E+02  7.105419987E-01 
       130  8.807530659E-02  1.592883350E-01  1.071513815E-01  1.185110085E+05  2.326573949E+02  3.525229068E+02  3.094808927E+02  2.279489331E+02  7.217568457E-01 
       131  8.946870181E-02  1.585918917E-01  1.101955952E-01  1.183439578E+05  2.325368460E+02  3.529829311E+02  3.102860272E+02  2.196618118E+02  7.189146157E-01 
       132  9.078169785E-02  1.579398834E-01  1.132895212E-01  1.184151168E+05  2.339996120E+02  3.529954751E+02  3.103033241E+02  2.099773545E+02  7.091318476E-01 
       133  9.193376095E-02  1.573753789E-01  1.164622823E-01  1.185047618E+05  2.286006825E+02  3.532276483E+02  3.107096834E+02  2.089969184E+02  7.325712889E-01 
       134  9.287851211E-02  1.569754829E-01  1.197270904E-01  1.184767980E+05  2.234993761E+02  3.526755735E+02  3.097420125E+02  2.193478113E+02  7.579937889E-01 
       135  9.346963790E-02  1.567893278E-01  1.230899614E-01  1.185375201E+05  2.291603963E+02  3.509061816E+02  3.066470035E+02  2.360951812E+02  7.418438350E-01 
       136  9.376445592E-02  1.568076376E-01  1.265149706E-01  1.185017893E+05  2.386796312E+02  3.488498316E+02  3.030604582E+02  2.544692836E+02  7.131806510E-01 
       137  9.391306034E-02  1.569225935E-01  1.299303306E-01  1.182636772E+05  2.425802698E+02  3.477724142E+02  3.011865644E+02  2.609822149E+02  7.026028354E-01 
       138  9.402896493E-02  1.570765633E-01  1.333445553E-01  1.180835581E+05  2.420943394E+02  3.476225615E+02  3.009260550E+02  2.597805262E+02  7.041082494E-01 
       139  9.417960043E-02  1.572174564E-01  1.367593072E-01  1.180126829E+05  2.423455205E+02  3.476429358E+02  3.009612937E+02  2.603828402E+02  7.044100687E-01 
       140  9.437397158E-02  1.573466446E-01  1.401725853E-01  1.179530167E+05  2.429157979E+02  3.477486243E+02  3.011442361E+02  2.616508901E+02  7.040571589E-01 
       141  9.455826038E-02  1.574868932E-01  1.435861248E-01  1.179027985E+05  2.433651305E+02  3.479252958E+02  3.014499793E+02  2.620691532E+02  7.033801025E-01 
       142  9.468914447E-02  1.576724412E-01  1.470000022E-01  1.178235415E+05  2.438349943E+02  3.479905815E+02  3.015748405E+02  2.624464798E+02  7.027778551E-01 
       143 -2.515044289E-02  2.387134140E-01 -4.211006034E-02  8.298650000E+04  1.815834554E+02  3.305205767E+02  2.720447436E+02  4.419397999E+02  1.147485581E+00 
       144 -2.515073613E-02  2.387267259E-01 -3.821832766E-02  8.439184750E+04  1.781835166E+02  3.313011153E+02  2.733317356E+02  4.392608952E+02  1.153303780E+00 
       145 -2.514274647E-02  2.387409373E-01 -3.433018188E-02  8.579574799E+04  1.744032682E+02  3.320993397E+02  2.746505276E+02  4.338277509E+02  1.157906256E+00 
       146 -2.514933814E-02  2.387615668E-01 -3.043885368E-02  8.616553711E+04  1.742933707E+02  3.322148103E+02  2.748416437E+02  4.346273075E+02  1.159080355E+00 
       147 -2.514205174E-02  2.387863737E-01 -2.655197175E-02  8.496091365E+04  1.783794333E+02  3.314446666E+02  2.735697262E+02  4.381901610E+02  1.152493583E+00 
       148 -2.514801404E-02  2.388163633E-01 -2.268742808E-02  8.290704503E+04  1.804002845E+02  3.306443767E+02  2.722495393E+02  4.395203832E+02  1.149147946E+00 
       149 -2.514603624E-02  2.387984711E-01 -1.877579094E-02  8.052003711E+04  1.886949692E+02  3.291035194E+02  2.697176056E+02  4.457005501E+02  1.134333596E+00 
       150 -2.513833525E-02  2.388756875E-01 -1.487946342E-02  7.911322149E+04  1.924723650E+02  3.283259270E+02  2.684440874E+02  4.517358317E+02  1.131646071E+00 
       151 -2.514495058E-02  2.389300222E-01 -1.098752945E-02  7.908912576E+04  1.912065240E+02  3.283316979E+02  2.684535369E+02  4.486169746E+02  1.131130558E+00 
       152 -2.501801490E-02  2.389948317E-01 -7.101428526E-03  8.113914914E+04  1.868230228E+02  3.293640486E+02  2.701459562E+02  4.477914361E+02  1.141096629E+00 
       153 -2.403359079E-02  2.391541778E-01 -3.362202731E-03  8.572807932E+04  1.748821835E+02  3.319447646E+02  2.743962290E+02  4.346021631E+02  1.157529513E+00 
       154 -2.203079393E-02  2.393877231E-01 -4.501692070E-05  8.923599798E+04  1.644986197E+02  3.339675333E+02  2.777496305E+02  4.266511886E+02  1.176053822E+00 
       155 -1.942355624E-02  2.396357170E-01  2.825132604E-03  8.674350867E+04  1.727400314E+02  3.324839066E+02  2.752901828E+02  4.342121338E+02  1.162259088E+00 
       156 -1.648721574E-02  2.398964014E-01  5.342831758E-03  8.191901532E+04  1.851695142E+02  3.297536843E+02  2.707866297E+02  4.428120162E+02  1.139492688E+00 
       157 -1.330897545E-02  2.400801911E-01  7.594698846E-03  8.031351208E+04  1.871575348E+02  3.289644532E+02  2.694898591E+02  4.484801106E+02  1.140647599E+00 
       158 -1.004552185E-02  2.402353079E-01  9.709455816E-03  8.063315942E+04  1.867666824E+02  3.288973722E+02  2.693810067E+02  4.442704911E+02  1.137427347E+00 
       159 -6.714656287E-03  2.403804415E-01  1.171394437E-02  8.069643700E+04  1.841356637E+02  3.291521140E+02  2.697976806E+02  4.471088600E+02  1.147310496E+00 
       160 -3.322138608E-03  2.404066774E-01  1.362735999E-02  7.997234735E+04  1.847388589E+02  3.288166916E+02  2.692482172E+02  4.474583035E+02  1.146764333E+00 
       161  9.783589121E-05  2.404201762E-01  1.547870720E-02  7.972371838E+04  1.873019202E+02  3.283828225E+02  2.685403905E+02  4.476447663E+02  1.141895611E+00 
       162  3.534439975E-03  2.403949673E-01  1.730379042E-02  8.160958032E+04  1.840974627E+02  3.295752029E+02  2.705089006E+02  4.454954834E+02  1.151103359E+00 
       163  6.969024296E-03  2.402279751E-01  1.908412837E-02  9.162835071E+04  1.554806566E+02  3.354207311E+02  2.802023122E+02  4.185808232E+02  1.198120984E+00 
       164  1.043411823E-02  2.400800089E-01  2.085152946E-02  7.883685870E+04  1.881972865E+02  3.289032986E+02  2.693949136E+02  4.476192048E+02  1.141004079E+00 
       165  1.388371434E-02  2.398652026E-01  2.263181169E-02  7.937037598E+04  1.878241174E+02  3.287262003E+02  2.691040108E+02  4.491241007E+02  1.142891076E+00 
       166  1.734145131E-02  2.394992745E-01  2.440657916E-02  7.898192822E+04  1.878046632E+02  3.286176081E+02  2.689230368E+02  4.479669995E+02  1.142543271E+00 
       167  2.080043859E-02  2.391294908E-01  2.615375350E-02  7.890358354E+04  1.871038787E+02  3.288867837E+02  2.693641756E+02  4.429573640E+02  1.139272763E+00 
       168  2.424052770E-02  2.387186889E-01  2.792040504E-02  7.903305762E+04  1.903062692E+02  3.287649145E+02  2.691640909E+02  4.476142197E+02  1.135878243E+00 
       169  2.766624902E-02  2.381908713E-01  2.968394578E-02  7.879943811E+04  1.919832969E+02  3.287890677E+02  2.692027044E+02  4.456356640E+02  1.129769381E+00 
       170  3.108229850E-02  2.375970478E-01  3.144655572E-02  7.844341821E+04  1.938620403E+02  3.287288113E+02  2.691040096E+02  4.420431232E+02  1.122075016E+00 
       171  3.449726266E-02  2.369314331E-01  3.319569832E-02  7.850148779E+04  1.963461715E+02  3.287158196E+02  2.690840693E+02  4.439171631E+02  1.118769906E+00 
       172  3.787267708E-02  2.362004853E-01  3.498142333E-02  7.889046643E+04  1.995868545E+02  3.287796240E+02  2.691907549E+02  4.440902252E+02  1.112906558E+00 
       173  4.123744789E-02  2.354271843E-01  3.677379579E-02  7.921288281E+04  2.009240828E+02  3.289716187E+02  2.695053687E+02  4.421125126E+02  1.109679256E+00 
       174  4.456263149E-02  2.345133553E-01  3.856958315E-02  7.880925992E+04  2.034353051E+02  3.287661139E+02  2.691673732E+02  4.409963965E+02  1.103437449E+00 
       175  4.789152860E-02  2.335402793E-01  4.034492433E-02  7.712820035E+04  2.085616395E+02  3.278142416E+02  2.676130147E+02  4.458672128E+02  1.097129482E+00 
       176  5.119514426E-02  2.325727211E-01  4.215365701E-02  7.503221347E+04  2.126839007E+02  3.267675173E+02  2.659081896E+02  4.480432702E+02  1.090840037E+00 
       177  5.444737908E-02  2.314873556E-01  4.396264389E-02  7.315635062E+04  2.182110189E+02  3.256343566E+02  2.640645952E+02  4.503609840E+02  1.081291334E+00 
       178  5.771043354E-02  2.303389779E-01  4.576361213E-02  7.105563858E+04  2.243980325E+02  3.241940862E+02  2.617415022E+02  4.531087470E+02  1.070596442E+00 
       179  6.093363739E-02  2.292015055E-01  4.761570799E-02  6.860865637E+04  2.341526132E+02  3.224483156E+02  2.589250598E+02  4.603704681E+02  1.053710610E+00 
       180  6.411569228E-02  2.279427553E-01  4.946832252E-02  6.684730664E+04  2.455224419E+02  3.214567909E+02  2.573354998E+02  4.643204403E+02  1.030232530E+00 
       181  6.728438578E-02  2.267057043E-01  5.135068917E-02  6.938257532E+04  2.597951546E+02  3.230275269E+02  2.598689861E+02  4.653481903E+02  9.926866945E-01 
       182  7.045491472E-02  2.254566135E-01  5.324396322E-02  8.099000916E+04  2.657133150E+02  3.299955645E+02  2.712534666E+02  4.368349614E+02  9.421925880E-01 
       183  7.352398986E-02  2.240979077E-01  5.520813549E-02  9.654928833E+04  2.520341525E+02  3.377748561E+02  2.841566195E+02  4.057368984E+02  9.439092930E-01 
       184  7.654294831E-02  2.227589545E-01  5.724026033E-02  1.044361702E+05  2.361411024E+02  3.422502578E+02  2.917032046E+02  3.885026623E+02  9.699105583E-01 
       185  7.954929441E-02  2.214414527E-01  5.933596166E-02  1.085917258E+05  2.445384469E+02  3.439900942E+02  2.946853690E+02  3.765886087E+02  9.373142049E-01 
       186  8.244157493E-02  2.200232159E-01  6.149679439E-02  1.249420137E+05  2.454234238E+02  3.502371368E+02  3.054756699E+02  3.463790436E+02  9.164580554E-01 
       187  8.531452000E-02  2.186177542E-01  6.372436707E-02  1.190899045E+05  2.386262720E+02  3.492186334E+02  3.036985184E+02  3.523444121E+02  9.349247534E-01 
       188  8.816039266E-02  2.172472440E-01  6.601424901E-02  1.211039644E+05  2.338754406E+02  3.498764601E+02  3.048430223E+02  3.501146255E+02  9.467077758E-01 
       189  9.092008057E-02  2.157826082E-01  6.831794754E-02  1.215920521E+05  2.292991548E+02  3.495589336E+02  3.042884943E+02  3.502566415E+02  9.583793378E-01 
       190  9.367581728E-02  2.143255962E-01  7.064980943E-02  1.217996286E+05  2.227372370E+02  3.499502746E+02  3.049699829E+02  3.460024025E+02  9.743077654E-01 
       191  9.641114101E-02  2.128789625E-01  7.302159977E-02  1.224115950E+05  2.195428483E+02  3.502132328E+02  3.054281949E+02  3.458029940E+02  9.831094365E-01 
       192  9.907895187E-02  2.114028516E-01  7.542603674E-02  1.225850443E+05  2.212598791E+02  3.501782012E+02  3.053677523E+02  3.463823059E+02  9.775740858E-01 
       193  1.016896232E-01  2.099003163E-01  7.789626121E-02  1.225690936E+05  2.222102978E+02  3.502600760E+02  3.055097523E+02  3.442959757E+02  9.734919136E-01 
       194  1.042573666E-01  2.084682280E-01  8.044071344E-02  1.226764203E+05  2.206012635E+02  3.508097751E+02  3.064712870E+02  3.434990377E+02  9.772941256E-01 
       195  1.067132028E-01  2.069758083E-01  8.306726980E-02  1.227866324E+05  2.232965798E+02  3.511325623E+02  3.070373891E+02  3.422007178E+02  9.687777938E-01 
       196  1.091091693E-01  2.055182938E-01  8.576040538E-02  1.228890080E+05  2.221248931E+02  3.526773752E+02  3.097496981E+02  3.387408749E+02  9.710872239E-01 
       197  1.114533399E-01  2.040960959E-01  8.851719904E-02  1.227990840E+05  2.240283636E+02  3.539764054E+02  3.120419052E+02  3.326042064E+02  9.636857165E-01 
       198  1.136946430E-01  2.026973542E-01  9.137514269E-02  1.226166499E+05  2.254815350E+02  3.554446849E+02  3.146365998E+02  3.224025604E+02  9.582007961E-01 
       199  1.158224243E-01  2.012857480E-01  9.431046231E-02  1.224824429E+05  2.260125823E+02  3.571010170E+02  3.175712958E+02  3.082168611E+02  9.582848078E-01 
       200  1.177983438E-01  1.999614296E-01  9.738734661E-02  1.223066175E+05  2.288789809E+02  3.580683627E+02  3.192872277E+02  2.930570664E+02  9.531392786E-01 
       201  1.195376812E-01  1.988013159E-01  1.006637087E-01  1.223054279E+05  2.327989901E+02  3.580463786E+02  3.192458401E+02  2.836775843E+02  9.424399125E-01 
       202  1.207748534E-01  1.979244993E-01  1.042263433E-01  1.221097477E+05  2.342177353E+02  3.568401198E+02  3.171041844E+02  2.939360175E+02  9.355963157E-01 
       203  1.209766187E-01  1.976967879E-01  1.080979692E-01  1.222322973E+05  2.333655595E+02  3.541634805E+02  3.123695040E+02  3.262594619E+02  9.352126207E-01 
       204  1.209415894E-01  1.976147862E-01  1.119887176E-01  1.224654312E+05  2.293472767E+02  3.519648148E+02  3.084983962E+02  3.354452182E+02  9.454238424E-01 
       205  1.209136670E-01  1.975679793E-01  1.158784497E-01  1.225754749E+05  2.256781677E+02  3.510231761E+02  3.068445637E+02  3.406640908E+02  9.564326368E-01 
       206  1.209140530E-01  1.975343277E-01  1.197687765E-01  1.225937557E+05  2.218685302E+02  3.510415601E+02  3.068763634E+02  3.406853923E+02  9.675575835E-01 
       207  1.209033119E-01  1.974945510E-01  1.236620610E-01  1.225921270E+05  2.200994272E+02  3.513958054E+02  3.074976166E+02  3.351154144E+02  9.716173471E-01 
       208  1.208998844E-01  1.975608583E-01  1.275528569E-01  1.225025530E+05  2.208047885E+02  3.519127297E+02  3.084091763E+02  3.373865227E+02  9.710091928E-01 
       209  1.209086196E-01  1.975927695E-01  1.314428594E-01  1.224774274E+05  2.203888762E+02  3.526012893E+02  3.096202902E+02  3.365654422E+02  9.722597835E-01 
       210  1.209261261E-01  1.976437754E-01  1.353324952E-01  1.225060341E+05  2.220095395E+02  3.530865534E+02  3.104745334E+02  3.309245914E+02  9.670165370E-01 
       211  1.209477387E-01  1.976921952E-01  1.392217013E-01  1.224957693E+05  2.211239308E+02  3.537824346E+02  3.116993958E+02  3.223199978E+02  9.704474618E-01 
       212  1.209659901E-01  1.977439656E-01  1.431109690E-01  1.227867152E+05  2.193092012E+02  3.547971480E+02  3.134739258E+02  3.085541964E+02  9.768388874E-01 
       213  1.210017723E-01  1.977818072E-01  1.470000027E-01  1.231221387E+05  2.207629938E+02  3.552666178E+02  3.141292000E+02  3.018789434E+02  9.736872017E-01 
       214 -1.337431699E-02  1.053111530E-01 -4.600000000E-02  8.757352246E+04  1.547414970E+02  3.330316238E+02  2.762695045E+02  2.357072468E+02  8.546340317E-01 
       215 -1.336879354E-02  1.054912688E-01 -4.299898917E-02  8.744771680E+04  1.539497781E+02  3.330474033E+02  2.762199492E+02  2.358314552E+02  8.595966008E-01 
       216 -1.321272523E-02  1.057016208E-01 -4.000664894E-02  8.748321631E+04  1.541179628E+02  3.330175171E+02  2.761703472E+02  2.362261057E+02  8.602929451E-01 
       217 -1.269691607E-02  1.059729593E-01 -3.706120983E-02  8.737203227E+04  1.548939105E+02  3.329408636E+02  2.760432157E+02  2.368562358E+02  8.584875599E-01 
       218 -1.181263769E-02  1.063072321E-01 -3.420969757E-02  8.718473737E+04  1.562310544E+02  3.328292507E+02  2.758581716E+02  2.382274712E+02  8.563358387E-01 
       219 -1.066241908E-02  1.066659143E-01 -3.145726216E-02  8.710961471E+04  1.566702295E+02  3.328102522E+02  2.758267122E+02  2.390108542E+02  8.570530356E-01 
       220 -9.280794463E-03  1.070573859E-01 -2.881758489E-02  8.691925769E+04  1.573068380E+02  3.327407827E+02  2.757115951E+02  2.394496938E+02  8.555968573E-01 
       221 -7.735023178E-03  1.074435380E-01 -2.626912607E-02  8.679496082E+04  1.580911431E+02  3.326862993E+02  2.756212468E+02  2.401801130E+02  8.543628259E-01 
       222 -6.047350445E-03  1.078135440E-01 -2.381048416E-02  8.668474404E+04  1.589643572E+02  3.325833529E+02  2.754507226E+02  2.407771682E+02  8.522910530E-01 
       223 -4.299611852E-03  1.081916589E-01 -2.139379423E-02  8.661886034E+04  1.591639208E+02  3.326848401E+02  2.756189266E+02  2.409219402E+02  8.522399794E-01 
       224 -2.461870607E-03  1.085505379E-01 -1.904289133E-02  8.670524342E+04  1.597459159E+02  3.325881638E+02  2.754587011E+02  2.416773608E+02  8.523598383E-01 
       225 -5.886173328E-04  1.088780789E-01 -1.671486844E-02  8.680383943E+04  1.598091963E+02  3.327033356E+02  2.756495065E+02  2.417344493E+02  8.528342288E-01 
       226  1.337912187E-03  1.092215599E-01 -1.443302686E-02  8.689058393E+04  1.590630971E+02  3.326509709E+02  2.755627907E+02  2.418220826E+02  8.573714220E-01 
       227  3.290030235E-03  1.094941851E-01 -1.216353628E-02  8.674859333E+04  1.593152776E+02  3.324943358E+02  2.753034040E+02  2.436857072E+02  8.632338755E-01 
       228  5.262023684E-03  1.097864070E-01 -9.913643549E-03  8.612419240E+04  1.598550965E+02  3.321251092E+02  2.746924962E+02  2.465616222E+02  8.710594999E-01 
       229  7.256339014E-03  1.100495762E-01 -7.679258903E-03  8.424602973E+04  1.647507123E+02  3.310881184E+02  2.729803694E+02  2.542354109E+02  8.726665747E-01 
       230  9.250945095E-03  1.102792579E-01 -5.441700620E-03  8.182499198E+04  1.722686418E+02  3.299234407E+02  2.710628846E+02  2.616873565E+02  8.605814847E-01 
       231  1.125130268E-02  1.105297001E-01 -3.209862298E-03  8.059752979E+04  1.798290257E+02  3.293599854E+02  2.701376143E+02  2.659144144E+02  8.359356634E-01 
       232  1.324504242E-02  1.107259366E-01 -9.692227629E-04  8.139672095E+04  1.834205742E+02  3.297657814E+02  2.708038568E+02  2.638423872E+02  8.099468909E-01 
       233  1.522818012E-02  1.109344875E-01  1.280794701E-03  8.325618115E+04  1.843326225E+02  3.307650375E+02  2.724483318E+02  2.584169645E+02  7.864679918E-01 
       234  1.717717000E-02  1.111306516E-01  3.565314237E-03  8.535513477E+04  1.831270180E+02  3.320704994E+02  2.746029778E+02  2.500560875E+02  7.643464580E-01 
       235  2.098827574E-02  1.115152878E-01  8.199040730E-03  8.927143359E+04  1.864750834E+02  3.341865425E+02  2.781142216E+02  2.374397850E+02  7.071975432E-01 
       236  2.283804163E-02  1.116790561E-01  1.055952489E-02  9.056768225E+04  1.889885012E+02  3.355122359E+02  2.803237031E+02  2.292468778E+02  6.682921653E-01 
       237  2.632960383E-02  1.121198866E-01  1.543269692E-02  9.110327588E+04  2.049696808E+02  3.353428764E+02  2.800409679E+02  2.309518509E+02  5.887555592E-01 
       238  2.959379811E-02  1.126564718E-01  2.044933110E-02  9.032010974E+04  2.205711246E+02  3.350045714E+02  2.794760227E+02  2.362946620E+02  5.247307299E-01 
       239  3.114059063E-02  1.129278581E-01  2.301118304E-02  8.984349854E+04  2.282955649E+02  3.348964384E+02  2.792957319E+02  2.390484340E+02  4.937816814E-01 
       240  3.264987762E-02  1.132456905E-01  2.559358749E-02  8.925300397E+04  2.351656743E+02  3.345216452E+02  2.786711420E+02  2.416746610E+02  4.677920000E-01 
       241  3.807676132E-02  1.146676712E-01  3.621643154E-02  8.780675226E+04  2.607593368E+02  3.336732244E+02  2.772589485E+02  2.508061324E+02  3.706981391E-01 
       242  3.928374460E-02  1.150413043E-01  3.894926042E-02  8.794750159E+04  2.658498375E+02  3.341210799E+02  2.780049591E+02  2.519730575E+02  3.494538856E-01 
       243  4.044503934E-02  1.154301055E-01  4.169676193E-02  8.835707361E+04  2.696279635E+02  3.344799453E+02  2.786027618E+02  2.509981777E+02  3.276053558E-01 
       244  4.154949506E-02  1.158110833E-01  4.446441861E-02  8.901915234E+04  2.731454639E+02  3.348117542E+02  2.791567039E+02  2.494993420E+02  3.050347846E-01 
       245  4.259018966E-02  1.161595968E-01  4.726780086E-02  8.992604212E+04  2.760655697E+02  3.352361884E+02  2.798657124E+02  2.475523064E+02  2.837992718E-01 
       246  4.357921759E-02  1.165132208E-01  5.008364009E-02  9.108352295E+04  2.776617765E+02  3.358771038E+02  2.809357796E+02  2.443368158E+02  2.650681576E-01 
       247  4.448002582E-02  1.168267471E-01  5.293502673E-02  9.247169054E+04  2.796446573E+02  3.364961598E+02  2.819720370E+02  2.405270636E+02  2.413709050E-01 
       248  4.534234860E-02  1.171711221E-01  5.579536500E-02  9.389779639E+04  2.798772564E+02  3.372955971E+02  2.833139229E+02  2.359270706E+02  2.250322187E-01 
       249  4.612355051E-02  1.174912616E-01  5.867935283E-02  9.520483984E+04  2.812444496E+02  3.379090385E+02  2.843451195E+02  2.322776222E+02  2.053548042E-01 
       250  4.681688670E-02  1.178330389E-01  6.158342338E-02  9.636303125E+04  2.823305817E+02  3.384697800E+02  2.852891769E+02  2.293833694E+02  1.905842088E-01 
       251  4.742483443E-02  1.181684938E-01  6.451168194E-02  9.732630762E+04  2.831746902E+02  3.389849586E+02  2.861576614E+02  2.269334736E+02  1.789662633E-01 
       252  4.796175059E-02  1.184973583E-01  6.744925218E-02  9.807975391E+04  2.844759378E+02  3.393896370E+02  2.868408241E+02  2.248199892E+02  1.656364696E-01 
       253  4.839690646E-02  1.188449776E-01  7.040346354E-02  9.866458005E+04  2.860817553E+02  3.396303598E+02  2.872477094E+02  2.232996626E+02  1.528228809E-01 
       254  4.867844520E-02  1.192029192E-01  7.337369276E-02  9.903923123E+04  2.882775624E+02  3.397320352E+02  2.874199937E+02  2.231443180E+02  1.416980052E-01 
       255  4.889804354E-02  1.195863964E-01  7.634446821E-02  9.936811845E+04  2.901705028E+02  3.397542888E+02  2.874577057E+02  2.226153196E+02  1.307349662E-01 
       256  4.901527392E-02  1.199575346E-01  7.936475415E-02  9.943416779E+04  2.919762414E+02  3.399006273E+02  2.877057631E+02  2.228821672E+02  1.234206513E-01 
       257  4.897414798E-02  1.207471392E-01  8.530893469E-02  9.959250781E+04  2.968209839E+02  3.400317917E+02  2.879272194E+02  2.243086014E+02  1.043292973E-01 
       258  4.879835866E-02  1.211503063E-01  8.827262235E-02  9.962452441E+04  2.991154480E+02  3.398586197E+02  2.876339302E+02  2.249632149E+02  9.503509011E-02 
       259  4.854576088E-02  1.215647590E-01  9.126615169E-02  9.977969473E+04  2.998688506E+02  3.398331379E+02  2.875906632E+02  2.259776356E+02  9.672687404E-02 
       260  4.818457029E-02  1.219712360E-01  9.420996830E-02  1.000868327E+05  3.007739103E+02  3.399236186E+02  2.877439751E+02  2.246686061E+02  8.736595031E-02 
       261  4.782320061E-02  1.224212570E-01  9.713670139E-02  1.004955869E+05  3.006789665E+02  3.401514149E+02  2.881305428E+02  2.236730299E+02  8.575398568E-02 
       262  4.734997920E-02  1.228526278E-01  1.001180955E-01  1.013412559E+05  3.009896393E+02  3.405766029E+02  2.888504753E+02  2.217087479E+02  7.704997808E-02 
       263  4.683890011E-02  1.232935874E-01  1.030087938E-01  1.027452160E+05  2.984540194E+02  3.414849155E+02  2.903941101E+02  2.172450182E+02  7.588194206E-02 
       264  4.566507936E-02  1.242316696E-01  1.088390156E-01  1.049997400E+05  2.925375025E+02  3.419348508E+02  2.911595098E+02  2.097554855E+02  8.530292293E-02 
       265  4.352639189E-02  1.257122811E-01  1.174848542E-01  1.076295989E+05  2.662323033E+02  3.454519649E+02  2.971868154E+02  1.778447523E+02  1.429995559E-01 
       266  4.289440586E-02  1.261798267E-01  1.203730247E-01  1.078778545E+05  2.393084394E+02  3.481175046E+02  3.017927743E+02  1.456235187E+02  2.333878588E-01 
       267  4.242365191E-02  1.265975250E-01  1.232861776E-01  1.084939602E+05  2.257435399E+02  3.498520348E+02  3.047991540E+02  1.316836650E+02  2.896324214E-01 
       268  4.208270049E-02  1.270006734E-01  1.262530889E-01  1.086546348E+05  2.424362373E+02  3.492383881E+02  3.037309914E+02  1.395183964E+02  1.784135941E-01 
       269  4.202415066E-02  1.273246053E-01  1.292418903E-01  1.080953276E+05  2.584307595E+02  3.480145049E+02  3.016072233E+02  1.467819207E+02  8.204216616E-02 
       270  4.218523596E-02  1.275849052E-01  1.322314117E-01  1.069766136E+05  2.607349702E+02  3.473426360E+02  3.004418752E+02  1.447322704E+02  6.113597610E-02 
       271  4.252691668E-02  1.278080741E-01  1.352038484E-01  1.063546163E+05  2.528450561E+02  3.477848745E+02  3.012101086E+02  1.442158110E+02  1.237198966E-01 
       272  4.296344289E-02  1.279984053E-01  1.381664338E-01  1.063643017E+05  2.478039961E+02  3.477205080E+02  3.011036074E+02  1.523617428E+02  1.940739939E-01 
       273  4.347514252E-02  1.281630447E-01  1.411197974E-01  1.064412674E+05  2.500352767E+02  3.474941836E+02  3.007119653E+02  1.607575735E+02  2.087587931E-01 
       274  4.403358971E-02  1.283124551E-01  1.440677535E-01  1.064072530E+05  2.544735960E+02  3.476240116E+02  3.009316439E+02  1.662403766E+02  1.981675203E-01 
       275  4.466583781E-02  1.284644007E-01  1.470000034E-01  1.062948681E+05  2.583778893E+02  3.474335966E+02  2.939344670E+02  1.695491936E+02  1.846771867E-01 
       276 -1.390154712E-02  1.725232616E-01 -4.600000033E-02  8.225158882E+04  1.811550898E+02  3.303576387E+02  2.713877679E+02  3.411289897E+02  1.010876215E+00 
       277 -1.389524734E-02  1.726308379E-01 -4.258575940E-02  8.262082782E+04  1.816213772E+02  3.303001475E+02  2.716817976E+02  3.425608459E+02  1.011895669E+00 
       278 -1.388827040E-02  1.727470810E-01 -3.919459871E-02  8.281043837E+04  1.816341341E+02  3.303102615E+02  2.716985413E+02  3.436238639E+02  1.013842423E+00 
       279 -1.387976982E-02  1.728866868E-01 -3.575874102E-02  8.261193423E+04  1.818132969E+02  3.303011720E+02  2.716836885E+02  3.436486270E+02  1.013366476E+00 
       280 -1.386962822E-02  1.730354599E-01 -3.234598001E-02  8.296902668E+04  1.825591163E+02  3.301898301E+02  2.715005708E+02  3.438396567E+02  1.011810126E+00 
       281 -1.385715910E-02  1.732129765E-01 -2.893478341E-02  8.219840722E+04  1.832805390E+02  3.299737954E+02  2.711452445E+02  3.456059023E+02  1.014402071E+00 
       282 -1.381464856E-02  1.733989484E-01 -2.553958976E-02  8.200798305E+04  1.840235921E+02  3.296617946E+02  2.706331502E+02  3.459895620E+02  1.014714676E+00 
       283 -1.334927366E-02  1.736519924E-01 -2.216152427E-02  8.111142180E+04  1.875953237E+02  3.290142612E+02  2.695711428E+02  3.485038276E+02  1.007466662E+00 
       284 -1.220387625E-02  1.739549638E-01 -1.896956374E-02  7.983081299E+04  1.900732527E+02  3.283921452E+02  2.685525036E+02  3.538459988E+02  1.006781779E+00 
       285 -1.057589609E-02  1.742731966E-01 -1.599005111E-02  7.841080001E+04  1.926850536E+02  3.277656580E+02  2.675294545E+02  3.578093075E+02  1.003505094E+00 
       286 -8.586070527E-03  1.745821273E-01 -1.323108332E-02  7.672189005E+04  1.976339776E+02  3.269935897E+02  2.662713486E+02  3.604371029E+02  9.912239944E-01 
       287 -6.371188279E-03  1.748941133E-01 -1.065117603E-02  7.605529073E+04  2.002383005E+02  3.268197608E+02  2.659883885E+02  3.614385758E+02  9.847174243E-01 
       288 -3.959984913E-03  1.752012559E-01 -8.251810021E-03  7.769220844E+04  1.983454209E+02  3.279145484E+02  2.677747851E+02  3.553578682E+02  9.796878618E-01 
       289 -1.474621790E-03  1.754287438E-01 -5.921768022E-03  8.244264278E+04  1.922446245E+02  3.302640853E+02  2.716324706E+02  3.447846315E+02  9.815237660E-01 
       290  1.096342236E-03  1.756586641E-01 -3.684409899E-03  8.882650854E+04  1.808487507E+02  3.332644914E+02  2.765873785E+02  3.270459219E+02  9.929026488E-01 
       291  3.722457199E-03  1.758529720E-01 -1.512169024E-03  9.123501733E+04  1.743343825E+02  3.344494772E+02  2.785512562E+02  3.244027195E+02  1.009777587E+00 
       292  6.390497491E-03  1.759799744E-01  6.206893580E-04  8.835331104E+04  1.776631250E+02  3.329620209E+02  2.760866699E+02  3.347712479E+02  1.014617510E+00 
       293  1.179759467E-02  1.761809281E-01  4.808741428E-03  7.636766211E+04  1.999360046E+02  3.268003006E+02  2.659602089E+02  3.645208817E+02  9.912164509E-01 
       294  1.450804596E-02  1.762121176E-01  6.883706551E-03  7.282320313E+04  2.079953690E+02  3.244345360E+02  2.621223431E+02  3.758895912E+02  9.865793437E-01 
       295  1.722225861E-02  1.762495216E-01  8.953048646E-03  7.094983594E+04  2.122699699E+02  3.232431297E+02  2.601985779E+02  3.819192314E+02  9.845983684E-01 
       296  1.993233776E-02  1.761597577E-01  1.102855473E-02  6.938679785E+04  2.170174427E+02  3.222667084E+02  2.586301193E+02  3.851869125E+02  9.753946438E-01 
       297  2.263244469E-02  1.760920636E-01  1.311525345E-02  6.764315039E+04  2.229503384E+02  3.210347214E+02  2.566561489E+02  3.902997055E+02  9.665433019E-01 
       298  2.532249661E-02  1.759768902E-01  1.521525865E-02  6.600403906E+04  2.283603182E+02  3.200296154E+02  2.550507221E+02  3.943111515E+02  9.571121968E-01 
       299  2.800116021E-02  1.758008440E-01  1.732596334E-02  6.563530908E+04  2.335539703E+02  3.196400099E+02  2.544298506E+02  3.966723509E+02  9.449580647E-01 
       300  3.066011949E-02  1.756198651E-01  1.946182943E-02  6.791869788E+04  2.357963953E+02  3.208061824E+02  2.562977653E+02  3.919284310E+02  9.272728059E-01 
       301  3.850917716E-02  1.748410184E-01  2.602581626E-02  8.689281323E+04  2.353380127E+02  3.336245832E+02  2.771834650E+02  3.369209175E+02  8.240472954E-01 
       302  4.358739934E-02  1.740919978E-01  3.053362568E-02  8.633983716E+04  2.390177050E+02  3.328642654E+02  2.759175301E+02  3.430368710E+02  8.224540949E-01 
       303  4.609287257E-02  1.736863543E-01  3.281922705E-02  8.524285156E+04  2.402684517E+02  3.326456413E+02  2.755545626E+02  3.445682478E+02  8.212148547E-01 
       304  4.855845708E-02  1.731970535E-01  3.512834265E-02  8.467561035E+04  2.434911509E+02  3.323553143E+02  2.750738506E+02  3.443788958E+02  8.098371625E-01 
       305  5.100043215E-02  1.726458906E-01  3.745772352E-02  8.537890454E+04  2.465444021E+02  3.327459941E+02  2.757214594E+02  3.417843013E+02  7.951971553E-01 
       306  5.340036417E-02  1.720848619E-01  3.982071753E-02  8.843692688E+04  2.479418809E+02  3.344036188E+02  2.784801586E+02  3.350894933E+02  7.795472350E-01 
       307  5.576533568E-02  1.714326002E-01  4.220398857E-02  9.383072549E+04  2.465424818E+02  3.372909200E+02  2.833136488E+02  3.217119715E+02  7.629903746E-01 
       308  5.808130114E-02  1.707532671E-01  4.462162642E-02  9.964629570E+04  2.432882434E+02  3.404469387E+02  2.886388502E+02  3.063516117E+02  7.512064805E-01 
       309  6.913202621E-02  1.670049815E-01  5.708998555E-02  1.129271204E+05  2.425867033E+02  3.470805783E+02  2.999900398E+02  2.741226940E+02  7.105459813E-01 
       310  7.325557335E-02  1.653928843E-01  6.228962682E-02  1.156041384E+05  2.422243205E+02  3.482221153E+02  3.019659142E+02  2.658586937E+02  7.025510133E-01 
       311  7.526114685E-02  1.645964451E-01  6.493668120E-02  1.166307852E+05  2.408290730E+02  3.487302551E+02  3.028475838E+02  2.642028999E+02  7.077297717E-01 
       312  8.099008587E-02  1.620989224E-01  7.305121222E-02  1.185651953E+05  2.384336014E+02  3.493513527E+02  3.039264832E+02  2.568922920E+02  7.092109919E-01 
       313  8.281625202E-02  1.612441772E-01  7.580722199E-02  1.187824980E+05  2.374829407E+02  3.493492737E+02  3.039228096E+02  2.569902763E+02  7.137291133E-01 
       314  8.462318717E-02  1.604029889E-01  7.856519154E-02  1.190357395E+05  2.370379915E+02  3.493602686E+02  3.039418135E+02  2.574010706E+02  7.172072493E-01 
       315  8.638808364E-02  1.595156660E-01  8.135371941E-02  1.191733069E+05  2.374940953E+02  3.492567320E+02  3.037616482E+02  2.565722036E+02  7.153191492E-01 
       316  8.818531781E-02  1.586346563E-01  8.418846896E-02  1.191590617E+05  2.387688337E+02  3.489557105E+02  3.032382298E+02  2.554390616E+02  7.075705760E-01 
       317  9.153487112E-02  1.568453452E-01  8.985396979E-02  1.190597611E+05  2.391125634E+02  3.488459864E+02  3.030480371E+02  2.565542340E+02  7.079631323E-01 
       318  9.319079870E-02  1.559467714E-01  9.269883327E-02  1.190159043E+05  2.385037766E+02  3.489057102E+02  3.031520290E+02  2.566254787E+02  7.106608637E-01 
       319  9.639067810E-02  1.541493463E-01  9.845101971E-02  1.189916006E+05  2.389380074E+02  3.486953735E+02  3.027860870E+02  2.552062550E+02  7.085639462E-01 
       320  9.789700787E-02  1.532238030E-01  1.013752208E-01  1.190141729E+05  2.397695847E+02  3.485494609E+02  3.025325985E+02  2.546482005E+02  7.037932100E-01 
       321  9.939560036E-02  1.523575645E-01  1.043121280E-01  1.190062568E+05  2.404075108E+02  3.483504372E+02  3.021870441E+02  2.549334030E+02  7.022150978E-01 
       322  1.008373928E-01  1.515239935E-01  1.072922639E-01  1.188825605E+05  2.408400936E+02  3.481606827E+02  3.018579063E+02  2.559105225E+02  7.021025717E-01 
       323  1.021925752E-01  1.507164957E-01  1.103173974E-01  1.187274539E+05  2.419125485E+02  3.479652414E+02  3.015193510E+02  2.571871047E+02  6.988146249E-01 
       324  1.063175391E-01  1.486079647E-01  1.265700906E-01  1.181327246E+05  2.422084351E+02  3.486536179E+02  3.027163429E+02  2.554912376E+02  6.982595921E-01 
       325  1.064822206E-01  1.487022474E-01  1.299738775E-01  1.183424004E+05  2.389219055E+02  3.499602051E+02  3.049914551E+02  2.470936279E+02  7.059146911E-01 
       326  1.066476119E-01  1.488146338E-01  1.333799290E-01  1.183285586E+05  2.331689644E+02  3.515077362E+02  3.076940918E+02  2.326584053E+02  7.235724479E-01 
       327  1.068180965E-01  1.489318139E-01  1.367854531E-01  1.180831074E+05  2.293143196E+02  3.523782005E+02  3.092167053E+02  2.214609604E+02  7.381304577E-01 
       328  1.069979625E-01  1.490578552E-01  1.401905319E-01  1.179513584E+05  2.312178650E+02  3.518697662E+02  3.083256035E+02  2.256239815E+02  7.333111987E-01 
       329  1.071817424E-01  1.491887345E-01  1.435955648E-01  1.180399165E+05  2.355835934E+02  3.505308781E+02  3.058160858E+02  2.467744036E+02  7.250564732E-01 
       330  1.073851999E-01  1.493347905E-01  1.470000044E-01  1.179871016E+05  2.440776520E+02  3.483587646E+02  3.010170288E+02  2.668316727E+02  7.061217129E-01 
       331 -5.132010553E-03  2.399711247E-01 -4.600000034E-02  8.356664844E+04  1.733286095E+02  3.311510639E+02  2.726060600E+02  4.387572060E+02  1.164627410E+00 
       332 -5.128125210E-03  2.399809281E-01 -4.210430258E-02  8.443347876E+04  1.746604705E+02  3.308839931E+02  2.726434150E+02  4.394911594E+02  1.162098791E+00 
       333 -5.125201508E-03  2.399922328E-01 -3.820870464E-02  8.363119489E+04  1.770998735E+02  3.303790262E+02  2.718129072E+02  4.413987718E+02  1.158077425E+00 
       334 -5.121813889E-03  2.400095995E-01 -3.431329778E-02  8.195081729E+04  1.807287892E+02  3.296179562E+02  2.705623481E+02  4.446379879E+02  1.152515610E+00 
       335 -5.119016059E-03  2.400291916E-01 -3.041776666E-02  7.998140150E+04  1.852800361E+02  3.287032250E+02  2.690631092E+02  4.481131428E+02  1.144871864E+00 
       336 -5.114574788E-03  2.400538233E-01 -2.652182619E-02  7.827479907E+04  1.883829635E+02  3.281628744E+02  2.681779764E+02  4.503511109E+02  1.139524073E+00 
       337 -5.109553763E-03  2.400828758E-01 -2.262552630E-02  7.802192859E+04  1.889357104E+02  3.282054391E+02  2.682485089E+02  4.506259041E+02  1.138436101E+00 
       338 -5.103895973E-03  2.401152952E-01 -1.872899116E-02  8.004209393E+04  1.850157954E+02  3.292970910E+02  2.700385714E+02  4.469521613E+02  1.144344531E+00 
       339 -4.925504783E-03  2.402473149E-01 -7.056915668E-03  8.751748309E+04  1.714917328E+02  3.322073662E+02  2.748346506E+02  4.318713663E+02  1.167928318E+00 
       340 -3.715119829E-03  2.403023013E-01 -3.373311706E-03  8.211343201E+04  1.803556554E+02  3.302151225E+02  2.715539840E+02  4.443975110E+02  1.157218982E+00 
       341 -1.562012846E-03  2.403581740E-01 -1.360753051E-04  7.881830693E+04  1.910990230E+02  3.281707701E+02  2.681952434E+02  4.554239815E+02  1.139196562E+00 
       342  1.133764527E-03  2.404094608E-01  2.675248428E-03  7.854532959E+04  1.911681924E+02  3.278868828E+02  2.677295713E+02  4.534151096E+02  1.136531204E+00 
       343  4.137632423E-03  2.404197044E-01  5.149238455E-03  7.978388768E+04  1.848840748E+02  3.286606762E+02  2.689937544E+02  4.480876622E+02  1.147179594E+00 
       344  7.316400202E-03  2.403253331E-01  7.399564588E-03  8.022528284E+04  1.823847468E+02  3.289721475E+02  2.695026381E+02  4.408433731E+02  1.146219627E+00 
       345  1.395577155E-02  2.400667001E-01  1.148649181E-02  8.704266455E+04  1.697126780E+02  3.319947319E+02  2.744889774E+02  4.330373039E+02  1.170259520E+00 
       346  1.735065466E-02  2.397965962E-01  1.337576268E-02  9.033742969E+04  1.567594357E+02  3.340722008E+02  2.779287872E+02  4.243134308E+02  1.194644317E+00 
       347  2.419161170E-02  2.391929427E-01  1.704637434E-02  7.978417578E+04  1.852033730E+02  3.290258789E+02  2.695966148E+02  4.496937256E+02  1.148399636E+00 
       348  2.761839379E-02  2.387452844E-01  1.884103948E-02  7.997141895E+04  1.875599442E+02  3.287569733E+02  2.691516685E+02  4.525959702E+02  1.145281062E+00 
       349  3.105226563E-02  2.382885234E-01  2.062260888E-02  8.113804150E+04  1.842737360E+02  3.297232952E+02  2.707348185E+02  4.479556198E+02  1.148204766E+00 
       350  3.788868369E-02  2.371344800E-01  2.417075674E-02  8.076639111E+04  1.871962337E+02  3.296318722E+02  2.705844536E+02  4.467618866E+02  1.140509263E+00 
       351  4.468291751E-02  2.357525484E-01  2.771953789E-02  8.040332227E+04  1.908793926E+02  3.292789497E+02  2.700081654E+02  4.472496910E+02  1.134010516E+00 
       352  4.805699300E-02  2.349490393E-01  2.948953136E-02  8.101232690E+04  1.903432107E+02  3.294878945E+02  2.703528748E+02  4.435453968E+02  1.132919531E+00 
       353  5.140582287E-02  2.340778219E-01  3.127771149E-02  8.098537451E+04  1.900799398E+02  3.295052967E+02  2.703801270E+02  4.446129150E+02  1.136599243E+00 
       354  5.473006301E-02  2.331020583E-01  3.305777180E-02  8.008045117E+04  1.932888718E+02  3.288917313E+02  2.693733025E+02  4.458782501E+02  1.131712496E+00 
       355  5.803984836E-02  2.320923676E-01  3.484458617E-02  7.854377979E+04  1.974144497E+02  3.279060345E+02  2.677614689E+02  4.513016701E+02  1.129108377E+00 
       356  6.132921494E-02  2.310454118E-01  3.665150486E-02  7.674305396E+04  2.034514719E+02  3.266322724E+02  2.656841460E+02  4.549557991E+02  1.119738929E+00 
       357  6.777528194E-02  2.285846393E-01  4.027160278E-02  8.583559277E+04  2.171541672E+02  3.329118156E+02  2.760317726E+02  4.310253639E+02  1.061852098E+00 
       358  7.097972553E-02  2.273472007E-01  4.209367684E-02  9.258035156E+04  2.309865913E+02  3.363455238E+02  2.817302341E+02  4.143371468E+02  1.011796683E+00 
       359  7.412444428E-02  2.259565065E-01  4.393674079E-02  9.114164111E+04  2.343161783E+02  3.350834894E+02  2.796189308E+02  4.202299385E+02  1.010572223E+00 
       360  7.725834663E-02  2.245514312E-01  4.577102978E-02  8.733198779E+04  2.336415958E+02  3.335502625E+02  2.770569763E+02  4.280658112E+02  1.019848507E+00 
       361  8.037011026E-02  2.231435234E-01  4.763983740E-02  9.008867969E+04  2.321773605E+02  3.352252960E+02  2.798621254E+02  4.215656357E+02  1.020191491E+00 
       362  8.343109451E-02  2.215945322E-01  4.950276897E-02  1.033517485E+05  2.221997534E+02  3.410828233E+02  2.897450354E+02  3.914217541E+02  1.031737543E+00 
       363  8.646988642E-02  2.201046420E-01  5.141624103E-02  1.211281589E+05  2.096524224E+02  3.478423872E+02  3.013411841E+02  3.585818377E+02  1.054569226E+00 
       364  9.242245520E-02  2.169732682E-01  5.534503106E-02  1.189042583E+05  2.211025772E+02  3.496796103E+02  3.045202112E+02  3.537969084E+02  1.002150480E+00 
       365  9.533631835E-02  2.153857768E-01  5.738443174E-02  1.165997635E+05  2.258072300E+02  3.487705011E+02  3.029509039E+02  3.562391276E+02  9.855948715E-01 
       366  9.819952312E-02  2.138016843E-01  5.949569436E-02  1.163796465E+05  2.263810272E+02  3.495614204E+02  3.043308182E+02  3.533984165E+02  9.808153212E-01 
       367  1.009694591E-01  2.121295788E-01  6.167326851E-02  1.185141780E+05  2.270108862E+02  3.511990900E+02  3.071852589E+02  3.464660826E+02  9.742995147E-01 
       368  1.037116704E-01  2.105064985E-01  6.390540356E-02  1.203886143E+05  2.308584852E+02  3.524066067E+02  3.093023767E+02  3.400710554E+02  9.571207091E-01 
       369  1.064180189E-01  2.088777679E-01  6.618856681E-02  1.207830288E+05  2.368999462E+02  3.526689930E+02  3.097650566E+02  3.373187504E+02  9.345828220E-01 
       370  1.090480686E-01  2.071800512E-01  6.850700508E-02  1.210207549E+05  2.392376728E+02  3.526054478E+02  3.096507816E+02  3.362703018E+02  9.245088734E-01 
       371  1.116790455E-01  2.055210471E-01  7.084353951E-02  1.214795945E+05  2.381379623E+02  3.528547416E+02  3.100859547E+02  3.341390219E+02  9.257799573E-01 
       372  1.142974452E-01  2.038484190E-01  7.319785208E-02  1.220239800E+05  2.347939615E+02  3.530777025E+02  3.104742880E+02  3.341355858E+02  9.345470238E-01 
       373  1.168416696E-01  2.021295301E-01  7.558130371E-02  1.224341084E+05  2.343016930E+02  3.532369175E+02  3.107557449E+02  3.336952381E+02  9.350015000E-01 
       374  1.193277496E-01  2.004108846E-01  7.805168345E-02  1.226556116E+05  2.358535016E+02  3.532639899E+02  3.108107839E+02  3.314983063E+02  9.292863002E-01 
       375  1.217693779E-01  1.987784452E-01  8.060399866E-02  1.227256189E+05  2.346099014E+02  3.535198669E+02  3.112663736E+02  3.298572502E+02  9.321186002E-01 
       376  1.240793489E-01  1.970470446E-01  8.322373237E-02  1.227418286E+05  2.315603495E+02  3.537450390E+02  3.116709566E+02  3.301206455E+02  9.408576488E-01 
       377  1.263696524E-01  1.953872062E-01  8.590193330E-02  1.230135822E+05  2.279386180E+02  3.547725339E+02  3.134831326E+02  3.248861223E+02  9.511973932E-01 
       378  1.285811840E-01  1.937639536E-01  8.866989816E-02  1.231521948E+05  2.235084608E+02  3.537421026E+02  3.116582308E+02  3.298646498E+02  9.653041800E-01 
       379  1.378530526E-01  1.861918564E-01  1.119425893E-01  1.222672505E+05  2.224822283E+02  3.547595434E+02  3.134189138E+02  3.197866678E+02  9.661945254E-01 
       380  1.378280879E-01  1.861358471E-01  1.158380052E-01  1.219929495E+05  2.224079981E+02  3.556407690E+02  3.149776592E+02  3.054230099E+02  9.675551485E-01 
       381  1.378172244E-01  1.861105784E-01  1.197328496E-01  1.216648274E+05  2.264721384E+02  3.556638508E+02  3.150169554E+02  2.998256855E+02  9.558146372E-01 
       382  1.378137064E-01  1.861013403E-01  1.236281983E-01  1.222280132E+05  2.288599195E+02  3.551242354E+02  3.140608127E+02  3.114608157E+02  9.437441360E-01 
       383  1.378232998E-01  1.861207539E-01  1.275238734E-01  1.228336991E+05  2.264728077E+02  3.543030583E+02  3.126132344E+02  3.260392269E+02  9.518556360E-01 
       384  1.378388478E-01  1.861485149E-01  1.314192119E-01  1.230322825E+05  2.256530888E+02  3.529539641E+02  3.102393744E+02  3.377491704E+02  9.567211811E-01 
       385  1.378667705E-01  1.861922064E-01  1.353144338E-01  1.229986100E+05  2.220453006E+02  3.527924340E+02  3.099577788E+02  3.347560563E+02  9.668742605E-01 
       386  1.378917792E-01  1.862393165E-01  1.392095884E-01  1.230234565E+05  2.208773502E+02  3.528806369E+02  3.101117508E+02  3.314727726E+02  9.697916354E-01 
       387  1.379128913E-01  1.862912877E-01  1.431056120E-01  1.231209659E+05  2.210008320E+02  3.532141953E+02  3.104961766E+02  3.296175872E+02  9.692478401E-01 
       388  1.379274402E-01  1.863453723E-01  1.469999959E-01  1.232463994E+05  2.200527253E+02  3.539906068E+02  3.112533665E+02  3.280437655E+02  9.722810145E-01 
       389 -3.389247132E-02  1.007789921E-01 -4.300551245E-02  8.752726416E+04  1.540772047E+02  3.330447712E+02  2.762155437E+02  2.358946571E+02  8.591430821E-01 
       390 -3.372456358E-02  1.010433636E-01 -4.002223516E-02  8.746123679E+04  1.545657274E+02  3.330131012E+02  2.761630651E+02  2.363832104E+02  8.583427751E-01 
       391 -3.329024078E-02  1.014074167E-01 -3.707963811E-02  8.732781860E+04  1.547037848E+02  3.329975904E+02  2.761374502E+02  2.366075153E+02  8.587497720E-01 
       392 -3.255620303E-02  1.018883264E-01 -3.421559131E-02  8.720681361E+04  1.559579512E+02  3.328681982E+02  2.759227921E+02  2.379387667E+02  8.569032239E-01 
       393 -3.153373485E-02  1.024554568E-01 -3.145384174E-02  8.710993089E+04  1.566699310E+02  3.328012493E+02  2.758117723E+02  2.385740030E+02  8.557368390E-01 
       394 -3.028950121E-02  1.031058036E-01 -2.880322264E-02  8.700102664E+04  1.574007817E+02  3.327337198E+02  2.756998089E+02  2.394916928E+02  8.553200978E-01 
       395 -2.888173412E-02  1.037838005E-01 -2.624318977E-02  8.690385203E+04  1.582786572E+02  3.326513628E+02  2.755633635E+02  2.407578056E+02  8.555097902E-01 
       396 -2.733119538E-02  1.044792183E-01 -2.377110822E-02  8.684679484E+04  1.590287789E+02  3.325964146E+02  2.754723255E+02  2.417101444E+02  8.552447375E-01 
       397 -2.568342124E-02  1.052055751E-01 -2.135968630E-02  8.676323797E+04  1.588573517E+02  3.326111620E+02  2.754967785E+02  2.415647119E+02  8.561830134E-01 
       398 -2.397735570E-02  1.059146334E-01 -1.899049647E-02  8.657003342E+04  1.596750177E+02  3.324952450E+02  2.753048415E+02  2.426193163E+02  8.559990018E-01 
       399 -2.220871387E-02  1.066063154E-01 -1.667396516E-02  8.622838828E+04  1.607481883E+02  3.323044783E+02  2.749890745E+02  2.442696371E+02  8.566197027E-01 
       400 -2.041003203E-02  1.073389070E-01 -1.437512078E-02  8.566618433E+04  1.619855233E+02  3.320490032E+02  2.745664616E+02  2.465370396E+02  8.585004075E-01 
       401 -1.856976066E-02  1.079715131E-01 -1.211630566E-02  8.494772882E+04  1.654123076E+02  3.315830884E+02  2.737964537E+02  2.500616325E+02  8.529854073E-01 
       402 -1.670953655E-02  1.086522831E-01 -9.860640570E-03  8.441542730E+04  1.681407404E+02  3.313430783E+02  2.734002723E+02  2.523034799E+02  8.470262313E-01 
       403 -1.482329113E-02  1.093026603E-01 -7.620995183E-03  8.444822324E+04  1.708382446E+02  3.313787851E+02  2.734591454E+02  2.524962047E+02  8.339276263E-01 
       404 -1.292306254E-02  1.099268373E-01 -5.385291055E-03  8.535611108E+04  1.714652109E+02  3.318937635E+02  2.743099527E+02  2.498261976E+02  8.219826054E-01 
       405 -1.101845801E-02  1.105590611E-01 -3.137660868E-03  8.700206961E+04  1.704236089E+02  3.327717301E+02  2.757633272E+02  2.440996591E+02  8.088187044E-01 
       406 -9.120841472E-03  1.111701815E-01 -8.914052251E-04  8.938422729E+04  1.669964660E+02  3.341077021E+02  2.779823789E+02  2.353398281E+02  7.997210864E-01 
       407 -7.240675928E-03  1.117476218E-01  1.353994698E-03  9.292411816E+04  1.630728161E+02  3.359316742E+02  2.810266629E+02  2.217746154E+02  7.816699238E-01 
       408 -5.370549944E-03  1.123083196E-01  3.627204146E-03  9.656318054E+04  1.625348125E+02  3.378325262E+02  2.842148683E+02  2.082342901E+02  7.473849664E-01 
       409 -3.530590186E-03  1.128981262E-01  5.933484609E-03  9.854421912E+04  1.744147501E+02  3.387369702E+02  2.857383764E+02  1.983611125E+02  6.518193560E-01 
       410 -1.726912218E-03  1.134387153E-01  8.259926622E-03  9.823648169E+04  1.846393256E+02  3.386468596E+02  2.855862718E+02  2.054259176E+02  6.136619821E-01 
       411  3.734044288E-05  1.140039107E-01  1.062617763E-02  9.734086353E+04  1.944949923E+02  3.381040287E+02  2.846722236E+02  2.083236961E+02  5.673182206E-01 
       412  1.740848712E-03  1.145879687E-01  1.302702968E-02  9.647748183E+04  2.013599771E+02  3.377445374E+02  2.840672437E+02  2.123840961E+02  5.423914503E-01 
       413  3.387617433E-03  1.151172021E-01  1.547343878E-02  9.597985458E+04  2.080205868E+02  3.374870473E+02  2.836334597E+02  2.154759154E+02  5.160714757E-01 
       414  4.957112811E-03  1.157081541E-01  1.796238578E-02  9.542615173E+04  2.148819764E+02  3.372532606E+02  2.832408042E+02  2.188267884E+02  4.910951359E-01 
       415  6.462677552E-03  1.163151534E-01  2.048609031E-02  9.466978052E+04  2.221264873E+02  3.368243532E+02  2.825208998E+02  2.225974488E+02  4.656326007E-01 
       416  7.926557233E-03  1.168909271E-01  2.304605918E-02  9.399434320E+04  2.281092114E+02  3.364416940E+02  2.818790948E+02  2.258607092E+02  4.458229612E-01 
       417  9.338612782E-03  1.175119790E-01  2.562398907E-02  9.360943863E+04  2.332129263E+02  3.362045029E+02  2.814818951E+02  2.280787864E+02  4.277711997E-01 
       418  1.068984297E-02  1.181121478E-01  2.822455248E-02  9.340887708E+04  2.379223096E+02  3.360907977E+02  2.812914953E+02  2.303932896E+02  4.124513152E-01 
       419  1.198650266E-02  1.187330819E-01  3.085849659E-02  9.333950462E+04  2.422433236E+02  3.360558063E+02  2.812331635E+02  2.320205890E+02  3.973747405E-01 
       420  1.322982934E-02  1.193430432E-01  3.352159396E-02  9.338346732E+04  2.466984380E+02  3.360295142E+02  2.811891039E+02  2.335381339E+02  3.809944364E-01 
       421  1.439865389E-02  1.199672983E-01  3.621509854E-02  9.358586079E+04  2.506281086E+02  3.361076413E+02  2.813200889E+02  2.335748890E+02  3.617861585E-01 
       422  1.553995729E-02  1.205631245E-01  3.892438234E-02  9.404312177E+04  2.536431158E+02  3.363568252E+02  2.817375446E+02  2.321625938E+02  3.428185774E-01 
       423  1.662952250E-02  1.211745408E-01  4.165332372E-02  9.461434018E+04  2.564230384E+02  3.366321465E+02  2.821988231E+02  2.309652277E+02  3.259161478E-01 
       424  1.764894372E-02  1.217373945E-01  4.441857664E-02  9.543899225E+04  2.580768534E+02  3.370917925E+02  2.829701493E+02  2.288280903E+02  3.115266771E-01 
       425  1.861873940E-02  1.222791769E-01  4.720617614E-02  9.658472415E+04  2.595021106E+02  3.376577899E+02  2.839208564E+02  2.258164004E+02  2.950279276E-01 
       426  1.950820179E-02  1.228336643E-01  5.001741530E-02  9.771098401E+04  2.615539798E+02  3.380907748E+02  2.846495693E+02  2.232956034E+02  2.769143340E-01 
       427  2.036944420E-02  1.233245632E-01  5.285072558E-02  9.877654089E+04  2.625273449E+02  3.386757702E+02  2.856354128E+02  2.202189537E+02  2.628619412E-01 
       428  2.117157025E-02  1.238295963E-01  5.569831964E-02  9.980285608E+04  2.637342920E+02  3.392023015E+02  2.865244322E+02  2.172453573E+02  2.479440079E-01 
       429  2.190592593E-02  1.242947792E-01  5.857026217E-02  1.006954856E+05  2.653105335E+02  3.396529675E+02  2.872863474E+02  2.147122984E+02  2.320272233E-01 
       430  2.257248913E-02  1.247551336E-01  6.145961794E-02  1.014614351E+05  2.674991999E+02  3.399827328E+02  2.878444195E+02  2.126256094E+02  2.141779922E-01 
       431  2.314781749E-02  1.251835029E-01  6.437124902E-02  1.021049871E+05  2.701350136E+02  3.402011642E+02  2.882144332E+02  2.112786913E+02  1.960301907E-01 
       432  2.363318974E-02  1.255957621E-01  6.730774801E-02  1.026469510E+05  2.727737474E+02  3.404181502E+02  2.885820119E+02  2.106169143E+02  1.803126874E-01 
       433  2.402789138E-02  1.260195069E-01  7.025072331E-02  1.030518315E+05  2.752976990E+02  3.406809959E+02  2.890277367E+02  2.098897266E+02  1.649913164E-01 
       434  2.431727977E-02  1.264030352E-01  7.321094069E-02  1.033150420E+05  2.780298786E+02  3.408819294E+02  2.893686504E+02  2.092791462E+02  1.484599300E-01 
       435  2.453016930E-02  1.268032789E-01  7.617447467E-02  1.033754866E+05  2.813848281E+02  3.409485054E+02  2.894816499E+02  2.096792622E+02  1.320578549E-01 
       436  2.462079541E-02  1.271795605E-01  7.915094878E-02  1.032303466E+05  2.848920491E+02  3.409169080E+02  2.894279613E+02  2.106179873E+02  1.165142392E-01 
       437  2.463902970E-02  1.275610820E-01  8.212637731E-02  1.027043442E+05  2.889505644E+02  3.406927018E+02  2.890474830E+02  2.131097274E+02  1.039919041E-01 
       438  2.457492051E-02  1.279220853E-01  8.510260082E-02  1.018245399E+05  2.933049168E+02  3.403338809E+02  2.884389240E+02  2.170148283E+02  9.544928912E-02 
       439  2.441429013E-02  1.282749863E-01  8.807550525E-02  1.006631457E+05  2.974579327E+02  3.397470278E+02  2.874448298E+02  2.216919356E+02  9.124725420E-02 
       440  2.420234297E-02  1.286273229E-01  9.105186832E-02  9.968663287E+04  2.983302387E+02  3.393280991E+02  2.867364547E+02  2.258882792E+02  1.053599857E-01 
       441  2.388558350E-02  1.289647853E-01  9.401845916E-02  9.958813583E+04  2.968178031E+02  3.392686199E+02  2.866357608E+02  2.260970738E+02  1.169608170E-01 
       442  2.351928731E-02  1.293134864E-01  9.696958543E-02  1.002875055E+05  2.938424503E+02  3.395255510E+02  2.870701374E+02  2.243699932E+02  1.296006636E-01 
       443  2.306449285E-02  1.296327241E-01  9.991680403E-02  1.012820393E+05  2.906672678E+02  3.400213099E+02  2.879091635E+02  2.211259413E+02  1.372399712E-01 
       444  2.257188759E-02  1.299515661E-01  1.028605699E-01  1.022534297E+05  2.888224239E+02  3.404288063E+02  2.885996380E+02  2.184916573E+02  1.393832937E-01 
       445  2.201092100E-02  1.302726916E-01  1.057899135E-01  1.030692556E+05  2.866871268E+02  3.409174472E+02  2.894286876E+02  2.158338135E+02  1.433884281E-01 
       446  2.143382683E-02  1.305960230E-01  1.087107054E-01  1.038624756E+05  2.849580128E+02  3.412885031E+02  2.900590883E+02  2.133366470E+02  1.456611484E-01 
       447  2.076802587E-02  1.309307408E-01  1.116221513E-01  1.047702715E+05  2.826259270E+02  3.417774677E+02  2.908909779E+02  2.100052748E+02  1.485305261E-01 
       448  2.010215597E-02  1.312657467E-01  1.145293522E-01  1.056536104E+05  2.798911371E+02  3.423787031E+02  2.919153318E+02  2.055671015E+02  1.499897535E-01 
       449  1.945135245E-02  1.316056955E-01  1.174374795E-01  1.064324242E+05  2.780007575E+02  3.428977838E+02  2.928010142E+02  2.020438845E+02  1.501882237E-01 
       450  1.885387307E-02  1.319548677E-01  1.203553293E-01  1.070306427E+05  2.772954819E+02  3.432051101E+02  2.933259909E+02  2.006777153E+02  1.513758218E-01 
       451  1.837479322E-02  1.322913677E-01  1.233018373E-01  1.074077417E+05  2.766897106E+02  3.434003735E+02  2.936598539E+02  1.995644760E+02  1.530363429E-01 
       452  1.811263581E-02  1.325954541E-01  1.262715907E-01  1.076210088E+05  2.759833088E+02  3.435353889E+02  2.938908653E+02  1.985594339E+02  1.557274051E-01 
       453  1.805653049E-02  1.328847135E-01  1.292554963E-01  1.076891008E+05  2.754376206E+02  3.436042333E+02  2.940087328E+02  1.984685392E+02  1.609917188E-01 
       454  1.819877737E-02  1.331672438E-01  1.322380588E-01  1.076363214E+05  2.752892669E+02  3.436177977E+02  2.940322096E+02  1.986218641E+02  1.648392900E-01 
       455  1.852494771E-02  1.334510277E-01  1.352129826E-01  1.075176804E+05  2.757358317E+02  3.435343259E+02  2.938893954E+02  1.994098695E+02  1.674930146E-01 
       456  1.890761882E-02  1.337081709E-01  1.381756048E-01  1.073003826E+05  2.766019853E+02  3.433989002E+02  2.936577369E+02  2.010760448E+02  1.705550397E-01 
       457  1.937808835E-02  1.339540030E-01  1.411279949E-01  1.070336521E+05  2.777534695E+02  3.432273986E+02  2.933643806E+02  2.033154473E+02  1.738592000E-01 
       458  1.989552602E-02  1.341916383E-01  1.440726902E-01  1.067128180E+05  2.786879527E+02  3.430941431E+02  2.931363719E+02  2.057616357E+02  1.791932759E-01 
       459  2.048114376E-02  1.344526817E-01  1.469999956E-01  1.063106968E+05  2.794555721E+02  3.429592323E+02  2.929093170E+02  2.082599316E+02  1.853368049E-01 
       460 -4.772920012E-02  1.664853148E-01 -4.258181757E-02  8.251766650E+04  1.812773635E+02  3.303095298E+02  2.716972022E+02  3.425815106E+02  1.013187404E+00 
       461 -4.770031945E-02  1.666117663E-01 -3.916302660E-02  8.229218921E+04  1.811446537E+02  3.302157128E+02  2.715429809E+02  3.426770558E+02  1.013800141E+00 
       462 -4.768621633E-02  1.667606858E-01 -3.574527808E-02  8.191127002E+04  1.833763771E+02  3.298463044E+02  2.709359303E+02  3.455545220E+02  1.011448208E+00 
       463 -4.773671611E-02  1.669008759E-01 -3.232563070E-02  8.139591602E+04  1.849032097E+02  3.295362854E+02  2.704270620E+02  3.472802086E+02  1.009513650E+00 
       464 -4.779814392E-02  1.670685917E-01 -2.890641835E-02  8.079439111E+04  1.861036081E+02  3.292369480E+02  2.699364834E+02  3.477843742E+02  1.006572388E+00 
       465 -4.772832030E-02  1.672854950E-01 -2.549705171E-02  8.010984509E+04  1.886090117E+02  3.287719445E+02  2.691743789E+02  3.498755817E+02  1.003007498E+00 
       466 -4.733274936E-02  1.676197526E-01 -2.211766833E-02  7.927563684E+04  1.932511532E+02  3.280975175E+02  2.680727372E+02  3.548143296E+02  9.989279341E-01 
       467 -4.646629434E-02  1.680852894E-01 -1.884685997E-02  7.896247171E+04  1.992733241E+02  3.275248840E+02  2.671380469E+02  3.563527681E+02  9.885528595E-01 
       468 -4.497458874E-02  1.687177674E-01 -1.583913045E-02  8.071910693E+04  2.004540563E+02  3.281471367E+02  2.681577601E+02  3.542958584E+02  9.888180550E-01 
       469 -4.311049959E-02  1.694263862E-01 -1.306511329E-02  8.392242090E+04  1.948908772E+02  3.300017147E+02  2.711969304E+02  3.469286137E+02  9.948910624E-01 
       470 -4.101650432E-02  1.701661907E-01 -1.047820325E-02  8.693795996E+04  1.881295919E+02  3.316438770E+02  2.739011860E+02  3.393799934E+02  1.003492411E+00 
       471 -3.872443978E-02  1.709287414E-01 -8.043812788E-03  8.743685181E+04  1.821165242E+02  3.322515626E+02  2.749047468E+02  3.366700277E+02  1.014611727E+00 
       472 -3.634257562E-02  1.716543837E-01 -5.706210795E-03  8.532964404E+04  1.821206455E+02  3.313420944E+02  2.734029942E+02  3.399772739E+02  1.014397964E+00 
       473 -3.384972842E-02  1.724025179E-01 -3.469956820E-03  8.128242590E+04  1.889073682E+02  3.292676010E+02  2.699918916E+02  3.498764391E+02  1.004888153E+00 
       474 -3.133060076E-02  1.731099844E-01 -1.271304633E-03  7.704108292E+04  1.978777608E+02  3.269080465E+02  2.661362412E+02  3.630217710E+02  9.978328571E-01 
       475 -2.873453975E-02  1.737912906E-01  8.535856133E-04  7.372621143E+04  2.073227186E+02  3.247318649E+02  2.626061010E+02  3.730322161E+02  9.851005226E-01 
       476 -2.611690126E-02  1.744247281E-01  2.958268427E-03  7.137734058E+04  2.133756442E+02  3.233319559E+02  2.603447852E+02  3.771617470E+02  9.726607576E-01 
       477 -2.348835128E-02  1.750433393E-01  5.058280838E-03  7.018269760E+04  2.172432582E+02  3.225568187E+02  2.590973483E+02  3.832698635E+02  9.716838044E-01 
       478 -2.083113736E-02  1.756162102E-01  7.133742148E-03  6.978639917E+04  2.182013845E+02  3.224145546E+02  2.588699865E+02  3.832787838E+02  9.683341645E-01 
       479 -1.816607045E-02  1.761555279E-01  9.209141426E-03  6.997514380E+04  2.219529877E+02  3.224529324E+02  2.589292345E+02  3.829513817E+02  9.552055821E-01 
       480 -1.549262448E-02  1.766467189E-01  1.128626304E-02  7.208054053E+04  2.215849161E+02  3.239710741E+02  2.613805504E+02  3.778059607E+02  9.462885261E-01 
       481 -1.281959455E-02  1.771087169E-01  1.337222607E-02  8.163897540E+04  2.145869086E+02  3.297061143E+02  2.707295163E+02  3.522871614E+02  9.209241755E-01 
       482 -1.015361520E-02  1.775059034E-01  1.547159933E-02  9.737639555E+04  2.069967312E+02  3.382366492E+02  2.849033005E+02  3.046194025E+02  8.743476424E-01 
       483 -7.491200012E-03  1.778633735E-01  1.757589553E-02  9.548308301E+04  2.186829743E+02  3.373908806E+02  2.834779844E+02  3.118855419E+02  8.435411416E-01 
       484 -4.837064878E-03  1.782590199E-01  1.971143984E-02  8.976410474E+04  2.311294374E+02  3.342554550E+02  2.782291822E+02  3.264755630E+02  8.233637139E-01 
       485 -2.188499166E-03  1.785530451E-01  2.185094162E-02  8.884586090E+04  2.329274306E+02  3.337213517E+02  2.773421173E+02  3.361196191E+02  8.328553590E-01 
       486  4.329096806E-04  1.787998193E-01  2.404680664E-02  8.885829004E+04  2.347646351E+02  3.337918644E+02  2.774586468E+02  3.361286602E+02  8.259911835E-01 
       487  3.027224691E-03  1.790317150E-01  2.627094405E-02  8.875372961E+04  2.364286487E+02  3.338800802E+02  2.776057999E+02  3.375572450E+02  8.226343221E-01 
       488  5.626976121E-03  1.792222402E-01  2.847807669E-02  8.923477112E+04  2.403564377E+02  3.338360119E+02  2.775311768E+02  3.402088265E+02  8.133847965E-01 
       489  8.191038637E-03  1.793338257E-01  3.074695743E-02  9.108329932E+04  2.417303572E+02  3.346152241E+02  2.788293462E+02  3.361932814E+02  8.019975331E-01 
       490  1.074058355E-02  1.794129340E-01  3.303046409E-02  9.452505530E+04  2.398690585E+02  3.363764241E+02  2.817751076E+02  3.270640917E+02  7.934131731E-01 
       491  1.325979491E-02  1.793970135E-01  3.532576038E-02  9.891216943E+04  2.358020446E+02  3.386638637E+02  2.856213586E+02  3.132131324E+02  7.862669947E-01 
       492  1.577166567E-02  1.793535417E-01  3.765132951E-02  1.031673539E+05  2.334447598E+02  3.407318678E+02  2.891178374E+02  2.990989618E+02  7.743703667E-01 
       493  1.825553626E-02  1.792503646E-01  4.000403552E-02  1.062167266E+05  2.342408864E+02  3.421661654E+02  2.915547047E+02  2.907074866E+02  7.603371153E-01 
       494  2.071273564E-02  1.790845686E-01  4.238164633E-02  1.083032715E+05  2.360045797E+02  3.431705521E+02  2.932683563E+02  2.873962842E+02  7.498401650E-01 
       495  2.315348782E-02  1.789033294E-01  4.476881837E-02  1.106955538E+05  2.363386192E+02  3.442236481E+02  2.950707273E+02  2.814649386E+02  7.415640922E-01 
       496  2.554611962E-02  1.786610662E-01  4.720294885E-02  1.128444004E+05  2.358510408E+02  3.451103935E+02  2.965926847E+02  2.748692217E+02  7.358300835E-01 
       497  2.790553153E-02  1.783591187E-01  4.966367300E-02  1.142172769E+05  2.339829283E+02  3.457886171E+02  2.977594004E+02  2.727015619E+02  7.404908072E-01 
       498  3.023553076E-02  1.780531658E-01  5.215009418E-02  1.152307871E+05  2.322869723E+02  3.462658815E+02  2.985816944E+02  2.708109424E+02  7.451817309E-01 
       499  3.255140683E-02  1.777481834E-01  5.464573084E-02  1.162753106E+05  2.314952509E+02  3.467455120E+02  2.994093642E+02  2.655655706E+02  7.430631365E-01 
       500  3.480321611E-02  1.773622653E-01  5.719033452E-02  1.173030873E+05  2.311678146E+02  3.472771254E+02  3.003283620E+02  2.613105607E+02  7.401743308E-01 
       501  3.704366447E-02  1.769956776E-01  5.978074099E-02  1.180590831E+05  2.318366249E+02  3.475796216E+02  3.008519030E+02  2.595317986E+02  7.364003989E-01 
       502  3.923116288E-02  1.766153691E-01  6.237867612E-02  1.186594280E+05  2.322205074E+02  3.478062873E+02  3.012443008E+02  2.574534187E+02  7.333450615E-01 
       503  4.136429871E-02  1.761773997E-01  6.501205622E-02  1.190551621E+05  2.322375981E+02  3.480019565E+02  3.015831528E+02  2.571210701E+02  7.328873535E-01 
       504  4.348069858E-02  1.757484529E-01  6.766046190E-02  1.192729653E+05  2.325544896E+02  3.481306601E+02  3.018062601E+02  2.566904445E+02  7.313695792E-01 
       505  4.554226392E-02  1.753162813E-01  7.034950997E-02  1.193845464E+05  2.330510807E+02  3.481648064E+02  3.018653250E+02  2.551159649E+02  7.282731384E-01 
       506  4.756665315E-02  1.748560179E-01  7.306168772E-02  1.193773618E+05  2.334130964E+02  3.481629107E+02  3.018619399E+02  2.547027388E+02  7.267188355E-01 
       507  4.956604909E-02  1.743615796E-01  7.580968578E-02  1.193734679E+05  2.336099184E+02  3.482013543E+02  3.019285657E+02  2.553119568E+02  7.268357133E-01 
       508  5.152654947E-02  1.738670862E-01  7.855886540E-02  1.193173608E+05  2.340795283E+02  3.481849952E+02  3.019001710E+02  2.557333964E+02  7.256293891E-01 
       509  5.347325952E-02  1.733659220E-01  8.131742073E-02  1.190800131E+05  2.344618803E+02  3.481088968E+02  3.017682344E+02  2.563060549E+02  7.249862594E-01 
       510  5.541917190E-02  1.728212690E-01  8.412523757E-02  1.192696001E+05  2.340978497E+02  3.482324671E+02  3.019824508E+02  2.557038093E+02  7.260647048E-01 
       511  5.731737707E-02  1.722438844E-01  8.698058411E-02  1.195837674E+05  2.344641132E+02  3.483095433E+02  3.021162559E+02  2.546837981E+02  7.237754320E-01 
       512  5.917186437E-02  1.716911252E-01  8.979478553E-02  1.197395727E+05  2.351537974E+02  3.483323898E+02  3.021560458E+02  2.542568152E+02  7.208707132E-01 
       513  6.096387184E-02  1.711643945E-01  9.255110888E-02  1.197383628E+05  2.359897912E+02  3.482938257E+02  3.020892118E+02  2.545737010E+02  7.181318009E-01 
       514  6.270700241E-02  1.705757992E-01  9.544380808E-02  1.195629485E+05  2.368868628E+02  3.482091584E+02  3.019423394E+02  2.549039660E+02  7.149344310E-01 
       515  6.442263795E-02  1.699823167E-01  9.834544530E-02  1.193494916E+05  2.376949189E+02  3.481234881E+02  3.017938103E+02  2.555310228E+02  7.124377753E-01 
       516  6.612271722E-02  1.694054111E-01  1.012510921E-01  1.191279635E+05  2.380599315E+02  3.480767772E+02  3.017126980E+02  2.560161724E+02  7.118398203E-01 
       517  6.776083839E-02  1.688452726E-01  1.042003507E-01  1.190103412E+05  2.385958008E+02  3.480299867E+02  3.016315556E+02  2.564316704E+02  7.105142232E-01 
       518  6.936215302E-02  1.682812898E-01  1.071729988E-01  1.189060652E+05  2.393270663E+02  3.479722388E+02  3.015315442E+02  2.570981294E+02  7.086720727E-01 
       519  7.082677073E-02  1.677321085E-01  1.102128146E-01  1.187847497E+05  2.398915875E+02  3.479538839E+02  3.014997494E+02  2.578941305E+02  7.074708091E-01 
       520  7.220712168E-02  1.672497044E-01  1.133584680E-01  1.187161564E+05  2.406003522E+02  3.479663284E+02  3.015214019E+02  2.585559908E+02  7.056727158E-01 
       521  7.342602904E-02  1.668557431E-01  1.165154693E-01  1.186290714E+05  2.408432018E+02  3.480919621E+02  3.017393417E+02  2.583370347E+02  7.051598192E-01 
       522  7.439926912E-02  1.665467988E-01  1.197652411E-01  1.185009646E+05  2.410103788E+02  3.482331591E+02  3.019843640E+02  2.574461336E+02  7.042507343E-01 
       523  7.498839543E-02  1.664581038E-01  1.231239650E-01  1.183876025E+05  2.406988850E+02  3.484377537E+02  3.023393974E+02  2.560468369E+02  7.045868039E-01 
       524  7.530423640E-02  1.665023734E-01  1.265249777E-01  1.184026436E+05  2.403626428E+02  3.485513248E+02  3.025364842E+02  2.553727779E+02  7.057205029E-01 
       525  7.543612494E-02  1.666233331E-01  1.299370256E-01  1.181776953E+05  2.418672829E+02  3.482874565E+02  3.020782280E+02  2.589219513E+02  7.037370466E-01 
       526  7.553122174E-02  1.667952118E-01  1.333496155E-01  1.179447041E+05  2.437850294E+02  3.479037766E+02  3.014137197E+02  2.622143688E+02  7.009031493E-01 
       527  7.566054780E-02  1.669469890E-01  1.367626796E-01  1.178702305E+05  2.429856539E+02  3.480931168E+02  3.017415829E+02  2.594099584E+02  7.012170721E-01 
       528  7.583993244E-02  1.671002891E-01  1.401745263E-01  1.177706697E+05  2.429980987E+02  3.483720789E+02  3.022257763E+02  2.588662972E+02  7.013184205E-01 
       529  7.600645069E-02  1.672586086E-01  1.435869327E-01  1.176790768E+05  2.438357646E+02  3.487475748E+02  3.028817530E+02  2.595864460E+02  7.013598131E-01 
       530  7.611546960E-02  1.674572299E-01  1.470000031E-01  1.178519156E+05  2.374405515E+02  3.500804687E+02  3.053019044E+02  2.477196438E+02  7.185341376E-01 
       531 -5.220359409E-02  2.342994603E-01 -4.210986580E-02  8.180499207E+04  1.817793327E+02  3.297512792E+02  2.708516628E+02  4.442494626E+02  1.149279925E+00 
       532 -5.220192467E-02  2.343108577E-01 -3.821952920E-02  8.074608658E+04  1.854741301E+02  3.291365101E+02  2.697714510E+02  4.462816615E+02  1.142297624E+00 
       533 -5.220302368E-02  2.343278434E-01 -3.432921672E-02  8.047300015E+04  1.861287404E+02  3.290867834E+02  2.696899239E+02  4.465119169E+02  1.140952125E+00 
       534 -5.220531674E-02  2.343446645E-01 -3.043898101E-02  8.143872705E+04  1.836950305E+02  3.297197146E+02  2.707294551E+02  4.444656057E+02  1.144894836E+00 
       535 -5.220735409E-02  2.343651870E-01 -2.654892396E-02  8.334269531E+04  1.790910797E+02  3.308153439E+02  2.725326138E+02  4.412976341E+02  1.153180458E+00 
       536 -5.221355576E-02  2.343966826E-01 -2.266385481E-02  8.506640845E+04  1.740226445E+02  3.317755303E+02  2.741158031E+02  4.367012932E+02  1.161321449E+00 
       537 -5.221196162E-02  2.344309954E-01 -1.877454498E-02  8.545541741E+04  1.728716840E+02  3.318377068E+02  2.742181747E+02  4.348967485E+02  1.162423965E+00 
       538 -5.222596507E-02  2.344687402E-01 -1.488167101E-02  8.401438730E+04  1.755576499E+02  3.310005360E+02  2.728374776E+02  4.379923425E+02  1.159023964E+00 
       539 -5.222923531E-02  2.345160018E-01 -1.099302079E-02  8.145800940E+04  1.827859418E+02  3.293834348E+02  2.701808852E+02  4.467298186E+02  1.151207937E+00 
       540 -5.210275326E-02  2.345957540E-01 -7.104134264E-03  7.917166354E+04  1.898289320E+02  3.281433541E+02  2.681468292E+02  4.474549060E+02  1.136558932E+00 
       541 -5.114101036E-02  2.348545508E-01 -3.375994418E-03  7.864461317E+04  1.912990631E+02  3.281104479E+02  2.680931443E+02  4.496819459E+02  1.135764914E+00 
       542 -4.917766965E-02  2.353023755E-01 -5.047413344E-05  7.990893701E+04  1.883449001E+02  3.288760977E+02  2.693458710E+02  4.531492929E+02  1.144504908E+00 
       543 -4.661414278E-02  2.358651253E-01  2.823323178E-03  8.158454968E+04  1.852289636E+02  3.297698092E+02  2.708126011E+02  4.490549889E+02  1.147908155E+00 
       544 -4.374488282E-02  2.364440537E-01  5.350106892E-03  8.455551404E+04  1.769263263E+02  3.317015367E+02  2.739948246E+02  4.398832355E+02  1.159235168E+00 
       545 -4.059796688E-02  2.370222596E-01  7.583171126E-03  8.868108496E+04  1.656468493E+02  3.337917962E+02  2.774586008E+02  4.296373692E+02  1.177284189E+00 
       546 -3.738701819E-02  2.375676250E-01  9.702642239E-03  8.762103473E+04  1.690358191E+02  3.330923157E+02  2.762988596E+02  4.309354019E+02  1.170052179E+00 
       547 -3.407522408E-02  2.380263225E-01  1.169481074E-02  8.237747302E+04  1.840169303E+02  3.303541937E+02  2.717762079E+02  4.419673409E+02  1.142564533E+00 
       548 -3.073065008E-02  2.384984497E-01  1.361793802E-02  7.994922394E+04  1.910997895E+02  3.290532777E+02  2.696351469E+02  4.484165864E+02  1.131426919E+00 
       549 -2.732884007E-02  2.388770261E-01  1.546643341E-02  8.147973901E+04  1.854030442E+02  3.299701033E+02  2.711405964E+02  4.451059542E+02  1.142157877E+00 
       550 -2.390908864E-02  2.392176502E-01  1.728468609E-02  8.227001096E+04  1.843840765E+02  3.302245079E+02  2.715582314E+02  4.428912899E+02  1.142407489E+00 
       551 -2.044822495E-02  2.394794424E-01  1.908927170E-02  8.141605600E+04  1.865321707E+02  3.297525921E+02  2.707836690E+02  4.447163358E+02  1.139489386E+00 
       552 -1.699643969E-02  2.397114515E-01  2.086461287E-02  8.082854565E+04  1.879488943E+02  3.294396057E+02  2.702713919E+02  4.445471373E+02  1.136392882E+00 
       553 -1.354033893E-02  2.398615604E-01  2.263394957E-02  8.087650439E+04  1.884732857E+02  3.294202251E+02  2.702401314E+02  4.440422974E+02  1.135047480E+00 
       554 -1.007792796E-02  2.399171479E-01  2.439846914E-02  8.116738977E+04  1.882912598E+02  3.295012794E+02  2.703727913E+02  4.443862400E+02  1.138171148E+00 
       555 -6.592279415E-03  2.399646350E-01  2.619220728E-02  8.066852808E+04  1.880735745E+02  3.292614336E+02  2.699791794E+02  4.450067196E+02  1.140930686E+00 
       556 -3.124907716E-03  2.398994093E-01  2.794309000E-02  7.979058398E+04  1.897474518E+02  3.285093060E+02  2.687475128E+02  4.469324589E+02  1.140144378E+00 
       557  3.338943067E-04  2.398017910E-01  2.968583889E-02  1.050394030E+05  2.117067909E+02  3.416568437E+02  2.906950102E+02  3.900425992E+02  1.036071379E+00 
       558  3.794068913E-03  2.396169640E-01  3.144821874E-02  1.004469529E+05  2.120900850E+02  3.400524330E+02  2.879674377E+02  4.013965616E+02  1.043843564E+00 
       559  7.248441593E-03  2.393064044E-01  3.320284907E-02  9.600440088E+04  2.122326899E+02  3.381958485E+02  2.848301897E+02  4.115781441E+02  1.052059911E+00 
       560  1.068879679E-02  2.389885178E-01  3.498866898E-02  9.312685718E+04  2.158559947E+02  3.364740925E+02  2.819388409E+02  4.199675665E+02  1.049737766E+00 
       561  1.412543948E-02  2.386075767E-01  3.676435012E-02  9.024318188E+04  2.164414539E+02  3.351671820E+02  2.797499027E+02  4.213595552E+02  1.049285304E+00 
       562  1.753589177E-02  2.380598424E-01  3.855175648E-02  8.889625879E+04  2.193350105E+02  3.345558739E+02  2.787312565E+02  4.271138687E+02  1.048362240E+00 
       563  2.093820079E-02  2.375000001E-01  4.035454522E-02  9.159336621E+04  2.185737705E+02  3.361380930E+02  2.813823357E+02  4.232710228E+02  1.048531357E+00 
       564  2.432947450E-02  2.368878370E-01  4.215773147E-02  1.035762379E+05  2.080847785E+02  3.424165912E+02  2.920227564E+02  3.925055102E+02  1.057733503E+00 
       565  2.770729830E-02  2.361795572E-01  4.394886350E-02  1.247549519E+05  2.006287866E+02  3.510270386E+02  3.068798366E+02  3.450188909E+02  1.062524226E+00 
       566  3.105826597E-02  2.354459967E-01  4.578622705E-02  1.313992161E+05  1.996468720E+02  3.533716426E+02  3.109630642E+02  3.309872031E+02  1.061787491E+00 
       567  3.438758923E-02  2.346372217E-01  4.762879820E-02  1.237858510E+05  1.992033855E+02  3.509753377E+02  3.067649040E+02  3.507733252E+02  1.060350937E+00 
       568  3.771502906E-02  2.337669833E-01  4.947240569E-02  1.172613361E+05  2.049760172E+02  3.484159124E+02  3.023039181E+02  3.674328389E+02  1.045559113E+00 
       569  4.101460083E-02  2.329246351E-01  5.135281935E-02  1.182722452E+05  2.071761265E+02  3.486130815E+02  3.026450396E+02  3.631612844E+02  1.036899691E+00 
       570  4.428347740E-02  2.319960665E-01  5.324515281E-02  1.227588628E+05  2.049073645E+02  3.503955197E+02  3.057475469E+02  3.510039468E+02  1.041577522E+00 
       571  4.749748393E-02  2.310181580E-01  5.520824782E-02  1.250206697E+05  2.030296087E+02  3.514393339E+02  3.075708051E+02  3.432599764E+02  1.044290267E+00 
       572  5.066691057E-02  2.300652086E-01  5.723980181E-02  1.248966898E+05  2.051458465E+02  3.512704648E+02  3.072752168E+02  3.453847292E+02  1.036571941E+00 
       573  5.379140778E-02  2.290521307E-01  5.932353399E-02  1.246501636E+05  2.087219582E+02  3.510281030E+02  3.068509798E+02  3.459272494E+02  1.025935293E+00 
       574  5.683956615E-02  2.279793322E-01  6.149869556E-02  1.250658433E+05  2.104633904E+02  3.513975239E+02  3.074976540E+02  3.425495262E+02  1.018940184E+00 
       575  5.985072913E-02  2.269370111E-01  6.373374277E-02  1.253855898E+05  2.148449974E+02  3.514982147E+02  3.076736317E+02  3.406945095E+02  1.004688933E+00 
       576  6.280959972E-02  2.258492183E-01  6.601505396E-02  1.252464977E+05  2.189482240E+02  3.514188682E+02  3.075349188E+02  3.406184022E+02  9.923136267E-01 
       577  6.573461678E-02  2.247295145E-01  6.832363097E-02  1.247711382E+05  2.207459631E+02  3.513924026E+02  3.074879665E+02  3.404438405E+02  9.862928418E-01 
       578  6.865501872E-02  2.236625994E-01  7.064894084E-02  1.244115664E+05  2.237679058E+02  3.512594306E+02  3.072556504E+02  3.376336615E+02  9.748146744E-01 
       579  7.151541969E-02  2.224865137E-01  7.302188293E-02  1.230508047E+05  2.273452101E+02  3.507232685E+02  3.063180079E+02  3.391266117E+02  9.644510131E-01 
       580  7.433322259E-02  2.213060150E-01  7.543149031E-02  1.212970051E+05  2.290763030E+02  3.505959225E+02  3.060990853E+02  3.471830816E+02  9.619553182E-01 
       581  7.711325138E-02  2.201536844E-01  7.789825066E-02  1.223587617E+05  2.339767057E+02  3.513498199E+02  3.074176609E+02  3.487010272E+02  9.468403119E-01 
       582  7.981655167E-02  2.189959972E-01  8.044372180E-02  1.227957926E+05  2.362976782E+02  3.519846845E+02  3.085316734E+02  3.441177640E+02  9.343541581E-01 
       583  8.242371870E-02  2.177951216E-01  8.306797326E-02  1.223781719E+05  2.386775312E+02  3.517344074E+02  3.080939484E+02  3.403095226E+02  9.229778051E-01 
       584  8.497819178E-02  2.166305248E-01  8.576177505E-02  1.219428360E+05  2.399162410E+02  3.515005561E+02  3.076837310E+02  3.390196233E+02  9.169507867E-01 
       585  8.747465708E-02  2.155008942E-01  8.852176985E-02  1.217211604E+05  2.380062351E+02  3.515656118E+02  3.077978330E+02  3.396458602E+02  9.219001904E-01 
       586  8.983863293E-02  2.143275504E-01  9.137087988E-02  1.217866350E+05  2.358428888E+02  3.512989354E+02  3.073282084E+02  3.399984193E+02  9.276079740E-01 
       587  9.211779941E-02  2.131724912E-01  9.430579148E-02  1.222646869E+05  2.320599586E+02  3.511241705E+02  3.070203231E+02  3.398994151E+02  9.384740961E-01 
       588  9.424446159E-02  2.121023496E-01  9.738772987E-02  1.227427319E+05  2.274050649E+02  3.511285435E+02  3.070276704E+02  3.394981908E+02  9.521466867E-01 
       589  9.610967173E-02  2.111612431E-01  1.006666829E-01  1.230352722E+05  2.231782268E+02  3.511180514E+02  3.070095368E+02  3.396005217E+02  9.644673512E-01 
       590  9.742401869E-02  2.103903297E-01  1.042235364E-01  1.231304511E+05  2.198971259E+02  3.509457613E+02  3.067082390E+02  3.397648660E+02  9.736515986E-01 
       591  9.764724840E-02  2.101688920E-01  1.080985861E-01  1.231313359E+05  2.190510972E+02  3.507099690E+02  3.062966356E+02  3.402894621E+02  9.762943052E-01 
       592  9.763062643E-02  2.101108570E-01  1.119846410E-01  1.230305047E+05  2.201656004E+02  3.507646411E+02  3.063936069E+02  3.389349557E+02  9.730246612E-01 
       593  9.759894170E-02  2.100363093E-01  1.158782398E-01  1.227689500E+05  2.231409900E+02  3.513508217E+02  3.074206123E+02  3.369719391E+02  9.637338887E-01 
       594  9.760335841E-02  2.100041055E-01  1.197683889E-01  1.226791024E+05  2.246580765E+02  3.526275689E+02  3.096603568E+02  3.305732861E+02  9.580536741E-01 
       595  9.760552297E-02  2.099886023E-01  1.236588659E-01  1.226306908E+05  2.252553516E+02  3.540683307E+02  3.121937736E+02  3.180219144E+02  9.560174127E-01 
       596  9.760989540E-02  2.100145164E-01  1.275491461E-01  1.227745047E+05  2.253267093E+02  3.551446955E+02  3.140922260E+02  3.057520537E+02  9.576089773E-01 
       597  9.760550437E-02  2.100148949E-01  1.314412195E-01  1.228472979E+05  2.268093467E+02  3.554985924E+02  3.147189360E+02  3.028590374E+02  9.530556016E-01 
       598  9.762031038E-02  2.101034915E-01  1.353312483E-01  1.229272176E+05  2.277871027E+02  3.556136359E+02  3.149272054E+02  3.125465516E+02  9.477426787E-01 
       599  9.762506170E-02  2.101609083E-01  1.392228176E-01  1.229666760E+05  2.282609009E+02  3.551726798E+02  3.141521644E+02  3.200299031E+02  9.458285600E-01 
       600  9.764671237E-02  2.102092269E-01  1.431110049E-01  1.230037362E+05  2.261615572E+02  3.543023355E+02  3.126165636E+02  3.247146335E+02  9.529324835E-01 
       601  9.766256924E-02  2.102587391E-01  1.469999989E-01  1.231143525E+05  2.224344959E+02  3.538207741E+02  3.114913187E+02  3.303264999E+02  9.649958424E-01 
