nodenumber     x-coordinate     y-coordinate     z-coordinate         pressure velocity-magnitude      sound-speed      temperature rel-velocity-magnitude relative-velocity-angle 
         1 -2.216901913E-02  1.039879580E-01 -4.300600202E-02  8.754594048E+04  1.539280577E+02  3.330463763E+02  2.762182636E+02  2.356532042E+02  8.591335488E-01 
         2 -2.197401757E-02  1.042260031E-01 -4.002397295E-02  8.747692825E+04  1.545742748E+02  3.329986975E+02  2.761391764E+02  2.364776114E+02  8.586865996E-01 
         3 -2.150271627E-02  1.045375264E-01 -3.708169353E-02  8.734421918E+04  1.550493066E+02  3.329450068E+02  2.760501416E+02  2.369689710E+02  8.580792882E-01 
         4 -2.072290556E-02  1.049359494E-01 -3.421635317E-02  8.723572339E+04  1.553224704E+02  3.329193292E+02  2.760076523E+02  2.375435712E+02  8.590760743E-01 
         5 -1.964621854E-02  1.053757771E-01 -3.145501365E-02  8.711104199E+04  1.564559588E+02  3.328168459E+02  2.758377695E+02  2.384545474E+02  8.565038089E-01 
         6 -1.833909717E-02  1.058829391E-01 -2.880182754E-02  8.693839502E+04  1.571376328E+02  3.327364826E+02  2.757044888E+02  2.393661466E+02  8.564846516E-01 
         7 -1.686396899E-02  1.064019756E-01 -2.624136390E-02  8.677017529E+04  1.581210785E+02  3.326272345E+02  2.755234299E+02  2.405577788E+02  8.556952011E-01 
         8 -1.524276490E-02  1.069101094E-01 -2.376908005E-02  8.659456067E+04  1.591921887E+02  3.325190325E+02  2.753442197E+02  2.416233468E+02  8.540754411E-01 
         9 -1.353040875E-02  1.074492491E-01 -2.136449246E-02  8.638822498E+04  1.602140794E+02  3.324280014E+02  2.751935542E+02  2.426166837E+02  8.526480002E-01 
        10 -1.175719847E-02  1.079385502E-01 -1.899452623E-02  8.614580652E+04  1.614437913E+02  3.322990913E+02  2.749801316E+02  2.438996129E+02  8.510267986E-01 
        11 -9.920451205E-03  1.084473482E-01 -1.667649769E-02  8.609903461E+04  1.625337654E+02  3.322774699E+02  2.749443599E+02  2.444960253E+02  8.476500434E-01 
        12 -8.053093039E-03  1.089314126E-01 -1.437870322E-02  8.621170306E+04  1.630179380E+02  3.323493998E+02  2.750633887E+02  2.445282483E+02  8.458346878E-01 
        13 -6.139911673E-03  1.093816015E-01 -1.211111235E-02  8.676151758E+04  1.622922330E+02  3.326483011E+02  2.755583935E+02  2.430930181E+02  8.453390785E-01 
        14 -4.213714023E-03  1.098625599E-01 -9.853315987E-03  8.760326465E+04  1.603541050E+02  3.330766945E+02  2.762687683E+02  2.402756796E+02  8.467977308E-01 
        15 -2.267252226E-03  1.102821410E-01 -7.616721013E-03  8.857485986E+04  1.565964670E+02  3.335751305E+02  2.770963964E+02  2.372185440E+02  8.578055725E-01 
        16 -3.058463972E-04  1.106716081E-01 -5.380345181E-03  8.941338940E+04  1.496282191E+02  3.340369148E+02  2.778641138E+02  2.343122249E+02  8.873590715E-01 
        17  1.649896870E-03  1.110991589E-01 -3.144821902E-03  8.742365527E+04  1.460645806E+02  3.329853249E+02  2.761193192E+02  2.424764130E+02  9.354690118E-01 
        18  3.605378217E-03  1.114680886E-01 -8.997268064E-04  7.556222571E+04  1.740025747E+02  3.263752937E+02  2.652649841E+02  2.859070158E+02  9.482177887E-01 
        19  5.548952344E-03  1.118349081E-01  1.356589372E-03  6.986914966E+04  2.100907352E+02  3.225996397E+02  2.591646371E+02  3.072001030E+02  8.397760666E-01 
        20  7.472030685E-03  1.121892539E-01  3.633809071E-03  7.298683737E+04  2.083465031E+02  3.251210922E+02  2.632357253E+02  2.919315756E+02  7.858929350E-01 
        21  9.366594022E-03  1.125505666E-01  5.932977735E-03  7.667708350E+04  2.051542560E+02  3.274160933E+02  2.669628968E+02  2.816312718E+02  7.617797586E-01 
        22  1.122147558E-02  1.129077905E-01  8.263617067E-03  7.897745766E+04  2.064926024E+02  3.286579019E+02  2.689895122E+02  2.738438696E+02  7.266108033E-01 
        23  1.303284284E-02  1.132507638E-01  1.062953057E-02  8.047776213E+04  2.093697904E+02  3.294490972E+02  2.702854749E+02  2.680210474E+02  6.917304361E-01 
        24  1.479928419E-02  1.136234762E-01  1.303021626E-02  8.167142650E+04  2.138236581E+02  3.300619849E+02  2.712921682E+02  2.654166806E+02  6.597654787E-01 
        25  1.649617427E-02  1.139938279E-01  1.547769530E-02  8.274666479E+04  2.190207422E+02  3.305815849E+02  2.721464729E+02  2.632773433E+02  6.257440136E-01 
        26  1.811807173E-02  1.143837002E-01  1.797032872E-02  8.347740234E+04  2.249582276E+02  3.308924003E+02  2.726579447E+02  2.620391550E+02  5.911989175E-01 
        27  1.968166241E-02  1.148013513E-01  2.049621310E-02  8.357476874E+04  2.319012935E+02  3.309150026E+02  2.726951792E+02  2.623995829E+02  5.569217647E-01 
        28  2.119101764E-02  1.152299366E-01  2.305322148E-02  8.307316741E+04  2.402277673E+02  3.306134147E+02  2.721984746E+02  2.643630210E+02  5.217998250E-01 
        29  2.266338778E-02  1.156643914E-01  2.563116057E-02  8.245705920E+04  2.492783610E+02  3.301703346E+02  2.714694668E+02  2.677293773E+02  4.879153764E-01 
        30  2.408077791E-02  1.161159634E-01  2.823658064E-02  8.188454700E+04  2.576046057E+02  3.298261719E+02  2.709037375E+02  2.709866157E+02  4.572077584E-01 
        31  2.544088325E-02  1.165921105E-01  3.086849856E-02  8.129213513E+04  2.651916332E+02  3.295850110E+02  2.705075750E+02  2.732489514E+02  4.271252919E-01 
        32  2.674433127E-02  1.170738851E-01  3.352942364E-02  8.070206702E+04  2.731203239E+02  3.292955265E+02  2.700325923E+02  2.756340957E+02  3.961103130E-01 
        33  2.797950643E-02  1.175445507E-01  3.622298897E-02  8.015941992E+04  2.818957988E+02  3.288783114E+02  2.693489949E+02  2.788968072E+02  3.641463304E-01 
        34  2.916313541E-02  1.180056499E-01  3.893937175E-02  7.982394499E+04  2.901026856E+02  3.285742846E+02  2.688515267E+02  2.818525658E+02  3.339996911E-01 
        35  3.031249539E-02  1.184785399E-01  4.167042727E-02  7.992246820E+04  2.955440278E+02  3.287883730E+02  2.692017258E+02  2.822492057E+02  3.083706754E-01 
        36  3.139929926E-02  1.189405785E-01  4.442941843E-02  8.021294031E+04  3.007800626E+02  3.290950096E+02  2.697036433E+02  2.821752211E+02  2.820062978E-01 
        37  3.242013936E-02  1.193808800E-01  4.721660669E-02  8.077444635E+04  3.063148020E+02  3.294091108E+02  2.702190864E+02  2.815836980E+02  2.518283152E-01 
        38  3.340677803E-02  1.198011670E-01  5.002067675E-02  8.209572333E+04  3.092539041E+02  3.302113377E+02  2.715375739E+02  2.783511082E+02  2.248512094E-01 
        39  3.430413654E-02  1.201853153E-01  5.285529857E-02  8.385507617E+04  3.107672796E+02  3.312111378E+02  2.731843452E+02  2.736155853E+02  1.993285036E-01 
        40  3.515433510E-02  1.205874318E-01  5.570324370E-02  8.597308447E+04  3.109662228E+02  3.323151035E+02  2.750087490E+02  2.677705326E+02  1.765546044E-01 
        41  3.592907297E-02  1.209644065E-01  5.857535950E-02  8.834655469E+04  3.093301573E+02  3.335835094E+02  2.771126189E+02  2.608062229E+02  1.595520042E-01 
        42  3.664355424E-02  1.213334730E-01  6.146049591E-02  9.080636194E+04  3.060791993E+02  3.348561606E+02  2.792307887E+02  2.529755569E+02  1.484895002E-01 
        43  3.727845098E-02  1.217084379E-01  6.437276718E-02  9.306983423E+04  3.021970196E+02  3.359245310E+02  2.810146265E+02  2.455724592E+02  1.434220280E-01 
        44  3.781448665E-02  1.220744111E-01  6.730672953E-02  9.483087695E+04  2.984237127E+02  3.367550287E+02  2.824049225E+02  2.395986953E+02  1.441197256E-01 
        45  3.826762164E-02  1.224563704E-01  7.025293559E-02  9.595114240E+04  2.957426269E+02  3.372674496E+02  2.832646005E+02  2.358305753E+02  1.478102984E-01 
        46  3.856443464E-02  1.228195695E-01  7.317567491E-02  9.649015234E+04  2.937255707E+02  3.376168060E+02  2.838521423E+02  2.338464050E+02  1.548068076E-01 
        47  3.882754171E-02  1.231963568E-01  7.616928387E-02  9.665124286E+04  2.918620559E+02  3.381549284E+02  2.847593514E+02  2.319435747E+02  1.617003189E-01 
        48  3.896508106E-02  1.235573809E-01  7.913505459E-02  9.667872266E+04  2.870720062E+02  3.393673859E+02  2.868210487E+02  2.242301102E+02  1.669896059E-01 
        49  3.903512947E-02  1.239238609E-01  8.213137167E-02  9.661962012E+04  2.755998037E+02  3.417950015E+02  2.909657247E+02  2.044909375E+02  1.796411469E-01 
        50  3.900153017E-02  1.243001337E-01  8.510504302E-02  9.648112970E+04  2.580139067E+02  3.454051907E+02  2.971546588E+02  1.698788337E+02  1.820183266E-01 
        51  3.889299026E-02  1.246700891E-01  8.806950082E-02  9.622698102E+04  2.397846079E+02  3.493508654E+02  3.039695649E+02  1.217196199E+02  1.729180310E-01 
        52  3.870303970E-02  1.250405990E-01  9.105247242E-02  9.607284863E+04  2.325611086E+02  3.519388018E+02  3.084591823E+02  7.966559279E+01  5.073721643E-02 
        53  3.847530202E-02  1.253810613E-01  9.402032493E-02  9.666013428E+04  2.333163333E+02  3.528554060E+02  3.100633420E+02  4.704690202E+01 -3.748605645E-01 
        54  3.809583015E-02  1.257752167E-01  9.695318516E-02  9.674960449E+04  2.316220016E+02  3.529139214E+02  3.101602592E+02  4.078659153E+01 -9.921310581E-01 
        55  3.767199372E-02  1.261489404E-01  9.992435767E-02  9.796342773E+04  2.467652941E+02  3.524126015E+02  3.092777553E+02  4.825221241E+01 -2.062674202E+00 
        56  3.723780727E-02  1.265196365E-01  1.028569506E-01  9.989161990E+04  2.549012032E+02  3.518141202E+02  3.082290227E+02  6.652871196E+01 -1.138602063E+00 
        57  3.672955052E-02  1.269046997E-01  1.057947981E-01  1.012792305E+05  2.455890195E+02  3.502203989E+02  3.054422479E+02  1.103569689E+02 -7.522240118E-02 
        58  3.615520807E-02  1.273091289E-01  1.087154776E-01  1.031876382E+05  2.378191957E+02  3.477280340E+02  3.011131868E+02  1.505921350E+02  2.512248624E-01 
        59  3.556812424E-02  1.277144368E-01  1.116309472E-01  1.055045325E+05  2.436220524E+02  3.449852633E+02  2.963815811E+02  1.787996199E+02  2.912812955E-01 
        60  3.495651588E-02  1.281329458E-01  1.145394580E-01  1.072212068E+05  2.505034580E+02  3.436726780E+02  2.941285162E+02  1.880591493E+02  2.733015255E-01 
        61  3.433795015E-02  1.285471243E-01  1.174457346E-01  1.080095535E+05  2.566226265E+02  3.434312177E+02  2.937134862E+02  1.907169802E+02  2.438636911E-01 
        62  3.376061330E-02  1.289460490E-01  1.203607660E-01  1.081687145E+05  2.632282529E+02  3.435523417E+02  2.939206066E+02  1.925056703E+02  2.097010722E-01 
        63  3.331803132E-02  1.293309423E-01  1.232882868E-01  1.080933238E+05  2.682345239E+02  3.435030991E+02  2.938360623E+02  1.959754834E+02  1.925993847E-01 
        64  3.310586596E-02  1.296649637E-01  1.262581306E-01  1.080502288E+05  2.707436349E+02  3.432924879E+02  2.934759979E+02  1.978758078E+02  1.858298110E-01 
        65  3.306639982E-02  1.299493947E-01  1.292495641E-01  1.079938771E+05  2.719109060E+02  3.429758666E+02  2.929346795E+02  1.997014763E+02  1.868586849E-01 
        66  3.322486525E-02  1.302097713E-01  1.322380794E-01  1.078165501E+05  2.722699785E+02  3.428275141E+02  2.926812379E+02  2.016644890E+02  1.934830615E-01 
        67  3.356462385E-02  1.304573038E-01  1.352130229E-01  1.075559385E+05  2.732649174E+02  3.426917470E+02  2.924494315E+02  2.024555358E+02  1.925309409E-01 
        68  3.400410102E-02  1.306751199E-01  1.381765647E-01  1.072336815E+05  2.743551750E+02  3.426279836E+02  2.923406477E+02  2.029714851E+02  1.900272875E-01 
        69  3.451963359E-02  1.308741206E-01  1.411278790E-01  1.069212181E+05  2.757057939E+02  3.425582161E+02  2.922214811E+02  2.041838000E+02  1.885039813E-01 
        70  3.508991352E-02  1.310576265E-01  1.440660380E-01  1.066132612E+05  2.772642827E+02  3.424727101E+02  2.920755599E+02  2.064183395E+02  1.893401481E-01 
        71  3.570211579E-02  1.312503676E-01  1.470000000E-01  1.063006807E+05  2.789324951E+02  3.423466988E+02  2.918578529E+02  2.091751785E+02  1.910971142E-01 
        72 -2.843361623E-02  1.708417341E-01 -4.258217492E-02  8.212200977E+04  1.835275803E+02  3.300404320E+02  2.712547579E+02  3.442890654E+02  1.008557267E+00 
        73 -2.838826984E-02  1.709653765E-01 -3.916427879E-02  8.215230609E+04  1.837500818E+02  3.300535948E+02  2.712765255E+02  3.443210969E+02  1.007910991E+00 
        74 -2.835908450E-02  1.711140563E-01 -3.574649433E-02  8.237957037E+04  1.830815394E+02  3.302393785E+02  2.715821643E+02  3.426010199E+02  1.007185762E+00 
        75 -2.838361088E-02  1.712589164E-01 -3.232950605E-02  8.276003833E+04  1.840517602E+02  3.303006039E+02  2.716830578E+02  3.437714443E+02  1.006266244E+00 
        76 -2.841360827E-02  1.714319125E-01 -2.891476756E-02  8.326420703E+04  1.824494429E+02  3.307023463E+02  2.723440681E+02  3.412878847E+02  1.007244110E+00 
        77 -2.833774301E-02  1.716334782E-01 -2.549995819E-02  8.382107178E+04  1.815022393E+02  3.309975604E+02  2.728307723E+02  3.394985014E+02  1.007425249E+00 
        78 -2.791452343E-02  1.719215161E-01 -2.212016887E-02  8.415620020E+04  1.810876951E+02  3.311193542E+02  2.730316305E+02  3.399516659E+02  1.009749446E+00 
        79 -2.700703325E-02  1.722886754E-01 -1.884820631E-02  8.414298315E+04  1.809468985E+02  3.310392952E+02  2.728994627E+02  3.403259144E+02  1.010832801E+00 
        80 -2.544395246E-02  1.727209334E-01 -1.584518523E-02  8.323422675E+04  1.815112288E+02  3.306021185E+02  2.721792691E+02  3.442595785E+02  1.015916269E+00 
        81 -2.351536464E-02  1.732363399E-01 -1.306823492E-02  8.138925714E+04  1.848453205E+02  3.296091965E+02  2.705475053E+02  3.478429288E+02  1.010895879E+00 
        82 -2.134527601E-02  1.737374909E-01 -1.047435973E-02  7.875281670E+04  1.906763929E+02  3.280873324E+02  2.680551484E+02  3.560210068E+02  1.006380637E+00 
        83 -1.897326710E-02  1.742189522E-01 -8.035177519E-03  7.577617484E+04  1.993684836E+02  3.261222596E+02  2.648569065E+02  3.632786193E+02  9.914583294E-01 
        84 -1.652827274E-02  1.746780172E-01 -5.688541800E-03  7.368733710E+04  2.039782305E+02  3.250683708E+02  2.631457341E+02  3.691662440E+02  9.873573268E-01 
        85 -1.397929867E-02  1.751251779E-01 -3.446989688E-03  7.292581995E+04  2.090228982E+02  3.244227347E+02  2.621007428E+02  3.729185967E+02  9.779370558E-01 
        86 -1.139011487E-02  1.755573757E-01 -1.256774906E-03  7.362614380E+04  2.096976109E+02  3.249673052E+02  2.629824700E+02  3.709825158E+02  9.714844599E-01 
        87 -8.734274343E-03  1.759085237E-01  8.667805443E-04  7.816061591E+04  2.045006385E+02  3.277268600E+02  2.674750316E+02  3.585184708E+02  9.650860103E-01 
        88 -6.073383534E-03  1.762548475E-01  2.984781313E-03  8.816362817E+04  1.921881418E+02  3.331935754E+02  2.764738619E+02  3.318914275E+02  9.616811010E-01 
        89 -3.359730182E-03  1.765819110E-01  5.053045394E-03  9.772621832E+04  1.760627127E+02  3.381639011E+02  2.847753373E+02  3.059039283E+02  9.813690451E-01 
        90 -6.741955509E-04  1.768270807E-01  7.130208361E-03  9.675410039E+04  1.671984358E+02  3.376205973E+02  2.838619879E+02  3.125858835E+02  1.021520171E+00 
        91  2.027043660E-03  1.770783858E-01  9.208570588E-03  7.916772648E+04  1.941898525E+02  3.280201451E+02  2.679504266E+02  3.585146334E+02  9.996841583E-01 
        92  4.731686997E-03  1.772422585E-01  1.127155269E-02  7.422154268E+04  2.113626862E+02  3.251036442E+02  2.632035229E+02  3.741363779E+02  9.720261088E-01 
        93  7.454465044E-03  1.773874983E-01  1.334309669E-02  7.405987491E+04  2.104467652E+02  3.248389820E+02  2.627752689E+02  3.737217085E+02  9.743180722E-01 
        94  1.015989937E-02  1.775222933E-01  1.545596277E-02  7.106568015E+04  2.172020730E+02  3.231738345E+02  2.600935887E+02  3.799822036E+02  9.652148715E-01 
        95  1.284858280E-02  1.775661421E-01  1.756817794E-02  6.741736835E+04  2.264159514E+02  3.210014222E+02  2.566071829E+02  3.901914997E+02  9.559448431E-01 
        96  1.551966693E-02  1.776138061E-01  1.970369132E-02  6.423725342E+04  2.365577149E+02  3.187189391E+02  2.529782774E+02  4.012038517E+02  9.462094344E-01 
        97  1.817410325E-02  1.776258069E-01  2.186017323E-02  6.163612085E+04  2.458639836E+02  3.168374987E+02  2.499972997E+02  4.094536710E+02  9.337408189E-01 
        98  2.080993586E-02  1.775631240E-01  2.403936301E-02  5.979215881E+04  2.523743601E+02  3.157437029E+02  2.482715497E+02  4.123467569E+02  9.188248981E-01 
        99  2.341570779E-02  1.774969016E-01  2.625394818E-02  5.924478040E+04  2.575555429E+02  3.153663282E+02  2.476783166E+02  4.137063828E+02  9.044824149E-01 
       100  2.600295182E-02  1.773818036E-01  2.848806157E-02  6.102526831E+04  2.592332125E+02  3.166209717E+02  2.496672459E+02  4.101859436E+02  8.907067887E-01 
       101  2.856627515E-02  1.771883875E-01  3.074502562E-02  6.651332593E+04  2.550540600E+02  3.204180355E+02  2.557400980E+02  3.952165279E+02  8.731393740E-01 
       102  3.110662233E-02  1.769811535E-01  3.302644514E-02  7.486679248E+04  2.465840216E+02  3.259366922E+02  2.646223440E+02  3.711846142E+02  8.518261220E-01 
       103  3.362247542E-02  1.767159818E-01  3.532849163E-02  8.166757520E+04  2.424640360E+02  3.300068188E+02  2.712197890E+02  3.525035601E+02  8.286682777E-01 
       104  3.610895472E-02  1.763647845E-01  3.765120331E-02  8.308517529E+04  2.471045918E+02  3.306799288E+02  2.723149176E+02  3.497735796E+02  8.080894770E-01 
       105  3.856497337E-02  1.759966372E-01  4.000321012E-02  8.053485971E+04  2.562302666E+02  3.292958491E+02  2.700395011E+02  3.578789706E+02  7.918488411E-01 
       106  4.103059304E-02  1.755360248E-01  4.234569910E-02  7.817243936E+04  2.637428387E+02  3.280541107E+02  2.680014393E+02  3.630166808E+02  7.756625703E-01 
       107  4.340106546E-02  1.750377176E-01  4.474435622E-02  7.847166876E+04  2.685105860E+02  3.280969550E+02  2.680723819E+02  3.634449834E+02  7.603897201E-01 
       108  4.575540032E-02  1.745445103E-01  4.717695363E-02  8.194238843E+04  2.669406483E+02  3.302244439E+02  2.715675776E+02  3.530501742E+02  7.463308200E-01 
       109  4.807037784E-02  1.739953488E-01  4.963532790E-02  8.827841357E+04  2.621314373E+02  3.337015457E+02  2.773217249E+02  3.357932663E+02  7.317418400E-01 
       110  5.034733117E-02  1.734133857E-01  5.212084081E-02  9.509590234E+04  2.575573406E+02  3.372562466E+02  2.832562962E+02  3.177623215E+02  7.173224166E-01 
       111  5.258765486E-02  1.728405975E-01  5.464144749E-02  9.955977441E+04  2.566897526E+02  3.395949364E+02  2.871903896E+02  3.044884834E+02  6.992513388E-01 
       112  5.479076840E-02  1.722430532E-01  5.718902978E-02  1.023210825E+05  2.578554096E+02  3.409302158E+02  2.894518929E+02  2.980370474E+02  6.852282938E-01 
       113  5.694737683E-02  1.716020731E-01  5.976586917E-02  1.052611894E+05  2.575549519E+02  3.422325065E+02  2.916673417E+02  2.922778034E+02  6.778487060E-01 
       114  5.911848447E-02  1.709340834E-01  6.233872565E-02  1.086206808E+05  2.567815348E+02  3.435942132E+02  2.939925050E+02  2.849838887E+02  6.701399409E-01 
       115  6.119351897E-02  1.703313828E-01  6.496775561E-02  1.114499087E+05  2.559830861E+02  3.447872324E+02  2.960383873E+02  2.765688176E+02  6.621723454E-01 
       116  6.319798910E-02  1.696485115E-01  6.765543605E-02  1.136674121E+05  2.542179475E+02  3.459067807E+02  2.979632473E+02  2.688308520E+02  6.589899706E-01 
       117  6.520189851E-02  1.689621155E-01  7.034628384E-02  1.157536982E+05  2.522194872E+02  3.469095879E+02  2.996928329E+02  2.630273848E+02  6.598537974E-01 
       118  6.717992039E-02  1.682884043E-01  7.305807409E-02  1.174489150E+05  2.510284824E+02  3.475531082E+02  3.008055172E+02  2.594659033E+02  6.606836971E-01 
       119  6.910755662E-02  1.675987334E-01  7.579818779E-02  1.187818052E+05  2.487272491E+02  3.481168158E+02  3.017818701E+02  2.567827950E+02  6.673096777E-01 
       120  7.101404689E-02  1.668389198E-01  7.852135391E-02  1.197130168E+05  2.469230716E+02  3.484756498E+02  3.024047112E+02  2.549719036E+02  6.726052645E-01 
       121  7.286652020E-02  1.661304029E-01  8.130170181E-02  1.197753421E+05  2.453404209E+02  3.486033686E+02  3.026262598E+02  2.538167890E+02  6.783021553E-01 
       122  7.473378469E-02  1.653966549E-01  8.408122010E-02  1.197323589E+05  2.444343204E+02  3.486038361E+02  3.026272259E+02  2.534401207E+02  6.819561273E-01 
       123  7.654776682E-02  1.646234676E-01  8.688218818E-02  1.196789155E+05  2.421525946E+02  3.488203373E+02  3.030040121E+02  2.537465510E+02  6.917378847E-01 
       124  7.830115451E-02  1.638494494E-01  8.971806956E-02  1.194764263E+05  2.413609848E+02  3.490186062E+02  3.033502655E+02  2.535895214E+02  6.949724928E-01 
       125  8.003223315E-02  1.630890187E-01  9.257063461E-02  1.192447676E+05  2.414229546E+02  3.493001547E+02  3.038421917E+02  2.529526544E+02  6.946041919E-01 
       126  8.174167210E-02  1.623344685E-01  9.543869445E-02  1.190930491E+05  2.418572936E+02  3.494733734E+02  3.041451569E+02  2.507436690E+02  6.916562477E-01 
       127  8.339566060E-02  1.615413001E-01  9.829620033E-02  1.190389799E+05  2.400428953E+02  3.499776317E+02  3.050262874E+02  2.475908831E+02  6.975205345E-01 
       128  8.500809507E-02  1.607572746E-01  1.012133408E-01  1.188648245E+05  2.375705124E+02  3.508440168E+02  3.065418007E+02  2.433899971E+02  7.058821721E-01 
       129  8.654116005E-02  1.600133249E-01  1.041766726E-01  1.186060914E+05  2.368573977E+02  3.515623543E+02  3.077991301E+02  2.377016764E+02  7.063708038E-01 
       130  8.807530659E-02  1.592883350E-01  1.071513815E-01  1.185265586E+05  2.378254919E+02  3.517903743E+02  3.081956015E+02  2.298882227E+02  6.980994940E-01 
       131  8.946870181E-02  1.585918917E-01  1.101955952E-01  1.186462325E+05  2.351759449E+02  3.526077335E+02  3.096245527E+02  2.177924702E+02  7.053222388E-01 
       132  9.078169785E-02  1.579398834E-01  1.132895212E-01  1.186848535E+05  2.258954614E+02  3.538898950E+02  3.118762176E+02  2.103086458E+02  7.461904106E-01 
       133  9.193376095E-02  1.573753789E-01  1.164622823E-01  1.185766959E+05  2.230563118E+02  3.537702584E+02  3.116646254E+02  2.099840803E+02  7.583350046E-01 
       134  9.287851211E-02  1.569754829E-01  1.197270904E-01  1.185191974E+05  2.276363123E+02  3.526796512E+02  3.097471477E+02  2.160824149E+02  7.383789225E-01 
       135  9.346963790E-02  1.567893278E-01  1.230899614E-01  1.184000384E+05  2.338233013E+02  3.509126860E+02  3.066562583E+02  2.355808043E+02  7.212375044E-01 
       136  9.376445592E-02  1.568076376E-01  1.265149706E-01  1.184150104E+05  2.397378466E+02  3.488679743E+02  3.030905356E+02  2.559457970E+02  7.097572070E-01 
       137  9.391306034E-02  1.569225935E-01  1.299303306E-01  1.183163599E+05  2.414709120E+02  3.479031401E+02  3.014125023E+02  2.609580326E+02  7.069189269E-01 
       138  9.402896493E-02  1.570765633E-01  1.333445553E-01  1.181617295E+05  2.409446526E+02  3.477807159E+02  3.011999426E+02  2.590615005E+02  7.079123687E-01 
       139  9.417960043E-02  1.572174564E-01  1.367593072E-01  1.180440623E+05  2.419281335E+02  3.477310762E+02  3.011139083E+02  2.599818687E+02  7.055959422E-01 
       140  9.437397158E-02  1.573466446E-01  1.401725853E-01  1.179444202E+05  2.430281243E+02  3.477689476E+02  3.011795297E+02  2.615594556E+02  7.034771210E-01 
       141  9.455826038E-02  1.574868932E-01  1.435861248E-01  1.179172465E+05  2.435937275E+02  3.479460894E+02  3.014860986E+02  2.618542486E+02  7.022292383E-01 
       142  9.468914447E-02  1.576724412E-01  1.470000022E-01  1.178336431E+05  2.439875526E+02  3.480414124E+02  3.016629295E+02  2.621479282E+02  7.018402480E-01 
       143 -2.515044289E-02  2.387134140E-01 -4.211006034E-02  8.308135553E+04  1.815955955E+02  3.305190628E+02  2.720421947E+02  4.419973016E+02  1.147450002E+00 
       144 -2.515073613E-02  2.387267259E-01 -3.821832766E-02  8.443264318E+04  1.780155848E+02  3.313007624E+02  2.733313093E+02  4.390256629E+02  1.153535506E+00 
       145 -2.514274647E-02  2.387409373E-01 -3.433018188E-02  8.570861583E+04  1.744787194E+02  3.320595614E+02  2.745847201E+02  4.331415982E+02  1.157086259E+00 
       146 -2.514933814E-02  2.387615668E-01 -3.043885368E-02  8.601647681E+04  1.752050940E+02  3.320771775E+02  2.746139393E+02  4.351084076E+02  1.157215565E+00 
       147 -2.514205174E-02  2.387863737E-01 -2.655197175E-02  8.488862582E+04  1.784288830E+02  3.314218079E+02  2.735316359E+02  4.385772399E+02  1.152919361E+00 
       148 -2.514801404E-02  2.388163633E-01 -2.268742808E-02  8.274996092E+04  1.811178424E+02  3.305535329E+02  2.720998782E+02  4.378957349E+02  1.145852471E+00 
       149 -2.514603624E-02  2.387984711E-01 -1.877579094E-02  8.060546680E+04  1.871655712E+02  3.292400475E+02  2.699412155E+02  4.463734703E+02  1.138782308E+00 
       150 -2.513833525E-02  2.388756875E-01 -1.487946342E-02  7.907782688E+04  1.912358603E+02  3.284051508E+02  2.685736379E+02  4.488895819E+02  1.131640808E+00 
       151 -2.514495058E-02  2.389300222E-01 -1.098752945E-02  7.907183142E+04  1.920331821E+02  3.282294459E+02  2.682871480E+02  4.506989791E+02  1.131434499E+00 
       152 -2.501801490E-02  2.389948317E-01 -7.101428526E-03  8.099199774E+04  1.860937304E+02  3.294502037E+02  2.702868534E+02  4.457656467E+02  1.140741895E+00 
       153 -2.403359079E-02  2.391541778E-01 -3.362202731E-03  8.587190347E+04  1.755512265E+02  3.319208436E+02  2.743569178E+02  4.357415670E+02  1.156657767E+00 
       154 -2.203079393E-02  2.393877231E-01 -4.501692070E-05  8.932080355E+04  1.666531012E+02  3.338110639E+02  2.774890712E+02  4.289132002E+02  1.172593093E+00 
       155 -1.942355624E-02  2.396357170E-01  2.825132604E-03  8.676463586E+04  1.718736359E+02  3.326148487E+02  2.755063593E+02  4.350877466E+02  1.165190439E+00 
       156 -1.648721574E-02  2.398964014E-01  5.342831758E-03  8.185321857E+04  1.875096744E+02  3.295117278E+02  2.703886297E+02  4.418825250E+02  1.132836778E+00 
       157 -1.330897545E-02  2.400801911E-01  7.594698846E-03  8.036531482E+04  1.872279205E+02  3.290746117E+02  2.696705222E+02  4.491889882E+02  1.141240548E+00 
       158 -1.004552185E-02  2.402353079E-01  9.709455816E-03  8.082125818E+04  1.856724691E+02  3.291260810E+02  2.697564249E+02  4.449619961E+02  1.140759470E+00 
       159 -6.714656287E-03  2.403804415E-01  1.171394437E-02  8.086414146E+04  1.837610997E+02  3.292373751E+02  2.699382864E+02  4.464524236E+02  1.147403175E+00 
       160 -3.322138608E-03  2.404066774E-01  1.362735999E-02  8.007716949E+04  1.854497343E+02  3.287737629E+02  2.691779943E+02  4.479151695E+02  1.145452242E+00 
       161  9.783589121E-05  2.404201762E-01  1.547870720E-02  7.986232263E+04  1.858594410E+02  3.287320223E+02  2.691106439E+02  4.476041889E+02  1.144823520E+00 
       162  3.534439975E-03  2.403949673E-01  1.730379042E-02  8.232445117E+04  1.845974941E+02  3.297259445E+02  2.707631454E+02  4.451619835E+02  1.148148607E+00 
       163  6.969024296E-03  2.402279751E-01  1.908412837E-02  9.209341132E+04  1.556586401E+02  3.356020544E+02  2.805013862E+02  4.265411637E+02  1.202833589E+00 
       164  1.043411823E-02  2.400800089E-01  2.085152946E-02  7.954003562E+04  1.867680936E+02  3.292843616E+02  2.700165696E+02  4.484202115E+02  1.146140231E+00 
       165  1.388371434E-02  2.398652026E-01  2.263181169E-02  7.975798901E+04  1.863508041E+02  3.290340230E+02  2.696055856E+02  4.471623158E+02  1.145539500E+00 
       166  1.734145131E-02  2.394992745E-01  2.440657916E-02  7.931864795E+04  1.884754071E+02  3.288141532E+02  2.692436168E+02  4.490975461E+02  1.140759343E+00 
       167  2.080043859E-02  2.391294908E-01  2.615375350E-02  7.884565715E+04  1.879400141E+02  3.289471478E+02  2.694618962E+02  4.431159357E+02  1.136862220E+00 
       168  2.424052770E-02  2.387186889E-01  2.792040504E-02  7.880700806E+04  1.900769215E+02  3.287970490E+02  2.692163649E+02  4.421024289E+02  1.131226916E+00 
       169  2.766624902E-02  2.381908713E-01  2.968394578E-02  7.867586304E+04  1.927643034E+02  3.286328282E+02  2.689474759E+02  4.442912717E+02  1.127054155E+00 
       170  3.108229850E-02  2.375970478E-01  3.144655572E-02  7.844125861E+04  1.948659559E+02  3.285811384E+02  2.688635101E+02  4.438041172E+02  1.121920332E+00 
       171  3.449726266E-02  2.369314331E-01  3.319569832E-02  7.850685995E+04  1.970465430E+02  3.286155093E+02  2.689201882E+02  4.433904612E+02  1.116422702E+00 
       172  3.787267708E-02  2.362004853E-01  3.498142333E-02  7.890474548E+04  1.979298911E+02  3.289352322E+02  2.694446588E+02  4.422967081E+02  1.114446642E+00 
       173  4.123744789E-02  2.354271843E-01  3.677379579E-02  7.925746655E+04  1.983403583E+02  3.293123484E+02  2.700631671E+02  4.404970875E+02  1.113551654E+00 
       174  4.456263149E-02  2.345133553E-01  3.856958315E-02  7.872222758E+04  2.007094159E+02  3.291786249E+02  2.698439522E+02  4.395480171E+02  1.109123592E+00 
       175  4.789152860E-02  2.335402793E-01  4.034492433E-02  7.709646429E+04  2.069789582E+02  3.279989920E+02  2.679147215E+02  4.416386683E+02  1.097466771E+00 
       176  5.119514426E-02  2.325727211E-01  4.215365701E-02  7.509205517E+04  2.128521397E+02  3.266595832E+02  2.657300171E+02  4.449805149E+02  1.086937811E+00 
       177  5.444737908E-02  2.314873556E-01  4.396264389E-02  7.313166425E+04  2.181131271E+02  3.254561111E+02  2.637744743E+02  4.486536444E+02  1.077605925E+00 
       178  5.771043354E-02  2.303389779E-01  4.576361213E-02  7.107485809E+04  2.265390642E+02  3.238946943E+02  2.612531486E+02  4.569741609E+02  1.067740221E+00 
       179  6.093363739E-02  2.292015055E-01  4.761570799E-02  6.855038611E+04  2.357150655E+02  3.220729198E+02  2.583237777E+02  4.637153282E+02  1.053194877E+00 
       180  6.411569228E-02  2.279427553E-01  4.946832252E-02  6.682309082E+04  2.456339369E+02  3.210842104E+02  2.567425718E+02  4.673356133E+02  1.033424094E+00 
       181  6.728438578E-02  2.267057043E-01  5.135068917E-02  6.910947888E+04  2.572102680E+02  3.231847639E+02  2.601187887E+02  4.620114946E+02  9.965194538E-01 
       182  7.045491472E-02  2.254566135E-01  5.324396322E-02  8.066517346E+04  2.661568475E+02  3.296668768E+02  2.707185798E+02  4.385082831E+02  9.433183884E-01 
       183  7.352398986E-02  2.240979077E-01  5.520813549E-02  9.645814160E+04  2.500586643E+02  3.379284620E+02  2.844241915E+02  4.010321474E+02  9.452552907E-01 
       184  7.654294831E-02  2.227589545E-01  5.724026033E-02  1.042123642E+05  2.389332224E+02  3.416822610E+02  2.907323129E+02  3.889347885E+02  9.619330016E-01 
       185  7.954929441E-02  2.214414527E-01  5.933596166E-02  1.085149338E+05  2.387551293E+02  3.448429585E+02  2.961516776E+02  3.749615841E+02  9.520438425E-01 
       186  8.244157493E-02  2.200232159E-01  6.149679439E-02  1.250698320E+05  2.386261177E+02  3.512418060E+02  3.072346191E+02  3.448314209E+02  9.341772646E-01 
       187  8.531452000E-02  2.186177542E-01  6.372436707E-02  1.193222201E+05  2.439546081E+02  3.482764790E+02  3.020615569E+02  3.570316548E+02  9.221772682E-01 
       188  8.816039266E-02  2.172472440E-01  6.601424901E-02  1.214396934E+05  2.348461070E+02  3.497933254E+02  3.046967144E+02  3.466368308E+02  9.419379681E-01 
       189  9.092008057E-02  2.157826082E-01  6.831794754E-02  1.216004856E+05  2.267155750E+02  3.498229647E+02  3.047478571E+02  3.487502195E+02  9.652733813E-01 
       190  9.367581728E-02  2.143255962E-01  7.064980943E-02  1.219456444E+05  2.242274320E+02  3.498048245E+02  3.047170640E+02  3.481228119E+02  9.707373496E-01 
       191  9.641114101E-02  2.128789625E-01  7.302159977E-02  1.223982367E+05  2.221821256E+02  3.500065644E+02  3.050679862E+02  3.451326127E+02  9.748310670E-01 
       192  9.907895187E-02  2.114028516E-01  7.542603674E-02  1.227075530E+05  2.195304205E+02  3.503222511E+02  3.056188643E+02  3.452953269E+02  9.818268484E-01 
       193  1.016896232E-01  2.099003163E-01  7.789626121E-02  1.228649319E+05  2.213853409E+02  3.502231669E+02  3.054456966E+02  3.439636698E+02  9.759142790E-01 
       194  1.042573666E-01  2.084682280E-01  8.044071344E-02  1.228219685E+05  2.191392288E+02  3.509936943E+02  3.067926285E+02  3.428923664E+02  9.821621804E-01 
       195  1.067132028E-01  2.069758083E-01  8.306726980E-02  1.226078613E+05  2.225796860E+02  3.513514057E+02  3.074214344E+02  3.424092756E+02  9.710517866E-01 
       196  1.091091693E-01  2.055182938E-01  8.576040538E-02  1.227229160E+05  2.232382668E+02  3.524458032E+02  3.093428721E+02  3.385193606E+02  9.673690875E-01 
       197  1.114533399E-01  2.040960959E-01  8.851719904E-02  1.226798388E+05  2.240161094E+02  3.539621930E+02  3.120164404E+02  3.322695673E+02  9.636739525E-01 
       198  1.136946430E-01  2.026973542E-01  9.137514269E-02  1.225113965E+05  2.235898371E+02  3.558296916E+02  3.153187515E+02  3.224605206E+02  9.642420242E-01 
       199  1.158224243E-01  2.012857480E-01  9.431046231E-02  1.223772471E+05  2.261740124E+02  3.569970340E+02  3.173843783E+02  3.083987170E+02  9.579183201E-01 
       200  1.177983438E-01  1.999614296E-01  9.738734661E-02  1.223846796E+05  2.286832815E+02  3.579384948E+02  3.190544008E+02  2.927219733E+02  9.535413764E-01 
       201  1.195376812E-01  1.988013159E-01  1.006637087E-01  1.223972859E+05  2.309483555E+02  3.581629654E+02  3.194536909E+02  2.836897069E+02  9.492667403E-01 
       202  1.207748534E-01  1.979244993E-01  1.042263433E-01  1.223185681E+05  2.333839986E+02  3.568503344E+02  3.171229134E+02  2.935917315E+02  9.388433434E-01 
       203  1.209766187E-01  1.976967879E-01  1.080979692E-01  1.224253006E+05  2.334647664E+02  3.541503244E+02  3.123474089E+02  3.252000771E+02  9.350443307E-01 
       204  1.209415894E-01  1.976147862E-01  1.119887176E-01  1.226346575E+05  2.301854450E+02  3.520113254E+02  3.085796255E+02  3.352053685E+02  9.429325520E-01 
       205  1.209136670E-01  1.975679793E-01  1.158784497E-01  1.227190575E+05  2.270902237E+02  3.510921708E+02  3.069655632E+02  3.400435187E+02  9.521218081E-01 
       206  1.209140530E-01  1.975343277E-01  1.197687765E-01  1.227241458E+05  2.233910815E+02  3.510894161E+02  3.069605510E+02  3.400293792E+02  9.629543524E-01 
       207  1.209033119E-01  1.974945510E-01  1.236620610E-01  1.227363331E+05  2.205177794E+02  3.514807969E+02  3.076469674E+02  3.352125670E+02  9.703824664E-01 
       208  1.208998844E-01  1.975608583E-01  1.275528569E-01  1.226467550E+05  2.208278119E+02  3.518850273E+02  3.083601070E+02  3.371713035E+02  9.707390988E-01 
       209  1.209086196E-01  1.975927695E-01  1.314428594E-01  1.226318512E+05  2.203968830E+02  3.524951026E+02  3.094321977E+02  3.371975608E+02  9.721834654E-01 
       210  1.209261261E-01  1.976437754E-01  1.353324952E-01  1.227204240E+05  2.217495848E+02  3.530718645E+02  3.104473193E+02  3.316564406E+02  9.676445401E-01 
       211  1.209477387E-01  1.976921952E-01  1.392217013E-01  1.227585637E+05  2.210842491E+02  3.538893619E+02  3.118875349E+02  3.217800411E+02  9.702001906E-01 
       212  1.209659901E-01  1.977439656E-01  1.431109690E-01  1.229906797E+05  2.195272386E+02  3.549429269E+02  3.137316744E+02  3.081114855E+02  9.758615037E-01 
       213  1.210017723E-01  1.977818072E-01  1.470000027E-01  1.231517012E+05  2.209180365E+02  3.553969326E+02  3.143615303E+02  3.019634972E+02  9.728643633E-01 
       214 -1.337431699E-02  1.053111530E-01 -4.600000000E-02  8.761093164E+04  1.541928844E+02  3.330862732E+02  2.763521156E+02  2.353668461E+02  8.564862385E-01 
       215 -1.336879354E-02  1.054912688E-01 -4.299898917E-02  8.748978174E+04  1.540306025E+02  3.330513763E+02  2.762265635E+02  2.358740163E+02  8.592858259E-01 
       216 -1.321272523E-02  1.057016208E-01 -4.000664894E-02  8.747437305E+04  1.542157917E+02  3.330102997E+02  2.761583824E+02  2.363824234E+02  8.602852114E-01 
       217 -1.269691607E-02  1.059729593E-01 -3.706120983E-02  8.737802980E+04  1.546969135E+02  3.329627647E+02  2.760795343E+02  2.364959416E+02  8.583087900E-01 
       218 -1.181263769E-02  1.063072321E-01 -3.420969757E-02  8.714780814E+04  1.559579870E+02  3.328388046E+02  2.758740703E+02  2.383678310E+02  8.584114396E-01 
       219 -1.066241908E-02  1.066659143E-01 -3.145726216E-02  8.705379911E+04  1.567250383E+02  3.327863695E+02  2.757871288E+02  2.390026364E+02  8.568969791E-01 
       220 -9.280794463E-03  1.070573859E-01 -2.881758489E-02  8.688681060E+04  1.572769816E+02  3.327383941E+02  2.757076130E+02  2.396526801E+02  8.564920600E-01 
       221 -7.735023178E-03  1.074435380E-01 -2.626912607E-02  8.682436346E+04  1.579401407E+02  3.327102482E+02  2.756609589E+02  2.399453849E+02  8.544264962E-01 
       222 -6.047350445E-03  1.078135440E-01 -2.381048416E-02  8.669399579E+04  1.589103047E+02  3.325875534E+02  2.754577314E+02  2.408527302E+02  8.528008926E-01 
       223 -4.299611852E-03  1.081916589E-01 -2.139379423E-02  8.660552246E+04  1.596044568E+02  3.326385450E+02  2.755421563E+02  2.415850230E+02  8.523532377E-01 
       224 -2.461870607E-03  1.085505379E-01 -1.904289133E-02  8.666097715E+04  1.598898857E+02  3.325632746E+02  2.754174672E+02  2.415445382E+02  8.511023565E-01 
       225 -5.886173328E-04  1.088780789E-01 -1.671486844E-02  8.678975528E+04  1.596400090E+02  3.327182461E+02  2.756743020E+02  2.417086239E+02  8.534044518E-01 
       226  1.337912187E-03  1.092215599E-01 -1.443302686E-02  8.690733511E+04  1.598084867E+02  3.325944169E+02  2.754691076E+02  2.422639758E+02  8.550359404E-01 
       227  3.290030235E-03  1.094941851E-01 -1.216353628E-02  8.678170806E+04  1.592196505E+02  3.325313626E+02  2.753646451E+02  2.434866560E+02  8.630059251E-01 
       228  5.262023684E-03  1.097864070E-01 -9.913643549E-03  8.607478228E+04  1.601464212E+02  3.320879597E+02  2.746310711E+02  2.471816704E+02  8.717824250E-01 
       229  7.256339014E-03  1.100495762E-01 -7.679258903E-03  8.416186720E+04  1.648213178E+02  3.310532358E+02  2.729227911E+02  2.540090209E+02  8.716479223E-01 
       230  9.250945095E-03  1.102792579E-01 -5.441700620E-03  8.193791781E+04  1.723176626E+02  3.299282180E+02  2.710707496E+02  2.618877232E+02  8.608054425E-01 
       231  1.125130268E-02  1.105297001E-01 -3.209862298E-03  8.057132031E+04  1.800322580E+02  3.293278828E+02  2.700850158E+02  2.660151563E+02  8.353743628E-01 
       232  1.324504242E-02  1.107259366E-01 -9.692227629E-04  8.140031860E+04  1.832620234E+02  3.297709208E+02  2.708124619E+02  2.638736963E+02  8.107688185E-01 
       233  1.522818012E-02  1.109344875E-01  1.280794701E-03  8.330446094E+04  1.843906403E+02  3.307785645E+02  2.724708271E+02  2.583218222E+02  7.858403921E-01 
       234  1.717717000E-02  1.111306516E-01  3.565314237E-03  8.541026465E+04  1.831250839E+02  3.320959969E+02  2.746451092E+02  2.497367821E+02  7.634262890E-01 
       235  2.098827574E-02  1.115152878E-01  8.199040730E-03  8.924840332E+04  1.868780241E+02  3.341691322E+02  2.780848808E+02  2.373820705E+02  7.047535144E-01 
       236  2.283804163E-02  1.116790561E-01  1.055952489E-02  9.051143085E+04  1.900492607E+02  3.352675610E+02  2.799153748E+02  2.304881952E+02  6.665227977E-01 
       237  2.632960383E-02  1.121198866E-01  1.543269692E-02  9.116826758E+04  2.044482651E+02  3.354576969E+02  2.802328949E+02  2.306544952E+02  5.905510075E-01 
       238  2.959379811E-02  1.126564718E-01  2.044933110E-02  9.026515417E+04  2.211764741E+02  3.348943958E+02  2.792922001E+02  2.367371407E+02  5.228878837E-01 
       239  3.114059063E-02  1.129278581E-01  2.301118304E-02  8.976115131E+04  2.282252419E+02  3.348718012E+02  2.792544748E+02  2.389025257E+02  4.937807026E-01 
       240  3.264987762E-02  1.132456905E-01  2.559358749E-02  8.920555878E+04  2.357014664E+02  3.344626280E+02  2.785726702E+02  2.421420381E+02  4.664451324E-01 
       241  3.807676132E-02  1.146676712E-01  3.621643154E-02  8.783366284E+04  2.602024814E+02  3.337866388E+02  2.774476363E+02  2.509018159E+02  3.739525299E-01 
       242  3.928374460E-02  1.150413043E-01  3.894926042E-02  8.788305981E+04  2.656409297E+02  3.341562040E+02  2.780630982E+02  2.512012534E+02  3.473499087E-01 
       243  4.044503934E-02  1.154301055E-01  4.169676193E-02  8.828096112E+04  2.700538553E+02  3.343997740E+02  2.784684371E+02  2.514241285E+02  3.267452680E-01 
       244  4.154949506E-02  1.158110833E-01  4.446441861E-02  8.894920068E+04  2.728645649E+02  3.348478069E+02  2.792160282E+02  2.497627029E+02  3.075612467E-01 
       245  4.259018966E-02  1.161595968E-01  4.726780086E-02  8.983600745E+04  2.752967451E+02  3.353505002E+02  2.800558822E+02  2.470367050E+02  2.859769498E-01 
       246  4.357921759E-02  1.165132208E-01  5.008364009E-02  9.093615332E+04  2.782729673E+02  3.357416058E+02  2.807101974E+02  2.445255175E+02  2.621867396E-01 
       247  4.448002582E-02  1.168267471E-01  5.293502673E-02  9.227846218E+04  2.793536061E+02  3.364716691E+02  2.819306926E+02  2.401830286E+02  2.417156268E-01 
       248  4.534234860E-02  1.171711221E-01  5.579536500E-02  9.377150049E+04  2.801592541E+02  3.371416283E+02  2.830551548E+02  2.366202106E+02  2.261001579E-01 
       249  4.612355051E-02  1.174912616E-01  5.867935283E-02  9.509832715E+04  2.814815369E+02  3.377700233E+02  2.841120720E+02  2.329338989E+02  2.066521533E-01 
       250  4.681688670E-02  1.178330389E-01  6.158342338E-02  9.627440430E+04  2.823371010E+02  3.383865547E+02  2.851494980E+02  2.296300240E+02  1.915803514E-01 
       251  4.742483443E-02  1.181684938E-01  6.451168194E-02  9.730013379E+04  2.831033745E+02  3.389499550E+02  2.860984535E+02  2.268873081E+02  1.792107131E-01 
       252  4.796175059E-02  1.184973583E-01  6.744925218E-02  9.816800830E+04  2.845323792E+02  3.393942528E+02  2.868487253E+02  2.247994595E+02  1.653558686E-01 
       253  4.839690646E-02  1.188449776E-01  7.040346354E-02  9.881713327E+04  2.862592970E+02  3.396417582E+02  2.872669044E+02  2.237100036E+02  1.534479650E-01 
       254  4.867844520E-02  1.192029192E-01  7.337369276E-02  9.916600451E+04  2.880850056E+02  3.398005911E+02  2.875362724E+02  2.231810865E+02  1.430053236E-01 
       255  4.889804354E-02  1.195863964E-01  7.634446821E-02  9.949678880E+04  2.897422464E+02  3.398918798E+02  2.876908638E+02  2.224056960E+02  1.326105072E-01 
       256  4.901527392E-02  1.199575346E-01  7.936475415E-02  9.957278802E+04  2.922979622E+02  3.398676657E+02  2.876499854E+02  2.229484978E+02  1.217340045E-01 
       257  4.897414798E-02  1.207471392E-01  8.530893469E-02  9.947349414E+04  2.966069641E+02  3.400052261E+02  2.878820801E+02  2.244539909E+02  1.062459350E-01 
       258  4.879835866E-02  1.211503063E-01  8.827262235E-02  9.950714844E+04  2.990795135E+02  3.398314781E+02  2.875879059E+02  2.250501518E+02  9.559384920E-02 
       259  4.854576088E-02  1.215647590E-01  9.126615169E-02  9.960812995E+04  3.003059769E+02  3.397255719E+02  2.874087243E+02  2.255047784E+02  9.204967820E-02 
       260  4.818457029E-02  1.219712360E-01  9.420996830E-02  1.000088527E+05  3.012236531E+02  3.398295798E+02  2.875846588E+02  2.250511923E+02  8.617700699E-02 
       261  4.782320061E-02  1.224212570E-01  9.713670139E-02  1.004913110E+05  3.008855038E+02  3.400965080E+02  2.880373592E+02  2.233174343E+02  8.296506945E-02 
       262  4.734997920E-02  1.228526278E-01  1.001180955E-01  1.014443906E+05  2.999260330E+02  3.406765709E+02  2.890201569E+02  2.211119270E+02  8.112616837E-02 
       263  4.683890011E-02  1.232935874E-01  1.030087938E-01  1.028757415E+05  2.975838015E+02  3.415011629E+02  2.904218592E+02  2.167342074E+02  7.912488584E-02 
       264  4.566507936E-02  1.242316696E-01  1.088390156E-01  1.050524803E+05  2.925392031E+02  3.419965585E+02  2.912645594E+02  2.096657404E+02  8.488252358E-02 
       265  4.352639189E-02  1.257122811E-01  1.174848542E-01  1.080183665E+05  2.640703433E+02  3.455617209E+02  2.973746977E+02  1.803106731E+02  1.636619914E-01 
       266  4.289440586E-02  1.261798267E-01  1.203730247E-01  1.082580848E+05  2.530217965E+02  3.471904873E+02  3.001820491E+02  1.638262622E+02  1.803877393E-01 
       267  4.242365191E-02  1.265975250E-01  1.232861776E-01  1.083398550E+05  2.580817701E+02  3.471761394E+02  3.001543854E+02  1.607908654E+02  1.334790514E-01 
       268  4.208270049E-02  1.270006734E-01  1.262530889E-01  1.076605078E+05  2.627967567E+02  3.472254562E+02  3.002420082E+02  1.494108620E+02  5.717107339E-02 
       269  4.202415066E-02  1.273246053E-01  1.292418903E-01  1.069609411E+05  2.556740574E+02  3.476497165E+02  3.009743951E+02  1.404609753E+02  8.456959355E-02 
       270  4.218523596E-02  1.275849052E-01  1.322314117E-01  1.068338591E+05  2.460487775E+02  3.480364705E+02  3.016456766E+02  1.399879181E+02  1.599845716E-01 
       271  4.252691668E-02  1.278080741E-01  1.352038484E-01  1.070190316E+05  2.445041105E+02  3.482621270E+02  3.020411526E+02  1.494722517E+02  2.071350998E-01 
       272  4.296344289E-02  1.279984053E-01  1.381664338E-01  1.070782112E+05  2.487143739E+02  3.481960533E+02  3.019295278E+02  1.568474288E+02  2.034092837E-01 
       273  4.347514252E-02  1.281630447E-01  1.411197974E-01  1.068864807E+05  2.526787434E+02  3.481474465E+02  3.018436432E+02  1.616434034E+02  1.935163178E-01 
       274  4.403358971E-02  1.283124551E-01  1.440677535E-01  1.065798786E+05  2.556040389E+02  3.480768366E+02  3.017158077E+02  1.654311890E+02  1.878022309E-01 
       275  4.466583781E-02  1.284644007E-01  1.470000034E-01  1.063191217E+05  2.581060080E+02  3.475309375E+02  2.944410895E+02  1.691794842E+02  1.852816699E-01 
       276 -1.390154712E-02  1.725232616E-01 -4.600000033E-02  8.232952562E+04  1.824006720E+02  3.301897980E+02  2.717107275E+02  3.426724245E+02  1.009413813E+00 
       277 -1.389524734E-02  1.726308379E-01 -4.258575940E-02  8.261145891E+04  1.818348924E+02  3.302577219E+02  2.716119558E+02  3.422105422E+02  1.010547653E+00 
       278 -1.388827040E-02  1.727470810E-01 -3.919459871E-02  8.285651530E+04  1.813220836E+02  3.303502531E+02  2.717642701E+02  3.424546437E+02  1.012801723E+00 
       279 -1.387976982E-02  1.728866868E-01 -3.575874102E-02  8.280047307E+04  1.813135272E+02  3.303749802E+02  2.718049205E+02  3.429037336E+02  1.013654864E+00 
       280 -1.386962822E-02  1.730354599E-01 -3.234598001E-02  8.291005085E+04  1.816540985E+02  3.303151799E+02  2.717064394E+02  3.434203147E+02  1.013496916E+00 
       281 -1.385715910E-02  1.732129765E-01 -2.893478341E-02  8.246500399E+04  1.819613191E+02  3.301850252E+02  2.714923768E+02  3.447223632E+02  1.015067556E+00 
       282 -1.381464856E-02  1.733989484E-01 -2.553958976E-02  8.201332768E+04  1.821921122E+02  3.299633600E+02  2.711281794E+02  3.452195690E+02  1.015313772E+00 
       283 -1.334927366E-02  1.736519924E-01 -2.216152427E-02  8.127702472E+04  1.846377975E+02  3.294232729E+02  2.702417504E+02  3.476313195E+02  1.011496680E+00 
       284 -1.220387625E-02  1.739549638E-01 -1.896956374E-02  7.991154688E+04  1.888835106E+02  3.285755062E+02  2.688531532E+02  3.533241119E+02  1.007450886E+00 
       285 -1.057589609E-02  1.742731966E-01 -1.599005111E-02  7.838971450E+04  1.928846518E+02  3.277688980E+02  2.675343506E+02  3.564946132E+02  9.995032900E-01 
       286 -8.586070527E-03  1.745821273E-01 -1.323108332E-02  7.677124840E+04  1.981276001E+02  3.269386238E+02  2.661807910E+02  3.607675144E+02  9.899941842E-01 
       287 -6.371188279E-03  1.748941133E-01 -1.065117603E-02  7.600474194E+04  2.000648014E+02  3.268304036E+02  2.660046291E+02  3.607317703E+02  9.833140650E-01 
       288 -3.959984913E-03  1.752012559E-01 -8.251810021E-03  7.767576931E+04  1.984154417E+02  3.278928970E+02  2.677396629E+02  3.551436812E+02  9.782563106E-01 
       289 -1.474621790E-03  1.754287438E-01 -5.921768022E-03  8.229840353E+04  1.914821521E+02  3.304048897E+02  2.718676726E+02  3.438865939E+02  9.823834285E-01 
       290  1.096342236E-03  1.756586641E-01 -3.684409899E-03  8.882319635E+04  1.806773010E+02  3.333210086E+02  2.766793269E+02  3.317983552E+02  9.988719603E-01 
       291  3.722457199E-03  1.758529720E-01 -1.512169024E-03  9.180038770E+04  1.762331858E+02  3.342644777E+02  2.782431822E+02  3.275230827E+02  1.007408764E+00 
       292  6.390497491E-03  1.759799744E-01  6.206893580E-04  8.780610791E+04  1.793168983E+02  3.328238449E+02  2.758557243E+02  3.337194328E+02  1.007197164E+00 
       293  1.179759467E-02  1.761809281E-01  4.808741428E-03  7.639254297E+04  2.002152176E+02  3.267692261E+02  2.659107361E+02  3.660682602E+02  9.932293147E-01 
       294  1.450804596E-02  1.762121176E-01  6.883706551E-03  7.259203857E+04  2.104028397E+02  3.242200737E+02  2.617756844E+02  3.759574871E+02  9.784564227E-01 
       295  1.722225861E-02  1.762495216E-01  8.953048646E-03  7.061496484E+04  2.136075859E+02  3.229598656E+02  2.597420578E+02  3.807430344E+02  9.775283486E-01 
       296  1.993233776E-02  1.761597577E-01  1.102855473E-02  6.917444434E+04  2.161692772E+02  3.221543770E+02  2.584489822E+02  3.842738686E+02  9.762895852E-01 
       297  2.263244469E-02  1.760920636E-01  1.311525345E-02  6.744921631E+04  2.228951187E+02  3.209184914E+02  2.564705429E+02  3.898489571E+02  9.656563774E-01 
       298  2.532249661E-02  1.759768902E-01  1.521525865E-02  6.578231152E+04  2.300664482E+02  3.197087402E+02  2.545401602E+02  3.955173607E+02  9.540378004E-01 
       299  2.800116021E-02  1.758008440E-01  1.732596334E-02  6.538058203E+04  2.349715900E+02  3.193199291E+02  2.539211454E+02  3.990457850E+02  9.454373792E-01 
       300  3.066011949E-02  1.756198651E-01  1.946182943E-02  6.777596167E+04  2.355921164E+02  3.207758064E+02  2.562508841E+02  3.942431564E+02  9.327568077E-01 
       301  3.850917716E-02  1.748410184E-01  2.602581626E-02  8.683785571E+04  2.344412556E+02  3.336183529E+02  2.771728153E+02  3.357331734E+02  8.251230679E-01 
       302  4.358739934E-02  1.740919978E-01  3.053362568E-02  8.605956812E+04  2.377409630E+02  3.329232807E+02  2.760163240E+02  3.405613012E+02  8.227745183E-01 
       303  4.609287257E-02  1.736863543E-01  3.281922705E-02  8.515558032E+04  2.387742462E+02  3.326542177E+02  2.755688248E+02  3.428411865E+02  8.234317750E-01 
       304  4.855845708E-02  1.731970535E-01  3.512834265E-02  8.486553296E+04  2.427843971E+02  3.325430155E+02  2.753843393E+02  3.448860521E+02  8.131970260E-01 
       305  5.100043215E-02  1.726458906E-01  3.745772352E-02  8.571739587E+04  2.477637343E+02  3.329533634E+02  2.760651603E+02  3.434938502E+02  7.940517589E-01 
       306  5.340036417E-02  1.720848619E-01  3.982071753E-02  8.880121838E+04  2.488382573E+02  3.347467752E+02  2.790528622E+02  3.355715356E+02  7.771972548E-01 
       307  5.576533568E-02  1.714326002E-01  4.220398857E-02  9.414534201E+04  2.467340558E+02  3.376832006E+02  2.839725193E+02  3.220036743E+02  7.627530675E-01 
       308  5.808130114E-02  1.707532671E-01  4.462162642E-02  9.989897441E+04  2.448499737E+02  3.405898612E+02  2.888794778E+02  3.077206488E+02  7.474980322E-01 
       309  6.913202621E-02  1.670049815E-01  5.708998555E-02  1.127745811E+05  2.431088586E+02  3.469110169E+02  2.996975384E+02  2.728818440E+02  7.070802534E-01 
       310  7.325557335E-02  1.653928843E-01  6.228962682E-02  1.156816458E+05  2.409479721E+02  3.483739316E+02  3.022292075E+02  2.664493604E+02  7.081649820E-01 
       311  7.526114685E-02  1.645964451E-01  6.493668120E-02  1.166576211E+05  2.398773270E+02  3.488210850E+02  3.030055065E+02  2.636958256E+02  7.106796913E-01 
       312  8.099008587E-02  1.620989224E-01  7.305121222E-02  1.186481445E+05  2.380143700E+02  3.494195786E+02  3.040451126E+02  2.581736355E+02  7.120296508E-01 
       313  8.281625202E-02  1.612441772E-01  7.580722199E-02  1.189131592E+05  2.382907372E+02  3.493664322E+02  3.039526825E+02  2.572811852E+02  7.105568349E-01 
       314  8.462318717E-02  1.604029889E-01  7.856519154E-02  1.190895012E+05  2.382178149E+02  3.493238134E+02  3.038784904E+02  2.566576939E+02  7.117351163E-01 
       315  8.638808364E-02  1.595156660E-01  8.135371941E-02  1.191985369E+05  2.382284665E+02  3.492150736E+02  3.036891847E+02  2.563657317E+02  7.122487444E-01 
       316  8.818531781E-02  1.586346563E-01  8.418846896E-02  1.191912762E+05  2.385212992E+02  3.489731103E+02  3.032684376E+02  2.561068698E+02  7.092948825E-01 
       317  9.153487112E-02  1.568453452E-01  8.985396979E-02  1.189393485E+05  2.373916473E+02  3.489176493E+02  3.031725497E+02  2.560093002E+02  7.143338462E-01 
       318  9.319079870E-02  1.559467714E-01  9.269883327E-02  1.188625518E+05  2.375537720E+02  3.489257584E+02  3.031868896E+02  2.547307415E+02  7.126337811E-01 
       319  9.639067810E-02  1.541493463E-01  9.845101971E-02  1.189024063E+05  2.388538837E+02  3.486165085E+02  3.026490669E+02  2.547360268E+02  7.085744068E-01 
       320  9.789700787E-02  1.532238030E-01  1.013752208E-01  1.189080409E+05  2.394414406E+02  3.485067282E+02  3.024584656E+02  2.548825054E+02  7.054100428E-01 
       321  9.939560036E-02  1.523575645E-01  1.043121280E-01  1.188685313E+05  2.398483791E+02  3.483886604E+02  3.022534218E+02  2.551979733E+02  7.047173977E-01 
       322  1.008373928E-01  1.515239935E-01  1.072922639E-01  1.187121182E+05  2.402236233E+02  3.482100563E+02  3.019434929E+02  2.558066635E+02  7.044566721E-01 
       323  1.021925752E-01  1.507164957E-01  1.103173974E-01  1.185595427E+05  2.411723084E+02  3.480132742E+02  3.016025553E+02  2.565368714E+02  7.011635154E-01 
       324  1.063175391E-01  1.486079647E-01  1.265700906E-01  1.182133008E+05  2.413080635E+02  3.488395081E+02  3.030399094E+02  2.556843376E+02  7.022499889E-01 
       325  1.064822206E-01  1.487022474E-01  1.299738775E-01  1.183753672E+05  2.369074593E+02  3.503701096E+02  3.057075462E+02  2.463260498E+02  7.141581476E-01 
       326  1.066476119E-01  1.488146338E-01  1.333799290E-01  1.182620625E+05  2.311515617E+02  3.518304939E+02  3.082585526E+02  2.297340355E+02  7.311887592E-01 
       327  1.068180965E-01  1.489318139E-01  1.367854531E-01  1.180154746E+05  2.278888512E+02  3.524407883E+02  3.093262558E+02  2.183390503E+02  7.438880652E-01 
       328  1.069979625E-01  1.490578552E-01  1.401905319E-01  1.179504170E+05  2.288770733E+02  3.520209846E+02  3.085912876E+02  2.252599087E+02  7.443070114E-01 
       329  1.071817424E-01  1.491887345E-01  1.435955648E-01  1.180711797E+05  2.361027155E+02  3.503841419E+02  3.056280231E+02  2.453839808E+02  7.217536755E-01 
       330  1.073851999E-01  1.493347905E-01  1.470000044E-01  1.180286563E+05  2.450037079E+02  3.482421951E+02  3.013082047E+02  2.652223816E+02  7.008473128E-01 
       331 -5.132010553E-03  2.399711247E-01 -4.600000034E-02  8.372502246E+04  1.730094357E+02  3.312356091E+02  2.725236034E+02  4.379283905E+02  1.164590448E+00 
       332 -5.128125210E-03  2.399809281E-01 -4.210430258E-02  8.447228418E+04  1.744984732E+02  3.309218512E+02  2.727059569E+02  4.394236498E+02  1.162456129E+00 
       333 -5.125201508E-03  2.399922328E-01 -3.820870464E-02  8.351872321E+04  1.774405291E+02  3.303172908E+02  2.717118647E+02  4.419117465E+02  1.157773115E+00 
       334 -5.121813889E-03  2.400095995E-01 -3.431329778E-02  8.168718686E+04  1.818911990E+02  3.294132682E+02  2.702268251E+02  4.456084809E+02  1.150638369E+00 
       335 -5.119016059E-03  2.400291916E-01 -3.041776666E-02  7.973124271E+04  1.866653717E+02  3.284781401E+02  2.686945616E+02  4.498748042E+02  1.143399812E+00 
       336 -5.114574788E-03  2.400538233E-01 -2.652182619E-02  7.827333107E+04  1.890239505E+02  3.280526484E+02  2.679977228E+02  4.513451793E+02  1.139107167E+00 
       337 -5.109553763E-03  2.400828758E-01 -2.262552630E-02  7.809144678E+04  1.887674055E+02  3.282285800E+02  2.682863770E+02  4.503416185E+02  1.138647981E+00 
       338 -5.103895973E-03  2.401152952E-01 -1.872899116E-02  8.030077435E+04  1.850911855E+02  3.293363624E+02  2.701025355E+02  4.458486059E+02  1.143107878E+00 
       339 -4.925504783E-03  2.402473149E-01 -7.056915668E-03  8.782659729E+04  1.703573124E+02  3.323993612E+02  2.751535356E+02  4.321781358E+02  1.168972983E+00 
       340 -3.715119829E-03  2.403023013E-01 -3.373311706E-03  8.223411127E+04  1.807122769E+02  3.302779086E+02  2.716584891E+02  4.436143849E+02  1.154026201E+00 
       341 -1.562012846E-03  2.403581740E-01 -1.360753051E-04  7.835681563E+04  1.910363759E+02  3.281501240E+02  2.681606050E+02  4.553880411E+02  1.139108225E+00 
       342  1.133764527E-03  2.404094608E-01  2.675248428E-03  7.851710107E+04  1.911700153E+02  3.277904549E+02  2.675711622E+02  4.528456898E+02  1.135934073E+00 
       343  4.137632423E-03  2.404197044E-01  5.149238455E-03  7.986739998E+04  1.872495112E+02  3.283700095E+02  2.685175512E+02  4.453311914E+02  1.137861859E+00 
       344  7.316400202E-03  2.403253331E-01  7.399564588E-03  8.001063691E+04  1.838773248E+02  3.287757708E+02  2.691807583E+02  4.449620517E+02  1.146265266E+00 
       345  1.395577155E-02  2.400667001E-01  1.148649181E-02  8.641825830E+04  1.723766479E+02  3.317439594E+02  2.740713863E+02  4.352444077E+02  1.165494647E+00 
       346  1.735065466E-02  2.397965962E-01  1.337576268E-02  9.015345117E+04  1.600424595E+02  3.337649078E+02  2.774174728E+02  4.297127800E+02  1.191101208E+00 
       347  2.419161170E-02  2.391929427E-01  1.704637434E-02  7.977141992E+04  1.853533745E+02  3.289755325E+02  2.695138321E+02  4.481048279E+02  1.145949110E+00 
       348  2.761839379E-02  2.387452844E-01  1.884103948E-02  7.969695605E+04  1.884813099E+02  3.286149712E+02  2.689187584E+02  4.481710434E+02  1.138067439E+00 
       349  3.105226563E-02  2.382885234E-01  2.062260888E-02  8.077082568E+04  1.841981392E+02  3.295827484E+02  2.705043793E+02  4.443118305E+02  1.145003371E+00 
       350  3.788868369E-02  2.371344800E-01  2.417075674E-02  8.069463818E+04  1.867641830E+02  3.294898739E+02  2.703518410E+02  4.454058266E+02  1.140169717E+00 
       351  4.468291751E-02  2.357525484E-01  2.771953789E-02  8.036087402E+04  1.898688507E+02  3.292079887E+02  2.698918037E+02  4.456069298E+02  1.134258747E+00 
       352  4.805699300E-02  2.349490393E-01  2.948953136E-02  8.072301709E+04  1.891693377E+02  3.294426475E+02  2.702781754E+02  4.461639862E+02  1.138049919E+00 
       353  5.140582287E-02  2.340778219E-01  3.127771149E-02  8.079873730E+04  1.916108503E+02  3.293116608E+02  2.700624752E+02  4.472050018E+02  1.135508277E+00 
       354  5.473006301E-02  2.331020583E-01  3.305777180E-02  7.999240820E+04  1.939247627E+02  3.289150467E+02  2.694111595E+02  4.480911865E+02  1.132409275E+00 
       355  5.803984836E-02  2.320923676E-01  3.484458617E-02  7.852402881E+04  1.980866585E+02  3.279011688E+02  2.677526760E+02  4.514710426E+02  1.127479754E+00 
       356  6.132921494E-02  2.310454118E-01  3.665150486E-02  7.680186987E+04  2.007837001E+02  3.270910482E+02  2.664298868E+02  4.529420186E+02  1.124866061E+00 
       357  6.777528194E-02  2.285846393E-01  4.027160278E-02  8.540669238E+04  2.152581177E+02  3.328938026E+02  2.760048904E+02  4.298784637E+02  1.065975055E+00 
       358  7.097972553E-02  2.273472007E-01  4.209367684E-02  9.230796484E+04  2.298238659E+02  3.363290863E+02  2.817010422E+02  4.145374527E+02  1.014379591E+00 
       359  7.412444428E-02  2.259565065E-01  4.393674079E-02  9.117586523E+04  2.349607348E+02  3.348702745E+02  2.792604198E+02  4.193953733E+02  1.007332925E+00 
       360  7.725834663E-02  2.245514312E-01  4.577102978E-02  8.761027393E+04  2.341622400E+02  3.333073921E+02  2.766541348E+02  4.251792469E+02  1.016530864E+00 
       361  8.037011026E-02  2.231435234E-01  4.763983740E-02  9.005724707E+04  2.323257942E+02  3.351261139E+02  2.796977081E+02  4.195762024E+02  1.019021630E+00 
       362  8.343109451E-02  2.215945322E-01  4.950276897E-02  1.032415457E+05  2.217861598E+02  3.413122468E+02  2.901432118E+02  3.947790406E+02  1.032365238E+00 
       363  8.646988642E-02  2.201046420E-01  5.141624103E-02  1.215286809E+05  2.096007409E+02  3.481129761E+02  3.018041658E+02  3.599121904E+02  1.054568982E+00 
       364  9.242245520E-02  2.169732682E-01  5.534503106E-02  1.186575029E+05  2.216742392E+02  3.497081022E+02  3.045727644E+02  3.519239197E+02  9.997443072E-01 
       365  9.533631835E-02  2.153857768E-01  5.738443174E-02  1.164225372E+05  2.233940680E+02  3.492675447E+02  3.038180666E+02  3.560554152E+02  9.934797809E-01 
       366  9.819952312E-02  2.138016843E-01  5.949569436E-02  1.164598076E+05  2.244893551E+02  3.498412514E+02  3.048206444E+02  3.534356537E+02  9.861861169E-01 
       367  1.009694591E-01  2.121295788E-01  6.167326851E-02  1.187317593E+05  2.284619737E+02  3.510304813E+02  3.068960915E+02  3.450607510E+02  9.681595992E-01 
       368  1.037116704E-01  2.105064985E-01  6.390540356E-02  1.202708135E+05  2.318484650E+02  3.523370523E+02  3.091811161E+02  3.386430693E+02  9.529480450E-01 
       369  1.064180189E-01  2.088777679E-01  6.618856681E-02  1.208168091E+05  2.352254658E+02  3.525901527E+02  3.096212578E+02  3.370837936E+02  9.390293024E-01 
       370  1.090480686E-01  2.071800512E-01  6.850700508E-02  1.211755283E+05  2.343338718E+02  3.527897797E+02  3.099733448E+02  3.359968643E+02  9.390099272E-01 
       371  1.116790455E-01  2.055210471E-01  7.084353951E-02  1.215246191E+05  2.359180279E+02  3.530344930E+02  3.104048228E+02  3.359601440E+02  9.331545662E-01 
       372  1.142974452E-01  2.038484190E-01  7.319785208E-02  1.218890542E+05  2.380162101E+02  3.530300703E+02  3.103966742E+02  3.336096926E+02  9.250217937E-01 
       373  1.168416696E-01  2.021295301E-01  7.558130371E-02  1.222403550E+05  2.378320007E+02  3.533447876E+02  3.109566193E+02  3.310169640E+02  9.238831885E-01 
       374  1.193277496E-01  2.004108846E-01  7.805168345E-02  1.224370040E+05  2.361966281E+02  3.538184853E+02  3.117980123E+02  3.304833236E+02  9.276027307E-01 
       375  1.217693779E-01  1.987784452E-01  8.060399866E-02  1.224873740E+05  2.346483493E+02  3.541787634E+02  3.124380550E+02  3.300800371E+02  9.320404977E-01 
       376  1.240793489E-01  1.970470446E-01  8.322373237E-02  1.227019204E+05  2.310233631E+02  3.542801151E+02  3.126199551E+02  3.285314837E+02  9.429234862E-01 
       377  1.263696524E-01  1.953872062E-01  8.590193330E-02  1.231060983E+05  2.250435790E+02  3.548429233E+02  3.136093367E+02  3.236195378E+02  9.610053534E-01 
       378  1.285811840E-01  1.937639536E-01  8.866989816E-02  1.232902045E+05  2.204525383E+02  3.535409207E+02  3.112990417E+02  3.300862951E+02  9.746782975E-01 
       379  1.378530526E-01  1.861918564E-01  1.119425893E-01  1.223754199E+05  2.233523998E+02  3.545323772E+02  3.130172815E+02  3.213940125E+02  9.632483348E-01 
       380  1.378280879E-01  1.861358471E-01  1.158380052E-01  1.221741963E+05  2.246382623E+02  3.553305435E+02  3.144275169E+02  3.073779459E+02  9.594536852E-01 
       381  1.378172244E-01  1.861105784E-01  1.197328496E-01  1.218598928E+05  2.284937344E+02  3.556427240E+02  3.149783492E+02  3.018436637E+02  9.479812291E-01 
       382  1.378137064E-01  1.861013403E-01  1.236281983E-01  1.224116595E+05  2.306780336E+02  3.553314228E+02  3.144279196E+02  3.128889017E+02  9.379353374E-01 
       383  1.378232998E-01  1.861207539E-01  1.275238734E-01  1.229866445E+05  2.295484833E+02  3.544612112E+02  3.128931108E+02  3.258228428E+02  9.425607814E-01 
       384  1.378388478E-01  1.861485149E-01  1.314192119E-01  1.230978954E+05  2.272092006E+02  3.532047503E+02  3.106818660E+02  3.366941046E+02  9.519377803E-01 
       385  1.378667705E-01  1.861922064E-01  1.353144338E-01  1.229448577E+05  2.232397592E+02  3.528057408E+02  3.099817272E+02  3.347859118E+02  9.632283109E-01 
       386  1.378917792E-01  1.862393165E-01  1.392095884E-01  1.228836725E+05  2.217508438E+02  3.526651076E+02  3.097324656E+02  3.324018916E+02  9.671594724E-01 
       387  1.379128913E-01  1.862912877E-01  1.431056120E-01  1.229591970E+05  2.216840296E+02  3.528801827E+02  3.100161349E+02  3.302315831E+02  9.671862274E-01 
       388  1.379274402E-01  1.863453723E-01  1.469999959E-01  1.231449792E+05  2.209830327E+02  3.536891961E+02  3.111572747E+02  3.265467229E+02  9.694242682E-01 
       389 -3.389247132E-02  1.007789921E-01 -4.300551245E-02  8.752308740E+04  1.543378954E+02  3.330124626E+02  2.761620331E+02  2.361139412E+02  8.584906161E-01 
       390 -3.372456358E-02  1.010433636E-01 -4.002223516E-02  8.745155862E+04  1.545913861E+02  3.330088640E+02  2.761560463E+02  2.364671749E+02  8.585097567E-01 
       391 -3.329024078E-02  1.014074167E-01 -3.707963811E-02  8.735009235E+04  1.547152493E+02  3.330035310E+02  2.761472062E+02  2.367826578E+02  8.592499513E-01 
       392 -3.255620303E-02  1.018883264E-01 -3.421559131E-02  8.721656094E+04  1.558067262E+02  3.328910345E+02  2.759606445E+02  2.376151870E+02  8.565771685E-01 
       393 -3.153373485E-02  1.024554568E-01 -3.145384174E-02  8.709142245E+04  1.566615624E+02  3.327968275E+02  2.758044440E+02  2.384512537E+02  8.552783201E-01 
       394 -3.028950121E-02  1.031058036E-01 -2.880322264E-02  8.696978601E+04  1.575183483E+02  3.327100614E+02  2.756606373E+02  2.397495194E+02  8.555754159E-01 
       395 -2.888173412E-02  1.037838005E-01 -2.624318977E-02  8.688628760E+04  1.583103577E+02  3.326377854E+02  2.755408520E+02  2.406785283E+02  8.549762833E-01 
       396 -2.733119538E-02  1.044792183E-01 -2.377110822E-02  8.682945567E+04  1.586125515E+02  3.326281157E+02  2.755248432E+02  2.409772203E+02  8.548619730E-01 
       397 -2.568342124E-02  1.052055751E-01 -2.135968630E-02  8.671267691E+04  1.590726419E+02  3.325832478E+02  2.754504836E+02  2.413891956E+02  8.543480698E-01 
       398 -2.397735570E-02  1.059146334E-01 -1.899049647E-02  8.656448804E+04  1.597338101E+02  3.324950584E+02  2.753045082E+02  2.426772689E+02  8.559294315E-01 
       399 -2.220871387E-02  1.066063154E-01 -1.667396516E-02  8.625854773E+04  1.603585647E+02  3.323557597E+02  2.750739516E+02  2.440810874E+02  8.579688484E-01 
       400 -2.041003203E-02  1.073389070E-01 -1.437512078E-02  8.572790601E+04  1.620840349E+02  3.320605862E+02  2.745855078E+02  2.466286173E+02  8.582952553E-01 
       401 -1.856976066E-02  1.079715131E-01 -1.211630566E-02  8.493994907E+04  1.651392335E+02  3.316142681E+02  2.738480172E+02  2.497799777E+02  8.534643538E-01 
       402 -1.670953655E-02  1.086522831E-01 -9.860640570E-03  8.435248178E+04  1.682025755E+02  3.313324052E+02  2.733825711E+02  2.520781709E+02  8.460347554E-01 
       403 -1.482329113E-02  1.093026603E-01 -7.620995183E-03  8.437867505E+04  1.709116392E+02  3.313501047E+02  2.734119064E+02  2.526355309E+02  8.339880247E-01 
       404 -1.292306254E-02  1.099268373E-01 -5.385291055E-03  8.526095093E+04  1.719666882E+02  3.317956200E+02  2.741477308E+02  2.500452347E+02  8.199560400E-01 
       405 -1.101845801E-02  1.105590611E-01 -3.137660868E-03  8.700981689E+04  1.703815414E+02  3.327912974E+02  2.757956717E+02  2.439832340E+02  8.086461066E-01 
       406 -9.120841472E-03  1.111701815E-01 -8.914052251E-04  8.941552966E+04  1.671787247E+02  3.340989000E+02  2.779676557E+02  2.353509449E+02  7.986173476E-01 
       407 -7.240675928E-03  1.117476218E-01  1.353994698E-03  9.277134730E+04  1.636240810E+02  3.358269063E+02  2.808504478E+02  2.227380259E+02  7.808594748E-01 
       408 -5.370549944E-03  1.123083196E-01  3.627204146E-03  9.658103552E+04  1.622043748E+02  3.378479972E+02  2.842407308E+02  2.099683433E+02  7.525282074E-01 
       409 -3.530590186E-03  1.128981262E-01  5.933484609E-03  9.854366373E+04  1.724248042E+02  3.389119818E+02  2.860338680E+02  1.986419711E+02  6.645938898E-01 
       410 -1.726912218E-03  1.134387153E-01  8.259926622E-03  9.819027246E+04  1.859552422E+02  3.384536161E+02  2.852621698E+02  2.052845349E+02  6.055386914E-01 
       411  3.734044288E-05  1.140039107E-01  1.062617763E-02  9.739043481E+04  1.942314272E+02  3.381780767E+02  2.847965636E+02  2.085070982E+02  5.689777713E-01 
       412  1.740848712E-03  1.145879687E-01  1.302702968E-02  9.659984875E+04  2.018950281E+02  3.377804417E+02  2.841270469E+02  2.132655089E+02  5.418994879E-01 
       413  3.387617433E-03  1.151172021E-01  1.547343878E-02  9.600075464E+04  2.079885059E+02  3.375779133E+02  2.837863531E+02  2.151165875E+02  5.155875526E-01 
       414  4.957112811E-03  1.157081541E-01  1.796238578E-02  9.543798145E+04  2.149861903E+02  3.372246203E+02  2.831928344E+02  2.178026257E+02  4.871675512E-01 
       415  6.462677552E-03  1.163151534E-01  2.048609031E-02  9.465006934E+04  2.220156746E+02  3.367628078E+02  2.824176021E+02  2.219227772E+02  4.640582232E-01 
       416  7.926557233E-03  1.168909271E-01  2.304605918E-02  9.398910651E+04  2.276927299E+02  3.364520910E+02  2.818964686E+02  2.257173183E+02  4.476339938E-01 
       417  9.338612782E-03  1.175119790E-01  2.562398907E-02  9.366184155E+04  2.327514432E+02  3.362690795E+02  2.815899222E+02  2.286364034E+02  4.323102994E-01 
       418  1.068984297E-02  1.181121478E-01  2.822455248E-02  9.349604373E+04  2.375194900E+02  3.361731074E+02  2.814291525E+02  2.305191959E+02  4.153262394E-01 
       419  1.198650266E-02  1.187330819E-01  3.085849659E-02  9.340836169E+04  2.428821118E+02  3.359913732E+02  2.811253023E+02  2.321258924E+02  3.940225766E-01 
       420  1.322982934E-02  1.193430432E-01  3.352159396E-02  9.333059853E+04  2.471452088E+02  3.359620270E+02  2.810763491E+02  2.327425815E+02  3.754522172E-01 
       421  1.439865389E-02  1.199672983E-01  3.621509854E-02  9.348537604E+04  2.505127832E+02  3.360912548E+02  2.812924443E+02  2.326734623E+02  3.594829942E-01 
       422  1.553995729E-02  1.205631245E-01  3.892438234E-02  9.391498404E+04  2.535474342E+02  3.363359290E+02  2.817020478E+02  2.319891524E+02  3.428624875E-01 
       423  1.662952250E-02  1.211745408E-01  4.165332372E-02  9.448349963E+04  2.562987729E+02  3.366184320E+02  2.821756399E+02  2.309975204E+02  3.265563971E-01 
       424  1.764894372E-02  1.217373945E-01  4.441857664E-02  9.531743674E+04  2.585038257E+02  3.369936739E+02  2.828053756E+02  2.293499932E+02  3.108738436E-01 
       425  1.861873940E-02  1.222791769E-01  4.720617614E-02  9.641963006E+04  2.600765291E+02  3.375071561E+02  2.836676021E+02  2.266289227E+02  2.947711200E-01 
       426  1.950820179E-02  1.228336643E-01  5.001741530E-02  9.757213171E+04  2.612164320E+02  3.380733212E+02  2.846207230E+02  2.236279982E+02  2.803827355E-01 
       427  2.036944420E-02  1.233245632E-01  5.285072558E-02  9.872800333E+04  2.621217636E+02  3.387112861E+02  2.856956074E+02  2.201328144E+02  2.649711168E-01 
       428  2.117157025E-02  1.238295963E-01  5.569831964E-02  9.984526685E+04  2.635862784E+02  3.392517037E+02  2.866079297E+02  2.169976101E+02  2.477972263E-01 
       429  2.190592593E-02  1.242947792E-01  5.857026217E-02  1.008030691E+05  2.654417419E+02  3.396770573E+02  2.873269339E+02  2.145634947E+02  2.306201328E-01 
       430  2.257248913E-02  1.247551336E-01  6.145961794E-02  1.016232041E+05  2.676355886E+02  3.400039825E+02  2.878803043E+02  2.129330034E+02  2.144802697E-01 
       431  2.314781749E-02  1.251835029E-01  6.437124902E-02  1.022707717E+05  2.698226109E+02  3.403103399E+02  2.883990726E+02  2.115570273E+02  1.989072827E-01 
       432  2.363318974E-02  1.255957621E-01  6.730774801E-02  1.027739313E+05  2.723362119E+02  3.405457871E+02  2.887980232E+02  2.103854659E+02  1.820208001E-01 
       433  2.402789138E-02  1.260195069E-01  7.025072331E-02  1.031516836E+05  2.750270166E+02  3.407582130E+02  2.891584473E+02  2.095487862E+02  1.652786825E-01 
       434  2.431727977E-02  1.264030352E-01  7.321094069E-02  1.033933564E+05  2.779839802E+02  3.409143486E+02  2.894235172E+02  2.091838551E+02  1.483341679E-01 
       435  2.453016930E-02  1.268032789E-01  7.617447467E-02  1.034649736E+05  2.811731868E+02  3.409869976E+02  2.895469112E+02  2.094155693E+02  1.322819947E-01 
       436  2.462079541E-02  1.271795605E-01  7.915094878E-02  1.033606191E+05  2.846314628E+02  3.410050306E+02  2.895775898E+02  2.104749756E+02  1.175669478E-01 
       437  2.463902970E-02  1.275610820E-01  8.212637731E-02  1.028665112E+05  2.890046515E+02  3.407713308E+02  2.891808901E+02  2.128362303E+02  1.025070852E-01 
       438  2.457492051E-02  1.279220853E-01  8.510260082E-02  1.019977080E+05  2.933918732E+02  3.403830737E+02  2.885223339E+02  2.168045128E+02  9.396723023E-02 
       439  2.441429013E-02  1.282749863E-01  8.807550525E-02  1.007339001E+05  2.973482002E+02  3.397990478E+02  2.875328731E+02  2.216574085E+02  9.182946824E-02 
       440  2.420234297E-02  1.286273229E-01  9.105186832E-02  9.984237976E+04  2.984136927E+02  3.393344901E+02  2.867473474E+02  2.254909570E+02  1.032222599E-01 
       441  2.388558350E-02  1.289647853E-01  9.401845916E-02  9.981461853E+04  2.966372123E+02  3.393436527E+02  2.867626140E+02  2.256697131E+02  1.163076723E-01 
       442  2.351928731E-02  1.293134864E-01  9.696958543E-02  1.003340961E+05  2.939494155E+02  3.395990756E+02  2.871944742E+02  2.241532225E+02  1.281100372E-01 
       443  2.306449285E-02  1.296327241E-01  9.991680403E-02  1.010647600E+05  2.917317400E+02  3.399185619E+02  2.877351360E+02  2.219097652E+02  1.339466833E-01 
       444  2.257188759E-02  1.299515661E-01  1.028605699E-01  1.020139077E+05  2.892727842E+02  3.403648119E+02  2.884910736E+02  2.190702105E+02  1.389379450E-01 
       445  2.201092100E-02  1.302726916E-01  1.057899135E-01  1.029722948E+05  2.869029069E+02  3.408149732E+02  2.892547207E+02  2.161932782E+02  1.434494319E-01 
       446  2.143382683E-02  1.305960230E-01  1.087107054E-01  1.039970316E+05  2.839950554E+02  3.413596818E+02  2.901800646E+02  2.127907052E+02  1.493680980E-01 
       447  2.076802587E-02  1.309307408E-01  1.116221513E-01  1.049368291E+05  2.814350071E+02  3.419008255E+02  2.911009941E+02  2.084639835E+02  1.499036504E-01 
       448  2.010215597E-02  1.312657467E-01  1.145293522E-01  1.057356216E+05  2.792449770E+02  3.424321318E+02  2.920062933E+02  2.038998771E+02  1.476273262E-01 
       449  1.945135245E-02  1.316056955E-01  1.174374795E-01  1.064071118E+05  2.778948762E+02  3.428694546E+02  2.927525356E+02  2.015004597E+02  1.487501640E-01 
       450  1.885387307E-02  1.319548677E-01  1.203553293E-01  1.069306943E+05  2.769909310E+02  3.431705346E+02  2.932668610E+02  1.998684173E+02  1.502343668E-01 
       451  1.837479322E-02  1.322913677E-01  1.233018373E-01  1.073761377E+05  2.760574312E+02  3.434059668E+02  2.936695976E+02  1.984860115E+02  1.530056410E-01 
       452  1.811263581E-02  1.325954541E-01  1.262715907E-01  1.076322773E+05  2.754112997E+02  3.435379038E+02  2.938953800E+02  1.978989143E+02  1.569487513E-01 
       453  1.805653049E-02  1.328847135E-01  1.292554963E-01  1.077107258E+05  2.751488152E+02  3.435905318E+02  2.939854889E+02  1.976856494E+02  1.600572916E-01 
       454  1.819877737E-02  1.331672438E-01  1.322380588E-01  1.076456483E+05  2.754021461E+02  3.435573962E+02  2.939287373E+02  1.983704195E+02  1.632927670E-01 
       455  1.852494771E-02  1.334510277E-01  1.352129826E-01  1.074957066E+05  2.761982735E+02  3.434520117E+02  2.937484274E+02  2.002259890E+02  1.676344902E-01 
       456  1.890761882E-02  1.337081709E-01  1.381756048E-01  1.072713821E+05  2.771192367E+02  3.433319600E+02  2.935429112E+02  2.024134681E+02  1.721920464E-01 
       457  1.937808835E-02  1.339540030E-01  1.411279949E-01  1.070123379E+05  2.776838565E+02  3.432708104E+02  2.934383004E+02  2.045540392E+02  1.787146812E-01 
       458  1.989552602E-02  1.341916383E-01  1.440726902E-01  1.067061665E+05  2.784083447E+02  3.431698188E+02  2.932656102E+02  2.063828380E+02  1.830984015E-01 
       459  2.048114376E-02  1.344526817E-01  1.469999956E-01  1.063032578E+05  2.794960127E+02  3.429976006E+02  2.929733982E+02  2.085078650E+02  1.859605461E-01 
       460 -4.772920012E-02  1.664853148E-01 -4.258181757E-02  8.253512801E+04  1.816863744E+02  3.302852493E+02  2.716572391E+02  3.430731061E+02  1.012624551E+00 
       461 -4.770031945E-02  1.666117663E-01 -3.916302660E-02  8.232495160E+04  1.807402798E+02  3.302813182E+02  2.716508667E+02  3.426437967E+02  1.015173908E+00 
       462 -4.768621633E-02  1.667606858E-01 -3.574527808E-02  8.194735156E+04  1.830224373E+02  3.298840666E+02  2.709982357E+02  3.447358932E+02  1.011267345E+00 
       463 -4.773671611E-02  1.669008759E-01 -3.232563070E-02  8.146911499E+04  1.848180518E+02  3.295603437E+02  2.704666109E+02  3.470845423E+02  1.009490743E+00 
       464 -4.779814392E-02  1.670685917E-01 -2.890641835E-02  8.090847217E+04  1.859580536E+02  3.293104582E+02  2.700565758E+02  3.481693668E+02  1.007558808E+00 
       465 -4.772832030E-02  1.672854950E-01 -2.549705171E-02  8.022758118E+04  1.884884903E+02  3.288815918E+02  2.693535838E+02  3.507271943E+02  1.003865113E+00 
       466 -4.733274936E-02  1.676197526E-01 -2.211766833E-02  7.955362415E+04  1.910084112E+02  3.284826269E+02  2.687011318E+02  3.530318122E+02  1.000114474E+00 
       467 -4.646629434E-02  1.680852894E-01 -1.884685997E-02  7.925219003E+04  1.958066884E+02  3.280357395E+02  2.679710190E+02  3.549285926E+02  9.911930021E-01 
       468 -4.497458874E-02  1.687177674E-01 -1.583913045E-02  8.082758716E+04  1.956909451E+02  3.287899952E+02  2.692077279E+02  3.520883493E+02  9.921760503E-01 
       469 -4.311049959E-02  1.694263862E-01 -1.306511329E-02  8.396157642E+04  1.911075296E+02  3.304665852E+02  2.719604530E+02  3.434878120E+02  9.943754803E-01 
       470 -4.101650432E-02  1.701661907E-01 -1.047820325E-02  8.680366602E+04  1.851455069E+02  3.320227585E+02  2.745263634E+02  3.371700287E+02  1.004904419E+00 
       471 -3.872443978E-02  1.709287414E-01 -8.043812788E-03  8.717196814E+04  1.808081956E+02  3.323239832E+02  2.750234451E+02  3.332537346E+02  1.010416639E+00 
       472 -3.634257562E-02  1.716543837E-01 -5.706210795E-03  8.508799951E+04  1.811700420E+02  3.313242359E+02  2.733721828E+02  3.401185951E+02  1.018027879E+00 
       473 -3.384972842E-02  1.724025179E-01 -3.469956820E-03  8.139139465E+04  1.885357134E+02  3.291814923E+02  2.698511636E+02  3.516722043E+02  1.011250318E+00 
       474 -3.133060076E-02  1.731099844E-01 -1.271304633E-03  7.697001865E+04  1.983138458E+02  3.267308927E+02  2.658478249E+02  3.626650734E+02  9.968893109E-01 
       475 -2.873453975E-02  1.737912906E-01  8.535856133E-04  7.352380493E+04  2.071196866E+02  3.246250010E+02  2.624331484E+02  3.730503454E+02  9.862128310E-01 
       476 -2.611690126E-02  1.744247281E-01  2.958268427E-03  7.112916418E+04  2.135958757E+02  3.231775599E+02  2.600966368E+02  3.791168380E+02  9.760459233E-01 
       477 -2.348835128E-02  1.750433393E-01  5.058280838E-03  6.983422263E+04  2.181395878E+02  3.223252947E+02  2.587249348E+02  3.833404784E+02  9.690894438E-01 
       478 -2.083113736E-02  1.756162102E-01  7.133742148E-03  6.958877441E+04  2.186092744E+02  3.222810726E+02  2.586599436E+02  3.838395405E+02  9.688304439E-01 
       479 -1.816607045E-02  1.761555279E-01  9.209141426E-03  6.988583716E+04  2.222299309E+02  3.223286409E+02  2.587320080E+02  3.826543121E+02  9.540254734E-01 
       480 -1.549262448E-02  1.766467189E-01  1.128626304E-02  7.248978418E+04  2.213164587E+02  3.242130489E+02  2.617705841E+02  3.775557728E+02  9.462055713E-01 
       481 -1.281959455E-02  1.771087169E-01  1.337222607E-02  8.216341913E+04  2.148728697E+02  3.299487190E+02  2.711235282E+02  3.504769144E+02  9.161428306E-01 
       482 -1.015361520E-02  1.775059034E-01  1.547159933E-02  9.778527346E+04  2.061007406E+02  3.384788235E+02  2.853080947E+02  3.043132049E+02  8.767650243E-01 
       483 -7.491200012E-03  1.778633735E-01  1.757589553E-02  9.450066626E+04  2.245734258E+02  3.362276049E+02  2.815288448E+02  3.157279024E+02  8.282536305E-01 
       484 -4.837064878E-03  1.782590199E-01  1.971143984E-02  8.954242310E+04  2.282369747E+02  3.343486032E+02  2.783865032E+02  3.273690090E+02  8.340592943E-01 
       485 -2.188499166E-03  1.785530451E-01  2.185094162E-02  8.889136414E+04  2.310994354E+02  3.340478860E+02  2.778840126E+02  3.336101987E+02  8.349917100E-01 
       486  4.329096806E-04  1.787998193E-01  2.404680664E-02  8.889289795E+04  2.359371834E+02  3.336335850E+02  2.771950130E+02  3.372316284E+02  8.244709224E-01 
       487  3.027224691E-03  1.790317150E-01  2.627094405E-02  8.881736285E+04  2.377616127E+02  3.335384336E+02  2.770364614E+02  3.379327013E+02  8.187328745E-01 
       488  5.626976121E-03  1.792222402E-01  2.847807669E-02  8.972994299E+04  2.391796055E+02  3.340940223E+02  2.779601004E+02  3.370470464E+02  8.117631711E-01 
       489  8.191038637E-03  1.793338257E-01  3.074695743E-02  9.169961841E+04  2.396745718E+02  3.352525141E+02  2.798931882E+02  3.315861795E+02  8.008893495E-01 
       490  1.074058355E-02  1.794129340E-01  3.303046409E-02  9.493991206E+04  2.394639789E+02  3.369588086E+02  2.827505173E+02  3.217975785E+02  7.858305485E-01 
       491  1.325979491E-02  1.793970135E-01  3.532576038E-02  9.926641357E+04  2.388996499E+02  3.389515700E+02  2.861062288E+02  3.100266349E+02  7.700839862E-01 
       492  1.577166567E-02  1.793535417E-01  3.765132951E-02  1.033674005E+05  2.374440837E+02  3.408222289E+02  2.892709002E+02  3.000366869E+02  7.611685852E-01 
       493  1.825553626E-02  1.792503646E-01  4.000403552E-02  1.062675532E+05  2.367219996E+02  3.421549473E+02  2.915352845E+02  2.922188215E+02  7.533302670E-01 
       494  2.071273564E-02  1.790845686E-01  4.238164633E-02  1.083963924E+05  2.363198791E+02  3.431848089E+02  2.932925346E+02  2.864819949E+02  7.476794715E-01 
       495  2.315348782E-02  1.789033294E-01  4.476881837E-02  1.106794883E+05  2.345475078E+02  3.442681351E+02  2.951473145E+02  2.822568765E+02  7.492640419E-01 
       496  2.554611962E-02  1.786610662E-01  4.720294885E-02  1.129038022E+05  2.324499388E+02  3.452358484E+02  2.968090630E+02  2.773771954E+02  7.517256606E-01 
       497  2.790553153E-02  1.783591187E-01  4.966367300E-02  1.144125586E+05  2.312922211E+02  3.459039850E+02  2.979582796E+02  2.703316307E+02  7.484550849E-01 
       498  3.023553076E-02  1.780531658E-01  5.215009418E-02  1.153785035E+05  2.307671523E+02  3.464452701E+02  2.988913686E+02  2.657331321E+02  7.457334232E-01 
       499  3.255140683E-02  1.777481834E-01  5.464573084E-02  1.163324832E+05  2.309966354E+02  3.468817773E+02  2.996451854E+02  2.643046069E+02  7.438976262E-01 
       500  3.480321611E-02  1.773622653E-01  5.719033452E-02  1.171786276E+05  2.312864767E+02  3.471847818E+02  3.001688130E+02  2.608550036E+02  7.397415014E-01 
       501  3.704366447E-02  1.769956776E-01  5.978074099E-02  1.178790917E+05  2.308762586E+02  3.475085688E+02  3.007286148E+02  2.591296611E+02  7.397837061E-01 
       502  3.923116288E-02  1.766153691E-01  6.237867612E-02  1.184681011E+05  2.308942327E+02  3.477895732E+02  3.012151465E+02  2.586564841E+02  7.393467613E-01 
       503  4.136429871E-02  1.761773997E-01  6.501205622E-02  1.189497805E+05  2.317178130E+02  3.479221182E+02  3.014446598E+02  2.565562624E+02  7.343265214E-01 
       504  4.348069858E-02  1.757484529E-01  6.766046190E-02  1.192492500E+05  2.319806395E+02  3.480454922E+02  3.016583891E+02  2.547961659E+02  7.319279946E-01 
       505  4.554226392E-02  1.753162813E-01  7.034950997E-02  1.193777725E+05  2.323596468E+02  3.481328850E+02  3.018098860E+02  2.549933472E+02  7.309235968E-01 
       506  4.756665315E-02  1.748560179E-01  7.306168772E-02  1.193883098E+05  2.329698645E+02  3.481889496E+02  3.019070666E+02  2.551472867E+02  7.288788739E-01 
       507  4.956604909E-02  1.743615796E-01  7.580968578E-02  1.192908292E+05  2.337910901E+02  3.481881820E+02  3.019055588E+02  2.552595463E+02  7.259578244E-01 
       508  5.152654947E-02  1.738670862E-01  7.855886540E-02  1.192485960E+05  2.339380417E+02  3.482448425E+02  3.020038636E+02  2.552473321E+02  7.256988282E-01 
       509  5.347325952E-02  1.733659220E-01  8.131742073E-02  1.192387878E+05  2.341863974E+02  3.482128333E+02  3.019483879E+02  2.557421099E+02  7.255256182E-01 
       510  5.541917190E-02  1.728212690E-01  8.412523757E-02  1.192860690E+05  2.341598786E+02  3.481359639E+02  3.018151541E+02  2.556200946E+02  7.257305498E-01 
       511  5.731737707E-02  1.722438844E-01  8.698058411E-02  1.196792899E+05  2.342400296E+02  3.482566535E+02  3.020245923E+02  2.544682628E+02  7.244978370E-01 
       512  5.917186437E-02  1.716911252E-01  8.979478553E-02  1.198451175E+05  2.348246723E+02  3.483324110E+02  3.021561371E+02  2.540932030E+02  7.220811547E-01 
       513  6.096387184E-02  1.711643945E-01  9.255110888E-02  1.197839316E+05  2.358010952E+02  3.483162544E+02  3.021281207E+02  2.545628589E+02  7.188606674E-01 
       514  6.270700241E-02  1.705757992E-01  9.544380808E-02  1.196010022E+05  2.366052232E+02  3.482805452E+02  3.020660186E+02  2.547160282E+02  7.158464156E-01 
       515  6.442263795E-02  1.699823167E-01  9.834544530E-02  1.194162124E+05  2.373900391E+02  3.482000840E+02  3.019264289E+02  2.551108355E+02  7.132424363E-01 
       516  6.612271722E-02  1.694054111E-01  1.012510921E-01  1.192221930E+05  2.381485217E+02  3.481034179E+02  3.017588000E+02  2.555819016E+02  7.110357871E-01 
       517  6.776083839E-02  1.688452726E-01  1.042003507E-01  1.190565778E+05  2.386375709E+02  3.480310382E+02  3.016333224E+02  2.560494461E+02  7.099810690E-01 
       518  6.936215302E-02  1.682812898E-01  1.071729988E-01  1.188629146E+05  2.391646775E+02  3.479539428E+02  3.014997654E+02  2.568149874E+02  7.089930472E-01 
       519  7.082677073E-02  1.677321085E-01  1.102128146E-01  1.187090521E+05  2.398057480E+02  3.479082961E+02  3.014206860E+02  2.577266243E+02  7.075858978E-01 
       520  7.220712168E-02  1.672497044E-01  1.133584680E-01  1.186126133E+05  2.404041295E+02  3.479254770E+02  3.014506517E+02  2.587026263E+02  7.066785999E-01 
       521  7.342602904E-02  1.668557431E-01  1.165154693E-01  1.185273403E+05  2.407814528E+02  3.480243909E+02  3.016224620E+02  2.584964368E+02  7.056599222E-01 
       522  7.439926912E-02  1.665467988E-01  1.197652411E-01  1.185153112E+05  2.406634603E+02  3.482375875E+02  3.019922056E+02  2.575031874E+02  7.056362638E-01 
       523  7.498839543E-02  1.664581038E-01  1.231239650E-01  1.183582363E+05  2.406723480E+02  3.483942394E+02  3.022633781E+02  2.559414177E+02  7.043488920E-01 
       524  7.530423640E-02  1.665023734E-01  1.265249777E-01  1.182284636E+05  2.405637016E+02  3.484652419E+02  3.023866086E+02  2.556896038E+02  7.051368263E-01 
       525  7.543612494E-02  1.666233331E-01  1.299370256E-01  1.180811348E+05  2.417343674E+02  3.482777386E+02  3.020616627E+02  2.589316330E+02  7.045152001E-01 
       526  7.553122174E-02  1.667952118E-01  1.333496155E-01  1.179322065E+05  2.439905224E+02  3.478907437E+02  3.013910632E+02  2.626648922E+02  7.006089361E-01 
       527  7.566054780E-02  1.669469890E-01  1.367626796E-01  1.178635464E+05  2.439676108E+02  3.479905014E+02  3.015633650E+02  2.591908317E+02  6.970146224E-01 
       528  7.583993244E-02  1.671002891E-01  1.401745263E-01  1.177778786E+05  2.439098316E+02  3.482663808E+02  3.020423596E+02  2.596460166E+02  6.984122694E-01 
       529  7.600645069E-02  1.672586086E-01  1.435869327E-01  1.177032046E+05  2.440459116E+02  3.487350895E+02  3.028592777E+02  2.589076052E+02  6.995089920E-01 
       530  7.611546960E-02  1.674572299E-01  1.470000031E-01  1.178622928E+05  2.379526517E+02  3.500093315E+02  3.051801958E+02  2.476251910E+02  7.159836395E-01 
       531 -5.220359409E-02  2.342994603E-01 -4.210986580E-02  8.180822369E+04  1.817729083E+02  3.297690663E+02  2.708852676E+02  4.440824870E+02  1.149105877E+00 
       532 -5.220192467E-02  2.343108577E-01 -3.821952920E-02  8.073676303E+04  1.851730044E+02  3.292148805E+02  2.698999523E+02  4.466059546E+02  1.143360696E+00 
       533 -5.220302368E-02  2.343278434E-01 -3.432921672E-02  8.051038974E+04  1.868374724E+02  3.290672029E+02  2.696575466E+02  4.472329884E+02  1.139938357E+00 
       534 -5.220531674E-02  2.343446645E-01 -3.043898101E-02  8.161730299E+04  1.838128964E+02  3.297794710E+02  2.708283901E+02  4.439918603E+02  1.144164994E+00 
       535 -5.220735409E-02  2.343651870E-01 -2.654892396E-02  8.363861768E+04  1.778148556E+02  3.310723457E+02  2.729564190E+02  4.394016914E+02  1.154483289E+00 
       536 -5.221355576E-02  2.343966826E-01 -2.266385481E-02  8.532724440E+04  1.737078506E+02  3.319718916E+02  2.744396889E+02  4.358865862E+02  1.161332894E+00 
       537 -5.221196162E-02  2.344309954E-01 -1.877454498E-02  8.564332919E+04  1.729756763E+02  3.319424857E+02  2.743912237E+02  4.354940261E+02  1.162734862E+00 
       538 -5.222596507E-02  2.344687402E-01 -1.488167101E-02  8.420735776E+04  1.760299710E+02  3.309969376E+02  2.728316919E+02  4.390547066E+02  1.158771266E+00 
       539 -5.222923531E-02  2.345160018E-01 -1.099302079E-02  8.151876178E+04  1.817865020E+02  3.295159056E+02  2.703973579E+02  4.468752234E+02  1.153559252E+00 
       540 -5.210275326E-02  2.345957540E-01 -7.104134264E-03  7.908490997E+04  1.887945861E+02  3.282560581E+02  2.683318228E+02  4.484102848E+02  1.139438469E+00 
       541 -5.114101036E-02  2.348545508E-01 -3.375994418E-03  7.857920024E+04  1.925961188E+02  3.279251376E+02  2.677916442E+02  4.500129077E+02  1.133250406E+00 
       542 -4.917766965E-02  2.353023755E-01 -5.047413344E-05  7.983951587E+04  1.908145599E+02  3.284841509E+02  2.687055941E+02  4.530914755E+02  1.141493477E+00 
       543 -4.661414278E-02  2.358651253E-01  2.823323178E-03  8.140542908E+04  1.869444604E+02  3.295166578E+02  2.703967915E+02  4.489193678E+02  1.146666424E+00 
       544 -4.374488282E-02  2.364440537E-01  5.350106892E-03  8.417976801E+04  1.798491960E+02  3.312802544E+02  2.732982085E+02  4.407300186E+02  1.153776744E+00 
       545 -4.059796688E-02  2.370222596E-01  7.583171126E-03  8.817577081E+04  1.663415128E+02  3.335201874E+02  2.770077236E+02  4.288512564E+02  1.175783651E+00 
       546 -3.738701819E-02  2.375676250E-01  9.702642239E-03  8.721066168E+04  1.671805234E+02  3.330932140E+02  2.762987745E+02  4.323681755E+02  1.175101832E+00 
       547 -3.407522408E-02  2.380263225E-01  1.169481074E-02  8.224845386E+04  1.824120879E+02  3.304091606E+02  2.718663492E+02  4.442217126E+02  1.149220182E+00 
       548 -3.073065008E-02  2.384984497E-01  1.361793802E-02  8.019980145E+04  1.898253967E+02  3.291149132E+02  2.697366617E+02  4.467819355E+02  1.133080326E+00 
       549 -2.732884007E-02  2.388770261E-01  1.546643341E-02  8.153409290E+04  1.859602208E+02  3.298820028E+02  2.709965391E+02  4.449941416E+02  1.140792383E+00 
       550 -2.390908864E-02  2.392176502E-01  1.728468609E-02  8.211301672E+04  1.855627557E+02  3.300737818E+02  2.713108926E+02  4.404829279E+02  1.137371538E+00 
       551 -2.044822495E-02  2.394794424E-01  1.908927170E-02  8.137974448E+04  1.871479269E+02  3.296478438E+02  2.706110483E+02  4.441108065E+02  1.137218668E+00 
       552 -1.699643969E-02  2.397114515E-01  2.086461287E-02  8.074852197E+04  1.877061188E+02  3.293337541E+02  2.700960841E+02  4.448354425E+02  1.137193069E+00 
       553 -1.354033893E-02  2.398615604E-01  2.263394957E-02  8.083224658E+04  1.868657084E+02  3.294756470E+02  2.703306122E+02  4.456949196E+02  1.141104810E+00 
       554 -1.007792796E-02  2.399171479E-01  2.439846914E-02  8.113838818E+04  1.874659679E+02  3.294889250E+02  2.703517809E+02  4.431251130E+02  1.138041573E+00 
       555 -6.592279415E-03  2.399646350E-01  2.619220728E-02  8.067316919E+04  1.856502805E+02  3.295100431E+02  2.703869257E+02  4.432400188E+02  1.144534152E+00 
       556 -3.124907716E-03  2.398994093E-01  2.794309000E-02  7.956897803E+04  1.891749153E+02  3.287558537E+02  2.691490288E+02  4.471417885E+02  1.141948171E+00 
       557  3.338943067E-04  2.398017910E-01  2.968583889E-02  1.049633211E+05  2.100040644E+02  3.420142516E+02  2.913118465E+02  3.934497783E+02  1.041790437E+00 
       558  3.794068913E-03  2.396169640E-01  3.144821874E-02  1.005534573E+05  2.131112814E+02  3.400036597E+02  2.878885603E+02  4.033426542E+02  1.043421652E+00 
       559  7.248441593E-03  2.393064044E-01  3.320284907E-02  9.573808350E+04  2.120340643E+02  3.380192757E+02  2.845338993E+02  4.089373112E+02  1.051785816E+00 
       560  1.068879679E-02  2.389885178E-01  3.498866898E-02  9.240505151E+04  2.154947042E+02  3.361894407E+02  2.814644814E+02  4.199411926E+02  1.052740023E+00 
       561  1.412543948E-02  2.386075767E-01  3.676435012E-02  8.965955103E+04  2.175598865E+02  3.346098595E+02  2.788225498E+02  4.262200556E+02  1.051672243E+00 
       562  1.753589177E-02  2.380598424E-01  3.855175648E-02  8.885203076E+04  2.171375618E+02  3.344382706E+02  2.785362949E+02  4.240672226E+02  1.051270500E+00 
       563  2.093820079E-02  2.375000001E-01  4.035454522E-02  9.186245703E+04  2.149567909E+02  3.364122849E+02  2.818392973E+02  4.174968128E+02  1.051883638E+00 
       564  2.432947450E-02  2.368878370E-01  4.215773147E-02  1.034037955E+05  2.083220405E+02  3.421892444E+02  2.916263490E+02  3.930961928E+02  1.054892013E+00 
       565  2.770729830E-02  2.361795572E-01  4.394886350E-02  1.242383809E+05  1.981619391E+02  3.508783464E+02  3.066274042E+02  3.507282729E+02  1.068019602E+00 
       566  3.105826597E-02  2.354459967E-01  4.578622705E-02  1.317841881E+05  1.983335528E+02  3.533990278E+02  3.110142407E+02  3.403459854E+02  1.063708296E+00 
       567  3.438758923E-02  2.346372217E-01  4.762879820E-02  1.241317947E+05  2.026948285E+02  3.506175491E+02  3.061400746E+02  3.539958379E+02  1.049001268E+00 
       568  3.771502906E-02  2.337669833E-01  4.947240569E-02  1.173620962E+05  2.034980378E+02  3.483670681E+02  3.022172754E+02  3.638672261E+02  1.047961386E+00 
       569  4.101460083E-02  2.329246351E-01  5.135281935E-02  1.183395790E+05  2.018092134E+02  3.489404883E+02  3.032134476E+02  3.592663841E+02  1.050292339E+00 
       570  4.428347740E-02  2.319960665E-01  5.324515281E-02  1.228926615E+05  2.027692165E+02  3.504300792E+02  3.058070462E+02  3.503590343E+02  1.044390352E+00 
       571  4.749748393E-02  2.310181580E-01  5.520824782E-02  1.249079744E+05  2.041891851E+02  3.510476398E+02  3.068851442E+02  3.471171522E+02  1.040065048E+00 
       572  5.066691057E-02  2.300652086E-01  5.723980181E-02  1.248352973E+05  2.048444297E+02  3.512744049E+02  3.072819196E+02  3.455445210E+02  1.036832538E+00 
       573  5.379140778E-02  2.290521307E-01  5.932353399E-02  1.248361856E+05  2.077914062E+02  3.514350278E+02  3.075630763E+02  3.437238299E+02  1.027097796E+00 
       574  5.683956615E-02  2.279793322E-01  6.149869556E-02  1.253740361E+05  2.120189466E+02  3.516026020E+02  3.078562212E+02  3.416849194E+02  1.014636520E+00 
       575  5.985072913E-02  2.269370111E-01  6.373374277E-02  1.256831533E+05  2.142462454E+02  3.517703457E+02  3.081499386E+02  3.398831215E+02  1.007104248E+00 
       576  6.280959972E-02  2.258492183E-01  6.601505396E-02  1.253930625E+05  2.171901505E+02  3.516080111E+02  3.078656328E+02  3.375780163E+02  9.962044009E-01 
       577  6.573461678E-02  2.247295145E-01  6.832363097E-02  1.248298687E+05  2.213732183E+02  3.512695923E+02  3.072729673E+02  3.366022162E+02  9.832422798E-01 
       578  6.865501872E-02  2.236625994E-01  7.064894084E-02  1.240946516E+05  2.256917492E+02  3.509573776E+02  3.067272909E+02  3.435765663E+02  9.731937321E-01 
       579  7.151541969E-02  2.224865137E-01  7.302188293E-02  1.223747249E+05  2.293628521E+02  3.504504652E+02  3.058421097E+02  3.527890787E+02  9.646885507E-01 
       580  7.433322259E-02  2.213060150E-01  7.543149031E-02  1.208941616E+05  2.292919102E+02  3.503051958E+02  3.055904050E+02  3.533051443E+02  9.622432403E-01 
       581  7.711325138E-02  2.201536844E-01  7.789825066E-02  1.224125052E+05  2.322589108E+02  3.509678553E+02  3.067472497E+02  3.438936364E+02  9.468745016E-01 
       582  7.981655167E-02  2.189959972E-01  8.044372180E-02  1.227480435E+05  2.357367790E+02  3.515305457E+02  3.077328625E+02  3.401862736E+02  9.330546679E-01 
       583  8.242371870E-02  2.177951216E-01  8.306797326E-02  1.224193862E+05  2.381650362E+02  3.517966614E+02  3.082022343E+02  3.392463131E+02  9.236646816E-01 
       584  8.497819178E-02  2.166305248E-01  8.576177505E-02  1.220965516E+05  2.396414837E+02  3.515873090E+02  3.078339089E+02  3.398877964E+02  9.178860195E-01 
       585  8.747465708E-02  2.155008942E-01  8.852176985E-02  1.220031025E+05  2.377853351E+02  3.513631287E+02  3.074400868E+02  3.403627715E+02  9.227040485E-01 
       586  8.983863293E-02  2.143275504E-01  9.137087988E-02  1.221322244E+05  2.336760736E+02  3.511767845E+02  3.071130285E+02  3.390051775E+02  9.337194078E-01 
       587  9.211779941E-02  2.131724912E-01  9.430579148E-02  1.223773008E+05  2.301833898E+02  3.509983277E+02  3.067998203E+02  3.385119628E+02  9.434446656E-01 
       588  9.424446159E-02  2.121023496E-01  9.738772987E-02  1.225806849E+05  2.268409514E+02  3.509410408E+02  3.066993458E+02  3.395547626E+02  9.536503234E-01 
       589  9.610967173E-02  2.111612431E-01  1.006666829E-01  1.228084641E+05  2.225115283E+02  3.509800783E+02  3.067676044E+02  3.404624473E+02  9.665713406E-01 
       590  9.742401869E-02  2.103903297E-01  1.042235364E-01  1.229053041E+05  2.183391499E+02  3.509454826E+02  3.067077629E+02  3.412519507E+02  9.787313656E-01 
       591  9.764724840E-02  2.101688920E-01  1.080985861E-01  1.229209980E+05  2.176546583E+02  3.507892575E+02  3.064352145E+02  3.414926162E+02  9.807987753E-01 
       592  9.763062643E-02  2.101108570E-01  1.119846410E-01  1.228177578E+05  2.197726845E+02  3.508119522E+02  3.064767445E+02  3.395162158E+02  9.742792719E-01 
       593  9.759894170E-02  2.100363093E-01  1.158782398E-01  1.226558582E+05  2.214303576E+02  3.516927688E+02  3.080207283E+02  3.377207332E+02  9.690190298E-01 
       594  9.760335841E-02  2.100041055E-01  1.197683889E-01  1.225632988E+05  2.222475385E+02  3.530580658E+02  3.104184494E+02  3.308094521E+02  9.656618738E-01 
       595  9.760552297E-02  2.099886023E-01  1.236588659E-01  1.225068530E+05  2.229653334E+02  3.543589719E+02  3.127073300E+02  3.167514296E+02  9.640748430E-01 
       596  9.760989540E-02  2.100145164E-01  1.275491461E-01  1.226338665E+05  2.252360992E+02  3.550909158E+02  3.139979089E+02  3.024880388E+02  9.589884250E-01 
       597  9.760550437E-02  2.100148949E-01  1.314412195E-01  1.227428628E+05  2.269722576E+02  3.555138512E+02  3.147471781E+02  3.006114759E+02  9.530693330E-01 
       598  9.762031038E-02  2.101034915E-01  1.353312483E-01  1.228803748E+05  2.286049114E+02  3.556354764E+02  3.149673059E+02  3.101586226E+02  9.453232286E-01 
       599  9.762506170E-02  2.101609083E-01  1.392228176E-01  1.230201776E+05  2.284719782E+02  3.552632232E+02  3.143135456E+02  3.185017507E+02  9.451930481E-01 
       600  9.764671237E-02  2.102092269E-01  1.431110049E-01  1.231211079E+05  2.253307290E+02  3.544654951E+02  3.129056880E+02  3.241715515E+02  9.554745825E-01 
       601  9.766256924E-02  2.102587391E-01  1.469999989E-01  1.231439131E+05  2.215186939E+02  3.539171858E+02  3.116528378E+02  3.301572180E+02  9.677676447E-01 
