nodenumber     x-coordinate     y-coordinate     z-coordinate         pressure velocity-magnitude      sound-speed      temperature rel-velocity-magnitude relative-velocity-angle 
         1 -2.216901913E-02  1.039879580E-01 -4.300600202E-02  8.752791975E+04  1.537465166E+02  3.330671582E+02  2.762527615E+02  2.355549681E+02  8.597927531E-01 
         2 -2.197401757E-02  1.042260031E-01 -4.002397295E-02  8.746775824E+04  1.545767914E+02  3.329913130E+02  2.761268933E+02  2.362515019E+02  8.578476305E-01 
         3 -2.150271627E-02  1.045375264E-01 -3.708169353E-02  8.734955823E+04  1.551821008E+02  3.329361887E+02  2.760354581E+02  2.375646654E+02  8.594914000E-01 
         4 -2.072290556E-02  1.049359494E-01 -3.421635317E-02  8.722201440E+04  1.553333924E+02  3.329133816E+02  2.759977145E+02  2.374092515E+02  8.586226935E-01 
         5 -1.964621854E-02  1.053757771E-01 -3.145501365E-02  8.707111108E+04  1.562717767E+02  3.328190880E+02  2.758413644E+02  2.381435113E+02  8.564678468E-01 
         6 -1.833909717E-02  1.058829391E-01 -2.880182754E-02  8.694531616E+04  1.576218586E+02  3.326940193E+02  2.756341333E+02  2.398360596E+02  8.553778064E-01 
         7 -1.686396899E-02  1.064019756E-01 -2.624136390E-02  8.680230273E+04  1.579775958E+02  3.326574116E+02  2.755735722E+02  2.403012562E+02  8.556344174E-01 
         8 -1.524276490E-02  1.069101094E-01 -2.376908005E-02  8.658337109E+04  1.590059574E+02  3.325289755E+02  2.753607807E+02  2.414656653E+02  8.547055312E-01 
         9 -1.353040875E-02  1.074492491E-01 -2.136449246E-02  8.637014795E+04  1.601100476E+02  3.324210658E+02  2.751820588E+02  2.427370057E+02  8.534809183E-01 
        10 -1.175719847E-02  1.079385502E-01 -1.899452623E-02  8.623674500E+04  1.613455586E+02  3.323467834E+02  2.750589864E+02  2.437848713E+02  8.510988951E-01 
        11 -9.920451205E-03  1.084473482E-01 -1.667649769E-02  8.615064334E+04  1.624205090E+02  3.322981465E+02  2.749784991E+02  2.448255949E+02  8.495478951E-01 
        12 -8.053093039E-03  1.089314126E-01 -1.437870322E-02  8.630568759E+04  1.632726939E+02  3.323522291E+02  2.750681132E+02  2.445584848E+02  8.444677591E-01 
        13 -6.139911673E-03  1.093816015E-01 -1.211111235E-02  8.680330835E+04  1.625293593E+02  3.326395454E+02  2.755439868E+02  2.430165157E+02  8.438549004E-01 
        14 -4.213714023E-03  1.098625599E-01 -9.853315987E-03  8.753397119E+04  1.601523085E+02  3.330735512E+02  2.762634106E+02  2.405275087E+02  8.488532752E-01 
        15 -2.267252226E-03  1.102821410E-01 -7.616721013E-03  8.861874365E+04  1.562971592E+02  3.336080761E+02  2.771510897E+02  2.371168089E+02  8.590108827E-01 
        16 -3.058463972E-04  1.106716081E-01 -5.380345181E-03  8.932446021E+04  1.496884732E+02  3.339970713E+02  2.777977571E+02  2.336508331E+02  8.844649866E-01 
        17  1.649896870E-03  1.110991589E-01 -3.144821902E-03  8.701796350E+04  1.471801044E+02  3.327769194E+02  2.757739313E+02  2.450169716E+02  9.384013545E-01 
        18  3.605378217E-03  1.114680886E-01 -8.997268064E-04  7.565226807E+04  1.760211604E+02  3.262188582E+02  2.650121093E+02  2.876587572E+02  9.438054822E-01 
        19  5.548952344E-03  1.118349081E-01  1.356589372E-03  7.000359009E+04  2.109115891E+02  3.225528271E+02  2.590906844E+02  3.090500059E+02  8.436927358E-01 
        20  7.472030685E-03  1.121892539E-01  3.633809071E-03  7.309782452E+04  2.098894729E+02  3.250310749E+02  2.630880830E+02  2.956102620E+02  7.924013636E-01 
        21  9.366594022E-03  1.125505666E-01  5.932977735E-03  7.660938989E+04  2.058424553E+02  3.272829616E+02  2.667454996E+02  2.797632513E+02  7.515467773E-01 
        22  1.122147558E-02  1.129077905E-01  8.263617067E-03  7.896431647E+04  2.053643959E+02  3.287512804E+02  2.691437396E+02  2.726246305E+02  7.271781210E-01 
        23  1.303284284E-02  1.132507638E-01  1.062953057E-02  8.054727585E+04  2.086827836E+02  3.295941409E+02  2.705246942E+02  2.687819453E+02  6.973890584E-01 
        24  1.479928419E-02  1.136234762E-01  1.303021626E-02  8.174265536E+04  2.139808202E+02  3.301192017E+02  2.713867970E+02  2.654391259E+02  6.592045180E-01 
        25  1.649617427E-02  1.139938279E-01  1.547769530E-02  8.281643420E+04  2.190097079E+02  3.305970068E+02  2.721725314E+02  2.626607134E+02  6.238277070E-01 
        26  1.811807173E-02  1.143837002E-01  1.797032872E-02  8.355169568E+04  2.245104363E+02  3.309157820E+02  2.726967983E+02  2.614444280E+02  5.916705774E-01 
        27  1.968166241E-02  1.148013513E-01  2.049621310E-02  8.362780902E+04  2.318210895E+02  3.309063292E+02  2.726807377E+02  2.625114968E+02  5.581453163E-01 
        28  2.119101764E-02  1.152299366E-01  2.305322148E-02  8.309310124E+04  2.408873506E+02  3.305602309E+02  2.721108368E+02  2.655991115E+02  5.223574174E-01 
        29  2.266338778E-02  1.156643914E-01  2.563116057E-02  8.245741663E+04  2.491491923E+02  3.302335963E+02  2.715733963E+02  2.677736408E+02  4.884201291E-01 
        30  2.408077791E-02  1.161159634E-01  2.823658064E-02  8.192240979E+04  2.574024303E+02  3.298857203E+02  2.710015924E+02  2.704858370E+02  4.565697820E-01 
        31  2.544088325E-02  1.165921105E-01  3.086849856E-02  8.134673584E+04  2.659528387E+02  3.294636965E+02  2.703091145E+02  2.740534248E+02  4.264284829E-01 
        32  2.674433127E-02  1.170738851E-01  3.352942364E-02  8.072782007E+04  2.736817987E+02  3.291892052E+02  2.698588696E+02  2.768130491E+02  3.976494758E-01 
        33  2.797950643E-02  1.175445507E-01  3.622298897E-02  8.015964194E+04  2.809546045E+02  3.290292151E+02  2.695962963E+02  2.786820614E+02  3.680369653E-01 
        34  2.916313541E-02  1.180056499E-01  3.893937175E-02  7.984676495E+04  2.888636104E+02  3.288087047E+02  2.692346823E+02  2.808380557E+02  3.363248929E-01 
        35  3.031249539E-02  1.184785399E-01  4.167042727E-02  7.995688168E+04  2.958395709E+02  3.287442691E+02  2.691291275E+02  2.822896638E+02  3.069556745E-01 
        36  3.139929926E-02  1.189405785E-01  4.442941843E-02  8.023652551E+04  3.010533415E+02  3.290112371E+02  2.695663282E+02  2.820066196E+02  2.800614149E-01 
        37  3.242013936E-02  1.193808800E-01  4.721660669E-02  8.078903080E+04  3.059786498E+02  3.294201819E+02  2.702369463E+02  2.809691286E+02  2.512636960E-01 
        38  3.340677803E-02  1.198011670E-01  5.002067675E-02  8.209546884E+04  3.087947845E+02  3.302146564E+02  2.715431757E+02  2.774374491E+02  2.237259481E-01 
        39  3.430413654E-02  1.201853153E-01  5.285529857E-02  8.385895728E+04  3.100197744E+02  3.312890301E+02  2.733134718E+02  2.723634233E+02  1.984900786E-01 
        40  3.515433510E-02  1.205874318E-01  5.570324370E-02  8.600083057E+04  3.102274609E+02  3.324643669E+02  2.752560940E+02  2.663848228E+02  1.751258327E-01 
        41  3.592907297E-02  1.209644065E-01  5.857535950E-02  8.839725317E+04  3.089940453E+02  3.337173481E+02  2.773348899E+02  2.597656097E+02  1.573032467E-01 
        42  3.664355424E-02  1.213334730E-01  6.146049591E-02  9.086062341E+04  3.062524567E+02  3.349263825E+02  2.793477330E+02  2.525975981E+02  1.459837744E-01 
        43  3.727845098E-02  1.217084379E-01  6.437276718E-02  9.309720264E+04  3.025703230E+02  3.359618635E+02  2.810770330E+02  2.456358681E+02  1.414504084E-01 
        44  3.781448665E-02  1.220744111E-01  6.730672953E-02  9.480762671E+04  2.987528076E+02  3.367790451E+02  2.824454927E+02  2.401209979E+02  1.442938992E-01 
        45  3.826762164E-02  1.224563704E-01  7.025293559E-02  9.588475140E+04  2.956768982E+02  3.373195221E+02  2.833521912E+02  2.363083197E+02  1.501088442E-01 
        46  3.856443464E-02  1.228195695E-01  7.317567491E-02  9.644433984E+04  2.937164230E+02  3.376197662E+02  2.838568573E+02  2.341971512E+02  1.562341526E-01 
        47  3.882754171E-02  1.231963568E-01  7.616928387E-02  9.668614615E+04  2.913752450E+02  3.382014823E+02  2.848378041E+02  2.316377942E+02  1.634722695E-01 
        48  3.896508106E-02  1.235573809E-01  7.913505459E-02  9.670614258E+04  2.867265129E+02  3.393309784E+02  2.867587852E+02  2.238898430E+02  1.679362543E-01 
        49  3.903512947E-02  1.239238609E-01  8.213137167E-02  9.660799219E+04  2.749958134E+02  3.417429941E+02  2.908807170E+02  2.035490576E+02  1.815568188E-01 
        50  3.900153017E-02  1.243001337E-01  8.510504302E-02  9.641284689E+04  2.572667493E+02  3.453922291E+02  2.971313134E+02  1.687989861E+02  1.844268322E-01 
        51  3.889299026E-02  1.246700891E-01  8.806950082E-02  9.634496375E+04  2.396432841E+02  3.493669577E+02  3.039975326E+02  1.207761793E+02  1.654756457E-01 
        52  3.870303970E-02  1.250405990E-01  9.105247242E-02  9.638260840E+04  2.328555965E+02  3.521813116E+02  3.088820839E+02  7.865464020E+01  2.833632845E-02 
        53  3.847530202E-02  1.253810613E-01  9.402032493E-02  9.706638577E+04  2.335115697E+02  3.532272168E+02  3.107153696E+02  4.509824565E+01 -4.197303294E-01 
        54  3.809583015E-02  1.257752167E-01  9.695318516E-02  9.711768848E+04  2.278620033E+02  3.533225517E+02  3.108779831E+02  4.062667942E+01 -8.189993026E-01 
        55  3.767199372E-02  1.261489404E-01  9.992435767E-02  9.790406104E+04  2.414063578E+02  3.525482721E+02  3.095160289E+02  4.788704979E+01 -1.742492948E+00 
        56  3.723780727E-02  1.265196365E-01  1.028569506E-01  1.001905510E+05  2.525239339E+02  3.522844448E+02  3.090526643E+02  6.206320952E+01 -1.268285243E+00 
        57  3.672955052E-02  1.269046997E-01  1.057947981E-01  1.015406930E+05  2.479583673E+02  3.509680939E+02  3.067478738E+02  1.065581813E+02 -1.521588983E-01 
        58  3.615520807E-02  1.273091289E-01  1.087154776E-01  1.026963884E+05  2.382919240E+02  3.484018764E+02  3.022817831E+02  1.514394550E+02  2.456195783E-01 
        59  3.556812424E-02  1.277144368E-01  1.116309472E-01  1.045958164E+05  2.450025682E+02  3.450173426E+02  2.964375947E+02  1.827734184E+02  2.942704633E-01 
        60  3.495651588E-02  1.281329458E-01  1.145394580E-01  1.065077952E+05  2.527701163E+02  3.432004924E+02  2.933213930E+02  1.942432570E+02  2.799381148E-01 
        61  3.433795015E-02  1.285471243E-01  1.174457346E-01  1.077725225E+05  2.559922602E+02  3.429758959E+02  2.929352646E+02  1.929217341E+02  2.555028857E-01 
        62  3.376061330E-02  1.289460490E-01  1.203607660E-01  1.082443169E+05  2.604658840E+02  3.431997321E+02  2.933170476E+02  1.915911201E+02  2.239305440E-01 
        63  3.331803132E-02  1.293309423E-01  1.232882868E-01  1.081752138E+05  2.651867381E+02  3.435049162E+02  2.938389201E+02  1.950824997E+02  2.082709267E-01 
        64  3.310586596E-02  1.296649637E-01  1.262581306E-01  1.079940782E+05  2.694222727E+02  3.434457707E+02  2.937377725E+02  1.991702003E+02  1.984117159E-01 
        65  3.306639982E-02  1.299493947E-01  1.292495641E-01  1.078522917E+05  2.722493213E+02  3.431147012E+02  2.931720266E+02  2.004417920E+02  1.874968522E-01 
        66  3.322486525E-02  1.302097713E-01  1.322380794E-01  1.077187777E+05  2.737502099E+02  3.427928028E+02  2.926221029E+02  2.019241757E+02  1.855601705E-01 
        67  3.356462385E-02  1.304573038E-01  1.352130229E-01  1.075834220E+05  2.738044930E+02  3.427219117E+02  2.925010242E+02  2.030742807E+02  1.915371635E-01 
        68  3.400410102E-02  1.306751199E-01  1.381765647E-01  1.073874626E+05  2.746621597E+02  3.426157994E+02  2.923198621E+02  2.034460199E+02  1.898036397E-01 
        69  3.451963359E-02  1.308741206E-01  1.411278790E-01  1.071263021E+05  2.752656066E+02  3.426195369E+02  2.923262334E+02  2.039432111E+02  1.902450935E-01 
        70  3.508991352E-02  1.310576265E-01  1.440660380E-01  1.068184545E+05  2.763427691E+02  3.425596147E+02  2.922239611E+02  2.052798493E+02  1.908233226E-01 
        71  3.570211579E-02  1.312503676E-01  1.470000000E-01  1.063085215E+05  2.782341576E+02  3.423684464E+02  2.918952217E+02  2.078916264E+02  1.907222103E-01 
        72 -2.843361623E-02  1.708417341E-01 -4.258217492E-02  8.214751953E+04  1.835036492E+02  3.300266647E+02  2.712322483E+02  3.437801590E+02  1.007773068E+00 
        73 -2.838826984E-02  1.709653765E-01 -3.916427879E-02  8.216606561E+04  1.837526236E+02  3.300383759E+02  2.712513709E+02  3.445991044E+02  1.008468322E+00 
        74 -2.835908450E-02  1.711140563E-01 -3.574649433E-02  8.229380994E+04  1.834783822E+02  3.301641381E+02  2.714583549E+02  3.432294164E+02  1.007115070E+00 
        75 -2.838361088E-02  1.712589164E-01 -3.232950605E-02  8.267688574E+04  1.849875088E+02  3.301519156E+02  2.714385681E+02  3.442997141E+02  1.004294876E+00 
        76 -2.841360827E-02  1.714319125E-01 -2.891476756E-02  8.325659412E+04  1.826775756E+02  3.306762156E+02  2.723011370E+02  3.409269705E+02  1.005897611E+00 
        77 -2.833774301E-02  1.716334782E-01 -2.549995819E-02  8.373653793E+04  1.806340866E+02  3.310825038E+02  2.729705558E+02  3.380473560E+02  1.007848248E+00 
        78 -2.791452343E-02  1.719215161E-01 -2.212016887E-02  8.416424072E+04  1.814482479E+02  3.310788345E+02  2.729647055E+02  3.417176933E+02  1.011596873E+00 
        79 -2.700703325E-02  1.722886754E-01 -1.884820631E-02  8.415063208E+04  1.809514956E+02  3.310917463E+02  2.729861231E+02  3.401521988E+02  1.010525178E+00 
        80 -2.544395246E-02  1.727209334E-01 -1.584518523E-02  8.328956946E+04  1.816569021E+02  3.306166983E+02  2.722037253E+02  3.425134039E+02  1.012320493E+00 
        81 -2.351536464E-02  1.732363399E-01 -1.306823492E-02  8.137017326E+04  1.849870696E+02  3.295726938E+02  2.704877483E+02  3.484820567E+02  1.011927392E+00 
        82 -2.134527601E-02  1.737374909E-01 -1.047435973E-02  7.871202826E+04  1.902303818E+02  3.281389638E+02  2.681395454E+02  3.547691736E+02  1.005713856E+00 
        83 -1.897326710E-02  1.742189522E-01 -8.035177519E-03  7.591219901E+04  1.985132176E+02  3.262766492E+02  2.651044163E+02  3.633458855E+02  9.941951921E-01 
        84 -1.652827274E-02  1.746780172E-01 -5.688541800E-03  7.386887280E+04  2.042046082E+02  3.251261697E+02  2.632386644E+02  3.693838339E+02  9.870824898E-01 
        85 -1.397929867E-02  1.751251779E-01 -3.446989688E-03  7.295381152E+04  2.097906523E+02  3.243340559E+02  2.619586229E+02  3.723886409E+02  9.743853398E-01 
        86 -1.139011487E-02  1.755573757E-01 -1.256774906E-03  7.365274536E+04  2.098605924E+02  3.249890032E+02  2.630182223E+02  3.708638787E+02  9.711926412E-01 
        87 -8.734274343E-03  1.759085237E-01  8.667805443E-04  7.795043866E+04  2.048259536E+02  3.275391052E+02  2.671694455E+02  3.599920814E+02  9.672107026E-01 
        88 -6.073383534E-03  1.762548475E-01  2.984781313E-03  8.789179388E+04  1.917917603E+02  3.331515949E+02  2.764040473E+02  3.317410469E+02  9.627522277E-01 
        89 -3.359730182E-03  1.765819110E-01  5.053045394E-03  9.808184393E+04  1.758090793E+02  3.382292788E+02  2.848854138E+02  3.057621267E+02  9.831154891E-01 
        90 -6.741955509E-04  1.768270807E-01  7.130208361E-03  9.704241776E+04  1.648944386E+02  3.381011907E+02  2.846687476E+02  3.094293477E+02  1.025547927E+00 
        91  2.027043660E-03  1.770783858E-01  9.208570588E-03  7.926517831E+04  1.932293264E+02  3.280567867E+02  2.680093692E+02  3.548732105E+02  9.967502162E-01 
        92  4.731686997E-03  1.772422585E-01  1.127155269E-02  7.417782692E+04  2.101457282E+02  3.251958385E+02  2.633539274E+02  3.727253012E+02  9.742015562E-01 
        93  7.454465044E-03  1.773874983E-01  1.334309669E-02  7.399320618E+04  2.100074606E+02  3.249282244E+02  2.629205579E+02  3.741999851E+02  9.773182743E-01 
        94  1.015989937E-02  1.775222933E-01  1.545596277E-02  7.092959764E+04  2.188847768E+02  3.229472852E+02  2.597326549E+02  3.833023029E+02  9.661420864E-01 
        95  1.284858280E-02  1.775661421E-01  1.756817794E-02  6.735379462E+04  2.301453789E+02  3.205072261E+02  2.558205212E+02  3.936233044E+02  9.503622074E-01 
        96  1.551966693E-02  1.776138061E-01  1.970369132E-02  6.433491882E+04  2.370605178E+02  3.187505593E+02  2.530221260E+02  3.999902606E+02  9.414267400E-01 
        97  1.817410325E-02  1.776258069E-01  2.186017323E-02  6.175146594E+04  2.452928240E+02  3.170002046E+02  2.502507753E+02  4.086568866E+02  9.338546731E-01 
        98  2.080993586E-02  1.775631240E-01  2.403936301E-02  5.987778845E+04  2.537552643E+02  3.155872760E+02  2.480243940E+02  4.159038200E+02  9.219739772E-01 
        99  2.341570779E-02  1.774969016E-01  2.625394818E-02  5.920348767E+04  2.584997077E+02  3.152870741E+02  2.475545835E+02  4.155902052E+02  9.058581162E-01 
       100  2.600295182E-02  1.773818036E-01  2.848806157E-02  6.079003857E+04  2.596899691E+02  3.165980749E+02  2.496283293E+02  4.099585085E+02  8.890512884E-01 
       101  2.856627515E-02  1.771883875E-01  3.074502562E-02  6.633451001E+04  2.546438313E+02  3.203699036E+02  2.556667471E+02  3.943318548E+02  8.730476834E-01 
       102  3.110662233E-02  1.769811535E-01  3.302644514E-02  7.487351758E+04  2.450266018E+02  3.259849081E+02  2.647134380E+02  3.687441235E+02  8.530176170E-01 
       103  3.362247542E-02  1.767159818E-01  3.532849163E-02  8.165411938E+04  2.421503587E+02  3.300402975E+02  2.712785106E+02  3.518773289E+02  8.284350559E-01 
       104  3.610895472E-02  1.763647845E-01  3.765120331E-02  8.292451062E+04  2.471608627E+02  3.306525192E+02  2.722682700E+02  3.493259282E+02  8.065012479E-01 
       105  3.856497337E-02  1.759966372E-01  4.000321012E-02  8.030897095E+04  2.562710278E+02  3.290405893E+02  2.696206425E+02  3.578770692E+02  7.915825173E-01 
       106  4.103059304E-02  1.755360248E-01  4.234569910E-02  7.793217229E+04  2.633104315E+02  3.278452921E+02  2.676604265E+02  3.647286198E+02  7.803662776E-01 
       107  4.340106546E-02  1.750377176E-01  4.474435622E-02  7.827076405E+04  2.672172598E+02  3.282155454E+02  2.682660920E+02  3.619611520E+02  7.618148802E-01 
       108  4.575540032E-02  1.745445103E-01  4.717695363E-02  8.185684839E+04  2.675929608E+02  3.301511450E+02  2.714470317E+02  3.535819640E+02  7.449846705E-01 
       109  4.807037784E-02  1.739953488E-01  4.963532790E-02  8.832013257E+04  2.625755529E+02  3.337036676E+02  2.773259106E+02  3.358649321E+02  7.305959240E-01 
       110  5.034733117E-02  1.734133857E-01  5.212084081E-02  9.510728662E+04  2.578843555E+02  3.371773052E+02  2.831224174E+02  3.172417927E+02  7.153893486E-01 
       111  5.258765486E-02  1.728405975E-01  5.464144749E-02  9.958505762E+04  2.567049351E+02  3.394310188E+02  2.869133453E+02  3.060542011E+02  7.014498971E-01 
       112  5.479076840E-02  1.722430532E-01  5.718902978E-02  1.023863142E+05  2.574533930E+02  3.409146547E+02  2.894255962E+02  2.982820005E+02  6.870469600E-01 
       113  5.694737683E-02  1.716020731E-01  5.976586917E-02  1.053229405E+05  2.577905681E+02  3.423301365E+02  2.918340619E+02  2.899529061E+02  6.737803062E-01 
       114  5.911848447E-02  1.709340834E-01  6.233872565E-02  1.087228461E+05  2.565064339E+02  3.438081993E+02  2.943588857E+02  2.824661516E+02  6.677427519E-01 
       115  6.119351897E-02  1.703313828E-01  6.496775561E-02  1.116045796E+05  2.552576461E+02  3.450024071E+02  2.964070463E+02  2.763077707E+02  6.643966977E-01 
       116  6.319798910E-02  1.696485115E-01  6.765543605E-02  1.137877699E+05  2.552762771E+02  3.458328433E+02  2.978358383E+02  2.708171277E+02  6.573257148E-01 
       117  6.520189851E-02  1.689621155E-01  7.034628384E-02  1.157388921E+05  2.537637911E+02  3.466902275E+02  2.993142910E+02  2.638799486E+02  6.549096722E-01 
       118  6.717992039E-02  1.682884043E-01  7.305807409E-02  1.174282300E+05  2.506980410E+02  3.476026964E+02  3.008918934E+02  2.587104454E+02  6.611765753E-01 
       119  6.910755662E-02  1.675987334E-01  7.579818779E-02  1.186691899E+05  2.493972065E+02  3.480572417E+02  3.016785650E+02  2.565006416E+02  6.644412451E-01 
       120  7.101404689E-02  1.668389198E-01  7.852135391E-02  1.195696520E+05  2.466737871E+02  3.484380651E+02  3.023392272E+02  2.548279381E+02  6.735976534E-01 
       121  7.286652020E-02  1.661304029E-01  8.130170181E-02  1.196546864E+05  2.447508290E+02  3.485586339E+02  3.025488087E+02  2.552142724E+02  6.819420750E-01 
       122  7.473378469E-02  1.653966549E-01  8.408122010E-02  1.196983135E+05  2.442557278E+02  3.486547298E+02  3.027155075E+02  2.542708645E+02  6.834116764E-01 
       123  7.654776682E-02  1.646234676E-01  8.688218818E-02  1.197462075E+05  2.433437834E+02  3.488041611E+02  3.029754858E+02  2.531043978E+02  6.862653177E-01 
       124  7.830115451E-02  1.638494494E-01  8.971806956E-02  1.196282612E+05  2.415403519E+02  3.490843334E+02  3.034644299E+02  2.530471821E+02  6.938632764E-01 
       125  8.003223315E-02  1.630890187E-01  9.257063461E-02  1.193713848E+05  2.403101177E+02  3.494628859E+02  3.041261802E+02  2.526336713E+02  6.989912223E-01 
       126  8.174167210E-02  1.623344685E-01  9.543869445E-02  1.190398228E+05  2.404028828E+02  3.498097022E+02  3.047327700E+02  2.510489929E+02  6.979038925E-01 
       127  8.339566060E-02  1.615413001E-01  9.829620033E-02  1.187976557E+05  2.409156034E+02  3.499594592E+02  3.049948544E+02  2.472929415E+02  6.935238491E-01 
       128  8.500809507E-02  1.607572746E-01  1.012133408E-01  1.187600366E+05  2.387901357E+02  3.505311549E+02  3.059938354E+02  2.423126601E+02  7.000029986E-01 
       129  8.654116005E-02  1.600133249E-01  1.041766726E-01  1.186651883E+05  2.353557776E+02  3.516313043E+02  3.079190432E+02  2.357355800E+02  7.123193440E-01 
       130  8.807530659E-02  1.592883350E-01  1.071513815E-01  1.184609333E+05  2.335996943E+02  3.524243608E+02  3.093083739E+02  2.289529629E+02  7.176893819E-01 
       131  8.946870181E-02  1.585918917E-01  1.101955952E-01  1.183460080E+05  2.350775056E+02  3.526314181E+02  3.096681980E+02  2.197624291E+02  7.070211563E-01 
       132  9.078169785E-02  1.579398834E-01  1.132895212E-01  1.185088247E+05  2.334453918E+02  3.530390358E+02  3.103795868E+02  2.095880822E+02  7.113770586E-01 
       133  9.193376095E-02  1.573753789E-01  1.164622823E-01  1.185498563E+05  2.253941157E+02  3.534753685E+02  3.111454787E+02  2.095446935E+02  7.473529186E-01 
       134  9.287851211E-02  1.569754829E-01  1.197270904E-01  1.184945987E+05  2.226302248E+02  3.527779408E+02  3.099215379E+02  2.185841606E+02  7.616972050E-01 
       135  9.346963790E-02  1.567893278E-01  1.230899614E-01  1.184877917E+05  2.303244541E+02  3.509484454E+02  3.067202840E+02  2.351931953E+02  7.364907190E-01 
       136  9.376445592E-02  1.568076376E-01  1.265149706E-01  1.184509443E+05  2.393891072E+02  3.488651643E+02  3.030867424E+02  2.547639871E+02  7.105521439E-01 
       137  9.391306034E-02  1.569225935E-01  1.299303306E-01  1.182529858E+05  2.424300785E+02  3.478023214E+02  3.012382002E+02  2.612244091E+02  7.034128327E-01 
       138  9.402896493E-02  1.570765633E-01  1.333445553E-01  1.180880088E+05  2.416496820E+02  3.476749935E+02  3.010167885E+02  2.596679125E+02  7.057558801E-01 
       139  9.417960043E-02  1.572174564E-01  1.367593072E-01  1.180223330E+05  2.420419712E+02  3.476895809E+02  3.010420914E+02  2.602604394E+02  7.054869961E-01 
       140  9.437397158E-02  1.573466446E-01  1.401725853E-01  1.179636908E+05  2.427928739E+02  3.477777586E+02  3.011947637E+02  2.616283245E+02  7.045145612E-01 
       141  9.455826038E-02  1.574868932E-01  1.435861248E-01  1.179190545E+05  2.433543386E+02  3.479420894E+02  3.014790959E+02  2.620398334E+02  7.033784117E-01 
       142  9.468914447E-02  1.576724412E-01  1.470000022E-01  1.178285947E+05  2.438766556E+02  3.480041828E+02  3.015980740E+02  2.624099121E+02  7.025573105E-01 
       143 -2.515044289E-02  2.387134140E-01 -4.211006034E-02  8.297446237E+04  1.816287768E+02  3.305007175E+02  2.720120270E+02  4.420358431E+02  1.147466645E+00 
       144 -2.515073613E-02  2.387267259E-01 -3.821832766E-02  8.437772110E+04  1.782362572E+02  3.312887544E+02  2.733113105E+02  4.387987279E+02  1.152716843E+00 
       145 -2.514274647E-02  2.387409373E-01 -3.433018188E-02  8.576337454E+04  1.750148509E+02  3.320425327E+02  2.745564581E+02  4.334001610E+02  1.155997587E+00 
       146 -2.514933814E-02  2.387615668E-01 -3.043885368E-02  8.611936934E+04  1.742380382E+02  3.322185267E+02  2.748476632E+02  4.345876517E+02  1.159221648E+00 
       147 -2.514205174E-02  2.387863737E-01 -2.655197175E-02  8.493839470E+04  1.778274234E+02  3.314774498E+02  2.736237365E+02  4.382190624E+02  1.153819562E+00 
       148 -2.514801404E-02  2.388163633E-01 -2.268742808E-02  8.280727919E+04  1.813509977E+02  3.305059981E+02  2.720228312E+02  4.388594491E+02  1.146138496E+00 
       149 -2.514603624E-02  2.387984711E-01 -1.877579094E-02  8.052045801E+04  1.885409794E+02  3.291452255E+02  2.697856674E+02  4.459283676E+02  1.134965509E+00 
       150 -2.513833525E-02  2.388756875E-01 -1.487946342E-02  7.909142252E+04  1.917418163E+02  3.283489234E+02  2.684815946E+02  4.510381667E+02  1.132588550E+00 
       151 -2.514495058E-02  2.389300222E-01 -1.098752945E-02  7.907203809E+04  1.914773227E+02  3.283199114E+02  2.684342288E+02  4.495304463E+02  1.131642288E+00 
       152 -2.501801490E-02  2.389948317E-01 -7.101428526E-03  8.120947989E+04  1.868458768E+02  3.293569769E+02  2.701344904E+02  4.470259072E+02  1.140201778E+00 
       153 -2.403359079E-02  2.391541778E-01 -3.362202731E-03  8.566491076E+04  1.745802280E+02  3.319707698E+02  2.744388916E+02  4.359364415E+02  1.159331122E+00 
       154 -2.203079393E-02  2.393877231E-01 -4.501692070E-05  8.930220852E+04  1.655506841E+02  3.338860476E+02  2.776143573E+02  4.268035547E+02  1.173852435E+00 
       155 -1.942355624E-02  2.396357170E-01  2.825132604E-03  8.671177643E+04  1.717241278E+02  3.325878024E+02  2.754624966E+02  4.337671944E+02  1.164278934E+00 
       156 -1.648721574E-02  2.398964014E-01  5.342831758E-03  8.194414459E+04  1.864142138E+02  3.296589725E+02  2.706295741E+02  4.434053998E+02  1.137048554E+00 
       157 -1.330897545E-02  2.400801911E-01  7.594698846E-03  8.024900415E+04  1.886849039E+02  3.287593184E+02  2.691539721E+02  4.474263921E+02  1.135743622E+00 
       158 -1.004552185E-02  2.402353079E-01  9.709455816E-03  8.071573621E+04  1.858943219E+02  3.291251445E+02  2.697545929E+02  4.466967840E+02  1.142201934E+00 
       159 -6.714656287E-03  2.403804415E-01  1.171394437E-02  8.075918918E+04  1.834578806E+02  3.292572466E+02  2.699700831E+02  4.464647243E+02  1.148243420E+00 
       160 -3.322138608E-03  2.404066774E-01  1.362735999E-02  7.987916357E+04  1.862709155E+02  3.285921533E+02  2.688802227E+02  4.460441127E+02  1.141443988E+00 
       161  9.783589121E-05  2.404201762E-01  1.547870720E-02  7.991016748E+04  1.856496367E+02  3.287271004E+02  2.691034932E+02  4.503871589E+02  1.148505602E+00 
       162  3.534439975E-03  2.403949673E-01  1.730379042E-02  8.158449683E+04  1.816624365E+02  3.298609247E+02  2.709815874E+02  4.408675461E+02  1.153272767E+00 
       163  6.969024296E-03  2.402279751E-01  1.908412837E-02  9.186665930E+04  1.538749866E+02  3.356078200E+02  2.805129082E+02  4.205533412E+02  1.202473545E+00 
       164  1.043411823E-02  2.400800089E-01  2.085152946E-02  7.829676591E+04  1.910036075E+02  3.283209105E+02  2.684435478E+02  4.484262381E+02  1.134765647E+00 
       165  1.388371434E-02  2.398652026E-01  2.263181169E-02  7.899008759E+04  1.885003743E+02  3.284683583E+02  2.686799970E+02  4.502503619E+02  1.142435537E+00 
       166  1.734145131E-02  2.394992745E-01  2.440657916E-02  7.917059607E+04  1.846346352E+02  3.290590115E+02  2.696451516E+02  4.433758521E+02  1.145781809E+00 
       167  2.080043859E-02  2.391294908E-01  2.615375350E-02  7.907290471E+04  1.884939467E+02  3.287738404E+02  2.691795933E+02  4.465963706E+02  1.139418779E+00 
       168  2.424052770E-02  2.387186889E-01  2.792040504E-02  7.899097498E+04  1.907921875E+02  3.287554922E+02  2.691483071E+02  4.472797089E+02  1.134191414E+00 
       169  2.766624902E-02  2.381908713E-01  2.968394578E-02  7.866056177E+04  1.919635653E+02  3.288134036E+02  2.692425733E+02  4.424369812E+02  1.126807164E+00 
       170  3.108229850E-02  2.375970478E-01  3.144655572E-02  7.844866852E+04  1.946881111E+02  3.286622422E+02  2.689952679E+02  4.435235336E+02  1.121655032E+00 
       171  3.449726266E-02  2.369314331E-01  3.319569832E-02  7.848997363E+04  1.974941536E+02  3.285855836E+02  2.688714774E+02  4.452403247E+02  1.117513284E+00 
       172  3.787267708E-02  2.362004853E-01  3.498142333E-02  7.883536926E+04  1.992132390E+02  3.287746654E+02  2.691826429E+02  4.431648426E+02  1.112880966E+00 
       173  4.123744789E-02  2.354271843E-01  3.677379579E-02  7.924832214E+04  2.005469744E+02  3.290036297E+02  2.695571895E+02  4.412689495E+02  1.109389951E+00 
       174  4.456263149E-02  2.345133553E-01  3.856958315E-02  7.878585345E+04  2.030834140E+02  3.288068859E+02  2.692337569E+02  4.419614855E+02  1.104768912E+00 
       175  4.789152860E-02  2.335402793E-01  4.034492433E-02  7.716429495E+04  2.068831681E+02  3.280522892E+02  2.680007172E+02  4.449569411E+02  1.100335611E+00 
       176  5.119514426E-02  2.325727211E-01  4.215365701E-02  7.509282129E+04  2.116528175E+02  3.269449692E+02  2.661971686E+02  4.462651263E+02  1.091178314E+00 
       177  5.444737908E-02  2.314873556E-01  4.396264389E-02  7.305246307E+04  2.174569309E+02  3.255777892E+02  2.639736362E+02  4.486263710E+02  1.081340279E+00 
       178  5.771043354E-02  2.303389779E-01  4.576361213E-02  7.099845044E+04  2.255731502E+02  3.239342248E+02  2.613213997E+02  4.546145709E+02  1.068922223E+00 
       179  6.093363739E-02  2.292015055E-01  4.761570799E-02  6.862704199E+04  2.341361017E+02  3.224870081E+02  2.589892936E+02  4.591204681E+02  1.053249778E+00 
       180  6.411569228E-02  2.279427553E-01  4.946832252E-02  6.694560132E+04  2.470320740E+02  3.211613035E+02  2.568667574E+02  4.681761322E+02  1.031430017E+00 
       181  6.728438578E-02  2.267057043E-01  5.135068917E-02  6.939172437E+04  2.592893000E+02  3.229553595E+02  2.597584186E+02  4.635245724E+02  9.915218744E-01 
       182  7.045491472E-02  2.254566135E-01  5.324396322E-02  8.094933582E+04  2.636907024E+02  3.301893272E+02  2.715677419E+02  4.366875257E+02  9.471797105E-01 
       183  7.352398986E-02  2.240979077E-01  5.520813549E-02  9.664132568E+04  2.514352179E+02  3.378885546E+02  2.843509736E+02  4.062411003E+02  9.467294291E-01 
       184  7.654294831E-02  2.227589545E-01  5.724026033E-02  1.040561863E+05  2.363294311E+02  3.420232962E+02  2.913164847E+02  3.847779371E+02  9.670270554E-01 
       185  7.954929441E-02  2.214414527E-01  5.933596166E-02  1.083456250E+05  2.434784369E+02  3.439724035E+02  2.946553140E+02  3.790458355E+02  9.412775356E-01 
       186  8.244157493E-02  2.200232159E-01  6.149679439E-02  1.245163945E+05  2.406962929E+02  3.509120407E+02  3.066563034E+02  3.444554443E+02  9.287425727E-01 
       187  8.531452000E-02  2.186177542E-01  6.372436707E-02  1.190091440E+05  2.376364682E+02  3.494298604E+02  3.040661553E+02  3.502385886E+02  9.374233857E-01 
       188  8.816039266E-02  2.172472440E-01  6.601424901E-02  1.213641050E+05  2.379681683E+02  3.492651320E+02  3.037769971E+02  3.525101256E+02  9.356883280E-01 
       189  9.092008057E-02  2.157826082E-01  6.831794754E-02  1.216982321E+05  2.266898310E+02  3.499752006E+02  3.050139672E+02  3.477031906E+02  9.643843012E-01 
       190  9.367581728E-02  2.143255962E-01  7.064980943E-02  1.220408344E+05  2.222395565E+02  3.500533039E+02  3.051491824E+02  3.466895578E+02  9.764380630E-01 
       191  9.641114101E-02  2.128789625E-01  7.302159977E-02  1.224070959E+05  2.198973480E+02  3.501823590E+02  3.053745300E+02  3.469778106E+02  9.823080753E-01 
       192  9.907895187E-02  2.114028516E-01  7.542603674E-02  1.224457822E+05  2.229083939E+02  3.499311032E+02  3.049366665E+02  3.451793408E+02  9.723272240E-01 
       193  1.016896232E-01  2.099003163E-01  7.789626121E-02  1.227195924E+05  2.201840038E+02  3.505223560E+02  3.059676414E+02  3.441345458E+02  9.791530641E-01 
       194  1.042573666E-01  2.084682280E-01  8.044071344E-02  1.228195521E+05  2.220362490E+02  3.506136718E+02  3.061287906E+02  3.438433876E+02  9.732341324E-01 
       195  1.067132028E-01  2.069758083E-01  8.306726980E-02  1.229125316E+05  2.213097991E+02  3.515061792E+02  3.076906292E+02  3.417416358E+02  9.749011051E-01 
       196  1.091091693E-01  2.055182938E-01  8.576040538E-02  1.228168389E+05  2.225982087E+02  3.526458771E+02  3.096952890E+02  3.388244691E+02  9.696545331E-01 
       197  1.114533399E-01  2.040960959E-01  8.851719904E-02  1.227469527E+05  2.244590720E+02  3.538500959E+02  3.118186338E+02  3.323501717E+02  9.622577375E-01 
       198  1.136946430E-01  2.026973542E-01  9.137514269E-02  1.225938297E+05  2.250923847E+02  3.555109065E+02  3.147539199E+02  3.223258278E+02  9.594046453E-01 
       199  1.158224243E-01  2.012857480E-01  9.431046231E-02  1.224226937E+05  2.253553300E+02  3.571898340E+02  3.177287890E+02  3.081951091E+02  9.606244653E-01 
       200  1.177983438E-01  1.999614296E-01  9.738734661E-02  1.222812300E+05  2.291338673E+02  3.579635783E+02  3.191001741E+02  2.931296324E+02  9.523148551E-01 
       201  1.195376812E-01  1.988013159E-01  1.006637087E-01  1.223573778E+05  2.326893488E+02  3.580153776E+02  3.191904110E+02  2.839588806E+02  9.425421885E-01 
       202  1.207748534E-01  1.979244993E-01  1.042263433E-01  1.221769418E+05  2.337080135E+02  3.568379114E+02  3.171007001E+02  2.942217975E+02  9.375089630E-01 
       203  1.209766187E-01  1.976967879E-01  1.080979692E-01  1.222812072E+05  2.331024770E+02  3.541143326E+02  3.122833878E+02  3.260987090E+02  9.361564032E-01 
       204  1.209415894E-01  1.976147862E-01  1.119887176E-01  1.224868596E+05  2.294006542E+02  3.519341891E+02  3.084446992E+02  3.352798208E+02  9.452368240E-01 
       205  1.209136670E-01  1.975679793E-01  1.158784497E-01  1.225706239E+05  2.259474927E+02  3.510147659E+02  3.068299305E+02  3.405020148E+02  9.556158013E-01 
       206  1.209140530E-01  1.975343277E-01  1.197687765E-01  1.225942903E+05  2.221689505E+02  3.510479604E+02  3.068876928E+02  3.404137364E+02  9.666443271E-01 
       207  1.209033119E-01  1.974945510E-01  1.236620610E-01  1.226131703E+05  2.200968072E+02  3.514295148E+02  3.075569957E+02  3.350571506E+02  9.716259553E-01 
       208  1.208998844E-01  1.975608583E-01  1.275528569E-01  1.225232535E+05  2.207025082E+02  3.519168878E+02  3.084164670E+02  3.373330786E+02  9.712518503E-01 
       209  1.209086196E-01  1.975927695E-01  1.314428594E-01  1.224808708E+05  2.203612364E+02  3.525592078E+02  3.095459604E+02  3.367424873E+02  9.723035308E-01 
       210  1.209261261E-01  1.976437754E-01  1.353324952E-01  1.225162701E+05  2.218860211E+02  3.530623599E+02  3.104313977E+02  3.311006255E+02  9.673402878E-01 
       211  1.209477387E-01  1.976921952E-01  1.392217013E-01  1.225323972E+05  2.211135295E+02  3.537916285E+02  3.117152648E+02  3.221608452E+02  9.703376272E-01 
       212  1.209659901E-01  1.977439656E-01  1.431109690E-01  1.228301727E+05  2.194885380E+02  3.548206979E+02  3.135155380E+02  3.084805793E+02  9.761252739E-01 
       213  1.210017723E-01  1.977818072E-01  1.470000027E-01  1.231342021E+05  2.209493923E+02  3.552943764E+02  3.141795216E+02  3.019740782E+02  9.729408287E-01 
       214 -1.337431699E-02  1.053111530E-01 -4.600000000E-02  8.754605176E+04  1.544678249E+02  3.330566978E+02  2.762284546E+02  2.355335159E+02  8.555453643E-01 
       215 -1.336879354E-02  1.054912688E-01 -4.299898917E-02  8.746152295E+04  1.538931909E+02  3.330559320E+02  2.762340956E+02  2.358368478E+02  8.599260021E-01 
       216 -1.321272523E-02  1.057016208E-01 -4.000664894E-02  8.747034277E+04  1.542236776E+02  3.330035553E+02  2.761472301E+02  2.363408098E+02  8.601191863E-01 
       217 -1.269691607E-02  1.059729593E-01 -3.706120983E-02  8.736137793E+04  1.548856883E+02  3.329377123E+02  2.760379959E+02  2.367764366E+02  8.582552962E-01 
       218 -1.181263769E-02  1.063072321E-01 -3.420969757E-02  8.717325933E+04  1.560943582E+02  3.328412765E+02  2.758781291E+02  2.382080286E+02  8.570213956E-01 
       219 -1.066241908E-02  1.066659143E-01 -3.145726216E-02  8.708821007E+04  1.566789059E+02  3.328027008E+02  2.758142162E+02  2.390559891E+02  8.571881298E-01 
       220 -9.280794463E-03  1.070573859E-01 -2.881758489E-02  8.691958899E+04  1.573384624E+02  3.327387930E+02  2.757082651E+02  2.395208830E+02  8.557311313E-01 
       221 -7.735023178E-03  1.074435380E-01 -2.626912607E-02  8.681964450E+04  1.578906171E+02  3.327116491E+02  2.756632814E+02  2.400714488E+02  8.550743582E-01 
       222 -6.047350445E-03  1.078135440E-01 -2.381048416E-02  8.668644087E+04  1.589250234E+02  3.325893697E+02  2.754606628E+02  2.406655935E+02  8.521336474E-01 
       223 -4.299611852E-03  1.081916589E-01 -2.139379423E-02  8.662744308E+04  1.591439759E+02  3.326861626E+02  2.756211248E+02  2.410514849E+02  8.528335252E-01 
       224 -2.461870607E-03  1.085505379E-01 -1.904289133E-02  8.669116154E+04  1.599328425E+02  3.325679726E+02  2.754252638E+02  2.417828907E+02  8.517742184E-01 
       225 -5.886173328E-04  1.088780789E-01 -1.671486844E-02  8.676962751E+04  1.597051449E+02  3.327061279E+02  2.756541742E+02  2.415152931E+02  8.524965852E-01 
       226  1.337912187E-03  1.092215599E-01 -1.443302686E-02  8.687510380E+04  1.591594206E+02  3.326336656E+02  2.755340763E+02  2.420709317E+02  8.577294389E-01 
       227  3.290030235E-03  1.094941851E-01 -1.216353628E-02  8.671346081E+04  1.594806067E+02  3.324751316E+02  2.752715706E+02  2.435072846E+02  8.617192362E-01 
       228  5.262023684E-03  1.097864070E-01 -9.913643549E-03  8.605823987E+04  1.600694968E+02  3.320886887E+02  2.746323352E+02  2.468312394E+02  8.707892269E-01 
       229  7.256339014E-03  1.100495762E-01 -7.679258903E-03  8.416662053E+04  1.648147835E+02  3.310451093E+02  2.729093348E+02  2.541868272E+02  8.721757691E-01 
       230  9.250945095E-03  1.102792579E-01 -5.441700620E-03  8.195409449E+04  1.720493015E+02  3.299722234E+02  2.711431741E+02  2.615901705E+02  8.612797198E-01 
       231  1.125130268E-02  1.105297001E-01 -3.209862298E-03  8.052813672E+04  1.798450732E+02  3.293449440E+02  2.701130304E+02  2.658863602E+02  8.357952219E-01 
       232  1.324504242E-02  1.107259366E-01 -9.692227629E-04  8.136413916E+04  1.835240250E+02  3.297482014E+02  2.707750673E+02  2.638869286E+02  8.097729310E-01 
       233  1.522818012E-02  1.109344875E-01  1.280794701E-03  8.328412988E+04  1.843432312E+02  3.307867489E+02  2.724840059E+02  2.585903225E+02  7.869482487E-01 
       234  1.717717000E-02  1.111306516E-01  3.565314237E-03  8.535866797E+04  1.832276306E+02  3.320487976E+02  2.745670033E+02  2.499324112E+02  7.635399774E-01 
       235  2.098827574E-02  1.115152878E-01  8.199040730E-03  8.916036816E+04  1.872235031E+02  3.340791740E+02  2.779352970E+02  2.372893486E+02  7.026978247E-01 
       236  2.283804163E-02  1.116790561E-01  1.055952489E-02  9.050142670E+04  1.906470764E+02  3.352683103E+02  2.799164710E+02  2.299170200E+02  6.616479415E-01 
       237  2.632960383E-02  1.121198866E-01  1.543269692E-02  9.122461035E+04  2.048911533E+02  3.354551449E+02  2.802285194E+02  2.309577351E+02  5.891407244E-01 
       238  2.959379811E-02  1.126564718E-01  2.044933110E-02  9.028067419E+04  2.205244665E+02  3.349707756E+02  2.794196434E+02  2.364118228E+02  5.254779095E-01 
       239  3.114059063E-02  1.129278581E-01  2.301118304E-02  8.975468620E+04  2.280672501E+02  3.348549307E+02  2.792264598E+02  2.388310247E+02  4.943550313E-01 
       240  3.264987762E-02  1.132456905E-01  2.559358749E-02  8.920970132E+04  2.351599483E+02  3.344873514E+02  2.786139802E+02  2.416749914E+02  4.678180444E-01 
       241  3.807676132E-02  1.146676712E-01  3.621643154E-02  8.779545681E+04  2.606077856E+02  3.336988779E+02  2.773016834E+02  2.509045407E+02  3.719096522E-01 
       242  3.928374460E-02  1.150413043E-01  3.894926042E-02  8.793481104E+04  2.655376897E+02  3.341691363E+02  2.780849431E+02  2.516162553E+02  3.497676137E-01 
       243  4.044503934E-02  1.154301055E-01  4.169676193E-02  8.834539738E+04  2.697577759E+02  3.344597642E+02  2.785689666E+02  2.509899824E+02  3.267900858E-01 
       244  4.154949506E-02  1.158110833E-01  4.446441861E-02  8.901843311E+04  2.730482883E+02  3.348360958E+02  2.791974297E+02  2.495195265E+02  3.057208434E-01 
       245  4.259018966E-02  1.161595968E-01  4.726780086E-02  8.994297064E+04  2.757316324E+02  3.353117083E+02  2.799920259E+02  2.475023996E+02  2.855727588E-01 
       246  4.357921759E-02  1.165132208E-01  5.008364009E-02  9.111401733E+04  2.778961134E+02  3.358739119E+02  2.809307261E+02  2.445871515E+02  2.646353664E-01 
       247  4.448002582E-02  1.168267471E-01  5.293502673E-02  9.250412354E+04  2.796238860E+02  3.365356927E+02  2.820381150E+02  2.402486877E+02  2.403761494E-01 
       248  4.534234860E-02  1.171711221E-01  5.579536500E-02  9.394139209E+04  2.798709564E+02  3.373035469E+02  2.833273888E+02  2.360037804E+02  2.253616527E-01 
       249  4.612355051E-02  1.174912616E-01  5.867935283E-02  9.523587500E+04  2.813862152E+02  3.378871040E+02  2.843087654E+02  2.324395523E+02  2.052068040E-01 
       250  4.681688670E-02  1.178330389E-01  6.158342338E-02  9.637835938E+04  2.824239464E+02  3.384609871E+02  2.852747612E+02  2.294478455E+02  1.903245784E-01 
       251  4.742483443E-02  1.181684938E-01  6.451168194E-02  9.734219336E+04  2.831416359E+02  3.389977455E+02  2.861791534E+02  2.268507195E+02  1.788367331E-01 
       252  4.796175059E-02  1.184973583E-01  6.744925218E-02  9.811356787E+04  2.844665899E+02  3.393891602E+02  2.868401184E+02  2.246828651E+02  1.651949054E-01 
       253  4.839690646E-02  1.188449776E-01  7.040346354E-02  9.868950040E+04  2.860021576E+02  3.396437308E+02  2.872704134E+02  2.232969818E+02  1.533635561E-01 
       254  4.867844520E-02  1.192029192E-01  7.337369276E-02  9.907473587E+04  2.884073433E+02  3.397128373E+02  2.873876717E+02  2.232476927E+02  1.413376158E-01 
       255  4.889804354E-02  1.195863964E-01  7.634446821E-02  9.944597642E+04  2.899116779E+02  3.398413955E+02  2.876052805E+02  2.224877656E+02  1.318422328E-01 
       256  4.901527392E-02  1.199575346E-01  7.936475415E-02  9.952882358E+04  2.922830941E+02  3.399085087E+02  2.877191703E+02  2.231529523E+02  1.226999011E-01 
       257  4.897414798E-02  1.207471392E-01  8.530893469E-02  9.956294727E+04  2.970937080E+02  3.399592667E+02  2.878044853E+02  2.242601280E+02  1.024528593E-01 
       258  4.879835866E-02  1.211503063E-01  8.827262235E-02  9.958788281E+04  2.987006531E+02  3.399104691E+02  2.877215500E+02  2.252194347E+02  9.864262678E-02 
       259  4.854576088E-02  1.215647590E-01  9.126615169E-02  9.967985956E+04  3.002595090E+02  3.397595162E+02  2.874661328E+02  2.256526812E+02  9.296829565E-02 
       260  4.818457029E-02  1.219712360E-01  9.420996830E-02  1.000058370E+05  3.006683075E+02  3.399106545E+02  2.877222898E+02  2.246834939E+02  8.809820798E-02 
       261  4.782320061E-02  1.224212570E-01  9.713670139E-02  1.004869429E+05  3.007570953E+02  3.401235580E+02  2.880831699E+02  2.237321987E+02  8.550098585E-02 
       262  4.734997920E-02  1.228526278E-01  1.001180955E-01  1.013579453E+05  3.007311134E+02  3.405898476E+02  2.888728981E+02  2.212920265E+02  7.690904196E-02 
       263  4.683890011E-02  1.232935874E-01  1.030087938E-01  1.027663587E+05  2.978454159E+02  3.415429237E+02  2.904926771E+02  2.170409010E+02  7.879474654E-02 
       264  4.566507936E-02  1.242316696E-01  1.088390156E-01  1.050287313E+05  2.924423061E+02  3.419707819E+02  2.912209093E+02  2.096178164E+02  8.531749505E-02 
       265  4.352639189E-02  1.257122811E-01  1.174848542E-01  1.078569232E+05  2.635818004E+02  3.456571244E+02  2.975405052E+02  1.766690455E+02  1.567548062E-01 
       266  4.289440586E-02  1.261798267E-01  1.203730247E-01  1.081207971E+05  2.395022705E+02  3.482855339E+02  3.020834024E+02  1.474788758E+02  2.333775321E-01 
       267  4.242365191E-02  1.265975250E-01  1.232861776E-01  1.085129894E+05  2.329369378E+02  3.495891440E+02  3.043410735E+02  1.373604574E+02  2.464693178E-01 
       268  4.208270049E-02  1.270006734E-01  1.262530889E-01  1.084052031E+05  2.512527428E+02  3.485071259E+02  3.024603577E+02  1.446864071E+02  1.258149184E-01 
       269  4.202415066E-02  1.273246053E-01  1.292418903E-01  1.076549752E+05  2.610501045E+02  3.475901355E+02  3.008716304E+02  1.466716098E+02  6.242937072E-02 
       270  4.218523596E-02  1.275849052E-01  1.322314117E-01  1.067248605E+05  2.572869933E+02  3.474040823E+02  3.005484249E+02  1.419711051E+02  7.782429106E-02 
       271  4.252691668E-02  1.278080741E-01  1.352038484E-01  1.064215632E+05  2.486127028E+02  3.479071756E+02  3.014231765E+02  1.450405401E+02  1.597166927E-01 
       272  4.296344289E-02  1.279984053E-01  1.381664338E-01  1.065969543E+05  2.471503494E+02  3.477802319E+02  3.012079196E+02  1.543915250E+02  2.060373529E-01 
       273  4.347514252E-02  1.281630447E-01  1.411197974E-01  1.066190194E+05  2.509700773E+02  3.476531585E+02  3.009873700E+02  1.616656645E+02  2.053456561E-01 
       274  4.403358971E-02  1.283124551E-01  1.440677535E-01  1.064607589E+05  2.551904179E+02  3.477960449E+02  3.012295137E+02  1.662923567E+02  1.934601107E-01 
       275  4.466583781E-02  1.284644007E-01  1.470000034E-01  1.062992779E+05  2.585821123E+02  3.475184935E+02  2.941537789E+02  1.694106539E+02  1.828303006E-01 
       276 -1.390154712E-02  1.725232616E-01 -4.600000033E-02  8.221130339E+04  1.810660362E+02  3.303475974E+02  2.714325340E+02  3.412624831E+02  1.011431623E+00 
       277 -1.389524734E-02  1.726308379E-01 -4.258575940E-02  8.264076266E+04  1.816319336E+02  3.302967966E+02  2.716762508E+02  3.423807383E+02  1.011522840E+00 
       278 -1.388827040E-02  1.727470810E-01 -3.919459871E-02  8.288001154E+04  1.817838711E+02  3.303086396E+02  2.716958750E+02  3.434431021E+02  1.012994754E+00 
       279 -1.387976982E-02  1.728866868E-01 -3.575874102E-02  8.267296702E+04  1.820445399E+02  3.302966433E+02  2.716761923E+02  3.436359485E+02  1.012552541E+00 
       280 -1.386962822E-02  1.730354599E-01 -3.234598001E-02  8.294046820E+04  1.826762202E+02  3.301930591E+02  2.715057800E+02  3.438299263E+02  1.011230794E+00 
       281 -1.385715910E-02  1.732129765E-01 -2.893478341E-02  8.230674422E+04  1.831249278E+02  3.300133040E+02  2.712101075E+02  3.454501200E+02  1.013951119E+00 
       282 -1.381464856E-02  1.733989484E-01 -2.553958976E-02  8.204704387E+04  1.832775256E+02  3.297809915E+02  2.708287089E+02  3.454636024E+02  1.014802031E+00 
       283 -1.334927366E-02  1.736519924E-01 -2.216152427E-02  8.117846862E+04  1.863336199E+02  3.291896340E+02  2.698586678E+02  3.477816412E+02  1.008861995E+00 
       284 -1.220387625E-02  1.739549638E-01 -1.896956374E-02  7.983795557E+04  1.895982056E+02  3.284826717E+02  2.687008171E+02  3.536635647E+02  1.007234253E+00 
       285 -1.057589609E-02  1.742731966E-01 -1.599005111E-02  7.849529519E+04  1.926740471E+02  3.278057809E+02  2.675946883E+02  3.570607727E+02  1.001675763E+00 
       286 -8.586070527E-03  1.745821273E-01 -1.323108332E-02  7.675532382E+04  1.974266058E+02  3.270427969E+02  2.663512744E+02  3.601084903E+02  9.910516020E-01 
       287 -6.371188279E-03  1.748941133E-01 -1.065117603E-02  7.597680115E+04  2.005012840E+02  3.267950738E+02  2.659479434E+02  3.615432659E+02  9.838374310E-01 
       288 -3.959984913E-03  1.752012559E-01 -8.251810021E-03  7.758898399E+04  1.989661817E+02  3.278248957E+02  2.676284905E+02  3.558394767E+02  9.784723197E-01 
       289 -1.474621790E-03  1.754287438E-01 -5.921768022E-03  8.239934341E+04  1.922575731E+02  3.302532094E+02  2.716154440E+02  3.437580179E+02  9.801950266E-01 
       290  1.096342236E-03  1.756586641E-01 -3.684409899E-03  8.885332839E+04  1.809100633E+02  3.332593127E+02  2.765785944E+02  3.272539310E+02  9.922462786E-01 
       291  3.722457199E-03  1.758529720E-01 -1.512169024E-03  9.141601709E+04  1.742044907E+02  3.344693966E+02  2.785845051E+02  3.262386971E+02  1.012429304E+00 
       292  6.390497491E-03  1.759799744E-01  6.206893580E-04  8.806912158E+04  1.784252024E+02  3.328453922E+02  2.758935013E+02  3.346744080E+02  1.011841469E+00 
       293  1.179759467E-02  1.761809281E-01  4.808741428E-03  7.641002344E+04  1.997255478E+02  3.267564392E+02  2.658890610E+02  3.648625259E+02  9.925994575E-01 
       294  1.450804596E-02  1.762121176E-01  6.883706551E-03  7.274603711E+04  2.075073662E+02  3.244183521E+02  2.620958557E+02  3.763105984E+02  9.890362993E-01 
       295  1.722225861E-02  1.762495216E-01  8.953048646E-03  7.083120020E+04  2.133217049E+02  3.230814400E+02  2.599382095E+02  3.820040131E+02  9.812108278E-01 
       296  1.993233776E-02  1.761597577E-01  1.102855473E-02  6.929384082E+04  2.177662258E+02  3.220946922E+02  2.583528519E+02  3.851988831E+02  9.729944095E-01 
       297  2.263244469E-02  1.760920636E-01  1.311525345E-02  6.750086377E+04  2.220471687E+02  3.210344601E+02  2.566548500E+02  3.894921036E+02  9.678134099E-01 
       298  2.532249661E-02  1.759768902E-01  1.521525865E-02  6.582316260E+04  2.286181879E+02  3.198369923E+02  2.547445402E+02  3.946414833E+02  9.570428468E-01 
       299  2.800116021E-02  1.758008440E-01  1.732596334E-02  6.545200073E+04  2.351903296E+02  3.192790165E+02  2.538562737E+02  3.969227037E+02  9.399399795E-01 
       300  3.066011949E-02  1.756198651E-01  1.946182943E-02  6.785167383E+04  2.360129704E+02  3.207106290E+02  2.561467304E+02  3.926973395E+02  9.280600008E-01 
       301  3.850917716E-02  1.748410184E-01  2.602581626E-02  8.692408081E+04  2.357463522E+02  3.335646954E+02  2.770832071E+02  3.373521376E+02  8.234119341E-01 
       302  4.358739934E-02  1.740919978E-01  3.053362568E-02  8.625239404E+04  2.389094963E+02  3.329396143E+02  2.760425377E+02  3.418304291E+02  8.209237680E-01 
       303  4.609287257E-02  1.736863543E-01  3.281922705E-02  8.531367773E+04  2.398294420E+02  3.328096838E+02  2.758265362E+02  3.435012493E+02  8.209922947E-01 
       304  4.855845708E-02  1.731970535E-01  3.512834265E-02  8.490543823E+04  2.424834833E+02  3.325939007E+02  2.754688873E+02  3.433540678E+02  8.115348574E-01 
       305  5.100043215E-02  1.726458906E-01  3.745772352E-02  8.559311218E+04  2.461689029E+02  3.329863329E+02  2.761194577E+02  3.421789203E+02  7.971865013E-01 
       306  5.340036417E-02  1.720848619E-01  3.982071753E-02  8.861637976E+04  2.487685573E+02  3.344939055E+02  2.786302273E+02  3.358977914E+02  7.780369185E-01 
       307  5.576533568E-02  1.714326002E-01  4.220398857E-02  9.414548419E+04  2.466961280E+02  3.374386164E+02  2.835627674E+02  3.218722503E+02  7.627141066E-01 
       308  5.808130114E-02  1.707532671E-01  4.462162642E-02  9.980711737E+04  2.427243699E+02  3.406277099E+02  2.889445374E+02  3.062731192E+02  7.531686085E-01 
       309  6.913202621E-02  1.670049815E-01  5.708998555E-02  1.130613789E+05  2.431381345E+02  3.470664897E+02  2.999657302E+02  2.737763252E+02  7.079749666E-01 
       310  7.325557335E-02  1.653928843E-01  6.228962682E-02  1.155959905E+05  2.418713588E+02  3.482790694E+02  3.020646136E+02  2.661147927E+02  7.042795746E-01 
       311  7.526114685E-02  1.645964451E-01  6.493668120E-02  1.165554805E+05  2.407333450E+02  3.487320309E+02  3.028508358E+02  2.645453110E+02  7.084221318E-01 
       312  8.099008587E-02  1.620989224E-01  7.305121222E-02  1.185883740E+05  2.382881012E+02  3.493631172E+02  3.039469337E+02  2.571694908E+02  7.100842744E-01 
       313  8.281625202E-02  1.612441772E-01  7.580722199E-02  1.188469033E+05  2.374298248E+02  3.493997307E+02  3.040105820E+02  2.574118347E+02  7.142756954E-01 
       314  8.462318717E-02  1.604029889E-01  7.856519154E-02  1.190746978E+05  2.373676348E+02  3.493823299E+02  3.039801826E+02  2.574020500E+02  7.158405166E-01 
       315  8.638808364E-02  1.595156660E-01  8.135371941E-02  1.191854253E+05  2.378988824E+02  3.492569017E+02  3.037619452E+02  2.564135861E+02  7.135598026E-01 
       316  8.818531781E-02  1.586346563E-01  8.418846896E-02  1.191630170E+05  2.387658387E+02  3.489743856E+02  3.032706590E+02  2.556529124E+02  7.078253563E-01 
       317  9.153487112E-02  1.568453452E-01  8.985396979E-02  1.189810479E+05  2.383460748E+02  3.489088454E+02  3.031572909E+02  2.566569185E+02  7.111865086E-01 
       318  9.319079870E-02  1.559467714E-01  9.269883327E-02  1.189538828E+05  2.383086014E+02  3.489429550E+02  3.032167740E+02  2.562996788E+02  7.110983208E-01 
       319  9.639067810E-02  1.541493463E-01  9.845101971E-02  1.189721348E+05  2.389296818E+02  3.487062035E+02  3.028048973E+02  2.547826042E+02  7.082449459E-01 
       320  9.789700787E-02  1.532238030E-01  1.013752208E-01  1.190081392E+05  2.400219002E+02  3.485230803E+02  3.024868193E+02  2.545880361E+02  7.027558098E-01 
       321  9.939560036E-02  1.523575645E-01  1.043121280E-01  1.190040098E+05  2.405046959E+02  3.483705215E+02  3.022219124E+02  2.549685020E+02  7.018594146E-01 
       322  1.008373928E-01  1.515239935E-01  1.072922639E-01  1.188671416E+05  2.409628754E+02  3.481820717E+02  3.018949585E+02  2.559178276E+02  7.016029954E-01 
       323  1.021925752E-01  1.507164957E-01  1.103173974E-01  1.187183083E+05  2.419712148E+02  3.480079937E+02  3.015934262E+02  2.570978212E+02  6.984757837E-01 
       324  1.063175391E-01  1.486079647E-01  1.265700906E-01  1.181208066E+05  2.419570923E+02  3.486739883E+02  3.027518730E+02  2.555809212E+02  6.993830949E-01 
       325  1.064822206E-01  1.487022474E-01  1.299738775E-01  1.183585625E+05  2.386432877E+02  3.500406647E+02  3.051320953E+02  2.469261398E+02  7.070558071E-01 
       326  1.066476119E-01  1.488146338E-01  1.333799290E-01  1.183252480E+05  2.327424622E+02  3.516177101E+02  3.078865356E+02  2.318546104E+02  7.251591533E-01 
       327  1.068180965E-01  1.489318139E-01  1.367854531E-01  1.180610469E+05  2.287469559E+02  3.524520378E+02  3.093462372E+02  2.204840088E+02  7.405195981E-01 
       328  1.069979625E-01  1.490578552E-01  1.401905319E-01  1.179250908E+05  2.303423691E+02  3.519349060E+02  3.084398537E+02  2.252472019E+02  7.372533008E-01 
       329  1.071817424E-01  1.491887345E-01  1.435955648E-01  1.180178574E+05  2.351634445E+02  3.505400963E+02  3.058618660E+02  2.468217764E+02  7.268506512E-01 
       330  1.073851999E-01  1.493347905E-01  1.470000044E-01  1.179926953E+05  2.445465546E+02  3.482756500E+02  3.010855408E+02  2.663573151E+02  7.038024366E-01 
       331 -5.132010553E-03  2.399711247E-01 -4.600000034E-02  8.365188379E+04  1.733830261E+02  3.311429558E+02  2.726444302E+02  4.382076225E+02  1.163936250E+00 
       332 -5.128125210E-03  2.399809281E-01 -4.210430258E-02  8.444840283E+04  1.745892487E+02  3.308775082E+02  2.726327233E+02  4.393149118E+02  1.162101850E+00 
       333 -5.125201508E-03  2.399922328E-01 -3.820870464E-02  8.355264423E+04  1.770758641E+02  3.303616111E+02  2.717843065E+02  4.415698776E+02  1.158310467E+00 
       334 -5.121813889E-03  2.400095995E-01 -3.431329778E-02  8.190980951E+04  1.809355659E+02  3.295755924E+02  2.704929031E+02  4.451206758E+02  1.152479884E+00 
       335 -5.119016059E-03  2.400291916E-01 -3.041776666E-02  7.995028075E+04  1.858295856E+02  3.286133438E+02  2.689161387E+02  4.485660790E+02  1.143966938E+00 
       336 -5.114574788E-03  2.400538233E-01 -2.652182619E-02  7.816764526E+04  1.886721427E+02  3.280980309E+02  2.680721387E+02  4.504499586E+02  1.138890341E+00 
       337 -5.109553763E-03  2.400828758E-01 -2.262552630E-02  7.805328748E+04  1.887620480E+02  3.282030902E+02  2.682449059E+02  4.504404335E+02  1.138645884E+00 
       338 -5.103895973E-03  2.401152952E-01 -1.872899116E-02  8.016355249E+04  1.847298439E+02  3.293497343E+02  2.701249421E+02  4.470295455E+02  1.145140632E+00 
       339 -4.925504783E-03  2.402473149E-01 -7.056915668E-03  8.752674303E+04  1.713848004E+02  3.322233803E+02  2.748614376E+02  4.319432198E+02  1.167800429E+00 
       340 -3.715119829E-03  2.403023013E-01 -3.373311706E-03  8.217460645E+04  1.803435408E+02  3.302536063E+02  2.716174951E+02  4.438712058E+02  1.156197271E+00 
       341 -1.562012846E-03  2.403581740E-01 -1.360753051E-04  7.872638541E+04  1.908606526E+02  3.282258481E+02  2.682848392E+02  4.547632762E+02  1.138974246E+00 
       342  1.133764527E-03  2.404094608E-01  2.675248428E-03  7.844596094E+04  1.906525550E+02  3.279104376E+02  2.677677059E+02  4.538109035E+02  1.138414364E+00 
       343  4.137632423E-03  2.404197044E-01  5.149238455E-03  7.982254782E+04  1.852781915E+02  3.285585472E+02  2.688262939E+02  4.470972987E+02  1.145156934E+00 
       344  7.316400202E-03  2.403253331E-01  7.399564588E-03  8.025413159E+04  1.833755499E+02  3.288309189E+02  2.692708557E+02  4.405946284E+02  1.143155574E+00 
       345  1.395577155E-02  2.400667001E-01  1.148649181E-02  8.679441455E+04  1.696982269E+02  3.319685879E+02  2.744456100E+02  4.338735790E+02  1.171139080E+00 
       346  1.735065466E-02  2.397965962E-01  1.337576268E-02  9.027888379E+04  1.577825298E+02  3.340043983E+02  2.778159981E+02  4.244977913E+02  1.192463383E+00 
       347  2.419161170E-02  2.391929427E-01  1.704637434E-02  7.965693359E+04  1.856839142E+02  3.289238815E+02  2.694290390E+02  4.511737747E+02  1.148777291E+00 
       348  2.761839379E-02  2.387452844E-01  1.884103948E-02  7.978741797E+04  1.878381157E+02  3.286448364E+02  2.689676476E+02  4.514383392E+02  1.143227339E+00 
       349  3.105226563E-02  2.382885234E-01  2.062260888E-02  8.094238965E+04  1.863924923E+02  3.293731632E+02  2.701601601E+02  4.468210392E+02  1.141815491E+00 
       350  3.788868369E-02  2.371344800E-01  2.417075674E-02  8.071432520E+04  1.861177120E+02  3.296652889E+02  2.706390114E+02  4.457066994E+02  1.142251946E+00 
       351  4.468291751E-02  2.357525484E-01  2.771953789E-02  8.048601855E+04  1.912608814E+02  3.291312447E+02  2.697665272E+02  4.456930351E+02  1.131079458E+00 
       352  4.805699300E-02  2.349490393E-01  2.948953136E-02  8.091676172E+04  1.889307799E+02  3.294869332E+02  2.703506579E+02  4.441681566E+02  1.136812476E+00 
       353  5.140582287E-02  2.340778219E-01  3.127771149E-02  8.085981006E+04  1.910092010E+02  3.293022213E+02  2.700467815E+02  4.440480804E+02  1.133633204E+00 
       354  5.473006301E-02  2.331020583E-01  3.305777180E-02  8.001449609E+04  1.931374207E+02  3.288779869E+02  2.693511620E+02  4.468608551E+02  1.133023798E+00 
       355  5.803984836E-02  2.320923676E-01  3.484458617E-02  7.857446533E+04  1.982135506E+02  3.279280930E+02  2.677966366E+02  4.515005379E+02  1.127251461E+00 
       356  6.132921494E-02  2.310454118E-01  3.665150486E-02  7.671470026E+04  2.025844519E+02  3.268041686E+02  2.659629978E+02  4.547803587E+02  1.121372497E+00 
       357  6.777528194E-02  2.285846393E-01  4.027160278E-02  8.569202051E+04  2.171502800E+02  3.328323135E+02  2.758991699E+02  4.299011497E+02  1.061663717E+00 
       358  7.097972553E-02  2.273472007E-01  4.209367684E-02  9.251944434E+04  2.312490311E+02  3.362942276E+02  2.816448727E+02  4.141370544E+02  1.011121556E+00 
       359  7.412444428E-02  2.259565065E-01  4.393674079E-02  9.123042139E+04  2.342552104E+02  3.351548452E+02  2.797371197E+02  4.203552160E+02  1.010413621E+00 
       360  7.725834663E-02  2.245514312E-01  4.577102978E-02  8.744152881E+04  2.343857059E+02  3.334683762E+02  2.769204559E+02  4.285259857E+02  1.017955344E+00 
       361  8.037011026E-02  2.231435234E-01  4.763983740E-02  9.026716016E+04  2.329903145E+02  3.352035599E+02  2.798268852E+02  4.201390381E+02  1.017252445E+00 
       362  8.343109451E-02  2.215945322E-01  4.950276897E-02  1.037613708E+05  2.234325597E+02  3.412161055E+02  2.899738519E+02  3.912978389E+02  1.028048157E+00 
       363  8.646988642E-02  2.201046420E-01  5.141624103E-02  1.214119993E+05  2.094290905E+02  3.481820822E+02  3.019328794E+02  3.604517336E+02  1.054541228E+00 
       364  9.242245520E-02  2.169732682E-01  5.534503106E-02  1.184314653E+05  2.219929214E+02  3.494866962E+02  3.041861935E+02  3.523507738E+02  9.992068671E-01 
       365  9.533631835E-02  2.153857768E-01  5.738443174E-02  1.162884696E+05  2.263709400E+02  3.487191439E+02  3.028632541E+02  3.558484311E+02  9.836438997E-01 
       366  9.819952312E-02  2.138016843E-01  5.949569436E-02  1.164963926E+05  2.257041492E+02  3.497982082E+02  3.047437344E+02  3.536717129E+02  9.832978547E-01 
       367  1.009694591E-01  2.121295788E-01  6.167326851E-02  1.187455618E+05  2.260479088E+02  3.513096848E+02  3.073788567E+02  3.467754955E+02  9.771645851E-01 
       368  1.037116704E-01  2.105064985E-01  6.390540356E-02  1.203694590E+05  2.315610962E+02  3.522910318E+02  3.091020088E+02  3.393150663E+02  9.543716833E-01 
       369  1.064180189E-01  2.088777679E-01  6.618856681E-02  1.207174644E+05  2.372098951E+02  3.525731201E+02  3.095961246E+02  3.373070164E+02  9.335305318E-01 
       370  1.090480686E-01  2.071800512E-01  6.850700508E-02  1.210454092E+05  2.382437677E+02  3.526134300E+02  3.096628456E+02  3.358348293E+02  9.273132905E-01 
       371  1.116790455E-01  2.055210471E-01  7.084353951E-02  1.214966160E+05  2.365100749E+02  3.529307351E+02  3.102198381E+02  3.343796101E+02  9.307755232E-01 
       372  1.142974452E-01  2.038484190E-01  7.319785208E-02  1.220257307E+05  2.346909013E+02  3.531223373E+02  3.105530481E+02  3.347516079E+02  9.350426160E-01 
       373  1.168416696E-01  2.021295301E-01  7.558130371E-02  1.223945850E+05  2.360468006E+02  3.532115059E+02  3.107132740E+02  3.333776245E+02  9.298072904E-01 
       374  1.193277496E-01  2.004108846E-01  7.805168345E-02  1.226245360E+05  2.368118050E+02  3.533235569E+02  3.109185584E+02  3.305660381E+02  9.261162998E-01 
       375  1.217693779E-01  1.987784452E-01  8.060399866E-02  1.226500562E+05  2.344063087E+02  3.536927214E+02  3.115736504E+02  3.300553284E+02  9.326165654E-01 
       376  1.240793489E-01  1.970470446E-01  8.322373237E-02  1.226586772E+05  2.317928715E+02  3.538769407E+02  3.119051104E+02  3.299101353E+02  9.401315227E-01 
       377  1.263696524E-01  1.953872062E-01  8.590193330E-02  1.229814307E+05  2.278549146E+02  3.548383014E+02  3.135999752E+02  3.245634373E+02  9.516972471E-01 
       378  1.285811840E-01  1.937639536E-01  8.866989816E-02  1.232277795E+05  2.226330969E+02  3.537772875E+02  3.117198429E+02  3.296190720E+02  9.682081072E-01 
       379  1.378530526E-01  1.861918564E-01  1.119425893E-01  1.222477495E+05  2.215952272E+02  3.548610725E+02  3.135988235E+02  3.197597647E+02  9.691046290E-01 
       380  1.378280879E-01  1.861358471E-01  1.158380052E-01  1.220009739E+05  2.223469782E+02  3.556136608E+02  3.149295759E+02  3.056504145E+02  9.677212797E-01 
       381  1.378172244E-01  1.861105784E-01  1.197328496E-01  1.217073071E+05  2.272281837E+02  3.555754228E+02  3.148597426E+02  3.000496945E+02  9.531950448E-01 
       382  1.378137064E-01  1.861013403E-01  1.236281983E-01  1.222941223E+05  2.290265934E+02  3.551956928E+02  3.141873686E+02  3.111925626E+02  9.431767827E-01 
       383  1.378232998E-01  1.861207539E-01  1.275238734E-01  1.228932728E+05  2.271746391E+02  3.543152976E+02  3.126351640E+02  3.254744743E+02  9.495852700E-01 
       384  1.378388478E-01  1.861485149E-01  1.314192119E-01  1.230748853E+05  2.262066982E+02  3.529860788E+02  3.102960476E+02  3.370189635E+02  9.548733821E-01 
       385  1.378667705E-01  1.861922064E-01  1.353144338E-01  1.230166459E+05  2.222122145E+02  3.528319080E+02  3.100274116E+02  3.347637393E+02  9.663627781E-01 
       386  1.378917792E-01  1.862393165E-01  1.392095884E-01  1.230169591E+05  2.210035290E+02  3.528591502E+02  3.100742075E+02  3.317980505E+02  9.694398991E-01 
       387  1.379128913E-01  1.862912877E-01  1.431056120E-01  1.231000338E+05  2.211925502E+02  3.531355858E+02  3.103749809E+02  3.297297075E+02  9.686544558E-01 
       388  1.379274402E-01  1.863453723E-01  1.469999959E-01  1.232303167E+05  2.200420547E+02  3.539474888E+02  3.112456822E+02  3.275757718E+02  9.723001067E-01 
       389 -3.389247132E-02  1.007789921E-01 -4.300551245E-02  8.753328711E+04  1.541746750E+02  3.330389214E+02  2.762058525E+02  2.360275593E+02  8.590725474E-01 
       390 -3.372456358E-02  1.010433636E-01 -4.002223516E-02  8.746016388E+04  1.545696196E+02  3.330150282E+02  2.761663029E+02  2.363552216E+02  8.582139718E-01 
       391 -3.329024078E-02  1.014074167E-01 -3.707963811E-02  8.732599286E+04  1.547261725E+02  3.329890661E+02  2.761232787E+02  2.366789640E+02  8.588576880E-01 
       392 -3.255620303E-02  1.018883264E-01 -3.421559131E-02  8.719336012E+04  1.558820761E+02  3.328707818E+02  2.759270743E+02  2.378355026E+02  8.569397213E-01 
       393 -3.153373485E-02  1.024554568E-01 -3.145384174E-02  8.710994429E+04  1.565174145E+02  3.328194940E+02  2.758420141E+02  2.384734552E+02  8.561787659E-01 
       394 -3.028950121E-02  1.031058036E-01 -2.880322264E-02  8.700148131E+04  1.575945886E+02  3.327157574E+02  2.756701193E+02  2.395930766E+02  8.546428789E-01 
       395 -2.888173412E-02  1.037838005E-01 -2.624318977E-02  8.690848786E+04  1.581245607E+02  3.326649709E+02  2.755858661E+02  2.407791470E+02  8.564173894E-01 
       396 -2.733119538E-02  1.044792183E-01 -2.377110822E-02  8.682320451E+04  1.591697533E+02  3.325719708E+02  2.754318185E+02  2.416641249E+02  8.543097737E-01 
       397 -2.568342124E-02  1.052055751E-01 -2.135968630E-02  8.675775438E+04  1.590808818E+02  3.325926354E+02  2.754661383E+02  2.417207335E+02  8.554734295E-01 
       398 -2.397735570E-02  1.059146334E-01 -1.899049647E-02  8.658258615E+04  1.596189617E+02  3.325070781E+02  2.753243657E+02  2.424961169E+02  8.558855164E-01 
       399 -2.220871387E-02  1.066063154E-01 -1.667396516E-02  8.620583493E+04  1.607555318E+02  3.322930278E+02  2.749700934E+02  2.443405780E+02  8.568048729E-01 
       400 -2.041003203E-02  1.073389070E-01 -1.437512078E-02  8.566352124E+04  1.620630429E+02  3.320381209E+02  2.745484871E+02  2.464911762E+02  8.578943585E-01 
       401 -1.856976066E-02  1.079715131E-01 -1.211630566E-02  8.495225638E+04  1.649355750E+02  3.316350691E+02  2.738823106E+02  2.497616444E+02  8.546120078E-01 
       402 -1.670953655E-02  1.086522831E-01 -9.860640570E-03  8.440614599E+04  1.684115358E+02  3.313207352E+02  2.733633139E+02  2.526038137E+02  8.465019089E-01 
       403 -1.482329113E-02  1.093026603E-01 -7.620995183E-03  8.443453317E+04  1.709809812E+02  3.313505137E+02  2.734125431E+02  2.525856462E+02  8.335476323E-01 
       404 -1.292306254E-02  1.099268373E-01 -5.385291055E-03  8.532991626E+04  1.713578072E+02  3.318876410E+02  2.742997484E+02  2.497508249E+02  8.222126961E-01 
       405 -1.101845801E-02  1.105590611E-01 -3.137660868E-03  8.705295129E+04  1.703254417E+02  3.327959031E+02  2.758035506E+02  2.440481936E+02  8.090961759E-01 
       406 -9.120841472E-03  1.111701815E-01 -8.914052251E-04  8.942813159E+04  1.671048779E+02  3.341200912E+02  2.780027639E+02  2.356827091E+02  8.001961242E-01 
       407 -7.240675928E-03  1.117476218E-01  1.353994698E-03  9.290501647E+04  1.632203485E+02  3.359168607E+02  2.810013234E+02  2.218652792E+02  7.800667096E-01 
       408 -5.370549944E-03  1.123083196E-01  3.627204146E-03  9.636744312E+04  1.627369964E+02  3.377415018E+02  2.840617864E+02  2.079693213E+02  7.460827185E-01 
       409 -3.530590186E-03  1.128981262E-01  5.933484609E-03  9.835880843E+04  1.706153077E+02  3.388660870E+02  2.859561200E+02  2.007279883E+02  6.805674456E-01 
       410 -1.726912218E-03  1.134387153E-01  8.259926622E-03  9.806289917E+04  1.847498641E+02  3.385379171E+02  2.854029613E+02  2.031750197E+02  6.067552697E-01 
       411  3.734044288E-05  1.140039107E-01  1.062617763E-02  9.735095776E+04  1.945461969E+02  3.380941734E+02  2.846556077E+02  2.086395297E+02  5.679222327E-01 
       412  1.740848712E-03  1.145879687E-01  1.302702968E-02  9.653314976E+04  2.012127588E+02  3.377776830E+02  2.841226673E+02  2.122937590E+02  5.427802494E-01 
       413  3.387617433E-03  1.151172021E-01  1.547343878E-02  9.601586429E+04  2.081870270E+02  3.375030469E+02  2.836603861E+02  2.158569753E+02  5.165580625E-01 
       414  4.957112811E-03  1.157081541E-01  1.796238578E-02  9.544613257E+04  2.150000923E+02  3.372686696E+02  2.832666664E+02  2.186964211E+02  4.900524197E-01 
       415  6.462677552E-03  1.163151534E-01  2.048609031E-02  9.471996558E+04  2.222486506E+02  3.368358631E+02  2.825401921E+02  2.223172832E+02  4.639649261E-01 
       416  7.926557233E-03  1.168909271E-01  2.304605918E-02  9.406000208E+04  2.281287010E+02  3.364688139E+02  2.819245813E+02  2.256331074E+02  4.449244831E-01 
       417  9.338612782E-03  1.175119790E-01  2.562398907E-02  9.365302193E+04  2.332053756E+02  3.362218077E+02  2.815107993E+02  2.282381287E+02  4.283206908E-01 
       418  1.068984297E-02  1.181121478E-01  2.822455248E-02  9.340630298E+04  2.377640799E+02  3.361107632E+02  2.813249524E+02  2.305603510E+02  4.140007811E-01 
       419  1.198650266E-02  1.187330819E-01  3.085849659E-02  9.329704738E+04  2.422693459E+02  3.360325257E+02  2.811941174E+02  2.321549668E+02  3.977769477E-01 
       420  1.322982934E-02  1.193430432E-01  3.352159396E-02  9.329545256E+04  2.469004277E+02  3.359674651E+02  2.810852502E+02  2.334597424E+02  3.794822414E-01 
       421  1.439865389E-02  1.199672983E-01  3.621509854E-02  9.347110446E+04  2.507296520E+02  3.360405934E+02  2.812078675E+02  2.332445045E+02  3.600669731E-01 
       422  1.553995729E-02  1.205631245E-01  3.892438234E-02  9.394783786E+04  2.536665694E+02  3.363039894E+02  2.816489785E+02  2.320204128E+02  3.423258625E-01 
       423  1.662952250E-02  1.211745408E-01  4.165332372E-02  9.453771954E+04  2.563237172E+02  3.366149774E+02  2.821700329E+02  2.309168882E+02  3.263590509E-01 
       424  1.764894372E-02  1.217373945E-01  4.441857664E-02  9.535900671E+04  2.581091866E+02  3.370646999E+02  2.829246277E+02  2.288710948E+02  3.114589979E-01 
       425  1.861873940E-02  1.222791769E-01  4.720617614E-02  9.649564825E+04  2.598444160E+02  3.375781249E+02  2.837868533E+02  2.261188944E+02  2.941249336E-01 
       426  1.950820179E-02  1.228336643E-01  5.001741530E-02  9.764323358E+04  2.616155305E+02  3.380532470E+02  2.845865561E+02  2.234364498E+02  2.771482215E-01 
       427  2.036944420E-02  1.233245632E-01  5.285072558E-02  9.875444812E+04  2.623186057E+02  3.386901982E+02  2.856598434E+02  2.201005675E+02  2.636993036E-01 
       428  2.117157025E-02  1.238295963E-01  5.569831964E-02  9.980893359E+04  2.636709390E+02  3.392162046E+02  2.865479331E+02  2.171731703E+02  2.480285116E-01 
       429  2.190592593E-02  1.242947792E-01  5.857026217E-02  1.007345964E+05  2.653852243E+02  3.396720343E+02  2.873185921E+02  2.145829468E+02  2.310634898E-01 
       430  2.257248913E-02  1.247551336E-01  6.145961794E-02  1.015193608E+05  2.676784487E+02  3.399920473E+02  2.878601952E+02  2.125982008E+02  2.129910858E-01 
       431  2.314781749E-02  1.251835029E-01  6.437124902E-02  1.021556165E+05  2.702305770E+02  3.402207422E+02  2.882475171E+02  2.114363084E+02  1.960303187E-01 
       432  2.363318974E-02  1.255957621E-01  6.730774801E-02  1.026910659E+05  2.727432258E+02  3.404556854E+02  2.886455195E+02  2.106630759E+02  1.806480932E-01 
       433  2.402789138E-02  1.260195069E-01  7.025072331E-02  1.030829907E+05  2.752154779E+02  3.407112827E+02  2.890790157E+02  2.097502699E+02  1.649412112E-01 
       434  2.431727977E-02  1.264030352E-01  7.321094069E-02  1.033389443E+05  2.780234032E+02  3.408949833E+02  2.893907757E+02  2.092267952E+02  1.482863184E-01 
       435  2.453016930E-02  1.268032789E-01  7.617447467E-02  1.034151006E+05  2.813684959E+02  3.409623547E+02  2.895051994E+02  2.096246190E+02  1.319362363E-01 
       436  2.462079541E-02  1.271795605E-01  7.915094878E-02  1.032654100E+05  2.847954938E+02  3.409377282E+02  2.894632714E+02  2.104562490E+02  1.164490432E-01 
       437  2.463902970E-02  1.275610820E-01  8.212637731E-02  1.027500347E+05  2.889140902E+02  3.407194519E+02  2.890928693E+02  2.131455154E+02  1.043805962E-01 
       438  2.457492051E-02  1.279220853E-01  8.510260082E-02  1.018561484E+05  2.934117550E+02  3.403230498E+02  2.884207117E+02  2.168871258E+02  9.425338078E-02 
       439  2.441429013E-02  1.282749863E-01  8.807550525E-02  1.006204119E+05  2.973240201E+02  3.397638613E+02  2.874733758E+02  2.218928398E+02  9.293924616E-02 
       440  2.420234297E-02  1.286273229E-01  9.105186832E-02  9.971084940E+04  2.987028610E+02  3.392733991E+02  2.866440133E+02  2.256593556E+02  1.021454994E-01 
       441  2.388558350E-02  1.289647853E-01  9.401845916E-02  9.959361615E+04  2.970142109E+02  3.392194567E+02  2.865527956E+02  2.261757539E+02  1.161088645E-01 
       442  2.351928731E-02  1.293134864E-01  9.696958543E-02  1.002011397E+05  2.939584772E+02  3.395071761E+02  2.870391143E+02  2.243375361E+02  1.287876986E-01 
       443  2.306449285E-02  1.296327241E-01  9.991680403E-02  1.012376563E+05  2.910151901E+02  3.399766817E+02  2.878335085E+02  2.212598128E+02  1.356628514E-01 
       444  2.257188759E-02  1.299515661E-01  1.028605699E-01  1.022455781E+05  2.888172255E+02  3.404619551E+02  2.886558371E+02  2.186078587E+02  1.398880309E-01 
       445  2.201092100E-02  1.302726916E-01  1.057899135E-01  1.030792824E+05  2.867761002E+02  3.408893809E+02  2.893809721E+02  2.159118354E+02  1.431317698E-01 
       446  2.143382683E-02  1.305960230E-01  1.087107054E-01  1.038590539E+05  2.847052313E+02  3.413029057E+02  2.900834906E+02  2.132828075E+02  1.469824372E-01 
       447  2.076802587E-02  1.309307408E-01  1.116221513E-01  1.047760903E+05  2.822935982E+02  3.418102818E+02  2.909468040E+02  2.095671101E+02  1.488652015E-01 
       448  2.010215597E-02  1.312657467E-01  1.145293522E-01  1.056876831E+05  2.796255236E+02  3.424167910E+02  2.919802980E+02  2.052380524E+02  1.503895656E-01 
       449  1.945135245E-02  1.316056955E-01  1.174374795E-01  1.064863394E+05  2.779220390E+02  3.429145119E+02  2.928295808E+02  2.017497005E+02  1.495581471E-01 
       450  1.885387307E-02  1.319548677E-01  1.203553293E-01  1.070823840E+05  2.771026919E+02  3.432420938E+02  2.933891954E+02  2.005695853E+02  1.521773937E-01 
       451  1.837479322E-02  1.322913677E-01  1.233018373E-01  1.074509438E+05  2.764126148E+02  3.434347353E+02  2.937186279E+02  1.992978649E+02  1.537911729E-01 
       452  1.811263581E-02  1.325954541E-01  1.262715907E-01  1.076281118E+05  2.757288218E+02  3.435518427E+02  2.939190025E+02  1.983543997E+02  1.565621174E-01 
       453  1.805653049E-02  1.328847135E-01  1.292554963E-01  1.076756704E+05  2.752757053E+02  3.436056657E+02  2.940112877E+02  1.982336988E+02  1.611796713E-01 
       454  1.819877737E-02  1.331672438E-01  1.322380588E-01  1.076107886E+05  2.753653435E+02  3.435845790E+02  2.939754094E+02  1.985152680E+02  1.640068163E-01 
       455  1.852494771E-02  1.334510277E-01  1.352129826E-01  1.074773799E+05  2.758495312E+02  3.434990288E+02  2.938290447E+02  1.993918754E+02  1.667391196E-01 
       456  1.890761882E-02  1.337081709E-01  1.381756048E-01  1.072481285E+05  2.768031679E+02  3.433509003E+02  2.935756184E+02  2.014139465E+02  1.705349518E-01 
       457  1.937808835E-02  1.339540030E-01  1.411279949E-01  1.069690657E+05  2.779249172E+02  3.431860902E+02  2.932935979E+02  2.037052064E+02  1.741945974E-01 
       458  1.989552602E-02  1.341916383E-01  1.440726902E-01  1.066532503E+05  2.785801733E+02  3.431027333E+02  2.931510076E+02  2.060410299E+02  1.808395905E-01 
       459  2.048114376E-02  1.344526817E-01  1.469999956E-01  1.063110977E+05  2.794303293E+02  3.429616537E+02  2.929129124E+02  2.083185692E+02  1.856877236E-01 
       460 -4.772920012E-02  1.664853148E-01 -4.258181757E-02  8.251863078E+04  1.813205548E+02  3.303003819E+02  2.716821763E+02  3.426564214E+02  1.013157167E+00 
       461 -4.770031945E-02  1.666117663E-01 -3.916302660E-02  8.231327698E+04  1.811142952E+02  3.302317932E+02  2.715694653E+02  3.426638355E+02  1.013899915E+00 
       462 -4.768621633E-02  1.667606858E-01 -3.574527808E-02  8.194737646E+04  1.836316438E+02  3.298443503E+02  2.709327841E+02  3.455210724E+02  1.010559451E+00 
       463 -4.773671611E-02  1.669008759E-01 -3.232563070E-02  8.143457275E+04  1.852261863E+02  3.295135612E+02  2.703895893E+02  3.474537354E+02  1.008763745E+00 
       464 -4.779814392E-02  1.670685917E-01 -2.890641835E-02  8.081759546E+04  1.859618559E+02  3.292561674E+02  2.699676542E+02  3.477410917E+02  1.006854184E+00 
       465 -4.772832030E-02  1.672854950E-01 -2.549705171E-02  8.017941162E+04  1.884503517E+02  3.288295441E+02  2.692685795E+02  3.499831839E+02  1.003264271E+00 
       466 -4.733274936E-02  1.676197526E-01 -2.211766833E-02  7.936875830E+04  1.926172366E+02  3.282205219E+02  2.682738709E+02  3.543587117E+02  9.992646202E-01 
       467 -4.646629434E-02  1.680852894E-01 -1.884685997E-02  7.895179330E+04  1.984561428E+02  3.276334219E+02  2.673155899E+02  3.556841974E+02  9.891677154E-01 
       468 -4.497458874E-02  1.687177674E-01 -1.583913045E-02  8.067943750E+04  1.992145243E+02  3.282854834E+02  2.683840537E+02  3.537889004E+02  9.908460211E-01 
       469 -4.311049959E-02  1.694263862E-01 -1.306511329E-02  8.396425952E+04  1.941359344E+02  3.301083918E+02  2.713723722E+02  3.461496992E+02  9.953501429E-01 
       470 -4.101650432E-02  1.701661907E-01 -1.047820325E-02  8.699320459E+04  1.873296328E+02  3.317888889E+02  2.741403484E+02  3.385280972E+02  1.004155770E+00 
       471 -3.872443978E-02  1.709287414E-01 -8.043812788E-03  8.744520911E+04  1.819183564E+02  3.322795768E+02  2.749509468E+02  3.359018831E+02  1.014281123E+00 
       472 -3.634257562E-02  1.716543837E-01 -5.706210795E-03  8.533106006E+04  1.826835146E+02  3.312837906E+02  2.733070412E+02  3.389869022E+02  1.012545303E+00 
       473 -3.384972842E-02  1.724025179E-01 -3.469956820E-03  8.129675513E+04  1.888278465E+02  3.292787426E+02  2.700100777E+02  3.507530067E+02  1.007480053E+00 
       474 -3.133060076E-02  1.731099844E-01 -1.271304633E-03  7.699531516E+04  1.985116429E+02  3.267559135E+02  2.658894511E+02  3.640998824E+02  9.976968821E-01 
       475 -2.873453975E-02  1.737912906E-01  8.535856133E-04  7.364886084E+04  2.068492823E+02  3.247411833E+02  2.626199589E+02  3.716505804E+02  9.839500152E-01 
       476 -2.611690126E-02  1.744247281E-01  2.958268427E-03  7.131967871E+04  2.133678803E+02  3.232451372E+02  2.602069807E+02  3.791793227E+02  9.771753568E-01 
       477 -2.348835128E-02  1.750433393E-01  5.058280838E-03  7.014909543E+04  2.169071735E+02  3.225807538E+02  2.591357337E+02  3.817411426E+02  9.698382574E-01 
       478 -2.083113736E-02  1.756162102E-01  7.133742148E-03  6.995997510E+04  2.203026357E+02  3.223193188E+02  2.587167759E+02  3.848133268E+02  9.647038169E-01 
       479 -1.816607045E-02  1.761555279E-01  9.209141426E-03  7.001263184E+04  2.199267235E+02  3.227421103E+02  2.593954210E+02  3.828405228E+02  9.612735398E-01 
       480 -1.549262448E-02  1.766467189E-01  1.128626304E-02  7.222893530E+04  2.216848612E+02  3.240550861E+02  2.615143566E+02  3.764364290E+02  9.428538866E-01 
       481 -1.281959455E-02  1.771087169E-01  1.337222607E-02  8.185095740E+04  2.159098008E+02  3.296177526E+02  2.705862505E+02  3.502474558E+02  9.135792190E-01 
       482 -1.015361520E-02  1.775059034E-01  1.547159933E-02  9.754155260E+04  2.074945874E+02  3.380164339E+02  2.845306983E+02  3.097569010E+02  8.789134441E-01 
       483 -7.491200012E-03  1.778633735E-01  1.757589553E-02  9.525333423E+04  2.219841437E+02  3.368003540E+02  2.824852448E+02  3.111768274E+02  8.313619010E-01 
       484 -4.837064878E-03  1.782590199E-01  1.971143984E-02  8.972113354E+04  2.284524040E+02  3.344372959E+02  2.785337667E+02  3.284025450E+02  8.351640850E-01 
       485 -2.188499166E-03  1.785530451E-01  2.185094162E-02  8.846536371E+04  2.320583502E+02  3.335973117E+02  2.771351311E+02  3.354569478E+02  8.344063952E-01 
       486  4.329096806E-04  1.787998193E-01  2.404680664E-02  8.865798828E+04  2.331770668E+02  3.338659496E+02  2.775822678E+02  3.347857342E+02  8.292155489E-01 
       487  3.027224691E-03  1.790317150E-01  2.627094405E-02  8.864662677E+04  2.376477234E+02  3.336347420E+02  2.771971138E+02  3.389342372E+02  8.210957716E-01 
       488  5.626976121E-03  1.792222402E-01  2.847807669E-02  8.933676746E+04  2.407194712E+02  3.337707486E+02  2.774222696E+02  3.400533228E+02  8.120330172E-01 
       489  8.191038637E-03  1.793338257E-01  3.074695743E-02  9.124326306E+04  2.412421484E+02  3.347317896E+02  2.790238872E+02  3.352110491E+02  8.019831702E-01 
       490  1.074058355E-02  1.794129340E-01  3.303046409E-02  9.462832104E+04  2.390323205E+02  3.365604632E+02  2.820835171E+02  3.256690668E+02  7.939974671E-01 
       491  1.325979491E-02  1.793970135E-01  3.532576038E-02  9.895174121E+04  2.357707455E+02  3.387605820E+02  2.857837565E+02  3.113569267E+02  7.834124016E-01 
       492  1.577166567E-02  1.793535417E-01  3.765132951E-02  1.031734708E+05  2.346651602E+02  3.407475629E+02  2.891443639E+02  2.985762095E+02  7.690489935E-01 
       493  1.825553626E-02  1.792503646E-01  4.000403552E-02  1.062954254E+05  2.355511394E+02  3.422067246E+02  2.916239924E+02  2.919416456E+02  7.571207806E-01 
       494  2.071273564E-02  1.790845686E-01  4.238164633E-02  1.084259313E+05  2.365940410E+02  3.432077690E+02  2.933317875E+02  2.877977747E+02  7.482289879E-01 
       495  2.315348782E-02  1.789033294E-01  4.476881837E-02  1.106958263E+05  2.362798047E+02  3.442124615E+02  2.950515423E+02  2.806856680E+02  7.408907106E-01 
       496  2.554611962E-02  1.786610662E-01  4.720294885E-02  1.128994414E+05  2.348519831E+02  3.451755276E+02  2.967048759E+02  2.753768749E+02  7.402038593E-01 
       497  2.790553153E-02  1.783591187E-01  4.966367300E-02  1.143818992E+05  2.328757429E+02  3.458810673E+02  2.979187469E+02  2.735273142E+02  7.456240132E-01 
       498  3.023553076E-02  1.780531658E-01  5.215009418E-02  1.153980153E+05  2.318410857E+02  3.463401439E+02  2.987098975E+02  2.693797586E+02  7.453858070E-01 
       499  3.255140683E-02  1.777481834E-01  5.464573084E-02  1.162850683E+05  2.312038237E+02  3.467933333E+02  2.994919821E+02  2.642588512E+02  7.428717520E-01 
       500  3.480321611E-02  1.773622653E-01  5.719033452E-02  1.171624559E+05  2.312935897E+02  3.472269053E+02  3.002415619E+02  2.613940699E+02  7.398036593E-01 
       501  3.704366447E-02  1.769956776E-01  5.978074099E-02  1.179288636E+05  2.318353863E+02  3.475045290E+02  3.007218866E+02  2.592993410E+02  7.363053877E-01 
       502  3.923116288E-02  1.766153691E-01  6.237867612E-02  1.186029943E+05  2.317594531E+02  3.477958584E+02  3.012260871E+02  2.575079546E+02  7.352079237E-01 
       503  4.136429871E-02  1.761773997E-01  6.501205622E-02  1.190413997E+05  2.318173850E+02  3.480130485E+02  3.016024408E+02  2.574292814E+02  7.347675194E-01 
       504  4.348069858E-02  1.757484529E-01  6.766046190E-02  1.192115605E+05  2.322767835E+02  3.480967484E+02  3.017473726E+02  2.560976133E+02  7.319013942E-01 
       505  4.554226392E-02  1.753162813E-01  7.034950997E-02  1.193033501E+05  2.328556700E+02  3.481088257E+02  3.017682295E+02  2.547413292E+02  7.286953256E-01 
       506  4.756665315E-02  1.748560179E-01  7.306168772E-02  1.192981945E+05  2.331794472E+02  3.481324382E+02  3.018091285E+02  2.549581633E+02  7.278978215E-01 
       507  4.956604909E-02  1.743615796E-01  7.580968578E-02  1.192750764E+05  2.335930885E+02  3.481678658E+02  3.018704811E+02  2.554335588E+02  7.269654251E-01 
       508  5.152654947E-02  1.738670862E-01  7.855886540E-02  1.192880878E+05  2.341871974E+02  3.481825579E+02  3.018959457E+02  2.554922558E+02  7.249530354E-01 
       509  5.347325952E-02  1.733659220E-01  8.131742073E-02  1.190667241E+05  2.342434735E+02  3.481488985E+02  3.018375648E+02  2.559715799E+02  7.255841337E-01 
       510  5.541917190E-02  1.728212690E-01  8.412523757E-02  1.192235802E+05  2.341756236E+02  3.482050774E+02  3.019348857E+02  2.556565690E+02  7.257107045E-01 
       511  5.731737707E-02  1.722438844E-01  8.698058411E-02  1.196292767E+05  2.345492089E+02  3.482943295E+02  3.020898923E+02  2.545455005E+02  7.232980744E-01 
       512  5.917186437E-02  1.716911252E-01  8.979478553E-02  1.197590424E+05  2.350594613E+02  3.483208194E+02  3.021359507E+02  2.542686982E+02  7.212725219E-01 
       513  6.096387184E-02  1.711643945E-01  9.255110888E-02  1.197264928E+05  2.358948113E+02  3.482757524E+02  3.020578474E+02  2.544484748E+02  7.183953165E-01 
       514  6.270700241E-02  1.705757992E-01  9.544380808E-02  1.195847380E+05  2.367537122E+02  3.482217350E+02  3.019641581E+02  2.550225840E+02  7.155565247E-01 
       515  6.442263795E-02  1.699823167E-01  9.834544530E-02  1.194210361E+05  2.374124383E+02  3.481804999E+02  3.018925288E+02  2.553741182E+02  7.134209669E-01 
       516  6.612271722E-02  1.694054111E-01  1.012510921E-01  1.192131097E+05  2.378976724E+02  3.481233850E+02  3.017934983E+02  2.559127781E+02  7.124163895E-01 
       517  6.776083839E-02  1.688452726E-01  1.042003507E-01  1.190676759E+05  2.386236171E+02  3.480457726E+02  3.016588794E+02  2.564160802E+02  7.104116573E-01 
       518  6.936215302E-02  1.682812898E-01  1.071729988E-01  1.189108453E+05  2.392462771E+02  3.479766605E+02  3.015391077E+02  2.570684880E+02  7.089418655E-01 
       519  7.082677073E-02  1.677321085E-01  1.102128146E-01  1.187847650E+05  2.398151141E+02  3.479474132E+02  3.014885035E+02  2.578076266E+02  7.076393189E-01 
       520  7.220712168E-02  1.672497044E-01  1.133584680E-01  1.187113064E+05  2.404941024E+02  3.479671721E+02  3.015227513E+02  2.585229968E+02  7.060690944E-01 
       521  7.342602904E-02  1.668557431E-01  1.165154693E-01  1.186381558E+05  2.407622210E+02  3.480935187E+02  3.017420206E+02  2.584171531E+02  7.055978100E-01 
       522  7.439926912E-02  1.665467988E-01  1.197652411E-01  1.185325935E+05  2.408672407E+02  3.482473359E+02  3.020090775E+02  2.574282169E+02  7.048250856E-01 
       523  7.498839543E-02  1.664581038E-01  1.231239650E-01  1.184052480E+05  2.406633816E+02  3.484381008E+02  3.023400154E+02  2.560859203E+02  7.047185227E-01 
       524  7.530423640E-02  1.665023734E-01  1.265249777E-01  1.183728938E+05  2.405084400E+02  3.485256739E+02  3.024918118E+02  2.555122423E+02  7.052356387E-01 
       525  7.543612494E-02  1.666233331E-01  1.299370256E-01  1.181576689E+05  2.419433956E+02  3.482691231E+02  3.020465755E+02  2.589717560E+02  7.036325075E-01 
       526  7.553122174E-02  1.667952118E-01  1.333496155E-01  1.179045388E+05  2.438100929E+02  3.478825202E+02  3.013770890E+02  2.624628377E+02  7.012132835E-01 
       527  7.566054780E-02  1.669469890E-01  1.367626796E-01  1.178252751E+05  2.432632933E+02  3.480364141E+02  3.016432247E+02  2.594601960E+02  7.001645006E-01 
       528  7.583993244E-02  1.671002891E-01  1.401745263E-01  1.177473085E+05  2.435223014E+02  3.482882423E+02  3.020803297E+02  2.591574521E+02  6.994591290E-01 
       529  7.600645069E-02  1.672586086E-01  1.435869327E-01  1.176796251E+05  2.440342739E+02  3.487225583E+02  3.028379915E+02  2.594845932E+02  7.003807621E-01 
       530  7.611546960E-02  1.674572299E-01  1.470000031E-01  1.178570713E+05  2.375897434E+02  3.500635815E+02  3.052732275E+02  2.475658925E+02  7.176982579E-01 
       531 -5.220359409E-02  2.342994603E-01 -4.210986580E-02  8.179188263E+04  1.820566908E+02  3.297053583E+02  2.707818193E+02  4.442302194E+02  1.148566062E+00 
       532 -5.220192467E-02  2.343108577E-01 -3.821952920E-02  8.072584061E+04  1.857894394E+02  3.290980135E+02  2.697084191E+02  4.464137058E+02  1.141651128E+00 
       533 -5.220302368E-02  2.343278434E-01 -3.432921672E-02  8.046382635E+04  1.861580824E+02  3.290934595E+02  2.697007726E+02  4.468766505E+02  1.141273930E+00 
       534 -5.220531674E-02  2.343446645E-01 -3.043898101E-02  8.145977573E+04  1.834168175E+02  3.297627194E+02  2.708003429E+02  4.444154308E+02  1.145628751E+00 
       535 -5.220735409E-02  2.343651870E-01 -2.654892396E-02  8.343458057E+04  1.788068905E+02  3.308680439E+02  2.726196289E+02  4.405411224E+02  1.153236963E+00 
       536 -5.221355576E-02  2.343966826E-01 -2.266385481E-02  8.519535478E+04  1.741376293E+02  3.318211070E+02  2.741910157E+02  4.364005176E+02  1.160773729E+00 
       537 -5.221196162E-02  2.344309954E-01 -1.877454498E-02  8.552826015E+04  1.730580528E+02  3.318825071E+02  2.742922370E+02  4.355139120E+02  1.162511742E+00 
       538 -5.222596507E-02  2.344687402E-01 -1.488167101E-02  8.403777663E+04  1.757638624E+02  3.309898621E+02  2.728198889E+02  4.383493931E+02  1.158676997E+00 
       539 -5.222923531E-02  2.345160018E-01 -1.099302079E-02  8.144165479E+04  1.825518643E+02  3.293774679E+02  2.701713275E+02  4.463097506E+02  1.151546641E+00 
       540 -5.210275326E-02  2.345957540E-01 -7.104134264E-03  7.907504083E+04  1.896260441E+02  3.281008077E+02  2.680777627E+02  4.478985732E+02  1.138330041E+00 
       541 -5.114101036E-02  2.348545508E-01 -3.375994418E-03  7.852217453E+04  1.913796247E+02  3.280532893E+02  2.679998087E+02  4.500674618E+02  1.136688751E+00 
       542 -4.917766965E-02  2.353023755E-01 -5.047413344E-05  7.985294653E+04  1.896537433E+02  3.286834831E+02  2.690304832E+02  4.531009102E+02  1.141782884E+00 
       543 -4.661414278E-02  2.358651253E-01  2.823323178E-03  8.157254980E+04  1.852207577E+02  3.297589545E+02  2.707950606E+02  4.490703039E+02  1.148249734E+00 
       544 -4.374488282E-02  2.364440537E-01  5.350106892E-03  8.448086591E+04  1.769639435E+02  3.316563985E+02  2.739199760E+02  4.405949235E+02  1.159201987E+00 
       545 -4.059796688E-02  2.370222596E-01  7.583171126E-03  8.855268359E+04  1.668113770E+02  3.336174982E+02  2.771691246E+02  4.301391466E+02  1.175126378E+00 
       546 -3.738701819E-02  2.375676250E-01  9.702642239E-03  8.757477887E+04  1.692114908E+02  3.330639765E+02  2.762513082E+02  4.309552903E+02  1.169499437E+00 
       547 -3.407522408E-02  2.380263225E-01  1.169481074E-02  8.236809082E+04  1.832834382E+02  3.304047518E+02  2.718596520E+02  4.426878266E+02  1.145401929E+00 
       548 -3.073065008E-02  2.384984497E-01  1.361793802E-02  7.988930255E+04  1.896644624E+02  3.291491730E+02  2.697928896E+02  4.487724774E+02  1.135304710E+00 
       549 -2.732884007E-02  2.388770261E-01  1.546643341E-02  8.140353833E+04  1.865936947E+02  3.297752376E+02  2.708198733E+02  4.450875473E+02  1.139137082E+00 
       550 -2.390908864E-02  2.392176502E-01  1.728468609E-02  8.214560303E+04  1.841908851E+02  3.301930194E+02  2.715063569E+02  4.423077869E+02  1.142388832E+00 
       551 -2.044822495E-02  2.394794424E-01  1.908927170E-02  8.137567419E+04  1.859704915E+02  3.297993531E+02  2.708605700E+02  4.440753567E+02  1.140269335E+00 
       552 -1.699643969E-02  2.397114515E-01  2.086461287E-02  8.086015173E+04  1.885607014E+02  3.294006886E+02  2.702071419E+02  4.432990704E+02  1.133026194E+00 
       553 -1.354033893E-02  2.398615604E-01  2.263394957E-02  8.091668555E+04  1.885570326E+02  3.293914299E+02  2.701933098E+02  4.456020927E+02  1.136991121E+00 
       554 -1.007792796E-02  2.399171479E-01  2.439846914E-02  8.125201074E+04  1.879053912E+02  3.295195608E+02  2.704029408E+02  4.450082278E+02  1.139578559E+00 
       555 -6.592279415E-03  2.399646350E-01  2.619220728E-02  8.066681128E+04  1.872773113E+02  3.292759695E+02  2.700018873E+02  4.461948500E+02  1.143785387E+00 
       556 -3.124907716E-03  2.398994093E-01  2.794309000E-02  7.937332764E+04  1.885978117E+02  3.285115318E+02  2.687482815E+02  4.460507851E+02  1.141392715E+00 
       557  3.338943067E-04  2.398017910E-01  2.968583889E-02  1.052634578E+05  2.112425410E+02  3.417000084E+02  2.907751650E+02  3.932068019E+02  1.038198634E+00 
       558  3.794068913E-03  2.396169640E-01  3.144821874E-02  1.011857815E+05  2.124375596E+02  3.405709691E+02  2.888468466E+02  4.025820990E+02  1.043565853E+00 
       559  7.248441593E-03  2.393064044E-01  3.320284907E-02  9.607387744E+04  2.131026115E+02  3.380931644E+02  2.846612673E+02  4.133280888E+02  1.051493190E+00 
       560  1.068879679E-02  2.389885178E-01  3.498866898E-02  9.277967212E+04  2.138482471E+02  3.363922977E+02  2.818013668E+02  4.166074162E+02  1.051526211E+00 
       561  1.412543948E-02  2.386075767E-01  3.676435012E-02  8.989886841E+04  2.163824639E+02  3.350230665E+02  2.795102491E+02  4.223759365E+02  1.051027503E+00 
       562  1.753589177E-02  2.380598424E-01  3.855175648E-02  8.870883203E+04  2.200685692E+02  3.343386383E+02  2.783701630E+02  4.295237122E+02  1.049298443E+00 
       563  2.093820079E-02  2.375000001E-01  4.035454522E-02  9.156769727E+04  2.168803196E+02  3.361709938E+02  2.814404726E+02  4.205999813E+02  1.050838720E+00 
       564  2.432947450E-02  2.368878370E-01  4.215773147E-02  1.034620413E+05  2.078189228E+02  3.423997161E+02  2.919844057E+02  3.909222466E+02  1.055938138E+00 
       565  2.770729830E-02  2.361795572E-01  4.394886350E-02  1.246179072E+05  2.010755382E+02  3.509441056E+02  3.067385340E+02  3.451848326E+02  1.060543993E+00 
       566  3.105826597E-02  2.354459967E-01  4.578622705E-02  1.315666112E+05  1.979275856E+02  3.535131030E+02  3.112135530E+02  3.329306436E+02  1.066685979E+00 
       567  3.438758923E-02  2.346372217E-01  4.762879820E-02  1.237935710E+05  2.000434910E+02  3.508275631E+02  3.065066786E+02  3.544999555E+02  1.059131963E+00 
       568  3.771502906E-02  2.337669833E-01  4.947240569E-02  1.173695753E+05  2.064750755E+02  3.482855482E+02  3.020772593E+02  3.677311256E+02  1.040726458E+00 
       569  4.101460083E-02  2.329246351E-01  5.135281935E-02  1.182796465E+05  2.065956678E+02  3.486453733E+02  3.027008309E+02  3.621981554E+02  1.038665491E+00 
       570  4.428347740E-02  2.319960665E-01  5.324515281E-02  1.226505709E+05  2.027072575E+02  3.505022626E+02  3.059339578E+02  3.489164872E+02  1.047213332E+00 
       571  4.749748393E-02  2.310181580E-01  5.520824782E-02  1.248421921E+05  2.029337683E+02  3.513086510E+02  3.073418369E+02  3.442017913E+02  1.043648742E+00 
       572  5.066691057E-02  2.300652086E-01  5.723980181E-02  1.247933311E+05  2.063209564E+02  3.510495469E+02  3.068886495E+02  3.466244897E+02  1.033451240E+00 
       573  5.379140778E-02  2.290521307E-01  5.932353399E-02  1.246443361E+05  2.081819920E+02  3.511177365E+02  3.070077394E+02  3.455432632E+02  1.027088349E+00 
       574  5.683956615E-02  2.279793322E-01  6.149869556E-02  1.251411885E+05  2.104343395E+02  3.514929180E+02  3.076646128E+02  3.420701752E+02  1.018575720E+00 
       575  5.985072913E-02  2.269370111E-01  6.373374277E-02  1.254238623E+05  2.155279398E+02  3.514964237E+02  3.076705856E+02  3.407705460E+02  1.003110312E+00 
       576  6.280959972E-02  2.258492183E-01  6.601505396E-02  1.253573681E+05  2.182552145E+02  3.515665229E+02  3.077927464E+02  3.403249468E+02  9.950567484E-01 
       577  6.573461678E-02  2.247295145E-01  6.832363097E-02  1.249048320E+05  2.203278377E+02  3.514765415E+02  3.076353922E+02  3.390933447E+02  9.865493076E-01 
       578  6.865501872E-02  2.236625994E-01  7.064894084E-02  1.243649128E+05  2.241662519E+02  3.511558198E+02  3.070740527E+02  3.364553376E+02  9.735131152E-01 
       579  7.151541969E-02  2.224865137E-01  7.302188293E-02  1.228491794E+05  2.276753912E+02  3.507647257E+02  3.063911376E+02  3.419058352E+02  9.648729451E-01 
       580  7.433322259E-02  2.213060150E-01  7.543149031E-02  1.210507810E+05  2.309156518E+02  3.503377819E+02  3.056480017E+02  3.514946737E+02  9.583696183E-01 
       581  7.711325138E-02  2.201536844E-01  7.789825066E-02  1.222815759E+05  2.323330075E+02  3.513585058E+02  3.074319129E+02  3.486542838E+02  9.507494046E-01 
       582  7.981655167E-02  2.189959972E-01  8.044372180E-02  1.226380813E+05  2.354947040E+02  3.517346373E+02  3.080925541E+02  3.426268501E+02  9.356574770E-01 
       583  8.242371870E-02  2.177951216E-01  8.306797326E-02  1.223318657E+05  2.383614750E+02  3.515914459E+02  3.078423672E+02  3.397502270E+02  9.233426154E-01 
       584  8.497819178E-02  2.166305248E-01  8.576177505E-02  1.219203900E+05  2.395838975E+02  3.515334187E+02  3.077411040E+02  3.389071621E+02  9.179281527E-01 
       585  8.747465708E-02  2.155008942E-01  8.852176985E-02  1.217198479E+05  2.378149600E+02  3.515505266E+02  3.077710266E+02  3.397995491E+02  9.224561639E-01 
       586  8.983863293E-02  2.143275504E-01  9.137087988E-02  1.218599380E+05  2.359315352E+02  3.512035084E+02  3.071604571E+02  3.404202547E+02  9.275049102E-01 
       587  9.211779941E-02  2.131724912E-01  9.430579148E-02  1.223675610E+05  2.313643945E+02  3.511444181E+02  3.070553670E+02  3.393770844E+02  9.404104547E-01 
       588  9.424446159E-02  2.121023496E-01  9.738772987E-02  1.227925069E+05  2.270147739E+02  3.511288804E+02  3.070283707E+02  3.392456897E+02  9.531633055E-01 
       589  9.610967173E-02  2.111612431E-01  1.006666829E-01  1.229622057E+05  2.230586073E+02  3.510516970E+02  3.068933144E+02  3.397125219E+02  9.647256933E-01 
       590  9.742401869E-02  2.103903297E-01  1.042235364E-01  1.230092876E+05  2.197934736E+02  3.508498921E+02  3.065405153E+02  3.401630746E+02  9.740660606E-01 
       591  9.764724840E-02  2.101688920E-01  1.080985861E-01  1.230215813E+05  2.186110022E+02  3.506911511E+02  3.062638912E+02  3.407032828E+02  9.777990300E-01 
       592  9.763062643E-02  2.101108570E-01  1.119846410E-01  1.229609850E+05  2.197897179E+02  3.507862440E+02  3.064314451E+02  3.393376754E+02  9.742979780E-01 
       593  9.759894170E-02  2.100363093E-01  1.158782398E-01  1.227613643E+05  2.227114586E+02  3.514383039E+02  3.075741262E+02  3.368932426E+02  9.650739944E-01 
       594  9.760335841E-02  2.100041055E-01  1.197683889E-01  1.226748320E+05  2.239008758E+02  3.528045707E+02  3.099717371E+02  3.304546433E+02  9.604819664E-01 
       595  9.760552297E-02  2.099886023E-01  1.236588659E-01  1.225995748E+05  2.241079655E+02  3.542714678E+02  3.125525505E+02  3.173950396E+02  9.599069294E-01 
       596  9.760989540E-02  2.100145164E-01  1.275491461E-01  1.227266481E+05  2.248366468E+02  3.552315895E+02  3.142461348E+02  3.047324081E+02  9.595745523E-01 
       597  9.760550437E-02  2.100148949E-01  1.314412195E-01  1.228078965E+05  2.266896830E+02  3.555353727E+02  3.147844582E+02  3.019676037E+02  9.537206702E-01 
       598  9.762031038E-02  2.101034915E-01  1.353312483E-01  1.228875304E+05  2.278389674E+02  3.556491390E+02  3.149905659E+02  3.118326585E+02  9.476165157E-01 
       599  9.762506170E-02  2.101609083E-01  1.392228176E-01  1.229478823E+05  2.284054704E+02  3.551863312E+02  3.141767251E+02  3.192899318E+02  9.453997037E-01 
       600  9.764671237E-02  2.102092269E-01  1.431110049E-01  1.230129744E+05  2.260573189E+02  3.543285096E+02  3.126629708E+02  3.244430590E+02  9.532597512E-01 
       601  9.766256924E-02  2.102587391E-01  1.469999989E-01  1.231263989E+05  2.222353287E+02  3.538421183E+02  3.115262728E+02  3.302370396E+02  9.656029716E-01 
