nodenumber     x-coordinate     y-coordinate     z-coordinate         pressure velocity-magnitude      sound-speed      temperature rel-velocity-magnitude relative-velocity-angle 
         1 -2.216901913E-02  1.039879580E-01 -4.300600202E-02  8.755245131E+04  1.539412444E+02  3.330519363E+02  2.762274240E+02  2.357925890E+02  8.594853764E-01 
         2 -2.197401757E-02  1.042260031E-01 -4.002397295E-02  8.747245038E+04  1.544252086E+02  3.330084112E+02  2.761551623E+02  2.363439372E+02  8.589745397E-01 
         3 -2.150271627E-02  1.045375264E-01 -3.708169353E-02  8.736830414E+04  1.550568672E+02  3.329519062E+02  2.760615375E+02  2.370233930E+02  8.582020067E-01 
         4 -2.072290556E-02  1.049359494E-01 -3.421635317E-02  8.725175500E+04  1.557500322E+02  3.328906054E+02  2.759598441E+02  2.377655675E+02  8.573833751E-01 
         5 -1.964621854E-02  1.053757771E-01 -3.145501365E-02  8.712734644E+04  1.564474993E+02  3.328264456E+02  2.758534908E+02  2.385217085E+02  8.566397540E-01 
         6 -1.833909717E-02  1.058829391E-01 -2.880182754E-02  8.697674023E+04  1.572124043E+02  3.327482071E+02  2.757238503E+02  2.394334192E+02  8.561223466E-01 
         7 -1.686396899E-02  1.064019756E-01 -2.624136390E-02  8.679652344E+04  1.580523772E+02  3.326533384E+02  2.755666599E+02  2.404428792E+02  8.555788398E-01 
         8 -1.524276490E-02  1.069101094E-01 -2.376908005E-02  8.658153918E+04  1.590406671E+02  3.325380745E+02  2.753757291E+02  2.415813046E+02  8.547246382E-01 
         9 -1.353040875E-02  1.074492491E-01 -2.136449246E-02  8.634515210E+04  1.602433221E+02  3.324098969E+02  2.751634612E+02  2.428721988E+02  8.532845657E-01 
        10 -1.175719847E-02  1.079385502E-01 -1.899452623E-02  8.614905096E+04  1.615274944E+02  3.323032787E+02  2.749869990E+02  2.439863899E+02  8.508135239E-01 
        11 -9.920451205E-03  1.084473482E-01 -1.667649769E-02  8.608496649E+04  1.626538044E+02  3.322678820E+02  2.749284225E+02  2.447298425E+02  8.478950865E-01 
        12 -8.053093039E-03  1.089314126E-01 -1.437870322E-02  8.626915863E+04  1.631264415E+02  3.323690379E+02  2.750957973E+02  2.444539739E+02  8.449279591E-01 
        13 -6.139911673E-03  1.093816015E-01 -1.211111235E-02  8.675420728E+04  1.624885645E+02  3.326323261E+02  2.755318003E+02  2.429921384E+02  8.438602015E-01 
        14 -4.213714023E-03  1.098625599E-01 -9.853315987E-03  8.751009766E+04  1.604628124E+02  3.330353680E+02  2.761999836E+02  2.405333471E+02  8.470262848E-01 
        15 -2.267252226E-03  1.102821410E-01 -7.616721013E-03  8.843227490E+04  1.565922337E+02  3.335281982E+02  2.770181360E+02  2.374478216E+02  8.583879136E-01 
        16 -3.058463972E-04  1.106716081E-01 -5.380345181E-03  8.948666748E+04  1.497753210E+02  3.340426674E+02  2.778735399E+02  2.339917870E+02  8.851760328E-01 
        17  1.649896870E-03  1.110991589E-01 -3.144821902E-03  8.721109619E+04  1.467670972E+02  3.328717160E+02  2.759302430E+02  2.435560622E+02  9.349531597E-01 
        18  3.605378217E-03  1.114680886E-01 -8.997268064E-04  7.587786060E+04  1.739965885E+02  3.263403525E+02  2.652075019E+02  2.849503498E+02  9.439088032E-01 
        19  5.548952344E-03  1.118349081E-01  1.356589372E-03  7.023239001E+04  2.073387105E+02  3.229227998E+02  2.596828628E+02  3.057780886E+02  8.483388089E-01 
        20  7.472030685E-03  1.121892539E-01  3.633809071E-03  7.260873128E+04  2.118183084E+02  3.245293527E+02  2.622755803E+02  2.976136362E+02  7.899951639E-01 
        21  9.366594022E-03  1.125505666E-01  5.932977735E-03  7.621973047E+04  2.084267517E+02  3.266172116E+02  2.656602595E+02  2.848580728E+02  7.575688446E-01 
        22  1.122147558E-02  1.129077905E-01  8.263617067E-03  7.868249889E+04  2.084568965E+02  3.279769785E+02  2.678753904E+02  2.767352218E+02  7.270638244E-01 
        23  1.303284284E-02  1.132507638E-01  1.062953057E-02  8.028366884E+04  2.111115969E+02  3.289084891E+02  2.693984607E+02  2.716783524E+02  6.952294359E-01 
        24  1.479928419E-02  1.136234762E-01  1.303021626E-02  8.144476704E+04  2.155393625E+02  3.296294001E+02  2.705805637E+02  2.680239363E+02  6.595444160E-01 
        25  1.649617427E-02  1.139938279E-01  1.547769530E-02  8.246935333E+04  2.205546117E+02  3.302394664E+02  2.715829494E+02  2.649173181E+02  6.229156139E-01 
        26  1.811807173E-02  1.143837002E-01  1.797032872E-02  8.322969568E+04  2.260785518E+02  3.306741529E+02  2.722978563E+02  2.629415493E+02  5.879061837E-01 
        27  1.968166241E-02  1.148013513E-01  2.049621310E-02  8.342742816E+04  2.329539933E+02  3.308087060E+02  2.725191975E+02  2.631514924E+02  5.538607342E-01 
        28  2.119101764E-02  1.152299366E-01  2.305322148E-02  8.297378431E+04  2.414931680E+02  3.306291504E+02  2.722234389E+02  2.656208535E+02  5.192447758E-01 
        29  2.266338778E-02  1.156643914E-01  2.563116057E-02  8.237736755E+04  2.503130859E+02  3.303151593E+02  2.717066416E+02  2.687571213E+02  4.856890317E-01 
        30  2.408077791E-02  1.161159634E-01  2.823658064E-02  8.183324817E+04  2.584769211E+02  3.300634990E+02  2.712929034E+02  2.715002918E+02  4.543494466E-01 
        31  2.544088325E-02  1.165921105E-01  3.086849856E-02  8.129064758E+04  2.666527426E+02  3.297748046E+02  2.708188448E+02  2.744909196E+02  4.241431048E-01 
        32  2.674433127E-02  1.170738851E-01  3.352942364E-02  8.074253857E+04  2.747077990E+02  3.295054016E+02  2.703769050E+02  2.775785649E+02  3.951375792E-01 
        33  2.797950643E-02  1.175445507E-01  3.622298897E-02  8.023199255E+04  2.825044775E+02  3.292950832E+02  2.700323131E+02  2.803605148E+02  3.664243153E-01 
        34  2.916313541E-02  1.180056499E-01  3.893937175E-02  7.994641080E+04  2.897093208E+02  3.291500317E+02  2.697948696E+02  2.822620392E+02  3.374738155E-01 
        35  3.031249539E-02  1.184785399E-01  4.167042727E-02  8.009277689E+04  2.954833387E+02  3.291229303E+02  2.697505555E+02  2.826876835E+02  3.104090764E-01 
        36  3.139929926E-02  1.189405785E-01  4.442941843E-02  8.038479437E+04  3.007589306E+02  3.292051780E+02  2.698851340E+02  2.825590054E+02  2.837289560E-01 
        37  3.242013936E-02  1.193808800E-01  4.721660669E-02  8.094535635E+04  3.057354490E+02  3.293201471E+02  2.700730844E+02  2.814575574E+02  2.545237451E-01 
        38  3.340677803E-02  1.198011670E-01  5.002067675E-02  8.217386377E+04  3.085028838E+02  3.299304914E+02  2.710749681E+02  2.780397716E+02  2.277026966E-01 
        39  3.430413654E-02  1.201853153E-01  5.285529857E-02  8.374569019E+04  3.101894407E+02  3.308778763E+02  2.726344204E+02  2.734705210E+02  2.019749526E-01 
        40  3.515433510E-02  1.205874318E-01  5.570324370E-02  8.564299854E+04  3.105998745E+02  3.319600906E+02  2.744212170E+02  2.677666492E+02  1.786419274E-01 
        41  3.592907297E-02  1.209644065E-01  5.857535950E-02  8.777900049E+04  3.096035519E+02  3.331198034E+02  2.763424234E+02  2.610867105E+02  1.592232347E-01 
        42  3.664355424E-02  1.213334730E-01  6.146049591E-02  9.002094617E+04  3.073372154E+02  3.342821841E+02  2.782740178E+02  2.539954200E+02  1.454730404E-01 
        43  3.727845098E-02  1.217084379E-01  6.437276718E-02  9.214874634E+04  3.042964220E+02  3.354017935E+02  2.801406040E+02  2.472515259E+02  1.379475854E-01 
        44  3.781448665E-02  1.220744111E-01  6.730672953E-02  9.391726074E+04  3.010360565E+02  3.363585272E+02  2.817408237E+02  2.415830507E+02  1.365976403E-01 
        45  3.826762164E-02  1.224563704E-01  7.025293559E-02  9.516200372E+04  2.981537938E+02  3.370908446E+02  2.829685323E+02  2.373416556E+02  1.392267729E-01 
        46  3.856443464E-02  1.228195695E-01  7.317567491E-02  9.588728906E+04  2.962732315E+02  3.375650482E+02  2.837648392E+02  2.352148590E+02  1.445344947E-01 
        47  3.882754171E-02  1.231963568E-01  7.616928387E-02  9.620273230E+04  2.950054454E+02  3.380869497E+02  2.846444862E+02  2.340818334E+02  1.508374204E-01 
        48  3.896508106E-02  1.235573809E-01  7.913505459E-02  9.625138672E+04  2.914463348E+02  3.390249710E+02  2.862382851E+02  2.284707756E+02  1.549479701E-01 
        49  3.903512947E-02  1.239238609E-01  8.213137167E-02  9.622998669E+04  2.833392699E+02  3.407921078E+02  2.892517061E+02  2.143998175E+02  1.592655589E-01 
        50  3.900153017E-02  1.243001337E-01  8.510504302E-02  9.634743567E+04  2.692484384E+02  3.437695543E+02  2.943416959E+02  1.892444147E+02  1.624820255E-01 
        51  3.889299026E-02  1.246700891E-01  8.806950082E-02  9.649174121E+04  2.530121255E+02  3.473461165E+02  3.005000389E+02  1.502037807E+02  1.445922159E-01 
        52  3.870303970E-02  1.250405990E-01  9.105247242E-02  9.637635718E+04  2.444993072E+02  3.500615139E+02  3.051938186E+02  1.147185893E+02  6.781515764E-02 
        53  3.847530202E-02  1.253810613E-01  9.402032493E-02  9.704903018E+04  2.421132616E+02  3.519584692E+02  3.085025691E+02  8.202944264E+01 -2.041170764E-01 
        54  3.809583015E-02  1.257752167E-01  9.695318516E-02  9.931743848E+04  2.400804977E+02  3.532507935E+02  3.107606583E+02  5.532819557E+01 -6.177491434E-01 
        55  3.767199372E-02  1.261489404E-01  9.992435767E-02  1.020618176E+05  2.393274608E+02  3.539856110E+02  3.120458226E+02  4.945096576E+01 -5.261357427E-01 
        56  3.723780727E-02  1.265196365E-01  1.028569506E-01  1.045128138E+05  2.372437939E+02  3.538367863E+02  3.117828647E+02  6.148703595E+01 -1.912509816E-01 
        57  3.672955052E-02  1.269046997E-01  1.057947981E-01  1.059145146E+05  2.373603001E+02  3.522661414E+02  3.090269876E+02  9.031180704E+01  1.754821278E-02 
        58  3.615520807E-02  1.273091289E-01  1.087154776E-01  1.067179844E+05  2.426442294E+02  3.495720472E+02  3.043248730E+02  1.281444879E+02  1.286440613E-01 
        59  3.556812424E-02  1.277144368E-01  1.116309472E-01  1.072999922E+05  2.527764187E+02  3.466175482E+02  2.991998911E+02  1.636118820E+02  1.773205537E-01 
        60  3.495651588E-02  1.281329458E-01  1.145394580E-01  1.077302424E+05  2.625775580E+02  3.444139562E+02  2.954005127E+02  1.866823349E+02  1.913346495E-01 
        61  3.433795015E-02  1.285471243E-01  1.174457346E-01  1.079253057E+05  2.682914696E+02  3.433372927E+02  2.935525856E+02  1.970271761E+02  1.923674797E-01 
        62  3.376061330E-02  1.289460490E-01  1.203607660E-01  1.079607773E+05  2.707714591E+02  3.430236893E+02  2.930159295E+02  2.002364113E+02  1.898659880E-01 
        63  3.331803132E-02  1.293309423E-01  1.232882868E-01  1.079206038E+05  2.720359412E+02  3.429896203E+02  2.929576226E+02  2.010794513E+02  1.869349895E-01 
        64  3.310586596E-02  1.296649637E-01  1.262581306E-01  1.078194297E+05  2.729448247E+02  3.430032818E+02  2.929809709E+02  2.014022788E+02  1.844133607E-01 
        65  3.306639982E-02  1.299493947E-01  1.292495641E-01  1.076781029E+05  2.737587176E+02  3.429889340E+02  2.929565105E+02  2.018170041E+02  1.827986458E-01 
        66  3.322486525E-02  1.302097713E-01  1.322380794E-01  1.075079638E+05  2.746396394E+02  3.429355996E+02  2.928653934E+02  2.026099581E+02  1.823059207E-01 
        67  3.356462385E-02  1.304573038E-01  1.352130229E-01  1.073264104E+05  2.756051351E+02  3.428611735E+02  2.927382864E+02  2.037241876E+02  1.827821130E-01 
        68  3.400410102E-02  1.306751199E-01  1.381765647E-01  1.071270109E+05  2.766353014E+02  3.427701831E+02  2.925829186E+02  2.050508678E+02  1.835239460E-01 
        69  3.451963359E-02  1.308741206E-01  1.411278790E-01  1.069030461E+05  2.776515689E+02  3.426814890E+02  2.924315434E+02  2.064722521E+02  1.847461178E-01 
        70  3.508991352E-02  1.310576265E-01  1.440660380E-01  1.066367396E+05  2.787799621E+02  3.425674815E+02  2.922369471E+02  2.081332691E+02  1.861674527E-01 
        71  3.570211579E-02  1.312503676E-01  1.470000000E-01  1.063211670E+05  2.801193848E+02  3.424324570E+02  2.920077324E+02  2.100106506E+02  1.868394110E-01 
        72 -2.843361623E-02  1.708417341E-01 -4.258217492E-02  8.203898706E+04  1.837853308E+02  3.299734497E+02  2.711445179E+02  3.443244858E+02  1.007626653E+00 
        73 -2.838826984E-02  1.709653765E-01 -3.916427879E-02  8.200066772E+04  1.842459884E+02  3.299576008E+02  2.711185071E+02  3.445962358E+02  1.006544792E+00 
        74 -2.835908450E-02  1.711140563E-01 -3.574649433E-02  8.232275244E+04  1.839236851E+02  3.301518276E+02  2.714378774E+02  3.438565521E+02  1.006312265E+00 
        75 -2.838361088E-02  1.712589164E-01 -3.232950605E-02  8.301789746E+04  1.829165864E+02  3.305452318E+02  2.720851898E+02  3.422031651E+02  1.006814897E+00 
        76 -2.841360827E-02  1.714319125E-01 -2.891476756E-02  8.386559570E+04  1.813409476E+02  3.310291781E+02  2.728823895E+02  3.400936899E+02  1.008508086E+00 
        77 -2.833774301E-02  1.716334782E-01 -2.549995819E-02  8.447083191E+04  1.800484068E+02  3.313619889E+02  2.734313281E+02  3.386543174E+02  1.010474582E+00 
        78 -2.791452343E-02  1.719215161E-01 -2.212016887E-02  8.463011035E+04  1.794071751E+02  3.314362659E+02  2.735539284E+02  3.385214615E+02  1.012491178E+00 
        79 -2.700703325E-02  1.722886754E-01 -1.884820631E-02  8.429006567E+04  1.795761514E+02  3.312379522E+02  2.732267275E+02  3.397855291E+02  1.014139723E+00 
        80 -2.544395246E-02  1.727209334E-01 -1.584518523E-02  8.312457477E+04  1.813037300E+02  3.305881872E+02  2.721560278E+02  3.431598938E+02  1.014170871E+00 
        81 -2.351536464E-02  1.732363399E-01 -1.306823492E-02  8.106973650E+04  1.853236438E+02  3.294135646E+02  2.702257988E+02  3.491264614E+02  1.011240466E+00 
        82 -2.134527601E-02  1.737374909E-01 -1.047435973E-02  7.826511224E+04  1.919292054E+02  3.277696466E+02  2.675358785E+02  3.572590054E+02  1.004076206E+00 
        83 -1.897326710E-02  1.742189522E-01 -8.035177519E-03  7.529033270E+04  1.999857393E+02  3.259781309E+02  2.646192473E+02  3.659270236E+02  9.937680019E-01 
        84 -1.652827274E-02  1.746780172E-01 -5.688541800E-03  7.308717719E+04  2.068345881E+02  3.246107459E+02  2.624034350E+02  3.724434810E+02  9.837857261E-01 
        85 -1.397929867E-02  1.751251779E-01 -3.446989688E-03  7.252021069E+04  2.098251400E+02  3.242516546E+02  2.618229694E+02  3.743016663E+02  9.774383437E-01 
        86 -1.139011487E-02  1.755573757E-01 -1.256774906E-03  7.419056067E+04  2.086207418E+02  3.252896304E+02  2.635035253E+02  3.700677361E+02  9.727275204E-01 
        87 -8.734274343E-03  1.759085237E-01  8.667805443E-04  7.957445972E+04  2.023258858E+02  3.285254598E+02  2.687767403E+02  3.555838306E+02  9.659419348E-01 
        88 -6.073383534E-03  1.762548475E-01  2.984781313E-03  8.898986481E+04  1.909554210E+02  3.337542627E+02  2.773988831E+02  3.301181011E+02  9.617302218E-01 
        89 -3.359730182E-03  1.765819110E-01  5.053045394E-03  9.839899377E+04  1.753643062E+02  3.384900491E+02  2.853242946E+02  3.041058397E+02  9.811860155E-01 
        90 -6.741955509E-04  1.768270807E-01  7.130208361E-03  9.846458309E+04  1.644268617E+02  3.384741035E+02  2.852973278E+02  3.048447975E+02  1.021032855E+00 
        91  2.027043660E-03  1.770783858E-01  9.208570588E-03  7.922608597E+04  1.922884716E+02  3.280950662E+02  2.680710270E+02  3.581559513E+02  1.004844513E+00 
        92  4.731686997E-03  1.772422585E-01  1.127155269E-02  7.202307895E+04  2.149988078E+02  3.240995895E+02  2.615787300E+02  3.779419612E+02  9.670871313E-01 
        93  7.454465044E-03  1.773874983E-01  1.334309669E-02  7.278821292E+04  2.099691103E+02  3.245618397E+02  2.623254359E+02  3.753730899E+02  9.785602239E-01 
        94  1.015989937E-02  1.775222933E-01  1.545596277E-02  7.043568994E+04  2.166883799E+02  3.229688031E+02  2.597610909E+02  3.821260633E+02  9.700736744E-01 
        95  1.284858280E-02  1.775661421E-01  1.756817794E-02  6.698463565E+04  2.277630160E+02  3.206481936E+02  2.560427102E+02  3.920111971E+02  9.542072224E-01 
        96  1.551966693E-02  1.776138061E-01  1.970369132E-02  6.398233142E+04  2.376091254E+02  3.185387423E+02  2.526846840E+02  4.011238074E+02  9.415042335E-01 
        97  1.817410325E-02  1.776258069E-01  2.186017323E-02  6.159946802E+04  2.458447421E+02  3.168626003E+02  2.500305820E+02  4.084110332E+02  9.305639733E-01 
        98  2.080993586E-02  1.775631240E-01  2.403936301E-02  5.999403101E+04  2.526868472E+02  3.157388701E+02  2.482578835E+02  4.132565937E+02  9.189213887E-01 
        99  2.341570779E-02  1.774969016E-01  2.625394818E-02  5.975614270E+04  2.571679387E+02  3.155818615E+02  2.480118117E+02  4.142092791E+02  9.061164092E-01 
       100  2.600295182E-02  1.773818036E-01  2.848806157E-02  6.198280688E+04  2.576178217E+02  3.171648417E+02  2.505241766E+02  4.084947634E+02  8.916445225E-01 
       101  2.856627515E-02  1.771883875E-01  3.074502562E-02  6.784541577E+04  2.520441971E+02  3.211809092E+02  2.569503317E+02  3.919022102E+02  8.745963983E-01 
       102  3.110662233E-02  1.769811535E-01  3.302644514E-02  7.569825391E+04  2.443991489E+02  3.262315197E+02  2.650876722E+02  3.691724272E+02  8.534191288E-01 
       103  3.362247542E-02  1.767159818E-01  3.532849163E-02  8.104891052E+04  2.430944195E+02  3.293950481E+02  2.702087660E+02  3.543455009E+02  8.284852933E-01 
       104  3.610895472E-02  1.763647845E-01  3.765120331E-02  8.136738281E+04  2.502740300E+02  3.294896626E+02  2.703536739E+02  3.545661998E+02  8.047887860E-01 
       105  3.856497337E-02  1.759966372E-01  4.000321012E-02  7.910032306E+04  2.592696455E+02  3.282772732E+02  2.683666073E+02  3.616678296E+02  7.878474775E-01 
       106  4.103059304E-02  1.755360248E-01  4.234569910E-02  7.780773194E+04  2.648740749E+02  3.277555131E+02  2.675121523E+02  3.650482520E+02  7.753297098E-01 
       107  4.340106546E-02  1.750377176E-01  4.474435622E-02  7.942858340E+04  2.664049796E+02  3.288394703E+02  2.692888762E+02  3.605776014E+02  7.617164468E-01 
       108  4.575540032E-02  1.745445103E-01  4.717695363E-02  8.431782715E+04  2.634265714E+02  3.315984344E+02  2.738334291E+02  3.475229897E+02  7.478190903E-01 
       109  4.807037784E-02  1.739953488E-01  4.963532790E-02  9.058188354E+04  2.590313501E+02  3.348566484E+02  2.792385178E+02  3.304593964E+02  7.328382879E-01 
       110  5.034733117E-02  1.734133857E-01  5.212084081E-02  9.527909375E+04  2.579615993E+02  3.371785450E+02  2.831178780E+02  3.181667099E+02  7.158343717E-01 
       111  5.258765486E-02  1.728405975E-01  5.464144749E-02  9.831762842E+04  2.589450741E+02  3.387366257E+02  2.857396164E+02  3.105186119E+02  7.001607008E-01 
       112  5.479076840E-02  1.722430532E-01  5.718902978E-02  1.011995288E+05  2.589674597E+02  3.402372484E+02  2.882767515E+02  3.026543207E+02  6.879228875E-01 
       113  5.694737683E-02  1.716020731E-01  5.976586917E-02  1.042853765E+05  2.580852451E+02  3.417427199E+02  2.908329449E+02  2.936401336E+02  6.776655582E-01 
       114  5.911848447E-02  1.709340834E-01  6.233872565E-02  1.072516114E+05  2.573341337E+02  3.430929234E+02  2.931347759E+02  2.856457053E+02  6.689089343E-01 
       115  6.119351897E-02  1.703313828E-01  6.496775561E-02  1.099018667E+05  2.566697483E+02  3.442749672E+02  2.951583076E+02  2.783968315E+02  6.617280096E-01 
       116  6.319798910E-02  1.696485115E-01  6.765543605E-02  1.123800049E+05  2.559001789E+02  3.453767557E+02  2.970502038E+02  2.717083569E+02  6.558785243E-01 
       117  6.520189851E-02  1.689621155E-01  7.034628384E-02  1.148482705E+05  2.547916813E+02  3.464319248E+02  2.988679037E+02  2.651628475E+02  6.521183439E-01 
       118  6.717992039E-02  1.682884043E-01  7.305807409E-02  1.175839585E+05  2.525585442E+02  3.476117611E+02  3.009069195E+02  2.585240707E+02  6.532856561E-01 
       119  6.910755662E-02  1.675987334E-01  7.579818779E-02  1.190133733E+05  2.512629981E+02  3.481648731E+02  3.018651841E+02  2.544540765E+02  6.543773939E-01 
       120  7.101404689E-02  1.668389198E-01  7.852135391E-02  1.200570646E+05  2.476920035E+02  3.486491704E+02  3.027058711E+02  2.511829287E+02  6.655288320E-01 
       121  7.286652020E-02  1.661304029E-01  8.130170181E-02  1.202878578E+05  2.445847148E+02  3.487533379E+02  3.028868085E+02  2.502131348E+02  6.776704805E-01 
       122  7.473378469E-02  1.653966549E-01  8.408122010E-02  1.201695239E+05  2.418612919E+02  3.488703995E+02  3.030905628E+02  2.506492939E+02  6.896639168E-01 
       123  7.654776682E-02  1.646234676E-01  8.688218818E-02  1.199368975E+05  2.411248212E+02  3.488852282E+02  3.031165609E+02  2.503349185E+02  6.926669292E-01 
       124  7.830115451E-02  1.638494494E-01  8.971806956E-02  1.198234063E+05  2.402942772E+02  3.490320835E+02  3.033721409E+02  2.493740559E+02  6.956007332E-01 
       125  8.003223315E-02  1.630890187E-01  9.257063461E-02  1.197161177E+05  2.392661471E+02  3.492949562E+02  3.038303294E+02  2.475722327E+02  6.990052294E-01 
       126  8.174167210E-02  1.623344685E-01  9.543869445E-02  1.194408938E+05  2.383434997E+02  3.495809796E+02  3.043300045E+02  2.446215196E+02  7.013032585E-01 
       127  8.339566060E-02  1.615413001E-01  9.829620033E-02  1.192459935E+05  2.374708160E+02  3.499645994E+02  3.050006106E+02  2.407750404E+02  7.028104481E-01 
       128  8.500809507E-02  1.607572746E-01  1.012133408E-01  1.191367485E+05  2.362400326E+02  3.505464141E+02  3.060185084E+02  2.357568384E+02  7.051367415E-01 
       129  8.654116005E-02  1.600133249E-01  1.041766726E-01  1.190146712E+05  2.344892210E+02  3.514155546E+02  3.075409567E+02  2.294056028E+02  7.095417357E-01 
       130  8.807530659E-02  1.592883350E-01  1.071513815E-01  1.189075254E+05  2.326945648E+02  3.523808422E+02  3.092336798E+02  2.232263141E+02  7.150995908E-01 
       131  8.946870181E-02  1.585918917E-01  1.101955952E-01  1.188351289E+05  2.307529967E+02  3.534182470E+02  3.110538493E+02  2.165253906E+02  7.216841995E-01 
       132  9.078169785E-02  1.579398834E-01  1.132895212E-01  1.188139476E+05  2.287830079E+02  3.541761646E+02  3.123838528E+02  2.124661504E+02  7.299585487E-01 
       133  9.193376095E-02  1.573753789E-01  1.164622823E-01  1.187591877E+05  2.275115149E+02  3.541074839E+02  3.122599428E+02  2.129117260E+02  7.362131057E-01 
       134  9.287851211E-02  1.569754829E-01  1.197270904E-01  1.187090886E+05  2.278671648E+02  3.530826899E+02  3.104579021E+02  2.200543203E+02  7.371107056E-01 
       135  9.346963790E-02  1.567893278E-01  1.230899614E-01  1.186379111E+05  2.314278804E+02  3.511623975E+02  3.070936583E+02  2.350561439E+02  7.287979554E-01 
       136  9.376445592E-02  1.568076376E-01  1.265149706E-01  1.185986127E+05  2.372976081E+02  3.491859365E+02  3.036429601E+02  2.509111843E+02  7.147157751E-01 
       137  9.391306034E-02  1.569225935E-01  1.299303306E-01  1.184995762E+05  2.413236322E+02  3.481459398E+02  3.018332167E+02  2.590502911E+02  7.054064572E-01 
       138  9.402896493E-02  1.570765633E-01  1.333445553E-01  1.183511089E+05  2.427413807E+02  3.478375607E+02  3.012979183E+02  2.611853857E+02  7.024049424E-01 
       139  9.417960043E-02  1.572174564E-01  1.367593072E-01  1.182055962E+05  2.430501618E+02  3.478345404E+02  3.012926493E+02  2.613215213E+02  7.020881046E-01 
       140  9.437397158E-02  1.573466446E-01  1.401725853E-01  1.180691719E+05  2.433703074E+02  3.479082923E+02  3.014204340E+02  2.613977139E+02  7.017330322E-01 
       141  9.455826038E-02  1.574868932E-01  1.435861248E-01  1.179609683E+05  2.437981443E+02  3.480374783E+02  3.016443198E+02  2.617338987E+02  7.012221138E-01 
       142  9.468914447E-02  1.576724412E-01  1.470000022E-01  1.179356670E+05  2.442411737E+02  3.480985794E+02  3.017617912E+02  2.622787838E+02  7.009289153E-01 
       143 -2.515044289E-02  2.387134140E-01 -4.211006034E-02  8.399407745E+04  1.786905493E+02  3.310743750E+02  2.729576371E+02  4.390926130E+02  1.151707965E+00 
       144 -2.515073613E-02  2.387267259E-01 -3.821832766E-02  8.571557494E+04  1.744484165E+02  3.319841804E+02  2.744598751E+02  4.354130327E+02  1.158730743E+00 
       145 -2.514274647E-02  2.387409373E-01 -3.433018188E-02  8.620339743E+04  1.736640716E+02  3.322301493E+02  2.748666055E+02  4.343512405E+02  1.159793230E+00 
       146 -2.514933814E-02  2.387615668E-01 -3.043885368E-02  8.513123753E+04  1.768297611E+02  3.316706101E+02  2.739413321E+02  4.366424214E+02  1.154281184E+00 
       147 -2.514205174E-02  2.387863737E-01 -2.655197175E-02  8.343138831E+04  1.814728034E+02  3.307878124E+02  2.724849702E+02  4.403547052E+02  1.146460280E+00 
       148 -2.514801404E-02  2.388163633E-01 -2.268742808E-02  8.189694450E+04  1.851941008E+02  3.299652869E+02  2.711313440E+02  4.436631265E+02  1.140622289E+00 
       149 -2.514603624E-02  2.387984711E-01 -1.877579094E-02  8.076457813E+04  1.877799587E+02  3.293185730E+02  2.700695610E+02  4.460228996E+02  1.136638463E+00 
       150 -2.513833525E-02  2.388756875E-01 -1.487946342E-02  7.981868361E+04  1.897931460E+02  3.287629258E+02  2.691588940E+02  4.480260808E+02  1.133808773E+00 
       151 -2.514495058E-02  2.389300222E-01 -1.098752945E-02  7.960568396E+04  1.900828766E+02  3.286721592E+02  2.690103008E+02  4.489212420E+02  1.134069036E+00 
       152 -2.501801490E-02  2.389948317E-01 -7.101428526E-03  8.214802905E+04  1.835449862E+02  3.302364779E+02  2.715804163E+02  4.435682667E+02  1.144654250E+00 
       153 -2.403359079E-02  2.391541778E-01 -3.362202731E-03  8.856062373E+04  1.676688271E+02  3.336073099E+02  2.771518154E+02  4.294967731E+02  1.170508533E+00 
       154 -2.203079393E-02  2.393877231E-01 -4.501692070E-05  8.898095582E+04  1.676737400E+02  3.336418269E+02  2.772085652E+02  4.281104777E+02  1.169143237E+00 
       155 -1.942355624E-02  2.396357170E-01  2.825132604E-03  8.397461139E+04  1.797584209E+02  3.310749851E+02  2.729599586E+02  4.399238796E+02  1.150023593E+00 
       156 -1.648721574E-02  2.398964014E-01  5.342831758E-03  8.139575073E+04  1.851821995E+02  3.297642875E+02  2.708011608E+02  4.457959223E+02  1.142505076E+00 
       157 -1.330897545E-02  2.400801911E-01  7.594698846E-03  8.097136060E+04  1.851934805E+02  3.294548845E+02  2.702933807E+02  4.460587597E+02  1.142860116E+00 
       158 -1.004552185E-02  2.402353079E-01  9.709455816E-03  8.068404712E+04  1.854321783E+02  3.291533756E+02  2.697993588E+02  4.463458557E+02  1.142865397E+00 
       159 -6.714656287E-03  2.403804415E-01  1.171394437E-02  8.023885176E+04  1.859691313E+02  3.288523461E+02  2.693061443E+02  4.473626513E+02  1.143026802E+00 
       160 -3.322138608E-03  2.404066774E-01  1.362735999E-02  7.996972247E+04  1.858701905E+02  3.287548733E+02  2.691467743E+02  4.480075059E+02  1.144463893E+00 
       161  9.783589121E-05  2.404201762E-01  1.547870720E-02  8.056033203E+04  1.851480372E+02  3.290957389E+02  2.697058520E+02  4.468399739E+02  1.145916421E+00 
       162  3.534439975E-03  2.403949673E-01  1.730379042E-02  8.075606836E+04  1.836936188E+02  3.292374163E+02  2.699407606E+02  4.466097221E+02  1.150268298E+00 
       163  6.969024296E-03  2.402279751E-01  1.908412837E-02  9.245972284E+04  1.528713557E+02  3.357693870E+02  2.807773960E+02  4.195311186E+02  1.202750111E+00 
       164  1.043411823E-02  2.400800089E-01  2.085152946E-02  7.830172752E+04  1.903148497E+02  3.284391542E+02  2.686300935E+02  4.493077770E+02  1.136786114E+00 
       165  1.388371434E-02  2.398652026E-01  2.263181169E-02  7.888953290E+04  1.867772851E+02  3.286403143E+02  2.689584994E+02  4.483834105E+02  1.143927307E+00 
       166  1.734145131E-02  2.394992745E-01  2.440657916E-02  7.885762109E+04  1.869233797E+02  3.286259761E+02  2.689349735E+02  4.482334437E+02  1.143048262E+00 
       167  2.080043859E-02  2.391294908E-01  2.615375350E-02  7.891066833E+04  1.892141842E+02  3.285272394E+02  2.687734181E+02  4.480114435E+02  1.137543748E+00 
       168  2.424052770E-02  2.387186889E-01  2.792040504E-02  7.911717676E+04  1.909333906E+02  3.286060324E+02  2.689022844E+02  4.474265032E+02  1.133102832E+00 
       169  2.766624902E-02  2.381908713E-01  2.968394578E-02  7.889012439E+04  1.934782665E+02  3.285871339E+02  2.688712521E+02  4.476125736E+02  1.127291720E+00 
       170  3.108229850E-02  2.375970478E-01  3.144655572E-02  7.856230634E+04  1.962135042E+02  3.285080314E+02  2.687421343E+02  4.482023327E+02  1.121603320E+00 
       171  3.449726266E-02  2.369314331E-01  3.319569832E-02  7.864445709E+04  1.979644472E+02  3.285980222E+02  2.688906641E+02  4.477585108E+02  1.117787438E+00 
       172  3.787267708E-02  2.362004853E-01  3.498142333E-02  7.908376770E+04  1.992759023E+02  3.288326592E+02  2.692760038E+02  4.462932959E+02  1.114788420E+00 
       173  4.123744789E-02  2.354271843E-01  3.677379579E-02  7.916515601E+04  2.013922703E+02  3.288177266E+02  2.692514877E+02  4.454313078E+02  1.110813672E+00 
       174  4.456263149E-02  2.345133553E-01  3.856958315E-02  7.826657855E+04  2.053485940E+02  3.282849346E+02  2.683788854E+02  4.467780834E+02  1.104236900E+00 
       175  4.789152860E-02  2.335402793E-01  4.034492433E-02  7.668905081E+04  2.105853688E+02  3.273764014E+02  2.668954340E+02  4.500079157E+02  1.095999858E+00 
       176  5.119514426E-02  2.325727211E-01  4.215365701E-02  7.498497505E+04  2.157708084E+02  3.263658919E+02  2.652503852E+02  4.534850633E+02  1.088063389E+00 
       177  5.444737908E-02  2.314873556E-01  4.396264389E-02  7.317629596E+04  2.210056717E+02  3.252524657E+02  2.634437659E+02  4.568815030E+02  1.079776827E+00 
       178  5.771043354E-02  2.303389779E-01  4.576361213E-02  7.108923819E+04  2.272883047E+02  3.238727098E+02  2.612146565E+02  4.612603688E+02  1.070434899E+00 
       179  6.093363739E-02  2.292015055E-01  4.761570799E-02  6.846621460E+04  2.362149420E+02  3.220812225E+02  2.583343034E+02  4.670498657E+02  1.056186177E+00 
       180  6.411569228E-02  2.279427553E-01  4.946832252E-02  6.642672656E+04  2.475009117E+02  3.208772268E+02  2.564055166E+02  4.714688663E+02  1.033234995E+00 
       181  6.728438578E-02  2.267057043E-01  5.135068917E-02  6.846931641E+04  2.597710838E+02  3.225751324E+02  2.591435380E+02  4.664950686E+02  9.938747063E-01 
       182  7.045491472E-02  2.254566135E-01  5.324396322E-02  7.865377441E+04  2.645677366E+02  3.288301511E+02  2.693273382E+02  4.425624962E+02  9.495136775E-01 
       183  7.352398986E-02  2.240979077E-01  5.520813549E-02  9.262087915E+04  2.513568168E+02  3.361776328E+02  2.814798408E+02  4.113197136E+02  9.482774269E-01 
       184  7.654294831E-02  2.227589545E-01  5.724026033E-02  1.024102843E+05  2.360980142E+02  3.408940513E+02  2.893947142E+02  3.905793413E+02  9.684107198E-01 
       185  7.954929441E-02  2.214414527E-01  5.933596166E-02  1.098882715E+05  2.395030165E+02  3.441986904E+02  2.950377541E+02  3.737876883E+02  9.464073721E-01 
       186  8.244157493E-02  2.200232159E-01  6.149679439E-02  1.189838438E+05  2.397599335E+02  3.485643768E+02  3.025596924E+02  3.554360962E+02  9.326270074E-01 
       187  8.531452000E-02  2.186177542E-01  6.372436707E-02  1.221989739E+05  2.375618869E+02  3.501648300E+02  3.053438652E+02  3.477324104E+02  9.350067088E-01 
       188  8.816039266E-02  2.172472440E-01  6.601424901E-02  1.229591660E+05  2.330285878E+02  3.503452578E+02  3.056583381E+02  3.452117858E+02  9.463349506E-01 
       189  9.092008057E-02  2.157826082E-01  6.831794754E-02  1.228984177E+05  2.260816413E+02  3.503422362E+02  3.056528071E+02  3.440749937E+02  9.649422945E-01 
       190  9.367581728E-02  2.143255962E-01  7.064980943E-02  1.230848021E+05  2.208876529E+02  3.503141256E+02  3.056036658E+02  3.432225131E+02  9.789793229E-01 
       191  9.641114101E-02  2.128789625E-01  7.302159977E-02  1.229565144E+05  2.185275047E+02  3.502021124E+02  3.054082794E+02  3.447264726E+02  9.853523066E-01 
       192  9.907895187E-02  2.114028516E-01  7.542603674E-02  1.228472760E+05  2.176190538E+02  3.502053037E+02  3.054138379E+02  3.449006793E+02  9.873113353E-01 
       193  1.016896232E-01  2.099003163E-01  7.789626121E-02  1.229784347E+05  2.171158757E+02  3.504862599E+02  3.059045746E+02  3.435598330E+02  9.878823729E-01 
       194  1.042573666E-01  2.084682280E-01  8.044071344E-02  1.230446916E+05  2.171645354E+02  3.509729209E+02  3.067561569E+02  3.407883635E+02  9.868592620E-01 
       195  1.067132028E-01  2.069758083E-01  8.306726980E-02  1.229783117E+05  2.179040947E+02  3.517306787E+02  3.080855167E+02  3.359987123E+02  9.832807230E-01 
       196  1.091091693E-01  2.055182938E-01  8.576040538E-02  1.229027666E+05  2.191147227E+02  3.529197478E+02  3.101781535E+02  3.286749670E+02  9.784520175E-01 
       197  1.114533399E-01  2.040960959E-01  8.851719904E-02  1.228295462E+05  2.204224812E+02  3.545030116E+02  3.129736574E+02  3.191003922E+02  9.741542266E-01 
       198  1.136946430E-01  2.026973542E-01  9.137514269E-02  1.227420744E+05  2.215197141E+02  3.563951740E+02  3.163241158E+02  3.078535206E+02  9.714226140E-01 
       199  1.158224243E-01  2.012857480E-01  9.431046231E-02  1.226856584E+05  2.228553821E+02  3.580841619E+02  3.193244100E+02  2.974159706E+02  9.687472504E-01 
       200  1.177983438E-01  1.999614296E-01  9.738734661E-02  1.226514443E+05  2.245304793E+02  3.591887522E+02  3.212901963E+02  2.901620108E+02  9.646505024E-01 
       201  1.195376812E-01  1.988013159E-01  1.006637087E-01  1.226340809E+05  2.267412287E+02  3.592329330E+02  3.213678172E+02  2.894496667E+02  9.569513425E-01 
       202  1.207748534E-01  1.979244993E-01  1.042263433E-01  1.226301542E+05  2.293839664E+02  3.576386542E+02  3.185307844E+02  2.998867691E+02  9.453827837E-01 
       203  1.209766187E-01  1.976967879E-01  1.080979692E-01  1.226622067E+05  2.321396887E+02  3.547775725E+02  3.134582601E+02  3.198793625E+02  9.346066713E-01 
       204  1.209415894E-01  1.976147862E-01  1.119887176E-01  1.227014269E+05  2.311124776E+02  3.530867802E+02  3.104745913E+02  3.305193083E+02  9.380545963E-01 
       205  1.209136670E-01  1.975679793E-01  1.158784497E-01  1.227258192E+05  2.280398767E+02  3.522618132E+02  3.090210025E+02  3.334444282E+02  9.473113278E-01 
       206  1.209140530E-01  1.975343277E-01  1.197687765E-01  1.227809170E+05  2.251441881E+02  3.517261141E+02  3.080778131E+02  3.343880783E+02  9.559782703E-01 
       207  1.209033119E-01  1.974945510E-01  1.236620610E-01  1.228342696E+05  2.232005091E+02  3.514434403E+02  3.075806382E+02  3.348201302E+02  9.618417849E-01 
       208  1.208998844E-01  1.975608583E-01  1.275528569E-01  1.228824909E+05  2.223128364E+02  3.516389065E+02  3.079248973E+02  3.335840025E+02  9.647517805E-01 
       209  1.209086196E-01  1.975927695E-01  1.314428594E-01  1.228866177E+05  2.220469111E+02  3.521877432E+02  3.088900010E+02  3.302024152E+02  9.653988810E-01 
       210  1.209261261E-01  1.976437754E-01  1.353324952E-01  1.229452825E+05  2.220930997E+02  3.530740145E+02  3.104501681E+02  3.251001825E+02  9.650577155E-01 
       211  1.209477387E-01  1.976921952E-01  1.392217013E-01  1.230377593E+05  2.216777054E+02  3.541589066E+02  3.123624653E+02  3.192629594E+02  9.663697414E-01 
       212  1.209659901E-01  1.977439656E-01  1.431109690E-01  1.231805342E+05  2.212450667E+02  3.552092010E+02  3.142016501E+02  3.136892152E+02  9.680924192E-01 
       213  1.210017723E-01  1.977818072E-01  1.470000027E-01  1.233124111E+05  2.215434227E+02  3.557173824E+02  3.148749580E+02  3.111821289E+02  9.676960744E-01 
       214 -1.337431699E-02  1.053111530E-01 -4.600000000E-02  8.760355273E+04  1.539365101E+02  3.331068268E+02  2.762952843E+02  2.357103252E+02  8.591557294E-01 
       215 -1.336879354E-02  1.054912688E-01 -4.299898917E-02  8.749772705E+04  1.539998436E+02  3.330530653E+02  2.762293010E+02  2.359629779E+02  8.597981799E-01 
       216 -1.321272523E-02  1.057016208E-01 -4.000664894E-02  8.750298486E+04  1.542125921E+02  3.330190487E+02  2.761728878E+02  2.362291746E+02  8.597495966E-01 
       217 -1.269691607E-02  1.059729593E-01 -3.706120983E-02  8.739481990E+04  1.550179183E+02  3.329438774E+02  2.760481896E+02  2.369337830E+02  8.580668583E-01 
       218 -1.181263769E-02  1.063072321E-01 -3.420969757E-02  8.720416074E+04  1.559455448E+02  3.328507713E+02  2.758938734E+02  2.379277990E+02  8.568482932E-01 
       219 -1.066241908E-02  1.066659143E-01 -3.145726216E-02  8.705009097E+04  1.566854437E+02  3.327966259E+02  2.758041398E+02  2.387874179E+02  8.562419786E-01 
       220 -9.280794463E-03  1.070573859E-01 -2.881758489E-02  8.690993790E+04  1.574567923E+02  3.327309920E+02  2.756952674E+02  2.396358200E+02  8.554744598E-01 
       221 -7.735023178E-03  1.074435380E-01 -2.626912607E-02  8.679736014E+04  1.581666048E+02  3.326877426E+02  2.756236482E+02  2.402934448E+02  8.544192021E-01 
       222 -6.047350445E-03  1.078135440E-01 -2.381048416E-02  8.666578683E+04  1.591605586E+02  3.325643514E+02  2.754191998E+02  2.412205149E+02  8.527757262E-01 
       223 -4.299611852E-03  1.081916589E-01 -2.139379423E-02  8.662168763E+04  1.596282187E+02  3.326479093E+02  2.755576808E+02  2.415691075E+02  8.519967305E-01 
       224 -2.461870607E-03  1.085505379E-01 -1.904289133E-02  8.667986266E+04  1.600441963E+02  3.325609507E+02  2.754136716E+02  2.418685941E+02  8.512870825E-01 
       225 -5.886173328E-04  1.088780789E-01 -1.671486844E-02  8.675692998E+04  1.600137793E+02  3.326782926E+02  2.756080353E+02  2.420689181E+02  8.526769534E-01 
       226  1.337912187E-03  1.092215599E-01 -1.443302686E-02  8.684777631E+04  1.596855554E+02  3.325837233E+02  2.754513605E+02  2.423301095E+02  8.558684995E-01 
       227  3.290030235E-03  1.094941851E-01 -1.216353628E-02  8.667177479E+04  1.594110171E+02  3.324754092E+02  2.752719407E+02  2.436744040E+02  8.625597669E-01 
       228  5.262023684E-03  1.097864070E-01 -9.913643549E-03  8.608551884E+04  1.600931470E+02  3.321053882E+02  2.746598081E+02  2.467638162E+02  8.703614293E-01 
       229  7.256339014E-03  1.100495762E-01 -7.679258903E-03  8.403232394E+04  1.649712758E+02  3.310177557E+02  2.728641873E+02  2.541316847E+02  8.710249343E-01 
       230  9.250945095E-03  1.102792579E-01 -5.441700620E-03  8.171688106E+04  1.728197642E+02  3.298715732E+02  2.709773877E+02  2.620401125E+02  8.584352371E-01 
       231  1.125130268E-02  1.105297001E-01 -3.209862298E-03  8.090683618E+04  1.789935660E+02  3.295484247E+02  2.704465880E+02  2.653504248E+02  8.383892421E-01 
       232  1.324504242E-02  1.107259366E-01 -9.692227629E-04  8.125145435E+04  1.835483065E+02  3.297325726E+02  2.707490082E+02  2.644090624E+02  8.112277072E-01 
       233  1.522818012E-02  1.109344875E-01  1.280794701E-03  8.285087354E+04  1.851117935E+02  3.305909405E+02  2.721613493E+02  2.587204266E+02  7.831037827E-01 
       234  1.717717000E-02  1.111306516E-01  3.565314237E-03  8.507398828E+04  1.846400051E+02  3.318043060E+02  2.741631355E+02  2.507717991E+02  7.587793693E-01 
       235  2.098827574E-02  1.115152878E-01  8.199040730E-03  8.912887842E+04  1.885066557E+02  3.339399853E+02  2.777037029E+02  2.384126472E+02  6.990230009E-01 
       236  2.283804163E-02  1.116790561E-01  1.055952489E-02  9.035068707E+04  1.915909369E+02  3.351387815E+02  2.797000799E+02  2.303884128E+02  6.574198408E-01 
       237  2.632960383E-02  1.121198866E-01  1.543269692E-02  9.097440820E+04  2.070196304E+02  3.351346321E+02  2.796932640E+02  2.320232658E+02  5.808067881E-01 
       238  2.959379811E-02  1.126564718E-01  2.044933110E-02  9.019085693E+04  2.229455495E+02  3.345989089E+02  2.787995272E+02  2.378691292E+02  5.169192394E-01 
       239  3.114059063E-02  1.129278581E-01  2.301118304E-02  8.967297054E+04  2.302320517E+02  3.344967417E+02  2.786293364E+02  2.403127038E+02  4.875173329E-01 
       240  3.264987762E-02  1.132456905E-01  2.559358749E-02  8.912079886E+04  2.374890037E+02  3.340815265E+02  2.779384091E+02  2.435332577E+02  4.614735284E-01 
       241  3.807676132E-02  1.146676712E-01  3.621643154E-02  8.786012136E+04  2.622013653E+02  3.333524592E+02  2.767262016E+02  2.523297352E+02  3.681984174E-01 
       242  3.928374460E-02  1.150413043E-01  3.894926042E-02  8.800559448E+04  2.676302459E+02  3.337659328E+02  2.774139309E+02  2.532191823E+02  3.440816656E-01 
       243  4.044503934E-02  1.154301055E-01  4.169676193E-02  8.842528662E+04  2.713806928E+02  3.341384798E+02  2.780333856E+02  2.524044492E+02  3.229558660E-01 
       244  4.154949506E-02  1.158110833E-01  4.446441861E-02  8.907278076E+04  2.747648182E+02  3.344983559E+02  2.786326103E+02  2.511060324E+02  3.018765971E-01 
       245  4.259018966E-02  1.161595968E-01  4.726780086E-02  8.990585071E+04  2.777112138E+02  3.349114157E+02  2.793213679E+02  2.491572802E+02  2.804435129E-01 
       246  4.357921759E-02  1.165132208E-01  5.008364009E-02  9.090799976E+04  2.798146791E+02  3.354269276E+02  2.801816835E+02  2.462453051E+02  2.599641755E-01 
       247  4.448002582E-02  1.168267471E-01  5.293502673E-02  9.206740234E+04  2.819187638E+02  3.359520839E+02  2.810596164E+02  2.432622495E+02  2.389312920E-01 
       248  4.534234860E-02  1.171711221E-01  5.579536500E-02  9.332403027E+04  2.828720303E+02  3.366113319E+02  2.821640854E+02  2.394022923E+02  2.211760292E-01 
       249  4.612355051E-02  1.174912616E-01  5.867935283E-02  9.453475000E+04  2.840503159E+02  3.372590370E+02  2.832510948E+02  2.357503319E+02  2.025387082E-01 
       250  4.681688670E-02  1.178330389E-01  6.158342338E-02  9.568933789E+04  2.849877853E+02  3.378625717E+02  2.842657318E+02  2.325651894E+02  1.874288172E-01 
       251  4.742483443E-02  1.181684938E-01  6.451168194E-02  9.674910938E+04  2.857469025E+02  3.384408226E+02  2.852395630E+02  2.296469402E+02  1.744367946E-01 
       252  4.796175059E-02  1.184973583E-01  6.744925218E-02  9.768116406E+04  2.866273031E+02  3.390039711E+02  2.861891479E+02  2.268613205E+02  1.609614338E-01 
       253  4.839690646E-02  1.188449776E-01  7.040346354E-02  9.845705969E+04  2.878488352E+02  3.393929415E+02  2.868459282E+02  2.249664764E+02  1.487965300E-01 
       254  4.867844520E-02  1.192029192E-01  7.337369276E-02  9.899328532E+04  2.894864107E+02  3.396187948E+02  2.872279733E+02  2.239259022E+02  1.374534069E-01 
       255  4.889804354E-02  1.195863964E-01  7.634446821E-02  9.940816280E+04  2.910211354E+02  3.397378228E+02  2.874294067E+02  2.228461434E+02  1.264286018E-01 
       256  4.901527392E-02  1.199575346E-01  7.936475415E-02  9.956969742E+04  2.935131494E+02  3.397485830E+02  2.874477657E+02  2.232260463E+02  1.153208478E-01 
       257  4.897414798E-02  1.207471392E-01  8.530893469E-02  9.973616211E+04  2.975282478E+02  3.399537582E+02  2.877947426E+02  2.235096512E+02  9.651961550E-02 
       258  4.879835866E-02  1.211503063E-01  8.827262235E-02  1.001706816E+05  2.983221092E+02  3.400575562E+02  2.879708672E+02  2.231074276E+02  9.200531524E-02 
       259  4.854576088E-02  1.215647590E-01  9.126615169E-02  1.007376946E+05  2.979237484E+02  3.402026944E+02  2.882166545E+02  2.219237118E+02  9.157103135E-02 
       260  4.818457029E-02  1.219712360E-01  9.420996830E-02  1.012586673E+05  2.971394869E+02  3.404904739E+02  2.887043694E+02  2.199118543E+02  8.972365403E-02 
       261  4.782320061E-02  1.224212570E-01  9.713670139E-02  1.020039648E+05  2.958594933E+02  3.407952709E+02  2.892225342E+02  2.173695345E+02  8.909615502E-02 
       262  4.734997920E-02  1.228526278E-01  1.001180955E-01  1.030486133E+05  2.939790459E+02  3.413744698E+02  2.902058601E+02  2.139756165E+02  8.830765262E-02 
       263  4.683890011E-02  1.232935874E-01  1.030087938E-01  1.043205566E+05  2.910073348E+02  3.421859439E+02  2.915876986E+02  2.101835080E+02  9.315966556E-02 
       264  4.566507936E-02  1.242316696E-01  1.088390156E-01  1.061968771E+05  2.850120904E+02  3.425480881E+02  2.922050457E+02  2.038329507E+02  1.089449855E-01 
       265  4.352639189E-02  1.257122811E-01  1.174848542E-01  1.075197606E+05  2.599088133E+02  3.467044383E+02  2.993428220E+02  1.644482191E+02  1.328808577E-01 
       266  4.289440586E-02  1.261798267E-01  1.203730247E-01  1.075547385E+05  2.515737491E+02  3.483087743E+02  3.021192107E+02  1.470726620E+02  1.331253288E-01 
       267  4.242365191E-02  1.265975250E-01  1.232861776E-01  1.075842403E+05  2.462065342E+02  3.494481933E+02  3.040954812E+02  1.371770283E+02  1.408618342E-01 
       268  4.208270049E-02  1.270006734E-01  1.262530889E-01  1.076170059E+05  2.447968369E+02  3.495854568E+02  3.043337364E+02  1.371435738E+02  1.542814616E-01 
       269  4.202415066E-02  1.273246053E-01  1.292418903E-01  1.075913065E+05  2.454167814E+02  3.493047361E+02  3.038452906E+02  1.406968884E+02  1.637773118E-01 
       270  4.218523596E-02  1.275849052E-01  1.322314117E-01  1.074651742E+05  2.471531982E+02  3.488595984E+02  3.030715541E+02  1.456350702E+02  1.697067928E-01 
       271  4.252691668E-02  1.278080741E-01  1.352038484E-01  1.073110105E+05  2.496028957E+02  3.484957303E+02  3.024400091E+02  1.511158152E+02  1.725688430E-01 
       272  4.296344289E-02  1.279984053E-01  1.381664338E-01  1.071732080E+05  2.518568361E+02  3.480591992E+02  3.016836654E+02  1.559731051E+02  1.755009151E-01 
       273  4.347514252E-02  1.281630447E-01  1.411197974E-01  1.069354076E+05  2.540371808E+02  3.476484871E+02  3.009720930E+02  1.604982387E+02  1.779809778E-01 
       274  4.403358971E-02  1.283124551E-01  1.440677535E-01  1.066280120E+05  2.561029470E+02  3.474233961E+02  3.005815048E+02  1.643624845E+02  1.793477695E-01 
       275  4.466583781E-02  1.284644007E-01  1.470000034E-01  1.063684008E+05  2.583298681E+02  3.470657504E+02  2.963909459E+02  1.681404040E+02  1.791826557E-01 
       276 -1.390154712E-02  1.725232616E-01 -4.600000033E-02  8.238597751E+04  1.818778798E+02  3.303196692E+02  2.714079482E+02  3.424134669E+02  1.010703174E+00 
       277 -1.389524734E-02  1.726308379E-01 -4.258575940E-02  8.268313358E+04  1.814886309E+02  3.303618757E+02  2.717832474E+02  3.424074392E+02  1.012027434E+00 
       278 -1.388827040E-02  1.727470810E-01 -3.919459871E-02  8.295249515E+04  1.810351033E+02  3.304251438E+02  2.718873454E+02  3.422508937E+02  1.013301728E+00 
       279 -1.387976982E-02  1.728866868E-01 -3.575874102E-02  8.304115457E+04  1.808271818E+02  3.304470335E+02  2.719233977E+02  3.423390411E+02  1.014175410E+00 
       280 -1.386962822E-02  1.730354599E-01 -3.234598001E-02  8.290633214E+04  1.810749755E+02  3.303666974E+02  2.717912139E+02  3.429647242E+02  1.014457606E+00 
       281 -1.385715910E-02  1.732129765E-01 -2.893478341E-02  8.250557887E+04  1.817750405E+02  3.301505093E+02  2.714356955E+02  3.442493880E+02  1.014385541E+00 
       282 -1.381464856E-02  1.733989484E-01 -2.553958976E-02  8.189266278E+04  1.830289567E+02  3.297905458E+02  2.708442668E+02  3.462167577E+02  1.013684218E+00 
       283 -1.334927366E-02  1.736519924E-01 -2.216152427E-02  8.099492153E+04  1.851232035E+02  3.292848085E+02  2.700143444E+02  3.489148678E+02  1.011499759E+00 
       284 -1.220387625E-02  1.739549638E-01 -1.896956374E-02  7.964866016E+04  1.887046528E+02  3.284855614E+02  2.687058697E+02  3.527811584E+02  1.006532460E+00 
       285 -1.057589609E-02  1.742731966E-01 -1.599005111E-02  7.782512111E+04  1.941095268E+02  3.274517683E+02  2.670176639E+02  3.580647869E+02  9.982774710E-01 
       286 -8.586070527E-03  1.745821273E-01 -1.323108332E-02  7.592924869E+04  1.991567498E+02  3.266699386E+02  2.657430694E+02  3.624269338E+02  9.896026026E-01 
       287 -6.371188279E-03  1.748941133E-01 -1.065117603E-02  7.579121277E+04  2.009946803E+02  3.268058324E+02  2.659645861E+02  3.621374339E+02  9.827493008E-01 
       288 -3.959984913E-03  1.752012559E-01 -8.251810021E-03  7.874222819E+04  1.970327377E+02  3.284790973E+02  2.687010282E+02  3.544462841E+02  9.816741976E-01 
       289 -1.474621790E-03  1.754287438E-01 -5.921768022E-03  8.446890472E+04  1.883121790E+02  3.312804921E+02  2.733058412E+02  3.407672580E+02  9.871832539E-01 
       290  1.096342236E-03  1.756586641E-01 -3.684409899E-03  8.945880908E+04  1.802707848E+02  3.336006643E+02  2.771416877E+02  3.285432763E+02  9.948766160E-01 
       291  3.722457199E-03  1.758529720E-01 -1.512169024E-03  9.161591699E+04  1.751971326E+02  3.344147520E+02  2.784932060E+02  3.247520018E+02  1.006476015E+00 
       292  6.390497491E-03  1.759799744E-01  6.206893580E-04  8.929744727E+04  1.761960011E+02  3.332806473E+02  2.766114655E+02  3.314083557E+02  1.013244778E+00 
       293  1.179759467E-02  1.761809281E-01  4.808741428E-03  7.513108398E+04  2.030824356E+02  3.261273117E+02  2.648674850E+02  3.676314468E+02  9.864462912E-01 
       294  1.450804596E-02  1.762121176E-01  6.883706551E-03  7.193932861E+04  2.112626648E+02  3.240508003E+02  2.615004425E+02  3.775368176E+02  9.787703827E-01 
       295  1.722225861E-02  1.762495216E-01  8.953048646E-03  7.089047461E+04  2.136366844E+02  3.232758598E+02  2.602507477E+02  3.808008270E+02  9.774619937E-01 
       296  1.993233776E-02  1.761597577E-01  1.102855473E-02  6.953924121E+04  2.167660580E+02  3.222986794E+02  2.586811256E+02  3.838260918E+02  9.733974338E-01 
       297  2.263244469E-02  1.760920636E-01  1.311525345E-02  6.743251221E+04  2.232555714E+02  3.208113670E+02  2.562998581E+02  3.902957115E+02  9.655699581E-01 
       298  2.532249661E-02  1.759768902E-01  1.521525865E-02  6.565283374E+04  2.306802769E+02  3.195586205E+02  2.543010445E+02  3.969706745E+02  9.553086199E-01 
       299  2.800116021E-02  1.758008440E-01  1.732596334E-02  6.553229932E+04  2.346849785E+02  3.194890995E+02  2.541906948E+02  3.981108780E+02  9.443237782E-01 
       300  3.066011949E-02  1.756198651E-01  1.946182943E-02  6.840124512E+04  2.351636291E+02  3.211652231E+02  2.568764119E+02  3.910709815E+02  9.274589829E-01 
       301  3.850917716E-02  1.748410184E-01  2.602581626E-02  8.774859106E+04  2.348193083E+02  3.343181620E+02  2.783360958E+02  3.336032572E+02  8.201535922E-01 
       302  4.358739934E-02  1.740919978E-01  3.053362568E-02  8.544987793E+04  2.410709372E+02  3.325055704E+02  2.753223104E+02  3.461308346E+02  8.205672838E-01 
       303  4.609287257E-02  1.736863543E-01  3.281922705E-02  8.424291797E+04  2.436871662E+02  3.321255360E+02  2.746930227E+02  3.485720587E+02  8.163242526E-01 
       304  4.855845708E-02  1.731970535E-01  3.512834265E-02  8.423922119E+04  2.473837509E+02  3.320345316E+02  2.745425119E+02  3.483329096E+02  8.032983430E-01 
       305  5.100043215E-02  1.726458906E-01  3.745772352E-02  8.617405701E+04  2.504853883E+02  3.329908967E+02  2.761288319E+02  3.437058778E+02  7.849001009E-01 
       306  5.340036417E-02  1.720848619E-01  3.982071753E-02  9.052682288E+04  2.499446375E+02  3.353884511E+02  2.801255469E+02  3.326125007E+02  7.682964690E-01 
       307  5.576533568E-02  1.714326002E-01  4.220398857E-02  9.594749908E+04  2.474921513E+02  3.381425837E+02  2.847423905E+02  3.183281080E+02  7.538795429E-01 
       308  5.808130114E-02  1.707532671E-01  4.462162642E-02  9.993048686E+04  2.457183537E+02  3.402238249E+02  2.882558298E+02  3.076568529E+02  7.437947221E-01 
       309  6.913202621E-02  1.670049815E-01  5.708998555E-02  1.114843325E+05  2.423642988E+02  3.459933724E+02  2.981135635E+02  2.755119028E+02  7.130376836E-01 
       310  7.325557335E-02  1.653928843E-01  6.228962682E-02  1.151129909E+05  2.409337990E+02  3.475849285E+02  3.008617053E+02  2.657219149E+02  7.074196916E-01 
       311  7.526114685E-02  1.645964451E-01  6.493668120E-02  1.164750137E+05  2.400245075E+02  3.481331673E+02  3.018114433E+02  2.625802383E+02  7.089921609E-01 
       312  8.099008587E-02  1.620989224E-01  7.305121222E-02  1.189873848E+05  2.379422016E+02  3.491435699E+02  3.035648232E+02  2.551754131E+02  7.094401196E-01 
       313  8.281625202E-02  1.612441772E-01  7.580722199E-02  1.192835967E+05  2.373364563E+02  3.491949615E+02  3.036541405E+02  2.544275055E+02  7.117941231E-01 
       314  8.462318717E-02  1.604029889E-01  7.856519154E-02  1.194698770E+05  2.367457123E+02  3.492457819E+02  3.037423983E+02  2.542925630E+02  7.155042458E-01 
       315  8.638808364E-02  1.595156660E-01  8.135371941E-02  1.194900605E+05  2.364390817E+02  3.492201138E+02  3.036977382E+02  2.541123180E+02  7.173573337E-01 
       316  8.818531781E-02  1.586346563E-01  8.418846896E-02  1.194037072E+05  2.366759354E+02  3.490447457E+02  3.033928908E+02  2.535541026E+02  7.142793345E-01 
       317  9.153487112E-02  1.568453452E-01  8.985396979E-02  1.193694231E+05  2.363329158E+02  3.490887747E+02  3.034700642E+02  2.536349754E+02  7.163639301E-01 
       318  9.319079870E-02  1.559467714E-01  9.269883327E-02  1.193892305E+05  2.364416866E+02  3.491328354E+02  3.035467377E+02  2.534478760E+02  7.159441262E-01 
       319  9.639067810E-02  1.541493463E-01  9.845101971E-02  1.195103311E+05  2.372643127E+02  3.490291462E+02  3.033659325E+02  2.534950523E+02  7.137728073E-01 
       320  9.789700787E-02  1.532238030E-01  1.013752208E-01  1.195152507E+05  2.382771523E+02  3.489174027E+02  3.031715856E+02  2.534498246E+02  7.087048655E-01 
       321  9.939560036E-02  1.523575645E-01  1.043121280E-01  1.194387793E+05  2.388716583E+02  3.487801056E+02  3.029329548E+02  2.538441620E+02  7.073487490E-01 
       322  1.008373928E-01  1.515239935E-01  1.072922639E-01  1.192177510E+05  2.394608517E+02  3.485701122E+02  3.025682583E+02  2.548250065E+02  7.065805420E-01 
       323  1.021925752E-01  1.507164957E-01  1.103173974E-01  1.189313452E+05  2.407087660E+02  3.483186531E+02  3.021322565E+02  2.563956642E+02  7.028545234E-01 
       324  1.063175391E-01  1.486079647E-01  1.265700906E-01  1.183257695E+05  2.423068962E+02  3.489183655E+02  3.031770592E+02  2.545697899E+02  6.975160837E-01 
       325  1.064822206E-01  1.487022474E-01  1.299738775E-01  1.185127422E+05  2.380607109E+02  3.502691498E+02  3.055300789E+02  2.440910225E+02  7.070697546E-01 
       326  1.066476119E-01  1.488146338E-01  1.333799290E-01  1.185042129E+05  2.332603073E+02  3.514792404E+02  3.076424599E+02  2.342361794E+02  7.213387936E-01 
       327  1.068180965E-01  1.489318139E-01  1.367854531E-01  1.183764238E+05  2.302570610E+02  3.519601822E+02  3.084828644E+02  2.306880684E+02  7.330371812E-01 
       328  1.069979625E-01  1.490578552E-01  1.401905319E-01  1.182001816E+05  2.306318607E+02  3.514741020E+02  3.076318645E+02  2.346171894E+02  7.343690991E-01 
       329  1.071817424E-01  1.491887345E-01  1.435955648E-01  1.179695454E+05  2.341241684E+02  3.503018723E+02  3.054188366E+02  2.436560726E+02  7.258087881E-01 
       330  1.073851999E-01  1.493347905E-01  1.470000044E-01  1.178574727E+05  2.403250351E+02  3.487620697E+02  3.017273331E+02  2.557203140E+02  7.098480016E-01 
       331 -5.132010553E-03  2.399711247E-01 -4.600000034E-02  8.410840479E+04  1.735114784E+02  3.308835449E+02  2.732659454E+02  4.397983894E+02  1.165207684E+00 
       332 -5.128125210E-03  2.399809281E-01 -4.210430258E-02  8.370118433E+04  1.756488500E+02  3.304204063E+02  2.718806257E+02  4.416386042E+02  1.161805198E+00 
       333 -5.125201508E-03  2.399922328E-01 -3.820870464E-02  8.173854480E+04  1.789284707E+02  3.297198565E+02  2.707301171E+02  4.442977824E+02  1.156455951E+00 
       334 -5.121813889E-03  2.400095995E-01 -3.431329778E-02  8.012550870E+04  1.832172767E+02  3.288034190E+02  2.692264618E+02  4.477394757E+02  1.149456365E+00 
       335 -5.119016059E-03  2.400291916E-01 -3.041776666E-02  7.880692508E+04  1.862818615E+02  3.281256831E+02  2.681172423E+02  4.502101001E+02  1.144544329E+00 
       336 -5.114574788E-03  2.400538233E-01 -2.652182619E-02  7.787397600E+04  1.877135406E+02  3.279471424E+02  2.678251594E+02  4.511381437E+02  1.141999218E+00 
       337 -5.109553763E-03  2.400828758E-01 -2.262552630E-02  7.819825879E+04  1.864995401E+02  3.284362640E+02  2.686282296E+02  4.497681828E+02  1.143593861E+00 
       338 -5.103895973E-03  2.401152952E-01 -1.872899116E-02  8.175290063E+04  1.803564240E+02  3.301024864E+02  2.713649392E+02  4.432739482E+02  1.152147026E+00 
       339 -4.925504783E-03  2.402473149E-01 -7.056915668E-03  8.352800369E+04  1.744069658E+02  3.312034974E+02  2.731757969E+02  4.390758944E+02  1.162624158E+00 
       340 -3.715119829E-03  2.403023013E-01 -3.373311706E-03  8.058095343E+04  1.819040071E+02  3.296988375E+02  2.706958556E+02  4.456116729E+02  1.150420434E+00 
       341 -1.562012846E-03  2.403581740E-01 -1.360753051E-04  7.988025725E+04  1.850963645E+02  3.289787278E+02  2.695131254E+02  4.485044901E+02  1.145595331E+00 
       342  1.133764527E-03  2.404094608E-01  2.675248428E-03  7.989605371E+04  1.848213763E+02  3.288916616E+02  2.693708849E+02  4.479216843E+02  1.145868167E+00 
       343  4.137632423E-03  2.404197044E-01  5.149238455E-03  7.970283987E+04  1.847933154E+02  3.287378863E+02  2.691189724E+02  4.483944352E+02  1.146716750E+00 
       344  7.316400202E-03  2.403253331E-01  7.399564588E-03  7.949203488E+04  1.852218059E+02  3.285964492E+02  2.688869069E+02  4.491566454E+02  1.146856895E+00 
       345  1.395577155E-02  2.400667001E-01  1.148649181E-02  8.695977930E+04  1.714732742E+02  3.318804340E+02  2.742965269E+02  4.379060688E+02  1.170186393E+00 
       346  1.735065466E-02  2.397965962E-01  1.337576268E-02  8.991298047E+04  1.599577503E+02  3.336305771E+02  2.771929817E+02  4.286693726E+02  1.190401629E+00 
       347  2.419161170E-02  2.391929427E-01  1.704637434E-02  8.013482813E+04  1.844252739E+02  3.295380859E+02  2.704329338E+02  4.468082428E+02  1.146700919E+00 
       348  2.761839379E-02  2.387452844E-01  1.884103948E-02  8.052494824E+04  1.863906555E+02  3.295488014E+02  2.704479599E+02  4.473895798E+02  1.142206118E+00 
       349  3.105226563E-02  2.382885234E-01  2.062260888E-02  8.136723730E+04  1.850882988E+02  3.299917583E+02  2.711749439E+02  4.440707359E+02  1.142041348E+00 
       350  3.788868369E-02  2.371344800E-01  2.417075674E-02  8.020079102E+04  1.875765476E+02  3.293249531E+02  2.700807190E+02  4.467038231E+02  1.139059581E+00 
       351  4.468291751E-02  2.357525484E-01  2.771953789E-02  8.041233496E+04  1.896326618E+02  3.293682747E+02  2.701544075E+02  4.458869934E+02  1.135268085E+00 
       352  4.805699300E-02  2.349490393E-01  2.948953136E-02  8.114830957E+04  1.889144340E+02  3.297506757E+02  2.707820969E+02  4.435976048E+02  1.136665223E+00 
       353  5.140582287E-02  2.340778219E-01  3.127771149E-02  8.088017236E+04  1.902608795E+02  3.295145912E+02  2.703931160E+02  4.436452122E+02  1.135021925E+00 
       354  5.473006301E-02  2.331020583E-01  3.305777180E-02  7.965701855E+04  1.934266872E+02  3.287674980E+02  2.691682320E+02  4.459641953E+02  1.131006703E+00 
       355  5.803984836E-02  2.320923676E-01  3.484458617E-02  7.814061768E+04  1.975107670E+02  3.277856789E+02  2.675633259E+02  4.494161949E+02  1.126167312E+00 
       356  6.132921494E-02  2.310454118E-01  3.665150486E-02  7.642692587E+04  2.015865459E+02  3.267639829E+02  2.658978040E+02  4.528962998E+02  1.121523938E+00 
       357  6.777528194E-02  2.285846393E-01  4.027160278E-02  8.436744238E+04  2.155433998E+02  3.320233307E+02  2.745571442E+02  4.312257156E+02  1.065706015E+00 
       358  7.097972553E-02  2.273472007E-01  4.209367684E-02  9.110538672E+04  2.306870689E+02  3.355599403E+02  2.804106960E+02  4.153462410E+02  1.011944734E+00 
       359  7.412444428E-02  2.259565065E-01  4.393674079E-02  8.987504419E+04  2.362284207E+02  3.343589497E+02  2.784074488E+02  4.211676416E+02  1.004136479E+00 
       360  7.725834663E-02  2.245514312E-01  4.577102978E-02  8.551293359E+04  2.383607121E+02  3.325476017E+02  2.753937340E+02  4.312835789E+02  1.008064657E+00 
       361  8.037011026E-02  2.231435234E-01  4.763983740E-02  8.781992480E+04  2.386442070E+02  3.343992081E+02  2.784897308E+02  4.242270050E+02  1.002829716E+00 
       362  8.343109451E-02  2.215945322E-01  4.950276897E-02  1.018399034E+05  2.293641404E+02  3.412875738E+02  2.901103923E+02  3.946633413E+02  1.007853514E+00 
       363  8.646988642E-02  2.201046420E-01  5.141624103E-02  1.232315566E+05  2.188594122E+02  3.486258316E+02  3.026934018E+02  3.573222980E+02  1.021378597E+00 
       364  9.242245520E-02  2.169732682E-01  5.534503106E-02  1.178090132E+05  2.273620720E+02  3.487100277E+02  3.028299112E+02  3.578988380E+02  9.821575992E-01 
       365  9.533631835E-02  2.153857768E-01  5.738443174E-02  1.178793795E+05  2.261357100E+02  3.492365494E+02  3.037510381E+02  3.572911167E+02  9.820681838E-01 
       366  9.819952312E-02  2.138016843E-01  5.949569436E-02  1.191737783E+05  2.262920437E+02  3.499501305E+02  3.049949532E+02  3.521742611E+02  9.772955626E-01 
       367  1.009694591E-01  2.121295788E-01  6.167326851E-02  1.199768657E+05  2.278864484E+02  3.503680344E+02  3.057260017E+02  3.471170464E+02  9.683464784E-01 
       368  1.037116704E-01  2.105064985E-01  6.390540356E-02  1.205131587E+05  2.300429907E+02  3.507843180E+02  3.064559231E+02  3.439092913E+02  9.587055258E-01 
       369  1.064180189E-01  2.088777679E-01  6.618856681E-02  1.211156870E+05  2.311964321E+02  3.511507664E+02  3.070954952E+02  3.414423771E+02  9.524935931E-01 
       370  1.090480686E-01  2.071800512E-01  6.850700508E-02  1.216607935E+05  2.312478294E+02  3.515053329E+02  3.077165337E+02  3.386581135E+02  9.498406909E-01 
       371  1.116790455E-01  2.055210471E-01  7.084353951E-02  1.221387725E+05  2.312092421E+02  3.519076328E+02  3.084223146E+02  3.360941577E+02  9.483263418E-01 
       372  1.142974452E-01  2.038484190E-01  7.319785208E-02  1.224926130E+05  2.302095723E+02  3.520804262E+02  3.087216511E+02  3.352672653E+02  9.498377442E-01 
       373  1.168416696E-01  2.021295301E-01  7.558130371E-02  1.227623833E+05  2.292677383E+02  3.522750950E+02  3.090644341E+02  3.342389278E+02  9.515951909E-01 
       374  1.193277496E-01  2.004108846E-01  7.805168345E-02  1.229350217E+05  2.280007508E+02  3.523749876E+02  3.092414927E+02  3.334893842E+02  9.545182306E-01 
       375  1.217693779E-01  1.987784452E-01  8.060399866E-02  1.229314211E+05  2.265959086E+02  3.522978249E+02  3.091051302E+02  3.333667479E+02  9.581526890E-01 
       376  1.240793489E-01  1.970470446E-01  8.322373237E-02  1.228514526E+05  2.249271193E+02  3.521815891E+02  3.089016237E+02  3.333607702E+02  9.625450037E-01 
       377  1.263696524E-01  1.953872062E-01  8.590193330E-02  1.230180621E+05  2.223949657E+02  3.524171200E+02  3.093078444E+02  3.322100244E+02  9.691061052E-01 
       378  1.285811840E-01  1.937639536E-01  8.866989816E-02  1.232477816E+05  2.204835393E+02  3.516315427E+02  3.079247532E+02  3.357733235E+02  9.744725265E-01 
       379  1.378530526E-01  1.861918564E-01  1.119425893E-01  1.229514185E+05  2.195643272E+02  3.556991825E+02  3.150811129E+02  3.144290915E+02  9.736678302E-01 
       380  1.378280879E-01  1.861358471E-01  1.158380052E-01  1.230755906E+05  2.223281851E+02  3.569997511E+02  3.173885059E+02  3.033546152E+02  9.657720439E-01 
       381  1.378172244E-01  1.861105784E-01  1.197328496E-01  1.226012173E+05  2.262020612E+02  3.571949043E+02  3.177373700E+02  3.012483525E+02  9.535989799E-01 
       382  1.378137064E-01  1.861013403E-01  1.236281983E-01  1.226013379E+05  2.284181535E+02  3.564193084E+02  3.163634315E+02  3.075716193E+02  9.452119749E-01 
       383  1.378232998E-01  1.861207539E-01  1.275238734E-01  1.226869691E+05  2.283675973E+02  3.551164692E+02  3.140575813E+02  3.173824984E+02  9.450724513E-01 
       384  1.378388478E-01  1.861485149E-01  1.314192119E-01  1.228283479E+05  2.264900776E+02  3.539227342E+02  3.119477908E+02  3.251058213E+02  9.513860035E-01 
       385  1.378667705E-01  1.861922064E-01  1.353144338E-01  1.229901083E+05  2.242271271E+02  3.534048331E+02  3.110347966E+02  3.276646750E+02  9.593271906E-01 
       386  1.378917792E-01  1.862393165E-01  1.392095884E-01  1.231545363E+05  2.228492579E+02  3.530010625E+02  3.103216189E+02  3.288886398E+02  9.635820626E-01 
       387  1.379128913E-01  1.862912877E-01  1.431056120E-01  1.232844103E+05  2.220219060E+02  3.529464502E+02  3.100760548E+02  3.276827492E+02  9.656058994E-01 
       388  1.379274402E-01  1.863453723E-01  1.469999959E-01  1.233435566E+05  2.211050754E+02  3.536207042E+02  3.108175163E+02  3.220866838E+02  9.682860430E-01 
       389 -3.389247132E-02  1.007789921E-01 -4.300551245E-02  8.754999951E+04  1.539454041E+02  3.330593491E+02  2.762397461E+02  2.357975788E+02  8.594912067E-01 
       390 -3.372456358E-02  1.010433636E-01 -4.002223516E-02  8.745854369E+04  1.544652922E+02  3.330206799E+02  2.761756636E+02  2.363946991E+02  8.589289560E-01 
       391 -3.329024078E-02  1.014074167E-01 -3.707963811E-02  8.734013449E+04  1.551590848E+02  3.329567798E+02  2.760696598E+02  2.371222227E+02  8.579764091E-01 
       392 -3.255620303E-02  1.018883264E-01 -3.421559131E-02  8.722325119E+04  1.558825161E+02  3.328827434E+02  2.759468297E+02  2.378759844E+02  8.570314837E-01 
       393 -3.153373485E-02  1.024554568E-01 -3.145384174E-02  8.711293784E+04  1.566079133E+02  3.328094953E+02  2.758254337E+02  2.386201055E+02  8.561068181E-01 
       394 -3.028950121E-02  1.031058036E-01 -2.880322264E-02  8.700540898E+04  1.573165860E+02  3.327445192E+02  2.757177355E+02  2.393566591E+02  8.552907311E-01 
       395 -2.888173412E-02  1.037838005E-01 -2.624318977E-02  8.691557498E+04  1.579497141E+02  3.326949970E+02  2.756356673E+02  2.400053985E+02  8.546037239E-01 
       396 -2.733119538E-02  1.044792183E-01 -2.377110822E-02  8.683721415E+04  1.584927282E+02  3.326556658E+02  2.755705233E+02  2.406395121E+02  8.543815907E-01 
       397 -2.568342124E-02  1.052055751E-01 -2.135968630E-02  8.671609860E+04  1.590361978E+02  3.325946359E+02  2.754693396E+02  2.414597569E+02  8.548225118E-01 
       398 -2.397735570E-02  1.059146334E-01 -1.899049647E-02  8.652210464E+04  1.596533806E+02  3.324906269E+02  2.752971159E+02  2.425568265E+02  8.558507643E-01 
       399 -2.220871387E-02  1.066063154E-01 -1.667396516E-02  8.616278989E+04  1.606720973E+02  3.322956489E+02  2.749743640E+02  2.442851801E+02  8.569517490E-01 
       400 -2.041003203E-02  1.073389070E-01 -1.437512078E-02  8.562727353E+04  1.623585207E+02  3.320015192E+02  2.744878418E+02  2.467999514E+02  8.572911595E-01 
       401 -1.856976066E-02  1.079715131E-01 -1.211630566E-02  8.496205515E+04  1.649622678E+02  3.316393580E+02  2.738893664E+02  2.496961472E+02  8.541778195E-01 
       402 -1.670953655E-02  1.086522831E-01 -9.860640570E-03  8.437510519E+04  1.683417639E+02  3.313244276E+02  2.733693373E+02  2.523125904E+02  8.460037377E-01 
       403 -1.482329113E-02  1.093026603E-01 -7.620995183E-03  8.437862483E+04  1.710419410E+02  3.313397449E+02  2.733946870E+02  2.526755245E+02  8.334998321E-01 
       404 -1.292306254E-02  1.099268373E-01 -5.385291055E-03  8.531394604E+04  1.715877018E+02  3.318624334E+02  2.742581902E+02  2.497871237E+02  8.212044965E-01 
       405 -1.101845801E-02  1.105590611E-01 -3.137660868E-03  8.693305585E+04  1.704743909E+02  3.327439439E+02  2.757172378E+02  2.443014089E+02  8.092574440E-01 
       406 -9.120841472E-03  1.111701815E-01 -8.914052251E-04  8.922675055E+04  1.678332961E+02  3.339665952E+02  2.777473983E+02  2.360507134E+02  7.974066320E-01 
       407 -7.240675928E-03  1.117476218E-01  1.353994698E-03  9.283188497E+04  1.633115765E+02  3.358405780E+02  2.808738029E+02  2.226878120E+02  7.826203424E-01 
       408 -5.370549944E-03  1.123083196E-01  3.627204146E-03  9.643912048E+04  1.636632292E+02  3.376906672E+02  2.839759514E+02  2.084972203E+02  7.411555350E-01 
       409 -3.530590186E-03  1.128981262E-01  5.933484609E-03  9.833700156E+04  1.740340090E+02  3.385786061E+02  2.854713190E+02  2.024847455E+02  6.656013727E-01 
       410 -1.726912218E-03  1.134387153E-01  8.259926622E-03  9.800351538E+04  1.848580961E+02  3.385155015E+02  2.853647294E+02  2.045005765E+02  6.095384201E-01 
       411  3.734044288E-05  1.140039107E-01  1.062617763E-02  9.714152881E+04  1.943008161E+02  3.380462513E+02  2.845741653E+02  2.087887826E+02  5.695021581E-01 
       412  1.740848712E-03  1.145879687E-01  1.302702968E-02  9.630644686E+04  2.019469408E+02  3.376365058E+02  2.838845746E+02  2.129964750E+02  5.409044715E-01 
       413  3.387617433E-03  1.151172021E-01  1.547343878E-02  9.581916928E+04  2.085182392E+02  3.374053452E+02  2.834959464E+02  2.158760812E+02  5.148595615E-01 
       414  4.957112811E-03  1.157081541E-01  1.796238578E-02  9.535292529E+04  2.154992814E+02  3.371458592E+02  2.830602365E+02  2.189097168E+02  4.878799710E-01 
       415  6.462677552E-03  1.163151534E-01  2.048609031E-02  9.458020898E+04  2.224436078E+02  3.367383385E+02  2.823764114E+02  2.230406237E+02  4.653746737E-01 
       416  7.926557233E-03  1.168909271E-01  2.304605918E-02  9.386780804E+04  2.283167973E+02  3.363713000E+02  2.817610152E+02  2.268379238E+02  4.480507253E-01 
       417  9.338612782E-03  1.175119790E-01  2.562398907E-02  9.353762393E+04  2.332635000E+02  3.361822360E+02  2.814443115E+02  2.291146597E+02  4.311985411E-01 
       418  1.068984297E-02  1.181121478E-01  2.822455248E-02  9.341228729E+04  2.379172771E+02  3.361049888E+02  2.813149865E+02  2.305638205E+02  4.131743675E-01 
       419  1.198650266E-02  1.187330819E-01  3.085849659E-02  9.335059792E+04  2.424808923E+02  3.360725129E+02  2.812605825E+02  2.318366810E+02  3.952092953E-01 
       420  1.322982934E-02  1.193430432E-01  3.352159396E-02  9.339092867E+04  2.466864064E+02  3.360901170E+02  2.812900882E+02  2.327265173E+02  3.778117018E-01 
       421  1.439865389E-02  1.199672983E-01  3.621509854E-02  9.360447604E+04  2.503163548E+02  3.362047493E+02  2.814819947E+02  2.330219834E+02  3.615141352E-01 
       422  1.553995729E-02  1.205631245E-01  3.892438234E-02  9.406057700E+04  2.534405585E+02  3.364407785E+02  2.818773852E+02  2.323644442E+02  3.444510873E-01 
       423  1.662952250E-02  1.211745408E-01  4.165332372E-02  9.460165460E+04  2.561920459E+02  3.367033266E+02  2.823175466E+02  2.314242505E+02  3.285430721E-01 
       424  1.764894372E-02  1.217373945E-01  4.441857664E-02  9.530926868E+04  2.582947384E+02  3.370616529E+02  2.829189976E+02  2.298369505E+02  3.136250596E-01 
       425  1.861873940E-02  1.222791769E-01  4.720617614E-02  9.630378706E+04  2.599627876E+02  3.375625940E+02  2.837604964E+02  2.271402614E+02  2.970979279E-01 
       426  1.950820179E-02  1.228336643E-01  5.001741530E-02  9.727562497E+04  2.617840557E+02  3.380388552E+02  2.845617044E+02  2.245698693E+02  2.801532705E-01 
       427  2.036944420E-02  1.233245632E-01  5.285072558E-02  9.821379166E+04  2.635104488E+02  3.385067776E+02  2.853501841E+02  2.220127825E+02  2.635164382E-01 
       428  2.117157025E-02  1.238295963E-01  5.569831964E-02  9.919341650E+04  2.650975504E+02  3.389882903E+02  2.861625514E+02  2.193072486E+02  2.472471814E-01 
       429  2.190592593E-02  1.242947792E-01  5.857026217E-02  1.001296277E+05  2.667448854E+02  3.394422140E+02  2.869294415E+02  2.166644850E+02  2.305642767E-01 
       430  2.257248913E-02  1.247551336E-01  6.145961794E-02  1.009989399E+05  2.685198393E+02  3.398612852E+02  2.876383362E+02  2.142664318E+02  2.140354179E-01 
       431  2.314781749E-02  1.251835029E-01  6.437124902E-02  1.017592817E+05  2.705464783E+02  3.402246504E+02  2.882536678E+02  2.122141399E+02  1.969141620E-01 
       432  2.363318974E-02  1.255957621E-01  6.730774801E-02  1.024009796E+05  2.727988243E+02  3.405360124E+02  2.887814493E+02  2.105870607E+02  1.798704768E-01 
       433  2.402789138E-02  1.260195069E-01  7.025072331E-02  1.029069829E+05  2.753300562E+02  3.407829781E+02  2.892003956E+02  2.095203819E+02  1.631886158E-01 
       434  2.431727977E-02  1.264030352E-01  7.321094069E-02  1.032470088E+05  2.781135788E+02  3.409607735E+02  2.895022354E+02  2.089695263E+02  1.465709414E-01 
       435  2.453016930E-02  1.268032789E-01  7.617447467E-02  1.034425156E+05  2.812313623E+02  3.410613537E+02  2.896730485E+02  2.091015778E+02  1.305284817E-01 
       436  2.462079541E-02  1.271795605E-01  7.915094878E-02  1.033833885E+05  2.846863313E+02  3.410521076E+02  2.896573005E+02  2.099606447E+02  1.150295343E-01 
       437  2.463902970E-02  1.275610820E-01  8.212637731E-02  1.029506885E+05  2.887166700E+02  3.408563232E+02  2.893248844E+02  2.123910336E+02  1.023384740E-01 
       438  2.457492051E-02  1.279220853E-01  8.510260082E-02  1.020298298E+05  2.933873087E+02  3.403940702E+02  2.885406774E+02  2.163704135E+02  9.206009664E-02 
       439  2.441429013E-02  1.282749863E-01  8.807550525E-02  1.012999377E+05  2.962705361E+02  3.400598488E+02  2.879742601E+02  2.202491372E+02  9.245928816E-02 
       440  2.420234297E-02  1.286273229E-01  9.105186832E-02  1.005135361E+05  2.968791997E+02  3.396784738E+02  2.873287448E+02  2.237393863E+02  1.051828116E-01 
       441  2.388558350E-02  1.289647853E-01  9.401845916E-02  1.003690637E+05  2.945171207E+02  3.396056503E+02  2.872055524E+02  2.240681959E+02  1.224258195E-01 
       442  2.351928731E-02  1.293134864E-01  9.696958543E-02  1.009877723E+05  2.904336658E+02  3.399133491E+02  2.877261829E+02  2.215190600E+02  1.385296021E-01 
       443  2.306449285E-02  1.296327241E-01  9.991680403E-02  1.021067136E+05  2.865565920E+02  3.404443350E+02  2.886258869E+02  2.172982559E+02  1.467606681E-01 
       444  2.257188759E-02  1.299515661E-01  1.028605699E-01  1.033509028E+05  2.834550228E+02  3.410404949E+02  2.896375952E+02  2.129158125E+02  1.500058211E-01 
       445  2.201092100E-02  1.302726916E-01  1.057899135E-01  1.044886318E+05  2.815038345E+02  3.415972582E+02  2.905840721E+02  2.093216213E+02  1.496293447E-01 
       446  2.143382683E-02  1.305960230E-01  1.087107054E-01  1.054600590E+05  2.802117850E+02  3.421175240E+02  2.914697993E+02  2.065616826E+02  1.486245984E-01 
       447  2.076802587E-02  1.309307408E-01  1.116221513E-01  1.061535142E+05  2.792320995E+02  3.425540752E+02  2.922141438E+02  2.043494024E+02  1.478552260E-01 
       448  2.010215597E-02  1.312657467E-01  1.145293522E-01  1.066695439E+05  2.784819355E+02  3.429167528E+02  2.928332548E+02  2.026363077E+02  1.476867911E-01 
       449  1.945135245E-02  1.316056955E-01  1.174374795E-01  1.070632675E+05  2.780363462E+02  3.432274227E+02  2.933640616E+02  2.015820527E+02  1.483123325E-01 
       450  1.885387307E-02  1.319548677E-01  1.203553293E-01  1.073321157E+05  2.778696399E+02  3.434372067E+02  2.937227373E+02  2.011701220E+02  1.497695231E-01 
       451  1.837479322E-02  1.322913677E-01  1.233018373E-01  1.074686318E+05  2.778594093E+02  3.435312729E+02  2.938836927E+02  2.012544508E+02  1.522112731E-01 
       452  1.811263581E-02  1.325954541E-01  1.262715907E-01  1.074759243E+05  2.780201225E+02  3.435393353E+02  2.938974724E+02  2.017670813E+02  1.551080053E-01 
       453  1.805653049E-02  1.328847135E-01  1.292554963E-01  1.074122246E+05  2.782802596E+02  3.435060778E+02  2.938405709E+02  2.025366497E+02  1.584917658E-01 
       454  1.819877737E-02  1.331672438E-01  1.322380588E-01  1.073087620E+05  2.786030767E+02  3.434493592E+02  2.937435328E+02  2.034877681E+02  1.622131006E-01 
       455  1.852494771E-02  1.334510277E-01  1.352129826E-01  1.071702047E+05  2.790193427E+02  3.433615436E+02  2.935932916E+02  2.046591022E+02  1.663754188E-01 
       456  1.890761882E-02  1.337081709E-01  1.381756048E-01  1.069887509E+05  2.794625207E+02  3.432537968E+02  2.934091167E+02  2.058641874E+02  1.703153231E-01 
       457  1.937808835E-02  1.339540030E-01  1.411279949E-01  1.067726285E+05  2.800333810E+02  3.431351726E+02  2.932063618E+02  2.072474546E+02  1.740915730E-01 
       458  1.989552602E-02  1.341916383E-01  1.440726902E-01  1.065465004E+05  2.806949023E+02  3.430107168E+02  2.929937777E+02  2.088024176E+02  1.779173448E-01 
       459  2.048114376E-02  1.344526817E-01  1.469999956E-01  1.063237686E+05  2.813244963E+02  3.428759527E+02  2.927614698E+02  2.104544706E+02  1.819125004E-01 
       460 -4.772920012E-02  1.664853148E-01 -4.258181757E-02  8.252798317E+04  1.813353493E+02  3.302756973E+02  2.716415209E+02  3.428999469E+02  1.013446383E+00 
       461 -4.770031945E-02  1.666117663E-01 -3.916302660E-02  8.229398328E+04  1.818622131E+02  3.301388347E+02  2.714164653E+02  3.436964939E+02  1.013086188E+00 
       462 -4.768621633E-02  1.667606858E-01 -3.574527808E-02  8.185580627E+04  1.830040090E+02  3.298737974E+02  2.709808602E+02  3.451347589E+02  1.011799861E+00 
       463 -4.773671611E-02  1.669008759E-01 -3.232563070E-02  8.124497021E+04  1.845758190E+02  3.295164146E+02  2.703941183E+02  3.469885578E+02  1.009833883E+00 
       464 -4.779814392E-02  1.670685917E-01 -2.890641835E-02  8.050961792E+04  1.867151852E+02  3.290724602E+02  2.696660585E+02  3.493442011E+02  1.006898161E+00 
       465 -4.772832030E-02  1.672854950E-01 -2.549705171E-02  7.971479736E+04  1.891695850E+02  3.286108336E+02  2.689100051E+02  3.518005810E+02  1.003128506E+00 
       466 -4.733274936E-02  1.676197526E-01 -2.211766833E-02  7.912650879E+04  1.918545802E+02  3.282820263E+02  2.683720808E+02  3.540520425E+02  9.982318338E-01 
       467 -4.646629434E-02  1.680852894E-01 -1.884685997E-02  7.945325192E+04  1.930612708E+02  3.285302114E+02  2.687784823E+02  3.530876126E+02  9.922962664E-01 
       468 -4.497458874E-02  1.687177674E-01 -1.583913045E-02  8.203819653E+04  1.898021121E+02  3.300226536E+02  2.712283440E+02  3.466882820E+02  9.917142820E-01 
       469 -4.311049959E-02  1.694263862E-01 -1.306511329E-02  8.556835474E+04  1.834380946E+02  3.319164925E+02  2.743492012E+02  3.365831013E+02  9.960093535E-01 
       470 -4.101650432E-02  1.701661907E-01 -1.047820325E-02  8.759011035E+04  1.789664660E+02  3.329186611E+02  2.760064964E+02  3.313485699E+02  1.002719458E+00 
       471 -3.872443978E-02  1.709287414E-01 -8.043812788E-03  8.729052100E+04  1.775993483E+02  3.327643204E+02  2.757508833E+02  3.327955847E+02  1.009785065E+00 
       472 -3.634257562E-02  1.716543837E-01 -5.706210795E-03  8.536212793E+04  1.793287086E+02  3.317640820E+02  2.740963802E+02  3.383583126E+02  1.013043746E+00 
       473 -3.384972842E-02  1.724025179E-01 -3.469956820E-03  8.152296625E+04  1.859869933E+02  3.296729467E+02  2.706544905E+02  3.491415026E+02  1.009263980E+00 
       474 -3.133060076E-02  1.731099844E-01 -1.271304633E-03  7.653338422E+04  1.974350035E+02  3.268093376E+02  2.659727629E+02  3.633000686E+02  9.971397067E-01 
       475 -2.873453975E-02  1.737912906E-01  8.535856133E-04  7.257517065E+04  2.083474207E+02  3.244215460E+02  2.620987959E+02  3.744577341E+02  9.826080874E-01 
       476 -2.611690126E-02  1.744247281E-01  2.958268427E-03  7.110885449E+04  2.126505079E+02  3.234373569E+02  2.605098000E+02  3.785489621E+02  9.765149243E-01 
       477 -2.348835128E-02  1.750433393E-01  5.058280838E-03  7.051807053E+04  2.143545131E+02  3.229309257E+02  2.596947110E+02  3.803082185E+02  9.744631429E-01 
       478 -2.083113736E-02  1.756162102E-01  7.133742148E-03  6.944911353E+04  2.185710211E+02  3.221648636E+02  2.584641066E+02  3.838100243E+02  9.677239284E-01 
       479 -1.816607045E-02  1.761555279E-01  9.209141426E-03  6.929776611E+04  2.226433182E+02  3.220909033E+02  2.583461046E+02  3.850745277E+02  9.566143639E-01 
       480 -1.549262448E-02  1.766467189E-01  1.128626304E-02  7.242674878E+04  2.221606054E+02  3.242404804E+02  2.618141680E+02  3.768588314E+02  9.410455897E-01 
       481 -1.281959455E-02  1.771087169E-01  1.337222607E-02  8.380693036E+04  2.126185143E+02  3.310437627E+02  2.729284546E+02  3.458437872E+02  9.154572738E-01 
       482 -1.015361520E-02  1.775059034E-01  1.547159933E-02  9.880582735E+04  2.064025350E+02  3.387237982E+02  2.857218803E+02  3.049238928E+02  8.755166617E-01 
       483 -7.491200012E-03  1.778633735E-01  1.757589553E-02  9.706312988E+04  2.199069586E+02  3.378982458E+02  2.843290596E+02  3.109514084E+02  8.352179509E-01 
       484 -4.837064878E-03  1.782590199E-01  1.971143984E-02  8.959285938E+04  2.297224245E+02  3.341607103E+02  2.780711021E+02  3.316488409E+02  8.329329416E-01 
       485 -2.188499166E-03  1.785530451E-01  2.185094162E-02  8.827440994E+04  2.308542515E+02  3.337321792E+02  2.773577238E+02  3.352786000E+02  8.354752697E-01 
       486  4.329096806E-04  1.787998193E-01  2.404680664E-02  8.868294727E+04  2.345723305E+02  3.337992840E+02  2.774686470E+02  3.342934780E+02  8.214742318E-01 
       487  3.027224691E-03  1.790317150E-01  2.627094405E-02  8.840614850E+04  2.373030076E+02  3.336698132E+02  2.772533524E+02  3.353353179E+02  8.142185560E-01 
       488  5.626976121E-03  1.792222402E-01  2.847807669E-02  8.945130225E+04  2.385670135E+02  3.343364830E+02  2.783633721E+02  3.333892870E+02  8.070761980E-01 
       489  8.191038637E-03  1.793338257E-01  3.074695743E-02  9.223292749E+04  2.382664723E+02  3.357984476E+02  2.808050804E+02  3.263479354E+02  7.971719094E-01 
       490  1.074058355E-02  1.794129340E-01  3.303046409E-02  9.610841980E+04  2.364516412E+02  3.376354500E+02  2.838866375E+02  3.159572464E+02  7.878633168E-01 
       491  1.325979491E-02  1.793970135E-01  3.532576038E-02  9.998556580E+04  2.341298776E+02  3.394161835E+02  2.868884830E+02  3.053312500E+02  7.807332277E-01 
       492  1.577166567E-02  1.793535417E-01  3.765132951E-02  1.030544191E+05  2.325803685E+02  3.409226289E+02  2.894396467E+02  2.972059035E+02  7.752060760E-01 
       493  1.825553626E-02  1.792503646E-01  4.000403552E-02  1.053803044E+05  2.320895903E+02  3.421193051E+02  2.914743366E+02  2.912263594E+02  7.692947863E-01 
       494  2.071273564E-02  1.790845686E-01  4.238164633E-02  1.074594176E+05  2.318212068E+02  3.431164087E+02  2.931753263E+02  2.856176430E+02  7.633780236E-01 
       495  2.315348782E-02  1.789033294E-01  4.476881837E-02  1.094814049E+05  2.312783780E+02  3.439983916E+02  2.946844430E+02  2.800478659E+02  7.589341877E-01 
       496  2.554611962E-02  1.786610662E-01  4.720294885E-02  1.113780117E+05  2.307096033E+02  3.448099194E+02  2.960764389E+02  2.749500599E+02  7.554219253E-01 
       497  2.790553153E-02  1.783591187E-01  4.966367300E-02  1.131234817E+05  2.303446531E+02  3.455648651E+02  2.973742104E+02  2.703520641E+02  7.518737167E-01 
       498  3.023553076E-02  1.780531658E-01  5.215009418E-02  1.146659211E+05  2.302026124E+02  3.462265706E+02  2.985139592E+02  2.663140574E+02  7.483713394E-01 
       499  3.255140683E-02  1.777481834E-01  5.464573084E-02  1.159652518E+05  2.300889349E+02  3.467883601E+02  2.994833027E+02  2.628834238E+02  7.456902470E-01 
       500  3.480321611E-02  1.773622653E-01  5.719033452E-02  1.170201865E+05  2.301745764E+02  3.472360961E+02  3.002570910E+02  2.599588349E+02  7.426493745E-01 
       501  3.704366447E-02  1.769956776E-01  5.978074099E-02  1.178875470E+05  2.302928698E+02  3.476026852E+02  3.008913312E+02  2.576559563E+02  7.403490702E-01 
       502  3.923116288E-02  1.766153691E-01  6.237867612E-02  1.185797793E+05  2.305210178E+02  3.478920059E+02  3.013923264E+02  2.558321986E+02  7.380717844E-01 
       503  4.136429871E-02  1.761773997E-01  6.501205622E-02  1.190623440E+05  2.309713588E+02  3.480838956E+02  3.017248081E+02  2.546196036E+02  7.353509588E-01 
       504  4.348069858E-02  1.757484529E-01  6.766046190E-02  1.193388962E+05  2.313350081E+02  3.482096586E+02  3.019428186E+02  2.539579039E+02  7.336255871E-01 
       505  4.554226392E-02  1.753162813E-01  7.034950997E-02  1.194848467E+05  2.318683910E+02  3.482650137E+02  3.020388136E+02  2.537716742E+02  7.316630613E-01 
       506  4.756665315E-02  1.748560179E-01  7.306168772E-02  1.194957767E+05  2.323362232E+02  3.482774823E+02  3.020603931E+02  2.538854021E+02  7.301767585E-01 
       507  4.956604909E-02  1.743615796E-01  7.580968578E-02  1.193570667E+05  2.329173449E+02  3.482024411E+02  3.019302318E+02  2.544864332E+02  7.286440509E-01 
       508  5.152654947E-02  1.738670862E-01  7.855886540E-02  1.191172802E+05  2.330921610E+02  3.481076903E+02  3.017659534E+02  2.552601067E+02  7.289623104E-01 
       509  5.347325952E-02  1.733659220E-01  8.131742073E-02  1.190047939E+05  2.327653270E+02  3.480386569E+02  3.016462682E+02  2.558425550E+02  7.312317572E-01 
       510  5.541917190E-02  1.728212690E-01  8.412523757E-02  1.192881485E+05  2.318143834E+02  3.481613523E+02  3.018589893E+02  2.551221665E+02  7.346268966E-01 
       511  5.731737707E-02  1.722438844E-01  8.698058411E-02  1.201398685E+05  2.318706220E+02  3.484911029E+02  3.024311804E+02  2.529219375E+02  7.326020766E-01 
       512  5.917186437E-02  1.716911252E-01  8.979478553E-02  1.203824100E+05  2.325573778E+02  3.485991998E+02  3.026189927E+02  2.519607731E+02  7.292622059E-01 
       513  6.096387184E-02  1.711643945E-01  9.255110888E-02  1.201326259E+05  2.337037881E+02  3.485151879E+02  3.024732107E+02  2.521216172E+02  7.250308273E-01 
       514  6.270700241E-02  1.705757992E-01  9.544380808E-02  1.198619417E+05  2.351368980E+02  3.483928480E+02  3.022607293E+02  2.522961459E+02  7.194449585E-01 
       515  6.442263795E-02  1.699823167E-01  9.834544530E-02  1.195751605E+05  2.365156185E+02  3.482466164E+02  3.020069314E+02  2.529660883E+02  7.146137183E-01 
       516  6.612271722E-02  1.694054111E-01  1.012510921E-01  1.193870317E+05  2.376412969E+02  3.481698635E+02  3.018738000E+02  2.541243317E+02  7.114694994E-01 
       517  6.776083839E-02  1.688452726E-01  1.042003507E-01  1.192403762E+05  2.385722389E+02  3.481225523E+02  3.017917169E+02  2.551777816E+02  7.090693493E-01 
       518  6.936215302E-02  1.682812898E-01  1.071729988E-01  1.190780723E+05  2.393654604E+02  3.480781463E+02  3.017147260E+02  2.560259330E+02  7.069832368E-01 
       519  7.082677073E-02  1.677321085E-01  1.102128146E-01  1.189204265E+05  2.400781416E+02  3.480618684E+02  3.016866262E+02  2.566446038E+02  7.048701453E-01 
       520  7.220712168E-02  1.672497044E-01  1.133584680E-01  1.187981126E+05  2.407187721E+02  3.481057380E+02  3.017626960E+02  2.571719795E+02  7.031467349E-01 
       521  7.342602904E-02  1.668557431E-01  1.165154693E-01  1.187140056E+05  2.413009564E+02  3.482228980E+02  3.019659014E+02  2.575490592E+02  7.016016035E-01 
       522  7.439926912E-02  1.665467988E-01  1.197652411E-01  1.186580585E+05  2.418219795E+02  3.483780565E+02  3.022350340E+02  2.577143455E+02  7.000399604E-01 
       523  7.498839543E-02  1.664581038E-01  1.231239650E-01  1.186332939E+05  2.421704597E+02  3.485255718E+02  3.024909401E+02  2.578249550E+02  6.993729323E-01 
       524  7.530423640E-02  1.665023734E-01  1.265249777E-01  1.185794631E+05  2.424783583E+02  3.485709815E+02  3.025696983E+02  2.580563250E+02  6.990183871E-01 
       525  7.543612494E-02  1.666233331E-01  1.299370256E-01  1.184643809E+05  2.431067181E+02  3.484664974E+02  3.023883705E+02  2.588492680E+02  6.979576126E-01 
       526  7.553122174E-02  1.667952118E-01  1.333496155E-01  1.183067957E+05  2.441161151E+02  3.482932005E+02  3.020877318E+02  2.601398978E+02  6.960651493E-01 
       527  7.566054780E-02  1.669469890E-01  1.367626796E-01  1.181594407E+05  2.445932546E+02  3.482771521E+02  3.020601034E+02  2.600517263E+02  6.949212495E-01 
       528  7.583993244E-02  1.671002891E-01  1.401745263E-01  1.180268656E+05  2.438266666E+02  3.485885115E+02  3.026014173E+02  2.573269546E+02  6.963493451E-01 
       529  7.600645069E-02  1.672586086E-01  1.435869327E-01  1.179264033E+05  2.414253819E+02  3.493375993E+02  3.039050853E+02  2.522429023E+02  7.025634721E-01 
       530  7.611546960E-02  1.674572299E-01  1.470000031E-01  1.179645455E+05  2.376325889E+02  3.502700412E+02  3.056009386E+02  2.455562844E+02  7.135130069E-01 
       531 -5.220359409E-02  2.342994603E-01 -4.210986580E-02  8.156437735E+04  1.838669255E+02  3.296779736E+02  2.707224686E+02  4.448433139E+02  1.144690463E+00 
       532 -5.220192467E-02  2.343108577E-01 -3.821952920E-02  8.105542752E+04  1.857546331E+02  3.294571341E+02  2.702969086E+02  4.457213128E+02  1.140941259E+00 
       533 -5.220302368E-02  2.343278434E-01 -3.432921672E-02  8.165646487E+04  1.852100002E+02  3.297812538E+02  2.708298870E+02  4.444660023E+02  1.141024487E+00 
       534 -5.220531674E-02  2.343446645E-01 -3.043898101E-02  8.342753468E+04  1.809416336E+02  3.308261676E+02  2.725502520E+02  4.407649479E+02  1.147942530E+00 
       535 -5.220735409E-02  2.343651870E-01 -2.654892396E-02  8.533381396E+04  1.758507061E+02  3.318650589E+02  2.742633400E+02  4.366225548E+02  1.156557910E+00 
       536 -5.221355576E-02  2.343966826E-01 -2.266385481E-02  8.585637785E+04  1.730619786E+02  3.321113849E+02  2.746699008E+02  4.348282286E+02  1.161741361E+00 
       537 -5.221196162E-02  2.344309954E-01 -1.877454498E-02  8.460054604E+04  1.750355719E+02  3.314120906E+02  2.735159237E+02  4.373708203E+02  1.159260188E+00 
       538 -5.222596507E-02  2.344687402E-01 -1.488167101E-02  8.276189882E+04  1.795535532E+02  3.304422747E+02  2.719171218E+02  4.421423153E+02  1.152715785E+00 
       539 -5.222923531E-02  2.345160018E-01 -1.099302079E-02  8.116835651E+04  1.833155440E+02  3.296969194E+02  2.706914487E+02  4.459222724E+02  1.147351091E+00 
       540 -5.210275326E-02  2.345957540E-01 -7.104134264E-03  8.025554871E+04  1.857185302E+02  3.290846130E+02  2.696865295E+02  4.475052708E+02  1.143176161E+00 
       541 -5.114101036E-02  2.348545508E-01 -3.375994418E-03  8.010021524E+04  1.855650174E+02  3.289483712E+02  2.694630348E+02  4.477380625E+02  1.143973633E+00 
       542 -4.917766965E-02  2.353023755E-01 -5.047413344E-05  8.032727197E+04  1.861550565E+02  3.290134802E+02  2.695697327E+02  4.475362577E+02  1.142534114E+00 
       543 -4.661414278E-02  2.358651253E-01  2.823323178E-03  8.172676111E+04  1.835613029E+02  3.299200730E+02  2.710588064E+02  4.447321362E+02  1.146302102E+00 
       544 -4.374488282E-02  2.364440537E-01  5.350106892E-03  8.552140332E+04  1.749044144E+02  3.321441600E+02  2.747268789E+02  4.363758621E+02  1.159538728E+00 
       545 -4.059796688E-02  2.370222596E-01  7.583171126E-03  8.876014282E+04  1.660311421E+02  3.336243105E+02  2.771784227E+02  4.289829946E+02  1.174586569E+00 
       546 -3.738701819E-02  2.375676250E-01  9.702642239E-03  8.654638910E+04  1.710674502E+02  3.324245439E+02  2.751908128E+02  4.340787034E+02  1.166642096E+00 
       547 -3.407522408E-02  2.380263225E-01  1.169481074E-02  8.211686096E+04  1.834935682E+02  3.303859477E+02  2.718244052E+02  4.443055177E+02  1.145593999E+00 
       548 -3.073065008E-02  2.384984497E-01  1.361793802E-02  8.118811975E+04  1.864684227E+02  3.300192671E+02  2.712199807E+02  4.461860297E+02  1.140025594E+00 
       549 -2.732884007E-02  2.388770261E-01  1.546643341E-02  8.171004407E+04  1.847429397E+02  3.301409221E+02  2.714200759E+02  4.441975093E+02  1.142288882E+00 
       550 -2.390908864E-02  2.392176502E-01  1.728468609E-02  8.118490538E+04  1.857485919E+02  3.296316221E+02  2.705837466E+02  4.451666492E+02  1.141044264E+00 
       551 -2.044822495E-02  2.394794424E-01  1.908927170E-02  8.047997769E+04  1.878565555E+02  3.291775200E+02  2.698394082E+02  4.466708376E+02  1.137898202E+00 
       552 -1.699643969E-02  2.397114515E-01  2.086461287E-02  8.069678638E+04  1.879104209E+02  3.293652611E+02  2.701484785E+02  4.462551842E+02  1.138187405E+00 
       553 -1.354033893E-02  2.398615604E-01  2.263394957E-02  8.131857471E+04  1.865754156E+02  3.297595863E+02  2.707957211E+02  4.447991772E+02  1.141144529E+00 
       554 -1.007792796E-02  2.399171479E-01  2.439846914E-02  8.151334033E+04  1.862054212E+02  3.298326964E+02  2.709148667E+02  4.439463005E+02  1.142424187E+00 
       555 -6.592279415E-03  2.399646350E-01  2.619220728E-02  8.062466675E+04  1.874724698E+02  3.293310184E+02  2.700908270E+02  4.453255997E+02  1.141686946E+00 
       556 -3.124907716E-03  2.398994093E-01  2.794309000E-02  7.922812451E+04  1.905639391E+02  3.283920975E+02  2.685538940E+02  4.500287285E+02  1.140018091E+00 
       557  3.338943067E-04  2.398017910E-01  2.968583889E-02  1.019021905E+05  2.062195160E+02  3.406533208E+02  2.890099734E+02  4.013426478E+02  1.057749673E+00 
       558  3.794068913E-03  2.396169640E-01  3.144821874E-02  9.916733716E+04  2.113983073E+02  3.394217424E+02  2.869014993E+02  4.052839327E+02  1.048973767E+00 
       559  7.248441593E-03  2.393064044E-01  3.320284907E-02  9.490237744E+04  2.102208090E+02  3.374312859E+02  2.835414762E+02  4.128077126E+02  1.058227364E+00 
       560  1.068879679E-02  2.389885178E-01  3.498866898E-02  9.205113159E+04  2.124458675E+02  3.360060511E+02  2.811505756E+02  4.189868164E+02  1.057189640E+00 
       561  1.412543948E-02  2.386075767E-01  3.676435012E-02  8.908978296E+04  2.142976246E+02  3.346009741E+02  2.788039932E+02  4.243559561E+02  1.056726888E+00 
       562  1.753589177E-02  2.380598424E-01  3.855175648E-02  8.766782373E+04  2.167546463E+02  3.339779816E+02  2.777664986E+02  4.279067268E+02  1.053449146E+00 
       563  2.093820079E-02  2.375000001E-01  4.035454522E-02  9.121983252E+04  2.147317581E+02  3.362722702E+02  2.816102762E+02  4.201237373E+02  1.052263442E+00 
       564  2.432947450E-02  2.368878370E-01  4.215773147E-02  1.057076371E+05  2.063119308E+02  3.435578219E+02  2.939734508E+02  3.879334948E+02  1.055350342E+00 
       565  2.770729830E-02  2.361795572E-01  4.394886350E-02  1.251792581E+05  1.985177147E+02  3.510083814E+02  3.068313274E+02  3.457043481E+02  1.063797489E+00 
       566  3.105826597E-02  2.354459967E-01  4.578622705E-02  1.271210614E+05  1.962475557E+02  3.520037518E+02  3.085606613E+02  3.419563079E+02  1.067595814E+00 
       567  3.438758923E-02  2.346372217E-01  4.762879820E-02  1.207204660E+05  1.983464784E+02  3.504903638E+02  3.059120037E+02  3.572746190E+02  1.059310867E+00 
       568  3.771502906E-02  2.337669833E-01  4.947240569E-02  1.197568475E+05  2.015879042E+02  3.501351061E+02  3.052914262E+02  3.574909127E+02  1.048726605E+00 
       569  4.101460083E-02  2.329246351E-01  5.135281935E-02  1.214622483E+05  2.026569510E+02  3.502782979E+02  3.055410252E+02  3.512671089E+02  1.044137627E+00 
       570  4.428347740E-02  2.319960665E-01  5.324515281E-02  1.224245178E+05  2.029130783E+02  3.503594615E+02  3.056826568E+02  3.484050825E+02  1.042349698E+00 
       571  4.749748393E-02  2.310181580E-01  5.520824782E-02  1.229673474E+05  2.038621855E+02  3.506399889E+02  3.061724739E+02  3.477852535E+02  1.038753843E+00 
       572  5.066691057E-02  2.300652086E-01  5.723980181E-02  1.238753861E+05  2.057548311E+02  3.510313848E+02  3.068562468E+02  3.461143655E+02  1.032637460E+00 
       573  5.379140778E-02  2.290521307E-01  5.932353399E-02  1.245883223E+05  2.083724895E+02  3.512927823E+02  3.073133980E+02  3.437284520E+02  1.024040443E+00 
       574  5.683956615E-02  2.279793322E-01  6.149869556E-02  1.248719316E+05  2.117669201E+02  3.513491459E+02  3.074121056E+02  3.423183117E+02  1.013061356E+00 
       575  5.985072913E-02  2.269370111E-01  6.373374277E-02  1.248212979E+05  2.152884731E+02  3.512894402E+02  3.073076229E+02  3.419398746E+02  1.001902767E+00 
       576  6.280959972E-02  2.258492183E-01  6.601505396E-02  1.244932972E+05  2.188192052E+02  3.511258845E+02  3.070214718E+02  3.421538725E+02  9.905232883E-01 
       577  6.573461678E-02  2.247295145E-01  6.832363097E-02  1.240288997E+05  2.217914667E+02  3.509601488E+02  3.067316680E+02  3.427618837E+02  9.808419663E-01 
       578  6.865501872E-02  2.236625994E-01  7.064894084E-02  1.233374683E+05  2.252182553E+02  3.506187767E+02  3.061352280E+02  3.435435488E+02  9.700710939E-01 
       579  7.151541969E-02  2.224865137E-01  7.302188293E-02  1.219211057E+05  2.268348961E+02  3.501513824E+02  3.053196268E+02  3.456592121E+02  9.648457561E-01 
       580  7.433322259E-02  2.213060150E-01  7.543149031E-02  1.208851895E+05  2.272447515E+02  3.497880802E+02  3.046866422E+02  3.468680429E+02  9.632116389E-01 
       581  7.711325138E-02  2.201536844E-01  7.789825066E-02  1.234572695E+05  2.280847003E+02  3.510319086E+02  3.068573856E+02  3.400292949E+02  9.577620573E-01 
       582  7.981655167E-02  2.189959972E-01  8.044372180E-02  1.241236051E+05  2.310039446E+02  3.515924230E+02  3.078389311E+02  3.368916259E+02  9.465524219E-01 
       583  8.242371870E-02  2.177951216E-01  8.306797326E-02  1.237719858E+05  2.327941685E+02  3.517427521E+02  3.081036320E+02  3.356543484E+02  9.391879402E-01 
       584  8.497819178E-02  2.166305248E-01  8.576177505E-02  1.232085800E+05  2.335449942E+02  3.517780346E+02  3.081670755E+02  3.350542201E+02  9.355170671E-01 
       585  8.747465708E-02  2.155008942E-01  8.852176985E-02  1.227997292E+05  2.333017092E+02  3.518490133E+02  3.082933946E+02  3.347195382E+02  9.352199081E-01 
       586  8.983863293E-02  2.143275504E-01  9.137087988E-02  1.226314814E+05  2.321368632E+02  3.519304357E+02  3.084376884E+02  3.347601118E+02  9.377843700E-01 
       587  9.211779941E-02  2.131724912E-01  9.430579148E-02  1.226744741E+05  2.304250277E+02  3.519970552E+02  3.085553000E+02  3.351584954E+02  9.422253586E-01 
       588  9.424446159E-02  2.121023496E-01  9.738772987E-02  1.228489172E+05  2.283219065E+02  3.520092836E+02  3.085767375E+02  3.354534856E+02  9.480947781E-01 
       589  9.610967173E-02  2.111612431E-01  1.006666829E-01  1.229918110E+05  2.259028490E+02  3.518912051E+02  3.083688723E+02  3.358070319E+02  9.550245251E-01 
       590  9.742401869E-02  2.103903297E-01  1.042235364E-01  1.230826042E+05  2.234330836E+02  3.515336525E+02  3.077408158E+02  3.363785821E+02  9.621305029E-01 
       591  9.764724840E-02  2.101688920E-01  1.080985861E-01  1.230944270E+05  2.214495041E+02  3.509516997E+02  3.067208495E+02  3.373931966E+02  9.680801500E-01 
       592  9.763062643E-02  2.101108570E-01  1.119846410E-01  1.229945056E+05  2.207593581E+02  3.506246668E+02  3.061480706E+02  3.377248379E+02  9.702297902E-01 
       593  9.759894170E-02  2.100363093E-01  1.158782398E-01  1.228238154E+05  2.215135964E+02  3.512216511E+02  3.071930780E+02  3.340669751E+02  9.670687779E-01 
       594  9.760335841E-02  2.100041055E-01  1.197683889E-01  1.227123283E+05  2.225916136E+02  3.526700760E+02  3.097348836E+02  3.263900040E+02  9.625789009E-01 
       595  9.760552297E-02  2.099886023E-01  1.236588659E-01  1.227392610E+05  2.236227146E+02  3.544373863E+02  3.128467028E+02  3.171081037E+02  9.588565789E-01 
       596  9.760989540E-02  2.100145164E-01  1.275491461E-01  1.228686208E+05  2.245151559E+02  3.557059974E+02  3.150887812E+02  3.105720835E+02  9.564997753E-01 
       597  9.760550437E-02  2.100148949E-01  1.314412195E-01  1.230240352E+05  2.251061301E+02  3.561453419E+02  3.158686466E+02  3.088057699E+02  9.549259916E-01 
       598  9.762031038E-02  2.101034915E-01  1.353312483E-01  1.231377945E+05  2.252870849E+02  3.559429947E+02  3.155144823E+02  3.112745900E+02  9.547133304E-01 
       599  9.762506170E-02  2.101609083E-01  1.392228176E-01  1.231610397E+05  2.248731214E+02  3.553616623E+02  3.144873511E+02  3.162102198E+02  9.561161150E-01 
       600  9.764671237E-02  2.102092269E-01  1.431110049E-01  1.231895457E+05  2.238262360E+02  3.546217167E+02  3.131797190E+02  3.210188475E+02  9.597278479E-01 
       601  9.766256924E-02  2.102587391E-01  1.469999989E-01  1.233045220E+05  2.223049650E+02  3.541606007E+02  3.120843668E+02  3.238318510E+02  9.648362286E-01 
