nodenumber     x-coordinate     y-coordinate     z-coordinate         pressure velocity-magnitude      sound-speed      temperature rel-velocity-magnitude relative-velocity-angle 
         1 -2.216901913E-02  1.039879580E-01 -4.300600202E-02  8.756698767E+04  1.536570021E+02  3.330767695E+02  2.762686048E+02  2.355656094E+02  8.602978511E-01 
         2 -2.197401757E-02  1.042260031E-01 -4.002397295E-02  8.747230988E+04  1.543744923E+02  3.330100254E+02  2.761579683E+02  2.364102271E+02  8.595516833E-01 
         3 -2.150271627E-02  1.045375264E-01 -3.708169353E-02  8.738240320E+04  1.549987625E+02  3.329564228E+02  2.760690899E+02  2.370101547E+02  8.585001957E-01 
         4 -2.072290556E-02  1.049359494E-01 -3.421635317E-02  8.726943872E+04  1.556538706E+02  3.328992205E+02  2.759742546E+02  2.375951462E+02  8.573780768E-01 
         5 -1.964621854E-02  1.053757771E-01 -3.145501365E-02  8.712840991E+04  1.564638925E+02  3.328188572E+02  2.758409905E+02  2.385560327E+02  8.567328844E-01 
         6 -1.833909717E-02  1.058829391E-01 -2.880182754E-02  8.695899146E+04  1.572949777E+02  3.327301140E+02  2.756939049E+02  2.395246916E+02  8.560765684E-01 
         7 -1.686396899E-02  1.064019756E-01 -2.624136390E-02  8.676673291E+04  1.581177826E+02  3.326316900E+02  2.755308981E+02  2.403741307E+02  8.550791349E-01 
         8 -1.524276490E-02  1.069101094E-01 -2.376908005E-02  8.656448474E+04  1.590823681E+02  3.325220923E+02  2.753493567E+02  2.415137219E+02  8.543413840E-01 
         9 -1.353040875E-02  1.074492491E-01 -2.136449246E-02  8.633638806E+04  1.602434855E+02  3.324010086E+02  2.751488144E+02  2.428927815E+02  8.533699326E-01 
        10 -1.175719847E-02  1.079385502E-01 -1.899452623E-02  8.614793982E+04  1.615668722E+02  3.322999859E+02  2.749815917E+02  2.440425017E+02  8.507435611E-01 
        11 -9.920451205E-03  1.084473482E-01 -1.667649769E-02  8.603622391E+04  1.625763579E+02  3.322551416E+02  2.749073581E+02  2.449052771E+02  8.489834263E-01 
        12 -8.053093039E-03  1.089314126E-01 -1.437870322E-02  8.620590616E+04  1.633318527E+02  3.323322171E+02  2.750349596E+02  2.445161887E+02  8.439934431E-01 
        13 -6.139911673E-03  1.093816015E-01 -1.211111235E-02  8.671555225E+04  1.628314185E+02  3.325867977E+02  2.754564862E+02  2.431640444E+02  8.426083382E-01 
        14 -4.213714023E-03  1.098625599E-01 -9.853315987E-03  8.759274902E+04  1.604444971E+02  3.330804825E+02  2.762748699E+02  2.405537186E+02  8.472973667E-01 
        15 -2.267252226E-03  1.102821410E-01 -7.616721013E-03  8.858234717E+04  1.562454309E+02  3.336166039E+02  2.771651764E+02  2.369856682E+02  8.588801175E-01 
        16 -3.058463972E-04  1.106716081E-01 -5.380345181E-03  8.937268164E+04  1.499876709E+02  3.339971066E+02  2.777978554E+02  2.343619246E+02  8.853321318E-01 
        17  1.649896870E-03  1.110991589E-01 -3.144821902E-03  8.718772998E+04  1.466308314E+02  3.328606892E+02  2.759119718E+02  2.418293025E+02  9.299271535E-01 
        18  3.605378217E-03  1.114680886E-01 -8.997268064E-04  7.562050708E+04  1.740843272E+02  3.263615894E+02  2.652431688E+02  2.849447007E+02  9.442539066E-01 
        19  5.548952344E-03  1.118349081E-01  1.356589372E-03  6.990567932E+04  2.086907350E+02  3.228246942E+02  2.595250118E+02  3.080725522E+02  8.508112449E-01 
        20  7.472030685E-03  1.121892539E-01  3.633809071E-03  7.295865466E+04  2.135749060E+02  3.245610088E+02  2.623281822E+02  2.987284932E+02  7.855743878E-01 
        21  9.366594022E-03  1.125505666E-01  5.932977735E-03  7.667088062E+04  2.088780977E+02  3.269689841E+02  2.662328670E+02  2.846481814E+02  7.542185932E-01 
        22  1.122147558E-02  1.129077905E-01  8.263617067E-03  7.901077164E+04  2.094479285E+02  3.283313512E+02  2.684548365E+02  2.782884269E+02  7.276788126E-01 
        23  1.303284284E-02  1.132507638E-01  1.062953057E-02  8.059081887E+04  2.113245537E+02  3.293004347E+02  2.700417963E+02  2.724160888E+02  6.970191825E-01 
        24  1.479928419E-02  1.136234762E-01  1.303021626E-02  8.178013213E+04  2.155970603E+02  3.299335876E+02  2.710811145E+02  2.683976867E+02  6.610947601E-01 
        25  1.649617427E-02  1.139938279E-01  1.547769530E-02  8.277899750E+04  2.207463737E+02  3.304221451E+02  2.718841538E+02  2.654038038E+02  6.244564634E-01 
        26  1.811807173E-02  1.143837002E-01  1.797032872E-02  8.345288806E+04  2.260580244E+02  3.307609534E+02  2.724413357E+02  2.631553211E+02  5.895615174E-01 
        27  1.968166241E-02  1.148013513E-01  2.049621310E-02  8.354610742E+04  2.326968241E+02  3.307865691E+02  2.724835627E+02  2.631666331E+02  5.556756025E-01 
        28  2.119101764E-02  1.152299366E-01  2.305322148E-02  8.303862511E+04  2.414586834E+02  3.304497419E+02  2.719289028E+02  2.663630707E+02  5.224530749E-01 
        29  2.266338778E-02  1.156643914E-01  2.563116057E-02  8.240533728E+04  2.504687401E+02  3.300547495E+02  2.712792828E+02  2.702022339E+02  4.901724970E-01 
        30  2.408077791E-02  1.161159634E-01  2.823658064E-02  8.184459753E+04  2.585677872E+02  3.297941010E+02  2.708508160E+02  2.727589741E+02  4.583583740E-01 
        31  2.544088325E-02  1.165921105E-01  3.086849856E-02  8.129348779E+04  2.667662287E+02  3.294983439E+02  2.703654313E+02  2.749658899E+02  4.251667750E-01 
        32  2.674433127E-02  1.170738851E-01  3.352942364E-02  8.073459070E+04  2.751894348E+02  3.291530676E+02  2.697991590E+02  2.775900629E+02  3.924307274E-01 
        33  2.797950643E-02  1.175445507E-01  3.622298897E-02  8.021155899E+04  2.833588198E+02  3.288344940E+02  2.692770239E+02  2.803473681E+02  3.615634973E-01 
        34  2.916313541E-02  1.180056499E-01  3.893937175E-02  7.991224535E+04  2.905508243E+02  3.286685983E+02  2.690053950E+02  2.821967012E+02  3.326077994E-01 
        35  3.031249539E-02  1.184785399E-01  4.167042727E-02  8.004022842E+04  2.962027392E+02  3.287611423E+02  2.691566820E+02  2.825477908E+02  3.059540362E-01 
        36  3.139929926E-02  1.189405785E-01  4.442941843E-02  8.031228946E+04  3.014693943E+02  3.289537100E+02  2.694721301E+02  2.825580381E+02  2.798884737E-01 
        37  3.242013936E-02  1.193808800E-01  4.721660669E-02  8.080475632E+04  3.065027388E+02  3.292709533E+02  2.699923261E+02  2.818055165E+02  2.517466118E-01 
        38  3.340677803E-02  1.198011670E-01  5.002067675E-02  8.202280334E+04  3.093450643E+02  3.299700252E+02  2.711400409E+02  2.786172483E+02  2.254979950E-01 
        39  3.430413654E-02  1.201853153E-01  5.285529857E-02  8.367760864E+04  3.107051306E+02  3.308876019E+02  2.726505547E+02  2.737295132E+02  2.002576618E-01 
        40  3.515433510E-02  1.205874318E-01  5.570324370E-02  8.575584863E+04  3.105752697E+02  3.320248737E+02  2.745287952E+02  2.673982315E+02  1.773603447E-01 
        41  3.592907297E-02  1.209644065E-01  5.857535950E-02  8.814761621E+04  3.088136096E+02  3.333455744E+02  2.767178755E+02  2.600381689E+02  1.595007791E-01 
        42  3.664355424E-02  1.213334730E-01  6.146049591E-02  9.065069324E+04  3.056783147E+02  3.346584010E+02  2.789015536E+02  2.522584453E+02  1.480084173E-01 
        43  3.727845098E-02  1.217084379E-01  6.437276718E-02  9.296738477E+04  3.020080357E+02  3.357955065E+02  2.807989445E+02  2.450713663E+02  1.424728325E-01 
        44  3.781448665E-02  1.220744111E-01  6.730672953E-02  9.480468481E+04  2.986018820E+02  3.367045269E+02  2.823206558E+02  2.394899259E+02  1.425259551E-01 
        45  3.826762164E-02  1.224563704E-01  7.025293559E-02  9.601155078E+04  2.958403282E+02  3.373912015E+02  2.834729142E+02  2.357727576E+02  1.468246100E-01 
        46  3.856443464E-02  1.228195695E-01  7.317567491E-02  9.663936328E+04  2.940287323E+02  3.378550873E+02  2.842530746E+02  2.338656845E+02  1.528497301E-01 
        47  3.882754171E-02  1.231963568E-01  7.616928387E-02  9.688318063E+04  2.926439111E+02  3.384559327E+02  2.852664465E+02  2.322045247E+02  1.578491483E-01 
        48  3.896508106E-02  1.235573809E-01  7.913505459E-02  9.685029883E+04  2.891179352E+02  3.394571533E+02  2.869695435E+02  2.261143303E+02  1.607761458E-01 
        49  3.903512947E-02  1.239238609E-01  8.213137167E-02  9.662005347E+04  2.797981727E+02  3.414199903E+02  2.903221993E+02  2.098839250E+02  1.690640324E-01 
        50  3.900153017E-02  1.243001337E-01  8.510504302E-02  9.627196106E+04  2.645132138E+02  3.444502788E+02  2.955121342E+02  1.809409637E+02  1.739750309E-01 
        51  3.889299026E-02  1.246700891E-01  8.806950082E-02  9.609127966E+04  2.475117528E+02  3.479937925E+02  3.016195402E+02  1.365282803E+02  1.488657540E-01 
        52  3.870303970E-02  1.250405990E-01  9.105247242E-02  9.621138354E+04  2.385665517E+02  3.508612113E+02  3.065823674E+02  9.279964924E+01  1.579311222E-02 
        53  3.847530202E-02  1.253810613E-01  9.402032493E-02  9.715688638E+04  2.401962928E+02  3.523336279E+02  3.091551770E+02  5.669861069E+01 -5.140281236E-01 
        54  3.809583015E-02  1.257752167E-01  9.695318516E-02  9.803242383E+04  2.324860306E+02  3.537304688E+02  3.115982971E+02  3.624395871E+01 -1.460572183E+00 
        55  3.767199372E-02  1.261489404E-01  9.992435767E-02  9.843253833E+04  2.415938783E+02  3.524946918E+02  3.094242163E+02  4.429404640E+01 -1.487963893E+00 
        56  3.723780727E-02  1.265196365E-01  1.028569506E-01  1.002790738E+05  2.439867385E+02  3.510794560E+02  3.069442289E+02  6.122234897E+01 -1.142930535E+00 
        57  3.672955052E-02  1.269046997E-01  1.057947981E-01  1.031813517E+05  2.324192033E+02  3.502411461E+02  3.054805560E+02  9.602577162E+01 -5.432476243E-02 
        58  3.615520807E-02  1.273091289E-01  1.087154776E-01  1.060837815E+05  2.373230138E+02  3.485834513E+02  3.025986729E+02  1.396580377E+02  1.920745242E-01 
        59  3.556812424E-02  1.277144368E-01  1.116309472E-01  1.073304822E+05  2.533402872E+02  3.464452033E+02  2.988988934E+02  1.745784450E+02  2.079430684E-01 
        60  3.495651588E-02  1.281329458E-01  1.145394580E-01  1.076077388E+05  2.636617098E+02  3.444259000E+02  2.954197736E+02  1.936402712E+02  2.087212624E-01 
        61  3.433795015E-02  1.285471243E-01  1.174457346E-01  1.078976832E+05  2.645311952E+02  3.435417881E+02  2.939025645E+02  1.959020355E+02  2.122259785E-01 
        62  3.376061330E-02  1.289460490E-01  1.203607660E-01  1.081712476E+05  2.632563748E+02  3.434305606E+02  2.937117374E+02  1.922509267E+02  2.087815963E-01 
        63  3.331803132E-02  1.293309423E-01  1.232882868E-01  1.082652731E+05  2.655903074E+02  3.432896322E+02  2.934707586E+02  1.938880741E+02  2.016295780E-01 
        64  3.310586596E-02  1.296649637E-01  1.262581306E-01  1.081767910E+05  2.695485330E+02  3.430678811E+02  2.930916548E+02  1.977994146E+02  1.926718955E-01 
        65  3.306639982E-02  1.299493947E-01  1.292495641E-01  1.079523820E+05  2.724668068E+02  3.429194283E+02  2.928380157E+02  2.009379310E+02  1.877446261E-01 
        66  3.322486525E-02  1.302097713E-01  1.322380794E-01  1.077083942E+05  2.742920510E+02  3.428362425E+02  2.926958742E+02  2.030530050E+02  1.861760532E-01 
        67  3.356462385E-02  1.304573038E-01  1.352130229E-01  1.074807478E+05  2.756282998E+02  3.427593254E+02  2.925645397E+02  2.046940065E+02  1.862427483E-01 
        68  3.400410102E-02  1.306751199E-01  1.381765647E-01  1.072512606E+05  2.765734797E+02  3.427011313E+02  2.924651833E+02  2.059487510E+02  1.872070068E-01 
        69  3.451963359E-02  1.308741206E-01  1.411278790E-01  1.069955676E+05  2.775569777E+02  3.426226864E+02  2.923312752E+02  2.074254143E+02  1.887907898E-01 
        70  3.508991352E-02  1.310576265E-01  1.440660380E-01  1.067087461E+05  2.786089978E+02  3.425287457E+02  2.921710165E+02  2.088844719E+02  1.899221863E-01 
        71  3.570211579E-02  1.312503676E-01  1.470000000E-01  1.063069609E+05  2.799278450E+02  3.423757019E+02  2.919094467E+02  2.106260052E+02  1.902175173E-01 
        72 -2.843361623E-02  1.708417341E-01 -4.258217492E-02  8.205901636E+04  1.838648610E+02  3.299755373E+02  2.711480713E+02  3.444386854E+02  1.007668138E+00 
        73 -2.838826984E-02  1.709653765E-01 -3.916427879E-02  8.208241583E+04  1.843930960E+02  3.299540415E+02  2.711128972E+02  3.449127779E+02  1.006751097E+00 
        74 -2.835908450E-02  1.711140563E-01 -3.574649433E-02  8.236740704E+04  1.832898953E+02  3.301996615E+02  2.715170422E+02  3.433451371E+02  1.007777345E+00 
        75 -2.838361088E-02  1.712589164E-01 -3.232950605E-02  8.284928198E+04  1.831710830E+02  3.304184942E+02  2.718769979E+02  3.429617262E+02  1.007637858E+00 
        76 -2.841360827E-02  1.714319125E-01 -2.891476756E-02  8.340633984E+04  1.822708087E+02  3.307492747E+02  2.724213004E+02  3.413771591E+02  1.007873055E+00 
        77 -2.833774301E-02  1.716334782E-01 -2.549995819E-02  8.400249228E+04  1.806783133E+02  3.311097349E+02  2.730153502E+02  3.398575937E+02  1.010537606E+00 
        78 -2.791452343E-02  1.719215161E-01 -2.212016887E-02  8.431682715E+04  1.801520739E+02  3.312772999E+02  2.732917242E+02  3.389311695E+02  1.010801673E+00 
        79 -2.700703325E-02  1.722886754E-01 -1.884820631E-02  8.423901660E+04  1.802710629E+02  3.311649837E+02  2.731065807E+02  3.406032238E+02  1.013393898E+00 
        80 -2.544395246E-02  1.727209334E-01 -1.584518523E-02  8.323228461E+04  1.812281942E+02  3.306381483E+02  2.722387910E+02  3.432061434E+02  1.014809900E+00 
        81 -2.351536464E-02  1.732363399E-01 -1.306823492E-02  8.137386127E+04  1.847674731E+02  3.295399154E+02  2.704335530E+02  3.481387988E+02  1.011580281E+00 
        82 -2.134527601E-02  1.737374909E-01 -1.047435973E-02  7.869931419E+04  1.913293241E+02  3.279555482E+02  2.678397803E+02  3.560704329E+02  1.004139045E+00 
        83 -1.897326710E-02  1.742189522E-01 -8.035177519E-03  7.583317535E+04  1.985437307E+02  3.262844914E+02  2.651180147E+02  3.647497742E+02  9.966804334E-01 
        84 -1.652827274E-02  1.746780172E-01 -5.688541800E-03  7.363218396E+04  2.055289466E+02  3.248708329E+02  2.628248949E+02  3.716746874E+02  9.870759659E-01 
        85 -1.397929867E-02  1.751251779E-01 -3.446989688E-03  7.269508276E+04  2.103647499E+02  3.242604885E+02  2.618383198E+02  3.742939029E+02  9.760781843E-01 
        86 -1.139011487E-02  1.755573757E-01 -1.256774906E-03  7.367534656E+04  2.103293927E+02  3.249264245E+02  2.629168687E+02  3.713810205E+02  9.699282683E-01 
        87 -8.734274343E-03  1.759085237E-01  8.667805443E-04  7.870069849E+04  2.038451568E+02  3.280486422E+02  2.679984636E+02  3.578897982E+02  9.659388522E-01 
        88 -6.073383534E-03  1.762548475E-01  2.984781313E-03  8.843754382E+04  1.900733473E+02  3.335043352E+02  2.769874349E+02  3.315109136E+02  9.675695729E-01 
        89 -3.359730182E-03  1.765819110E-01  5.053045394E-03  9.820258807E+04  1.775317123E+02  3.382339468E+02  2.848933058E+02  3.056656864E+02  9.756750818E-01 
        90 -6.741955509E-04  1.768270807E-01  7.130208361E-03  9.735987759E+04  1.712403268E+02  3.374154495E+02  2.835176859E+02  3.153745752E+02  1.010686802E+00 
        91  2.027043660E-03  1.770783858E-01  9.208570588E-03  7.879823096E+04  1.951737949E+02  3.277514548E+02  2.675121745E+02  3.603028467E+02  1.000178443E+00 
        92  4.731686997E-03  1.772422585E-01  1.127155269E-02  7.291238969E+04  2.149187093E+02  3.243503935E+02  2.619857406E+02  3.780778719E+02  9.680679146E-01 
        93  7.454465044E-03  1.773874983E-01  1.334309669E-02  7.364145761E+04  2.111101118E+02  3.246937985E+02  2.625400397E+02  3.738783734E+02  9.721327093E-01 
        94  1.015989937E-02  1.775222933E-01  1.545596277E-02  7.095237050E+04  2.178148159E+02  3.231269297E+02  2.600172182E+02  3.819000046E+02  9.665051923E-01 
        95  1.284858280E-02  1.775661421E-01  1.756817794E-02  6.743102399E+04  2.284172348E+02  3.208103124E+02  2.563029035E+02  3.924769187E+02  9.536405504E-01 
        96  1.551966693E-02  1.776138061E-01  1.970369132E-02  6.430159900E+04  2.371202736E+02  3.186716254E+02  2.528970950E+02  4.005066295E+02  9.421857642E-01 
        97  1.817410325E-02  1.776258069E-01  2.186017323E-02  6.171698999E+04  2.456732438E+02  3.168466778E+02  2.500073080E+02  4.089136815E+02  9.325272469E-01 
        98  2.080993586E-02  1.775631240E-01  2.403936301E-02  5.989015039E+04  2.530625324E+02  3.156366339E+02  2.480987525E+02  4.143269663E+02  9.201504067E-01 
        99  2.341570779E-02  1.774969016E-01  2.625394818E-02  5.934940259E+04  2.585196433E+02  3.152815876E+02  2.475399580E+02  4.159101934E+02  9.058434274E-01 
       100  2.600295182E-02  1.773818036E-01  2.848806157E-02  6.112273901E+04  2.601369991E+02  3.165809374E+02  2.495979061E+02  4.113581343E+02  8.900933973E-01 
       101  2.856627515E-02  1.771883875E-01  3.074502562E-02  6.661423828E+04  2.552810392E+02  3.204843655E+02  2.558404846E+02  3.950509329E+02  8.713220246E-01 
       102  3.110662233E-02  1.769811535E-01  3.302644514E-02  7.503601904E+04  2.469396429E+02  3.259833078E+02  2.647019520E+02  3.706668806E+02  8.493185677E-01 
       103  3.362247542E-02  1.767159818E-01  3.532849163E-02  8.192264258E+04  2.426782799E+02  3.301568604E+02  2.714705186E+02  3.512014885E+02  8.254069146E-01 
       104  3.610895472E-02  1.763647845E-01  3.765120331E-02  8.327603210E+04  2.460741260E+02  3.310790868E+02  2.729697328E+02  3.467672997E+02  8.057612134E-01 
       105  3.856497337E-02  1.759966372E-01  4.000321012E-02  8.059415744E+04  2.539589044E+02  3.297448165E+02  2.707742608E+02  3.536084092E+02  7.913810853E-01 
       106  4.103059304E-02  1.755360248E-01  4.234569910E-02  7.827565149E+04  2.629789597E+02  3.281853524E+02  2.682170950E+02  3.621428957E+02  7.766386537E-01 
       107  4.340106546E-02  1.750377176E-01  4.474435622E-02  7.879506656E+04  2.677631102E+02  3.283790908E+02  2.685341807E+02  3.618782500E+02  7.598485467E-01 
       108  4.575540032E-02  1.745445103E-01  4.717695363E-02  8.241106519E+04  2.673278544E+02  3.304616742E+02  2.719574063E+02  3.521315107E+02  7.432330819E-01 
       109  4.807037784E-02  1.739953488E-01  4.963532790E-02  8.859597705E+04  2.622641373E+02  3.338824120E+02  2.776216469E+02  3.350104504E+02  7.300900649E-01 
       110  5.034733117E-02  1.734133857E-01  5.212084081E-02  9.486500830E+04  2.580347118E+02  3.371306248E+02  2.830422726E+02  3.179008484E+02  7.157265060E-01 
       111  5.258765486E-02  1.728405975E-01  5.464144749E-02  9.912967236E+04  2.571036892E+02  3.392787933E+02  2.866560173E+02  3.075533180E+02  7.023128457E-01 
       112  5.479076840E-02  1.722430532E-01  5.718902978E-02  1.019215627E+05  2.572838135E+02  3.407038736E+02  2.890676613E+02  3.003425350E+02  6.906456891E-01 
       113  5.694737683E-02  1.716020731E-01  5.976586917E-02  1.048554170E+05  2.568983967E+02  3.420296636E+02  2.913219502E+02  2.921512702E+02  6.800554688E-01 
       114  5.911848447E-02  1.709340834E-01  6.233872565E-02  1.081606895E+05  2.551557486E+02  3.435558181E+02  2.939266261E+02  2.834530269E+02  6.739812841E-01 
       115  6.119351897E-02  1.703313828E-01  6.496775561E-02  1.108949736E+05  2.546392655E+02  3.447262821E+02  2.959326692E+02  2.760831633E+02  6.664725784E-01 
       116  6.319798910E-02  1.696485115E-01  6.765543605E-02  1.131192224E+05  2.538121738E+02  3.456870179E+02  2.975843229E+02  2.697892098E+02  6.616514092E-01 
       117  6.520189851E-02  1.689621155E-01  7.034628384E-02  1.153545190E+05  2.522245445E+02  3.465503693E+02  2.990725832E+02  2.642645626E+02  6.613290589E-01 
       118  6.717992039E-02  1.682884043E-01  7.305807409E-02  1.170578618E+05  2.502359629E+02  3.472656860E+02  3.003084812E+02  2.599860601E+02  6.643073950E-01 
       119  6.910755662E-02  1.675987334E-01  7.579818779E-02  1.184901274E+05  2.492456059E+02  3.477155561E+02  3.010868125E+02  2.561898410E+02  6.646188591E-01 
       120  7.101404689E-02  1.668389198E-01  7.852135391E-02  1.195935399E+05  2.467999518E+02  3.482613711E+02  3.020327134E+02  2.549617646E+02  6.732903034E-01 
       121  7.286652020E-02  1.661304029E-01  8.130170181E-02  1.198399258E+05  2.459789087E+02  3.484417132E+02  3.023454860E+02  2.550836816E+02  6.769332498E-01 
       122  7.473378469E-02  1.653966549E-01  8.408122010E-02  1.200144067E+05  2.446213474E+02  3.486511745E+02  3.027091579E+02  2.543629341E+02  6.819532700E-01 
       123  7.654776682E-02  1.646234676E-01  8.688218818E-02  1.200318003E+05  2.433129992E+02  3.488555727E+02  3.030647869E+02  2.537890692E+02  6.869227886E-01 
       124  7.830115451E-02  1.638494494E-01  8.971806956E-02  1.198302544E+05  2.430346889E+02  3.489976883E+02  3.033128242E+02  2.536054478E+02  6.881970018E-01 
       125  8.003223315E-02  1.630890187E-01  9.257063461E-02  1.195939539E+05  2.432036567E+02  3.491513252E+02  3.035812125E+02  2.530924892E+02  6.873627864E-01 
       126  8.174167210E-02  1.623344685E-01  9.543869445E-02  1.194546853E+05  2.422975204E+02  3.494025068E+02  3.040197856E+02  2.506148584E+02  6.893325672E-01 
       127  8.339566060E-02  1.615413001E-01  9.829620033E-02  1.193550434E+05  2.390108266E+02  3.502286792E+02  3.054642510E+02  2.473074395E+02  7.011540307E-01 
       128  8.500809507E-02  1.607572746E-01  1.012133408E-01  1.190411547E+05  2.384223560E+02  3.509386411E+02  3.067071753E+02  2.453661427E+02  7.030054936E-01 
       129  8.654116005E-02  1.600133249E-01  1.041766726E-01  1.187958275E+05  2.408576286E+02  3.509631737E+02  3.067474277E+02  2.398183825E+02  6.887852733E-01 
       130  8.807530659E-02  1.592883350E-01  1.071513815E-01  1.188005554E+05  2.390218258E+02  3.515471210E+02  3.077674465E+02  2.308165884E+02  6.915841494E-01 
       131  8.946870181E-02  1.585918917E-01  1.101955952E-01  1.187468357E+05  2.332202604E+02  3.528949329E+02  3.101296624E+02  2.210709991E+02  7.135813108E-01 
       132  9.078169785E-02  1.579398834E-01  1.132895212E-01  1.186488970E+05  2.295837938E+02  3.537758932E+02  3.116762550E+02  2.143858660E+02  7.285939441E-01 
       133  9.193376095E-02  1.573753789E-01  1.164622823E-01  1.186418763E+05  2.281347566E+02  3.539381642E+02  3.119605370E+02  2.127684245E+02  7.350673955E-01 
       134  9.287851211E-02  1.569754829E-01  1.197270904E-01  1.186049345E+05  2.286251343E+02  3.532287636E+02  3.107142112E+02  2.212077367E+02  7.364881646E-01 
       135  9.346963790E-02  1.567893278E-01  1.230899614E-01  1.185580983E+05  2.336592999E+02  3.512412601E+02  3.072338886E+02  2.407041389E+02  7.252648859E-01 
       136  9.376445592E-02  1.568076376E-01  1.265149706E-01  1.185470151E+05  2.407227840E+02  3.489428778E+02  3.032225466E+02  2.578119707E+02  7.073304793E-01 
       137  9.391306034E-02  1.569225935E-01  1.299303306E-01  1.184411206E+05  2.433389959E+02  3.478383932E+02  3.013005028E+02  2.616751699E+02  7.001343183E-01 
       138  9.402896493E-02  1.570765633E-01  1.333445553E-01  1.182446245E+05  2.426969814E+02  3.476836157E+02  3.010314322E+02  2.601021662E+02  7.016788311E-01 
       139  9.417960043E-02  1.572174564E-01  1.367593072E-01  1.180887488E+05  2.428823709E+02  3.477027225E+02  3.010644121E+02  2.605307660E+02  7.020968329E-01 
       140  9.437397158E-02  1.573466446E-01  1.401725853E-01  1.179791656E+05  2.436361072E+02  3.477684188E+02  3.011783738E+02  2.618102438E+02  7.012244537E-01 
       141  9.455826038E-02  1.574868932E-01  1.435861248E-01  1.179259615E+05  2.438536983E+02  3.479822327E+02  3.015487155E+02  2.617901393E+02  7.011108052E-01 
       142  9.468914447E-02  1.576724412E-01  1.470000022E-01  1.178983496E+05  2.440400782E+02  3.481060867E+02  3.017770462E+02  2.618765440E+02  7.013178617E-01 
       143 -2.515044289E-02  2.387134140E-01 -4.211006034E-02  8.314219296E+04  1.811366000E+02  3.305788296E+02  2.721407880E+02  4.409065293E+02  1.147455065E+00 
       144 -2.515073613E-02  2.387267259E-01 -3.821832766E-02  8.469162807E+04  1.774797892E+02  3.314328006E+02  2.735491368E+02  4.384434621E+02  1.154139269E+00 
       145 -2.514274647E-02  2.387409373E-01 -3.433018188E-02  8.591165688E+04  1.737482086E+02  3.321863321E+02  2.747943992E+02  4.338730888E+02  1.159187947E+00 
       146 -2.514933814E-02  2.387615668E-01 -3.043885368E-02  8.588272263E+04  1.750727991E+02  3.320638089E+02  2.745913635E+02  4.354342114E+02  1.157712296E+00 
       147 -2.514205174E-02  2.387863737E-01 -2.655197175E-02  8.457453088E+04  1.779438264E+02  3.314004803E+02  2.734954630E+02  4.380497488E+02  1.153193111E+00 
       148 -2.514801404E-02  2.388163633E-01 -2.268742808E-02  8.249139276E+04  1.836232816E+02  3.302047700E+02  2.715257584E+02  4.421580461E+02  1.143258875E+00 
       149 -2.514603624E-02  2.387984711E-01 -1.877579094E-02  8.045311426E+04  1.889006176E+02  3.290207443E+02  2.695818710E+02  4.475324669E+02  1.135649949E+00 
       150 -2.513833525E-02  2.388756875E-01 -1.487946342E-02  7.929921555E+04  1.916635820E+02  3.283245170E+02  2.684415943E+02  4.498855596E+02  1.131346877E+00 
       151 -2.514495058E-02  2.389300222E-01 -1.098752945E-02  7.936730231E+04  1.895540007E+02  3.285599959E+02  2.688271034E+02  4.485053039E+02  1.135041816E+00 
       152 -2.501801490E-02  2.389948317E-01 -7.101428526E-03  8.098082269E+04  1.859407374E+02  3.293887057E+02  2.701862258E+02  4.467045929E+02  1.142038927E+00 
       153 -2.403359079E-02  2.391541778E-01 -3.362202731E-03  8.578308027E+04  1.733607041E+02  3.320527640E+02  2.745748901E+02  4.361319383E+02  1.162556749E+00 
       154 -2.203079393E-02  2.393877231E-01 -4.501692070E-05  8.961100323E+04  1.643574415E+02  3.340599398E+02  2.779030918E+02  4.271992202E+02  1.176757984E+00 
       155 -1.942355624E-02  2.396357170E-01  2.825132604E-03  8.670055032E+04  1.733987141E+02  3.324055992E+02  2.751605664E+02  4.327120128E+02  1.159352815E+00 
       156 -1.648721574E-02  2.398964014E-01  5.342831758E-03  8.136763702E+04  1.869221867E+02  3.294910791E+02  2.703555040E+02  4.437834067E+02  1.136214502E+00 
       157 -1.330897545E-02  2.400801911E-01  7.594698846E-03  7.959584558E+04  1.899254847E+02  3.284257202E+02  2.686082025E+02  4.493787742E+02  1.134781083E+00 
       158 -1.004552185E-02  2.402353079E-01  9.709455816E-03  8.043442859E+04  1.865268257E+02  3.289937444E+02  2.695394201E+02  4.472521358E+02  1.141259553E+00 
       159 -6.714656287E-03  2.403804415E-01  1.171394437E-02  8.058404036E+04  1.854119260E+02  3.289776185E+02  2.695122290E+02  4.474221690E+02  1.144612908E+00 
       160 -3.322138608E-03  2.404066774E-01  1.362735999E-02  7.991282089E+04  1.864124941E+02  3.287160437E+02  2.690835268E+02  4.487259421E+02  1.143690323E+00 
       161  9.783589121E-05  2.404201762E-01  1.547870720E-02  7.962264282E+04  1.873652780E+02  3.284992146E+02  2.687295289E+02  4.472713003E+02  1.140842242E+00 
       162  3.534439975E-03  2.403949673E-01  1.730379042E-02  8.069676660E+04  1.833856106E+02  3.292109041E+02  2.698999853E+02  4.423428783E+02  1.147229288E+00 
       163  6.969024296E-03  2.402279751E-01  1.908412837E-02  9.145053290E+04  1.548324267E+02  3.353465638E+02  2.800797191E+02  4.200546291E+02  1.199014002E+00 
       164  1.043411823E-02  2.400800089E-01  2.085152946E-02  7.880991364E+04  1.877762801E+02  3.289288723E+02  2.694331361E+02  4.437275702E+02  1.138219043E+00 
       165  1.388371434E-02  2.398652026E-01  2.263181169E-02  7.921381384E+04  1.841318891E+02  3.291396012E+02  2.697775435E+02  4.467292900E+02  1.149696563E+00 
       166  1.734145131E-02  2.394992745E-01  2.440657916E-02  7.881307666E+04  1.868207567E+02  3.288631067E+02  2.693247993E+02  4.486058316E+02  1.145520315E+00 
       167  2.080043859E-02  2.391294908E-01  2.615375350E-02  7.875951793E+04  1.906197351E+02  3.285911082E+02  2.688796297E+02  4.487799450E+02  1.136371389E+00 
       168  2.424052770E-02  2.387186889E-01  2.792040504E-02  7.904859021E+04  1.903478796E+02  3.288164477E+02  2.692484758E+02  4.449705362E+02  1.133251249E+00 
       169  2.766624902E-02  2.381908713E-01  2.968394578E-02  7.889711572E+04  1.913582084E+02  3.288417988E+02  2.692900496E+02  4.424367180E+02  1.128666714E+00 
       170  3.108229850E-02  2.375970478E-01  3.144655572E-02  7.858601703E+04  1.949296907E+02  3.285303800E+02  2.687811368E+02  4.435430210E+02  1.121275030E+00 
       171  3.449726266E-02  2.369314331E-01  3.319569832E-02  7.865360977E+04  1.972873892E+02  3.284720241E+02  2.686859678E+02  4.438182466E+02  1.115736649E+00 
       172  3.787267708E-02  2.362004853E-01  3.498142333E-02  7.904353662E+04  1.973964972E+02  3.289033051E+02  2.693925643E+02  4.405714884E+02  1.113731295E+00 
       173  4.123744789E-02  2.354271843E-01  3.677379579E-02  7.934105359E+04  2.004081812E+02  3.290076699E+02  2.695636764E+02  4.405542955E+02  1.108623244E+00 
       174  4.456263149E-02  2.345133553E-01  3.856958315E-02  7.873188672E+04  2.058845283E+02  3.284448104E+02  2.686412857E+02  4.451821684E+02  1.101104902E+00 
       175  4.789152860E-02  2.335402793E-01  4.034492433E-02  7.710618558E+04  2.116502268E+02  3.273737231E+02  2.668921009E+02  4.517755914E+02  1.095709746E+00 
       176  5.119514426E-02  2.325727211E-01  4.215365701E-02  7.510639935E+04  2.158583156E+02  3.263662378E+02  2.652527215E+02  4.555355851E+02  1.090959194E+00 
       177  5.444737908E-02  2.314873556E-01  4.396264389E-02  7.316242374E+04  2.200559534E+02  3.253123998E+02  2.635417144E+02  4.557056189E+02  1.081817114E+00 
       178  5.771043354E-02  2.303389779E-01  4.576361213E-02  7.118898383E+04  2.256202040E+02  3.241009802E+02  2.615835630E+02  4.571086373E+02  1.070283485E+00 
       179  6.093363739E-02  2.292015055E-01  4.761570799E-02  6.870552197E+04  2.339592357E+02  3.224637289E+02  2.589469271E+02  4.587215919E+02  1.051584505E+00 
       180  6.411569228E-02  2.279427553E-01  4.946832252E-02  6.693048828E+04  2.446812973E+02  3.213618393E+02  2.571799545E+02  4.643573494E+02  1.031040236E+00 
       181  6.728438578E-02  2.267057043E-01  5.135068917E-02  6.904610767E+04  2.571195664E+02  3.230858812E+02  2.599644485E+02  4.612735081E+02  9.937783442E-01 
       182  7.045491472E-02  2.254566135E-01  5.324396322E-02  7.994862476E+04  2.628505702E+02  3.298492670E+02  2.710007963E+02  4.378701715E+02  9.497653451E-01 
       183  7.352398986E-02  2.240979077E-01  5.520813549E-02  9.560231177E+04  2.513887525E+02  3.374410882E+02  2.835995498E+02  4.043950825E+02  9.438892193E-01 
       184  7.654294831E-02  2.227589545E-01  5.724026033E-02  1.043620464E+05  2.336069018E+02  3.421458145E+02  2.915245568E+02  3.830491756E+02  9.728414220E-01 
       185  7.954929441E-02  2.214414527E-01  5.933596166E-02  1.085359778E+05  2.398086891E+02  3.443477526E+02  2.952981696E+02  3.771355991E+02  9.486592077E-01 
       186  8.244157493E-02  2.200232159E-01  6.149679439E-02  1.252112480E+05  2.422531242E+02  3.505607758E+02  3.060415421E+02  3.424119110E+02  9.228453338E-01 
       187  8.531452000E-02  2.186177542E-01  6.372436707E-02  1.201823905E+05  2.395303509E+02  3.492264504E+02  3.037105418E+02  3.505766490E+02  9.311846737E-01 
       188  8.816039266E-02  2.172472440E-01  6.601424901E-02  1.219205117E+05  2.340078692E+02  3.498394127E+02  3.047776265E+02  3.493871684E+02  9.450833164E-01 
       189  9.092008057E-02  2.157826082E-01  6.831794754E-02  1.219432434E+05  2.289697532E+02  3.495356633E+02  3.042486010E+02  3.482676449E+02  9.581876572E-01 
       190  9.367581728E-02  2.143255962E-01  7.064980943E-02  1.219480834E+05  2.224472876E+02  3.500096009E+02  3.050735801E+02  3.475662329E+02  9.755705507E-01 
       191  9.641114101E-02  2.128789625E-01  7.302159977E-02  1.223403377E+05  2.219441825E+02  3.499298682E+02  3.049339257E+02  3.470580637E+02  9.762093457E-01 
       192  9.907895187E-02  2.114028516E-01  7.542603674E-02  1.222231969E+05  2.195493419E+02  3.500605097E+02  3.051613009E+02  3.465219929E+02  9.823383382E-01 
       193  1.016896232E-01  2.099003163E-01  7.789626121E-02  1.222508955E+05  2.191661520E+02  3.503492122E+02  3.056653039E+02  3.464794488E+02  9.826586405E-01 
       194  1.042573666E-01  2.084682280E-01  8.044071344E-02  1.223956299E+05  2.201094369E+02  3.507981250E+02  3.064505765E+02  3.439829600E+02  9.788580025E-01 
       195  1.067132028E-01  2.069758083E-01  8.306726980E-02  1.224276403E+05  2.197441508E+02  3.518405438E+02  3.082780769E+02  3.411382368E+02  9.786635756E-01 
       196  1.091091693E-01  2.055182938E-01  8.576040538E-02  1.223859280E+05  2.226406394E+02  3.526489165E+02  3.097002223E+02  3.380700577E+02  9.685530264E-01 
       197  1.114533399E-01  2.040960959E-01  8.851719904E-02  1.224617060E+05  2.241899301E+02  3.536924255E+02  3.115390905E+02  3.303031787E+02  9.624032746E-01 
       198  1.136946430E-01  2.026973542E-01  9.137514269E-02  1.225101396E+05  2.229399953E+02  3.556695730E+02  3.150334830E+02  3.174826858E+02  9.664116022E-01 
       199  1.158224243E-01  2.012857480E-01  9.431046231E-02  1.224489567E+05  2.240305589E+02  3.572052736E+02  3.177560093E+02  3.034540409E+02  9.655470252E-01 
       200  1.177983438E-01  1.999614296E-01  9.738734661E-02  1.223129289E+05  2.275262802E+02  3.577930975E+02  3.187980332E+02  2.917644724E+02  9.569240813E-01 
       201  1.195376812E-01  1.988013159E-01  1.006637087E-01  1.223509364E+05  2.294012074E+02  3.579084716E+02  3.190015543E+02  2.882431464E+02  9.503097563E-01 
       202  1.207748534E-01  1.979244993E-01  1.042263433E-01  1.223117816E+05  2.312945325E+02  3.567856896E+02  3.170091736E+02  3.002430694E+02  9.424815732E-01 
       203  1.209766187E-01  1.976967879E-01  1.080979692E-01  1.226041339E+05  2.329438626E+02  3.541366212E+02  3.123230631E+02  3.289178310E+02  9.356541497E-01 
       204  1.209415894E-01  1.976147862E-01  1.119887176E-01  1.228463847E+05  2.316094349E+02  3.522209207E+02  3.089472763E+02  3.339899645E+02  9.376581216E-01 
       205  1.209136670E-01  1.975679793E-01  1.158784497E-01  1.228837419E+05  2.289091882E+02  3.515331110E+02  3.077384129E+02  3.349817078E+02  9.450796085E-01 
       206  1.209140530E-01  1.975343277E-01  1.197687765E-01  1.229021814E+05  2.248680420E+02  3.514918609E+02  3.076658883E+02  3.371716014E+02  9.575787028E-01 
       207  1.209033119E-01  1.974945510E-01  1.236620610E-01  1.228460385E+05  2.213932136E+02  3.515918874E+02  3.078413910E+02  3.357156121E+02  9.675052180E-01 
       208  1.208998844E-01  1.975608583E-01  1.275528569E-01  1.228221927E+05  2.213863088E+02  3.517621363E+02  3.081427718E+02  3.358983462E+02  9.681705839E-01 
       209  1.209086196E-01  1.975927695E-01  1.314428594E-01  1.227858448E+05  2.212301174E+02  3.522651953E+02  3.090272352E+02  3.361325872E+02  9.690376645E-01 
       210  1.209261261E-01  1.976437754E-01  1.353324952E-01  1.228417375E+05  2.220642030E+02  3.529300765E+02  3.101968843E+02  3.317433791E+02  9.661817474E-01 
       211  1.209477387E-01  1.976921952E-01  1.392217013E-01  1.228229084E+05  2.213813930E+02  3.538758162E+02  3.118626896E+02  3.227053332E+02  9.683653694E-01 
       212  1.209659901E-01  1.977439656E-01  1.431109690E-01  1.230109757E+05  2.200504440E+02  3.550279765E+02  3.138812116E+02  3.102181424E+02  9.732049603E-01 
       213  1.210017723E-01  1.977818072E-01  1.470000027E-01  1.232470767E+05  2.210195532E+02  3.555618210E+02  3.146356077E+02  3.043511639E+02  9.713656791E-01 
       214 -1.337431699E-02  1.053111530E-01 -4.600000000E-02  8.764815332E+04  1.547249355E+02  3.330402489E+02  2.764684830E+02  2.357853470E+02  8.550178856E-01 
       215 -1.336879354E-02  1.054912688E-01 -4.299898917E-02  8.749025903E+04  1.537108884E+02  3.330890064E+02  2.762888947E+02  2.356538024E+02  8.602936529E-01 
       216 -1.321272523E-02  1.057016208E-01 -4.000664894E-02  8.753374072E+04  1.541817818E+02  3.330298519E+02  2.761908398E+02  2.363706818E+02  8.604538105E-01 
       217 -1.269691607E-02  1.059729593E-01 -3.706120983E-02  8.743168427E+04  1.550369082E+02  3.329354143E+02  2.760342041E+02  2.370525855E+02  8.584545346E-01 
       218 -1.181263769E-02  1.063072321E-01 -3.420969757E-02  8.723217540E+04  1.557900794E+02  3.328656162E+02  2.759184285E+02  2.376419525E+02  8.567047203E-01 
       219 -1.066241908E-02  1.066659143E-01 -3.145726216E-02  8.705981724E+04  1.565923535E+02  3.328037684E+02  2.758159647E+02  2.387598744E+02  8.565965607E-01 
       220 -9.280794463E-03  1.070573859E-01 -2.881758489E-02  8.687684789E+04  1.575038008E+02  3.327130281E+02  2.756655752E+02  2.397664370E+02  8.556365264E-01 
       221 -7.735023178E-03  1.074435380E-01 -2.626912607E-02  8.675736560E+04  1.584287475E+02  3.326414806E+02  2.755470322E+02  2.406212233E+02  8.541270122E-01 
       222 -6.047350445E-03  1.078135440E-01 -2.381048416E-02  8.664156786E+04  1.592777707E+02  3.325373493E+02  2.753745490E+02  2.412741676E+02  8.523283060E-01 
       223 -4.299611852E-03  1.081916589E-01 -2.139379423E-02  8.657073564E+04  1.598655755E+02  3.326012507E+02  2.754803675E+02  2.418117147E+02  8.515466872E-01 
       224 -2.461870607E-03  1.085505379E-01 -1.904289133E-02  8.664149675E+04  1.604065541E+02  3.325086138E+02  2.753269807E+02  2.422019473E+02  8.505036290E-01 
       225 -5.886173328E-04  1.088780789E-01 -1.671486844E-02  8.674342020E+04  1.602207159E+02  3.326536937E+02  2.755672794E+02  2.421166196E+02  8.517818887E-01 
       226  1.337912187E-03  1.092215599E-01 -1.443302686E-02  8.684973958E+04  1.598663486E+02  3.325736746E+02  2.754346632E+02  2.424761659E+02  8.553366764E-01 
       227  3.290030235E-03  1.094941851E-01 -1.216353628E-02  8.669394368E+04  1.593703541E+02  3.324905486E+02  2.752970232E+02  2.437701462E+02  8.632407802E-01 
       228  5.262023684E-03  1.097864070E-01 -9.913643549E-03  8.600900858E+04  1.605438295E+02  3.320402749E+02  2.745522866E+02  2.472468148E+02  8.695877990E-01 
       229  7.256339014E-03  1.100495762E-01 -7.679258903E-03  8.410368359E+04  1.648427736E+02  3.310387960E+02  2.728988950E+02  2.541041070E+02  8.718147477E-01 
       230  9.250945095E-03  1.102792579E-01 -5.441700620E-03  8.178141076E+04  1.726494590E+02  3.298622231E+02  2.709621989E+02  2.619816628E+02  8.592428676E-01 
       231  1.125130268E-02  1.105297001E-01 -3.209862298E-03  8.045923706E+04  1.802732291E+02  3.292773027E+02  2.700018396E+02  2.662583399E+02  8.348996807E-01 
       232  1.324504242E-02  1.107259366E-01 -9.692227629E-04  8.129964941E+04  1.837035279E+02  3.297041416E+02  2.707026234E+02  2.641720047E+02  8.096776139E-01 
       233  1.522818012E-02  1.109344875E-01  1.280794701E-03  8.326252979E+04  1.844833498E+02  3.307643356E+02  2.724471674E+02  2.584414425E+02  7.856086902E-01 
       234  1.717717000E-02  1.111306516E-01  3.565314237E-03  8.541032617E+04  1.832841682E+02  3.320779648E+02  2.746153336E+02  2.496854172E+02  7.624324411E-01 
       235  2.098827574E-02  1.115152878E-01  8.199040730E-03  8.927427344E+04  1.865400429E+02  3.342098999E+02  2.781529388E+02  2.370849457E+02  7.054916471E-01 
       236  2.283804163E-02  1.116790561E-01  1.055952489E-02  9.055748218E+04  1.911323618E+02  3.352384620E+02  2.798665905E+02  2.304378885E+02  6.602332336E-01 
       237  2.632960383E-02  1.121198866E-01  1.543269692E-02  9.112723779E+04  2.051274796E+02  3.354098206E+02  2.801528358E+02  2.308539238E+02  5.877528191E-01 
       238  2.959379811E-02  1.126564718E-01  2.044933110E-02  9.017075183E+04  2.211726294E+02  3.348842230E+02  2.792753935E+02  2.368984642E+02  5.234177662E-01 
       239  3.114059063E-02  1.129278581E-01  2.301118304E-02  8.965950684E+04  2.288252890E+02  3.347610574E+02  2.790699439E+02  2.394389693E+02  4.924509845E-01 
       240  3.264987762E-02  1.132456905E-01  2.559358749E-02  8.914157175E+04  2.352698856E+02  3.344929537E+02  2.786231244E+02  2.419396232E+02  4.679152621E-01 
       241  3.807676132E-02  1.146676712E-01  3.621643154E-02  8.789285415E+04  2.601015897E+02  3.337730157E+02  2.774249684E+02  2.507877354E+02  3.738444693E-01 
       242  3.928374460E-02  1.150413043E-01  3.894926042E-02  8.801255768E+04  2.656032774E+02  3.341125636E+02  2.779902701E+02  2.521953385E+02  3.514870733E-01 
       243  4.044503934E-02  1.154301055E-01  4.169676193E-02  8.838750085E+04  2.696893942E+02  3.344321988E+02  2.785223215E+02  2.515041749E+02  3.289351114E-01 
       244  4.154949506E-02  1.158110833E-01  4.446441861E-02  8.900716113E+04  2.735478497E+02  3.347161694E+02  2.789958496E+02  2.503293943E+02  3.056449126E-01 
       245  4.259018966E-02  1.161595968E-01  4.726780086E-02  8.981895231E+04  2.768677026E+02  3.350598673E+02  2.795697304E+02  2.486470077E+02  2.831796023E-01 
       246  4.357921759E-02  1.165132208E-01  5.008364009E-02  9.080419556E+04  2.791028013E+02  3.355532560E+02  2.803935690E+02  2.460499315E+02  2.632620977E-01 
       247  4.448002582E-02  1.168267471E-01  5.293502673E-02  9.200079047E+04  2.810130443E+02  3.361267055E+02  2.813522280E+02  2.428018020E+02  2.424061563E-01 
       248  4.534234860E-02  1.171711221E-01  5.579536500E-02  9.338291650E+04  2.817910137E+02  3.368122482E+02  2.825015869E+02  2.387527771E+02  2.248905227E-01 
       249  4.612355051E-02  1.174912616E-01  5.867935283E-02  9.472451074E+04  2.827830772E+02  3.374687271E+02  2.836036224E+02  2.349361763E+02  2.067407891E-01 
       250  4.681688670E-02  1.178330389E-01  6.158342338E-02  9.598920703E+04  2.834492607E+02  3.380903511E+02  2.846492157E+02  2.315333405E+02  1.924500987E-01 
       251  4.742483443E-02  1.181684938E-01  6.451168194E-02  9.714642090E+04  2.840141907E+02  3.386701660E+02  2.856262779E+02  2.283344116E+02  1.795320027E-01 
       252  4.796175059E-02  1.184973583E-01  6.744925218E-02  9.817351025E+04  2.848838816E+02  3.392128944E+02  2.865420132E+02  2.252421999E+02  1.648842301E-01 
       253  4.839690646E-02  1.188449776E-01  7.040346354E-02  9.900483450E+04  2.858819685E+02  3.396857048E+02  2.873413653E+02  2.230892256E+02  1.531466048E-01 
       254  4.867844520E-02  1.192029192E-01  7.337369276E-02  9.947268936E+04  2.879252634E+02  3.398957506E+02  2.876970207E+02  2.229892432E+02  1.432082663E-01 
       255  4.889804354E-02  1.195863964E-01  7.634446821E-02  9.983430203E+04  2.901843277E+02  3.398733951E+02  2.876596419E+02  2.221487465E+02  1.287582758E-01 
       256  4.901527392E-02  1.199575346E-01  7.936475415E-02  9.988634854E+04  2.926552491E+02  3.398945627E+02  2.876955795E+02  2.227449120E+02  1.187053207E-01 
       257  4.897414798E-02  1.207471392E-01  8.530893469E-02  9.980652539E+04  2.969338722E+02  3.400764694E+02  2.880027504E+02  2.236198502E+02  1.006844025E-01 
       258  4.879835866E-02  1.211503063E-01  8.827262235E-02  9.980353809E+04  2.992363548E+02  3.399220123E+02  2.877412682E+02  2.245991840E+02  9.271878935E-02 
       259  4.854576088E-02  1.215647590E-01  9.126615169E-02  9.996029884E+04  3.006644690E+02  3.397994197E+02  2.875335780E+02  2.248316992E+02  8.693196787E-02 
       260  4.818457029E-02  1.219712360E-01  9.420996830E-02  1.003846497E+05  3.006335568E+02  3.400158761E+02  2.879000959E+02  2.238162780E+02  8.455489582E-02 
       261  4.782320061E-02  1.224212570E-01  9.713670139E-02  1.008704121E+05  3.001730938E+02  3.402218571E+02  2.882499237E+02  2.221873350E+02  8.254720923E-02 
       262  4.734997920E-02  1.228526278E-01  1.001180955E-01  1.017175723E+05  2.995378036E+02  3.406968040E+02  2.890546532E+02  2.200504875E+02  7.902356982E-02 
       263  4.683890011E-02  1.232935874E-01  1.030087938E-01  1.030524828E+05  2.972012228E+02  3.415664400E+02  2.905331768E+02  2.155701820E+02  7.661279755E-02 
       264  4.566507936E-02  1.242316696E-01  1.088390156E-01  1.056705005E+05  2.911058297E+02  3.422867057E+02  2.917592360E+02  2.063678561E+02  8.019504637E-02 
       265  4.352639189E-02  1.257122811E-01  1.174848542E-01  1.082836925E+05  2.708096053E+02  3.444996920E+02  2.955480178E+02  1.862696977E+02  1.401018159E-01 
       266  4.289440586E-02  1.261798267E-01  1.203730247E-01  1.079584036E+05  2.572027799E+02  3.468661410E+02  2.996279583E+02  1.614996545E+02  1.480631956E-01 
       267  4.242365191E-02  1.265975250E-01  1.232861776E-01  1.078569940E+05  2.462261928E+02  3.491569343E+02  3.035926635E+02  1.347368451E+02  1.367255656E-01 
       268  4.208270049E-02  1.270006734E-01  1.262530889E-01  1.079608750E+05  2.420472794E+02  3.499317665E+02  3.049389725E+02  1.285239735E+02  1.515266392E-01 
       269  4.202415066E-02  1.273246053E-01  1.292418903E-01  1.078135376E+05  2.417691915E+02  3.499594879E+02  3.049868825E+02  1.311938368E+02  1.634524690E-01 
       270  4.218523596E-02  1.275849052E-01  1.322314117E-01  1.075114271E+05  2.431062995E+02  3.495505038E+02  3.042765019E+02  1.380507265E+02  1.781773827E-01 
       271  4.252691668E-02  1.278080741E-01  1.352038484E-01  1.072564680E+05  2.462229774E+02  3.491362004E+02  3.035569894E+02  1.470687297E+02  1.866590679E-01 
       272  4.296344289E-02  1.279984053E-01  1.381664338E-01  1.070553006E+05  2.494247193E+02  3.485591704E+02  3.025564280E+02  1.542718201E+02  1.897010707E-01 
       273  4.347514252E-02  1.281630447E-01  1.411197974E-01  1.067884267E+05  2.524008292E+02  3.480560739E+02  3.016828397E+02  1.600563597E+02  1.898435663E-01 
       274  4.403358971E-02  1.283124551E-01  1.440677535E-01  1.065247555E+05  2.550256096E+02  3.478595585E+02  3.013381900E+02  1.643421228E+02  1.877109441E-01 
       275  4.466583781E-02  1.284644007E-01  1.470000034E-01  1.063302414E+05  2.579646896E+02  3.474545996E+02  2.947976210E+02  1.681921120E+02  1.823405035E-01 
       276 -1.390154712E-02  1.725232616E-01 -4.600000033E-02  8.219138092E+04  1.811200676E+02  3.304122124E+02  2.708383597E+02  3.410042101E+02  1.010742843E+00 
       277 -1.389524734E-02  1.726308379E-01 -4.258575940E-02  8.270347952E+04  1.813892102E+02  3.303542568E+02  2.717707635E+02  3.419719265E+02  1.011595417E+00 
       278 -1.388827040E-02  1.727470810E-01 -3.919459871E-02  8.279300279E+04  1.815702634E+02  3.303327428E+02  2.717353655E+02  3.428553828E+02  1.012572824E+00 
       279 -1.387976982E-02  1.728866868E-01 -3.575874102E-02  8.285914989E+04  1.814219669E+02  3.303544118E+02  2.717709916E+02  3.430766513E+02  1.013497624E+00 
       280 -1.386962822E-02  1.730354599E-01 -3.234598001E-02  8.284058094E+04  1.813486073E+02  3.303334960E+02  2.717366368E+02  3.430795409E+02  1.013784857E+00 
       281 -1.385715910E-02  1.732129765E-01 -2.893478341E-02  8.254325499E+04  1.821355645E+02  3.301341864E+02  2.714089297E+02  3.444398713E+02  1.013550291E+00 
       282 -1.381464856E-02  1.733989484E-01 -2.553958976E-02  8.197807449E+04  1.830450723E+02  3.298339190E+02  2.709154386E+02  3.466905838E+02  1.014494019E+00 
       283 -1.334927366E-02  1.736519924E-01 -2.216152427E-02  8.118473670E+04  1.844121972E+02  3.294345534E+02  2.702599313E+02  3.480660013E+02  1.012377716E+00 
       284 -1.220387625E-02  1.739549638E-01 -1.896956374E-02  8.008552246E+04  1.879809523E+02  3.286653080E+02  2.689999275E+02  3.517108612E+02  1.007039331E+00 
       285 -1.057589609E-02  1.742731966E-01 -1.599005111E-02  7.816680760E+04  1.918844833E+02  3.278143631E+02  2.676087276E+02  3.554227826E+02  1.000762487E+00 
       286 -8.586070527E-03  1.745821273E-01 -1.323108332E-02  7.646511470E+04  1.969675879E+02  3.270322093E+02  2.663329149E+02  3.607533939E+02  9.939629601E-01 
       287 -6.371188279E-03  1.748941133E-01 -1.065117603E-02  7.592292313E+04  2.002547685E+02  3.268849399E+02  2.660930820E+02  3.620633367E+02  9.854194930E-01 
       288 -3.959984913E-03  1.752012559E-01 -8.251810021E-03  7.808227759E+04  1.993619210E+02  3.279448281E+02  2.678245306E+02  3.576044106E+02  9.797307487E-01 
       289 -1.474621790E-03  1.754287438E-01 -5.921768022E-03  8.289944183E+04  1.915557086E+02  3.305136277E+02  2.720438141E+02  3.450596012E+02  9.844899105E-01 
       290  1.096342236E-03  1.756586641E-01 -3.684409899E-03  8.892129987E+04  1.810512740E+02  3.332580317E+02  2.765741838E+02  3.286653560E+02  9.927294508E-01 
       291  3.722457199E-03  1.758529720E-01 -1.512169024E-03  9.162912866E+04  1.760394292E+02  3.342851572E+02  2.782774286E+02  3.244843378E+02  1.003441174E+00 
       292  6.390497491E-03  1.759799744E-01  6.206893580E-04  8.843811816E+04  1.772267303E+02  3.331995544E+02  2.764765263E+02  3.319104271E+02  1.010907650E+00 
       293  1.179759467E-02  1.761809281E-01  4.808741428E-03  7.662727539E+04  1.996476707E+02  3.270386353E+02  2.663486748E+02  3.640043869E+02  9.908907712E-01 
       294  1.450804596E-02  1.762121176E-01  6.883706551E-03  7.271643066E+04  2.090095787E+02  3.245644608E+02  2.623321934E+02  3.746245651E+02  9.804987237E-01 
       295  1.722225861E-02  1.762495216E-01  8.953048646E-03  7.067844922E+04  2.142838669E+02  3.231434479E+02  2.600382042E+02  3.819513779E+02  9.777058810E-01 
       296  1.993233776E-02  1.761597577E-01  1.102855473E-02  6.926303320E+04  2.171881657E+02  3.222763176E+02  2.586442986E+02  3.859579964E+02  9.765270650E-01 
       297  2.263244469E-02  1.760920636E-01  1.311525345E-02  6.753335254E+04  2.217335091E+02  3.211813908E+02  2.568902206E+02  3.899487267E+02  9.698753282E-01 
       298  2.532249661E-02  1.759768902E-01  1.521525865E-02  6.591370996E+04  2.286973009E+02  3.199652367E+02  2.549481735E+02  3.953724861E+02  9.583353437E-01 
       299  2.800116021E-02  1.758008440E-01  1.732596334E-02  6.563521875E+04  2.343234310E+02  3.195848589E+02  2.543419142E+02  3.977021732E+02  9.445416033E-01 
       300  3.066011949E-02  1.756198651E-01  1.946182943E-02  6.809940430E+04  2.364457698E+02  3.208832455E+02  2.564226632E+02  3.926711431E+02  9.266556595E-01 
       301  3.850917716E-02  1.748410184E-01  2.602581626E-02  8.721671362E+04  2.348947401E+02  3.339416494E+02  2.777097340E+02  3.347800522E+02  8.218742479E-01 
       302  4.358739934E-02  1.740919978E-01  3.053362568E-02  8.624748901E+04  2.380596256E+02  3.330644827E+02  2.762486525E+02  3.418628883E+02  8.235896751E-01 
       303  4.609287257E-02  1.736863543E-01  3.281922705E-02  8.520406372E+04  2.414871969E+02  3.326386690E+02  2.755428324E+02  3.447815742E+02  8.172917813E-01 
       304  4.855845708E-02  1.731970535E-01  3.512834265E-02  8.489178833E+04  2.465888472E+02  3.324045219E+02  2.751550026E+02  3.464231920E+02  8.028602730E-01 
       305  5.100043215E-02  1.726458906E-01  3.745772352E-02  8.579120215E+04  2.494812288E+02  3.329565883E+02  2.760701857E+02  3.435420232E+02  7.881188337E-01 
       306  5.340036417E-02  1.720848619E-01  3.982071753E-02  8.862066821E+04  2.501588407E+02  3.345069170E+02  2.786515441E+02  3.358584800E+02  7.730227746E-01 
       307  5.576533568E-02  1.714326002E-01  4.220398857E-02  9.362509372E+04  2.482372603E+02  3.371686615E+02  2.831068765E+02  3.221554186E+02  7.575279465E-01 
       308  5.808130114E-02  1.707532671E-01  4.462162642E-02  9.931263966E+04  2.455630013E+02  3.401006045E+02  2.880523492E+02  3.084102976E+02  7.458735714E-01 
       309  6.913202621E-02  1.670049815E-01  5.708998555E-02  1.124671392E+05  2.415886288E+02  3.467582769E+02  2.994335327E+02  2.754615870E+02  7.159789335E-01 
       310  7.325557335E-02  1.653928843E-01  6.228962682E-02  1.152911933E+05  2.411876379E+02  3.482041421E+02  3.019350734E+02  2.669156364E+02  7.076399834E-01 
       311  7.526114685E-02  1.645964451E-01  6.493668120E-02  1.166453525E+05  2.407807865E+02  3.487156830E+02  3.028230495E+02  2.638441620E+02  7.072679996E-01 
       312  8.099008587E-02  1.620989224E-01  7.305121222E-02  1.188643184E+05  2.386475430E+02  3.495534401E+02  3.042781067E+02  2.569055958E+02  7.082899660E-01 
       313  8.281625202E-02  1.612441772E-01  7.580722199E-02  1.192018223E+05  2.382660828E+02  3.495382843E+02  3.042516899E+02  2.561725655E+02  7.097124755E-01 
       314  8.462318717E-02  1.604029889E-01  7.856519154E-02  1.194511731E+05  2.380823469E+02  3.495058985E+02  3.041952248E+02  2.556038508E+02  7.113335505E-01 
       315  8.638808364E-02  1.595156660E-01  8.135371941E-02  1.195220588E+05  2.380506182E+02  3.493797798E+02  3.039756403E+02  2.550522904E+02  7.117573973E-01 
       316  8.818531781E-02  1.586346563E-01  8.418846896E-02  1.194064144E+05  2.380990653E+02  3.490982687E+02  3.034859981E+02  2.544370722E+02  7.094195556E-01 
       317  9.153487112E-02  1.568453452E-01  8.985396979E-02  1.192478607E+05  2.372835255E+02  3.491232319E+02  3.035298381E+02  2.542088809E+02  7.130537359E-01 
       318  9.319079870E-02  1.559467714E-01  9.269883327E-02  1.192369033E+05  2.371059170E+02  3.491529312E+02  3.035818024E+02  2.537331886E+02  7.135722376E-01 
       319  9.639067810E-02  1.541493463E-01  9.845101971E-02  1.192634980E+05  2.372198219E+02  3.489588432E+02  3.032437439E+02  2.536908112E+02  7.141693011E-01 
       320  9.789700787E-02  1.532238030E-01  1.013752208E-01  1.192511384E+05  2.378165770E+02  3.488225689E+02  3.030068965E+02  2.535250185E+02  7.106930856E-01 
       321  9.939560036E-02  1.523575645E-01  1.043121280E-01  1.191669160E+05  2.382736187E+02  3.486454430E+02  3.026990871E+02  2.539456978E+02  7.098921612E-01 
       322  1.008373928E-01  1.515239935E-01  1.072922639E-01  1.189768643E+05  2.388212528E+02  3.483803272E+02  3.022389069E+02  2.549104500E+02  7.092785239E-01 
       323  1.021925752E-01  1.507164957E-01  1.103173974E-01  1.187778333E+05  2.399153442E+02  3.480987301E+02  3.017507606E+02  2.562996721E+02  7.059943061E-01 
       324  1.063175391E-01  1.486079647E-01  1.265700906E-01  1.181656699E+05  2.423048172E+02  3.487004242E+02  3.027981453E+02  2.566649628E+02  6.993793696E-01 
       325  1.064822206E-01  1.487022474E-01  1.299738775E-01  1.182706797E+05  2.384216843E+02  3.499816208E+02  3.050294151E+02  2.453757858E+02  7.074126452E-01 
       326  1.066476119E-01  1.488146338E-01  1.333799290E-01  1.182312559E+05  2.322133636E+02  3.514201202E+02  3.075405159E+02  2.291123009E+02  7.258857340E-01 
       327  1.068180965E-01  1.489318139E-01  1.367854531E-01  1.180539688E+05  2.274840508E+02  3.522827072E+02  3.090491943E+02  2.199676056E+02  7.451595813E-01 
       328  1.069979625E-01  1.490578552E-01  1.401905319E-01  1.178916855E+05  2.282909946E+02  3.519176064E+02  3.084097958E+02  2.264581432E+02  7.458170429E-01 
       329  1.071817424E-01  1.491887345E-01  1.435955648E-01  1.179034087E+05  2.350459938E+02  3.504184513E+02  3.056255646E+02  2.448774977E+02  7.252991870E-01 
       330  1.073851999E-01  1.493347905E-01  1.470000044E-01  1.179760664E+05  2.431241913E+02  3.484899368E+02  3.012870026E+02  2.624676208E+02  7.053392380E-01 
       331 -5.132010553E-03  2.399711247E-01 -4.600000034E-02  8.405583545E+04  1.741119938E+02  3.310442009E+02  2.730395241E+02  4.394806671E+02  1.163428247E+00 
       332 -5.128125210E-03  2.399809281E-01 -4.210430258E-02  8.423794922E+04  1.744762311E+02  3.307976742E+02  2.725010777E+02  4.400402384E+02  1.163116623E+00 
       333 -5.125201508E-03  2.399922328E-01 -3.820870464E-02  8.295378198E+04  1.767701728E+02  3.302377069E+02  2.715808165E+02  4.423422318E+02  1.159883874E+00 
       334 -5.121813889E-03  2.400095995E-01 -3.431329778E-02  8.121032166E+04  1.810839802E+02  3.293532944E+02  2.701286722E+02  4.464623957E+02  1.153582090E+00 
       335 -5.119016059E-03  2.400291916E-01 -3.041776666E-02  7.934561485E+04  1.861190656E+02  3.284076605E+02  2.685792279E+02  4.498168016E+02  1.144623138E+00 
       336 -5.114574788E-03  2.400538233E-01 -2.652182619E-02  7.792665958E+04  1.884784432E+02  3.280160770E+02  2.679377943E+02  4.509351094E+02  1.139913780E+00 
       337 -5.109553763E-03  2.400828758E-01 -2.262552630E-02  7.835935083E+04  1.879319527E+02  3.282807374E+02  2.683720956E+02  4.499490404E+02  1.140199058E+00 
       338 -5.103895973E-03  2.401152952E-01 -1.872899116E-02  8.062546057E+04  1.834905778E+02  3.295538104E+02  2.704603953E+02  4.451844187E+02  1.146247217E+00 
       339 -4.925504783E-03  2.402473149E-01 -7.056915668E-03  8.734340159E+04  1.705391814E+02  3.322819079E+02  2.749576921E+02  4.351378708E+02  1.168458541E+00 
       340 -3.715119829E-03  2.403023013E-01 -3.373311706E-03  8.176324133E+04  1.795824730E+02  3.302845895E+02  2.716666797E+02  4.428339279E+02  1.153655269E+00 
       341 -1.562012846E-03  2.403581740E-01 -1.360753051E-04  7.844096414E+04  1.889382453E+02  3.283243840E+02  2.684464926E+02  4.511345177E+02  1.139156593E+00 
       342  1.133764527E-03  2.404094608E-01  2.675248428E-03  7.836241577E+04  1.902349515E+02  3.279067602E+02  2.677608442E+02  4.524417210E+02  1.137588602E+00 
       343  4.137632423E-03  2.404197044E-01  5.149238455E-03  7.993242923E+04  1.865645990E+02  3.285065570E+02  2.687401271E+02  4.493167362E+02  1.143440988E+00 
       344  7.316400202E-03  2.403253331E-01  7.399564588E-03  8.008165662E+04  1.838548692E+02  3.288850821E+02  2.693594048E+02  4.461033149E+02  1.147245006E+00 
       345  1.395577155E-02  2.400667001E-01  1.148649181E-02  8.633264307E+04  1.716200151E+02  3.317292957E+02  2.740483036E+02  4.344222050E+02  1.167100441E+00 
       346  1.735065466E-02  2.397965962E-01  1.337576268E-02  8.962537305E+04  1.594193001E+02  3.337439842E+02  2.773815765E+02  4.245107727E+02  1.188358113E+00 
       347  2.419161170E-02  2.391929427E-01  1.704637434E-02  7.928056152E+04  1.858909874E+02  3.290215073E+02  2.695904312E+02  4.479173737E+02  1.144651592E+00 
       348  2.761839379E-02  2.387452844E-01  1.884103948E-02  7.940017871E+04  1.887919540E+02  3.287368698E+02  2.691183586E+02  4.484031982E+02  1.137530163E+00 
       349  3.105226563E-02  2.382885234E-01  2.062260888E-02  8.069803223E+04  1.862326155E+02  3.295671997E+02  2.704793644E+02  4.453396931E+02  1.140751056E+00 
       350  3.788868369E-02  2.371344800E-01  2.417075674E-02  8.057134863E+04  1.864898109E+02  3.297843342E+02  2.708346825E+02  4.467401848E+02  1.142031744E+00 
       351  4.468291751E-02  2.357525484E-01  2.771953789E-02  8.014305762E+04  1.897884502E+02  3.292692108E+02  2.699912186E+02  4.458322868E+02  1.134775378E+00 
       352  4.805699300E-02  2.349490393E-01  2.948953136E-02  8.055505701E+04  1.894098740E+02  3.293691268E+02  2.701565475E+02  4.443028851E+02  1.135938620E+00 
       353  5.140582287E-02  2.340778219E-01  3.127771149E-02  8.064140967E+04  1.897004318E+02  3.294197655E+02  2.702400761E+02  4.432918320E+02  1.136647590E+00 
       354  5.473006301E-02  2.331020583E-01  3.305777180E-02  7.977451855E+04  1.914072571E+02  3.289814491E+02  2.695198250E+02  4.448389893E+02  1.135779560E+00 
       355  5.803984836E-02  2.320923676E-01  3.484458617E-02  7.832146826E+04  1.965464611E+02  3.279111023E+02  2.677689781E+02  4.485945320E+02  1.128098644E+00 
       356  6.132921494E-02  2.310454118E-01  3.665150486E-02  7.654431064E+04  2.002745050E+02  3.269114203E+02  2.661389711E+02  4.520986104E+02  1.123895555E+00 
       357  6.777528194E-02  2.285846393E-01  4.027160278E-02  8.481658789E+04  2.149135704E+02  3.322791061E+02  2.749766045E+02  4.302830200E+02  1.067527950E+00 
       358  7.097972553E-02  2.273472007E-01  4.209367684E-02  9.179329785E+04  2.299689713E+02  3.358199234E+02  2.808457603E+02  4.136512032E+02  1.013548598E+00 
       359  7.412444428E-02  2.259565065E-01  4.393674079E-02  9.103174512E+04  2.333444934E+02  3.350378790E+02  2.795387611E+02  4.186647949E+02  1.010372497E+00 
       360  7.725834663E-02  2.245514312E-01  4.577102978E-02  8.735981982E+04  2.337115440E+02  3.333631229E+02  2.767456989E+02  4.281465893E+02  1.018385969E+00 
       361  8.037011026E-02  2.231435234E-01  4.763983740E-02  8.962091504E+04  2.340741234E+02  3.348532715E+02  2.792416458E+02  4.216009407E+02  1.014328778E+00 
       362  8.343109451E-02  2.215945322E-01  4.950276897E-02  1.025846125E+05  2.258025868E+02  3.408776424E+02  2.894035592E+02  3.927759676E+02  1.018466249E+00 
       363  8.646988642E-02  2.201046420E-01  5.141624103E-02  1.221358269E+05  2.106603827E+02  3.485088024E+02  3.025082865E+02  3.572155704E+02  1.049730096E+00 
       364  9.242245520E-02  2.169732682E-01  5.534503106E-02  1.184212922E+05  2.203124909E+02  3.497788553E+02  3.047004080E+02  3.532453880E+02  1.003358565E+00 
       365  9.533631835E-02  2.153857768E-01  5.738443174E-02  1.163435468E+05  2.228316793E+02  3.491791315E+02  3.036670747E+02  3.553984704E+02  9.933271157E-01 
       366  9.819952312E-02  2.138016843E-01  5.949569436E-02  1.170019014E+05  2.241637154E+02  3.500408363E+02  3.051733627E+02  3.488400841E+02  9.856096059E-01 
       367  1.009694591E-01  2.121295788E-01  6.167326851E-02  1.191497178E+05  2.258366475E+02  3.514842529E+02  3.076952658E+02  3.402142706E+02  9.746542163E-01 
       368  1.037116704E-01  2.105064985E-01  6.390540356E-02  1.201575625E+05  2.290086813E+02  3.528972311E+02  3.101779079E+02  3.350694170E+02  9.606312625E-01 
       369  1.064180189E-01  2.088777679E-01  6.618856681E-02  1.205016245E+05  2.343721533E+02  3.538390045E+02  3.118415203E+02  3.334785576E+02  9.416127391E-01 
       370  1.090480686E-01  2.071800512E-01  6.850700508E-02  1.205862007E+05  2.379445152E+02  3.544555779E+02  3.129403305E+02  3.305463600E+02  9.277475812E-01 
       371  1.116790455E-01  2.055210471E-01  7.084353951E-02  1.209470703E+05  2.391877251E+02  3.548976359E+02  3.137252464E+02  3.276304464E+02  9.214750808E-01 
       372  1.142974452E-01  2.038484190E-01  7.319785208E-02  1.215534001E+05  2.376975055E+02  3.545601749E+02  3.131187382E+02  3.283771887E+02  9.243500941E-01 
       373  1.168416696E-01  2.021295301E-01  7.558130371E-02  1.221283071E+05  2.348780775E+02  3.541389198E+02  3.123642311E+02  3.297647495E+02  9.320488498E-01 
       374  1.193277496E-01  2.004108846E-01  7.805168345E-02  1.226010675E+05  2.321711922E+02  3.535268583E+02  3.112760162E+02  3.312104368E+02  9.398329770E-01 
       375  1.217693779E-01  1.987784452E-01  8.060399866E-02  1.228535977E+05  2.290741644E+02  3.528393831E+02  3.100577774E+02  3.334185181E+02  9.493326619E-01 
       376  1.240793489E-01  1.970470446E-01  8.322373237E-02  1.230467476E+05  2.244103985E+02  3.523080111E+02  3.091172647E+02  3.349046612E+02  9.630401954E-01 
       377  1.263696524E-01  1.953872062E-01  8.590193330E-02  1.235097202E+05  2.210431547E+02  3.522689577E+02  3.090395966E+02  3.332153109E+02  9.720292464E-01 
       378  1.285811840E-01  1.937639536E-01  8.866989816E-02  1.235179003E+05  2.185535390E+02  3.509266763E+02  3.066833596E+02  3.394100099E+02  9.799505118E-01 
       379  1.378530526E-01  1.861918564E-01  1.119425893E-01  1.225953618E+05  2.184639530E+02  3.553778648E+02  3.145119066E+02  3.151692896E+02  9.798586704E-01 
       380  1.378280879E-01  1.861358471E-01  1.158380052E-01  1.220337896E+05  2.199724550E+02  3.562876301E+02  3.161244850E+02  3.019213943E+02  9.764302038E-01 
       381  1.378172244E-01  1.861105784E-01  1.197328496E-01  1.214561731E+05  2.263949995E+02  3.564926901E+02  3.164887943E+02  2.986344805E+02  9.558535051E-01 
       382  1.378137064E-01  1.861013403E-01  1.236281983E-01  1.219965875E+05  2.319488549E+02  3.559163563E+02  3.154685683E+02  3.096032057E+02  9.342459114E-01 
       383  1.378232998E-01  1.861207539E-01  1.275238734E-01  1.227571630E+05  2.309913014E+02  3.550396080E+02  3.139216912E+02  3.233067345E+02  9.387047079E-01 
       384  1.378388478E-01  1.861485149E-01  1.314192119E-01  1.231187865E+05  2.268334894E+02  3.537897181E+02  3.117166879E+02  3.330249275E+02  9.524744018E-01 
       385  1.378667705E-01  1.861922064E-01  1.353144338E-01  1.231530153E+05  2.229590994E+02  3.531027820E+02  3.105048301E+02  3.324620874E+02  9.637648645E-01 
       386  1.378917792E-01  1.862393165E-01  1.392095884E-01  1.231584296E+05  2.215247861E+02  3.527282509E+02  3.098424503E+02  3.316573603E+02  9.677723534E-01 
       387  1.379128913E-01  1.862912877E-01  1.431056120E-01  1.231989304E+05  2.214460207E+02  3.528217372E+02  3.098286412E+02  3.290986258E+02  9.678110495E-01 
       388  1.379274402E-01  1.863453723E-01  1.469999959E-01  1.232814280E+05  2.210902996E+02  3.536056604E+02  3.106706419E+02  3.212842045E+02  9.687687326E-01 
       389 -3.389247132E-02  1.007789921E-01 -4.300551245E-02  8.756773193E+04  1.538943949E+02  3.330713158E+02  2.762595978E+02  2.356917953E+02  8.594103716E-01 
       390 -3.372456358E-02  1.010433636E-01 -4.002223516E-02  8.746189236E+04  1.546032982E+02  3.330077745E+02  2.761541387E+02  2.364660857E+02  8.584115496E-01 
       391 -3.329024078E-02  1.014074167E-01 -3.707963811E-02  8.735049509E+04  1.551448446E+02  3.329585434E+02  2.760725946E+02  2.371484476E+02  8.582059599E-01 
       392 -3.255620303E-02  1.018883264E-01 -3.421559131E-02  8.722249059E+04  1.559323727E+02  3.328722458E+02  2.759294576E+02  2.379777873E+02  8.571840164E-01 
       393 -3.153373485E-02  1.024554568E-01 -3.145384174E-02  8.709074479E+04  1.566360876E+02  3.327896663E+02  2.757926185E+02  2.387851343E+02  8.565931922E-01 
       394 -3.028950121E-02  1.031058036E-01 -2.880322264E-02  8.696235144E+04  1.574614920E+02  3.327051647E+02  2.756525651E+02  2.395169438E+02  8.550517922E-01 
       395 -2.888173412E-02  1.037838005E-01 -2.624318977E-02  8.687343173E+04  1.580874194E+02  3.326587167E+02  2.755755919E+02  2.401427725E+02  8.543298668E-01 
       396 -2.733119538E-02  1.044792183E-01 -2.377110822E-02  8.681725083E+04  1.584342477E+02  3.326530482E+02  2.755661534E+02  2.407023861E+02  8.549915709E-01 
       397 -2.568342124E-02  1.052055751E-01 -2.135968630E-02  8.673318417E+04  1.591169217E+02  3.325913661E+02  2.754639505E+02  2.413996754E+02  8.541796811E-01 
       398 -2.397735570E-02  1.059146334E-01 -1.899049647E-02  8.655515506E+04  1.594916421E+02  3.325193274E+02  2.753446833E+02  2.424049778E+02  8.562571430E-01 
       399 -2.220871387E-02  1.066063154E-01 -1.667396516E-02  8.614804428E+04  1.607805434E+02  3.322807554E+02  2.749497497E+02  2.442273686E+02  8.561548858E-01 
       400 -2.041003203E-02  1.073389070E-01 -1.437512078E-02  8.552822314E+04  1.625444733E+02  3.319512002E+02  2.744046899E+02  2.470638084E+02  8.573177664E-01 
       401 -1.856976066E-02  1.079715131E-01 -1.211630566E-02  8.486736471E+04  1.650528465E+02  3.316057696E+02  2.738338377E+02  2.497303392E+02  8.538141173E-01 
       402 -1.670953655E-02  1.086522831E-01 -9.860640570E-03  8.429169198E+04  1.685811142E+02  3.312734482E+02  2.732852714E+02  2.526395535E+02  8.458123510E-01 
       403 -1.482329113E-02  1.093026603E-01 -7.620995183E-03  8.435757373E+04  1.712121596E+02  3.313128785E+02  2.733504598E+02  2.528286608E+02  8.331284220E-01 
       404 -1.292306254E-02  1.099268373E-01 -5.385291055E-03  8.530359375E+04  1.717979832E+02  3.318416252E+02  2.742237186E+02  2.499523153E+02  8.207674567E-01 
       405 -1.101845801E-02  1.105590611E-01 -3.137660868E-03  8.696618738E+04  1.705217118E+02  3.327510078E+02  2.757290105E+02  2.442654124E+02  8.087350053E-01 
       406 -9.120841472E-03  1.111701815E-01 -8.914052251E-04  8.945830704E+04  1.675501621E+02  3.341007425E+02  2.779704995E+02  2.354637434E+02  7.971633973E-01 
       407 -7.240675928E-03  1.117476218E-01  1.353994698E-03  9.293318608E+04  1.637588310E+02  3.358638843E+02  2.809128452E+02  2.230770019E+02  7.812283988E-01 
       408 -5.370549944E-03  1.123083196E-01  3.627204146E-03  9.666392188E+04  1.661652091E+02  3.375418868E+02  2.837258849E+02  2.071321912E+02  7.236937871E-01 
       409 -3.530590186E-03  1.128981262E-01  5.933484609E-03  9.863888531E+04  1.703330023E+02  3.390087810E+02  2.861971114E+02  2.025209138E+02  6.870723098E-01 
       410 -1.726912218E-03  1.134387153E-01  8.259926622E-03  9.816533960E+04  1.847893548E+02  3.385800242E+02  2.854738927E+02  2.032008100E+02  6.066152928E-01 
       411  3.734044288E-05  1.140039107E-01  1.062617763E-02  9.734939966E+04  1.942531533E+02  3.381436844E+02  2.847385659E+02  2.087912822E+02  5.700815292E-01 
       412  1.740848712E-03  1.145879687E-01  1.302702968E-02  9.651124369E+04  2.018433444E+02  3.377459518E+02  2.840691117E+02  2.123911700E+02  5.401383179E-01 
       413  3.387617433E-03  1.151172021E-01  1.547343878E-02  9.598891653E+04  2.083397349E+02  3.375017948E+02  2.836584603E+02  2.152666767E+02  5.141903992E-01 
       414  4.957112811E-03  1.157081541E-01  1.796238578E-02  9.540575281E+04  2.158379819E+02  3.371078587E+02  2.829969845E+02  2.192951617E+02  4.874369595E-01 
       415  6.462677552E-03  1.163151534E-01  2.048609031E-02  9.459536206E+04  2.225382252E+02  3.366950054E+02  2.823040171E+02  2.233278136E+02  4.659085404E-01 
       416  7.926557233E-03  1.168909271E-01  2.304605918E-02  9.390696527E+04  2.280047648E+02  3.363933063E+02  2.817979040E+02  2.261237988E+02  4.472531602E-01 
       417  9.338612782E-03  1.175119790E-01  2.562398907E-02  9.358790551E+04  2.328626893E+02  3.362350876E+02  2.815328867E+02  2.277796328E+02  4.287988557E-01 
       418  1.068984297E-02  1.181121478E-01  2.822455248E-02  9.346940244E+04  2.374770443E+02  3.361702030E+02  2.814242834E+02  2.293011417E+02  4.111462348E-01 
       419  1.198650266E-02  1.187330819E-01  3.085849659E-02  9.338614308E+04  2.424525062E+02  3.360262091E+02  2.811834807E+02  2.313202050E+02  3.934806039E-01 
       420  1.322982934E-02  1.193430432E-01  3.352159396E-02  9.341777489E+04  2.465061423E+02  3.360166600E+02  2.811674853E+02  2.327086227E+02  3.787180843E-01 
       421  1.439865389E-02  1.199672983E-01  3.621509854E-02  9.364202368E+04  2.500560200E+02  3.361497607E+02  2.813902248E+02  2.324982893E+02  3.612091705E-01 
       422  1.553995729E-02  1.205631245E-01  3.892438234E-02  9.404088843E+04  2.532537171E+02  3.363711299E+02  2.817609417E+02  2.317411037E+02  3.433921123E-01 
       423  1.662952250E-02  1.211745408E-01  4.165332372E-02  9.455712653E+04  2.560156409E+02  3.366333747E+02  2.822004603E+02  2.308878434E+02  3.278218979E-01 
       424  1.764894372E-02  1.217373945E-01  4.441857664E-02  9.523805817E+04  2.582044461E+02  3.369734046E+02  2.827710499E+02  2.295106673E+02  3.131340446E-01 
       425  1.861873940E-02  1.222791769E-01  4.720617614E-02  9.616530936E+04  2.601156647E+02  3.374110680E+02  2.835059251E+02  2.275491378E+02  2.978342658E-01 
       426  1.950820179E-02  1.228336643E-01  5.001741530E-02  9.710536401E+04  2.622142961E+02  3.378229781E+02  2.841986867E+02  2.253618455E+02  2.806846157E-01 
       427  2.036944420E-02  1.233245632E-01  5.285072558E-02  9.808300821E+04  2.637927064E+02  3.383356810E+02  2.850619503E+02  2.225570806E+02  2.639449870E-01 
       428  2.117157025E-02  1.238295963E-01  5.569831964E-02  9.915561145E+04  2.652719717E+02  3.388591623E+02  2.859448714E+02  2.197365355E+02  2.479119746E-01 
       429  2.190592593E-02  1.242947792E-01  5.857026217E-02  1.002371560E+05  2.666864576E+02  3.393875008E+02  2.868373079E+02  2.166503077E+02  2.309350809E-01 
       430  2.257248913E-02  1.247551336E-01  6.145961794E-02  1.013118813E+05  2.681185217E+02  3.399141283E+02  2.877280922E+02  2.137941723E+02  2.147528920E-01 
       431  2.314781749E-02  1.251835029E-01  6.437124902E-02  1.022714556E+05  2.699312220E+02  3.403549185E+02  2.884746408E+02  2.114126763E+02  1.976419818E-01 
       432  2.363318974E-02  1.255957621E-01  6.730774801E-02  1.030463374E+05  2.720993237E+02  3.407014744E+02  2.890621948E+02  2.096107986E+02  1.804467663E-01 
       433  2.402789138E-02  1.260195069E-01  7.025072331E-02  1.035387334E+05  2.745985298E+02  3.409589920E+02  2.894993343E+02  2.086552000E+02  1.643898673E-01 
       434  2.431727977E-02  1.264030352E-01  7.321094069E-02  1.037518535E+05  2.775214806E+02  3.410831795E+02  2.897101784E+02  2.083603325E+02  1.479165563E-01 
       435  2.453016930E-02  1.268032789E-01  7.617447467E-02  1.037591316E+05  2.807005744E+02  3.411317244E+02  2.897926831E+02  2.087350111E+02  1.324657663E-01 
       436  2.462079541E-02  1.271795605E-01  7.915094878E-02  1.036186099E+05  2.843020532E+02  3.411080775E+02  2.897524641E+02  2.098143996E+02  1.168923160E-01 
       437  2.463902970E-02  1.275610820E-01  8.212637731E-02  1.031218625E+05  2.885608897E+02  3.408628197E+02  2.893361106E+02  2.121890030E+02  1.025971037E-01 
       438  2.457492051E-02  1.279220853E-01  8.510260082E-02  1.021972414E+05  2.929440102E+02  3.404572580E+02  2.886481088E+02  2.159562621E+02  9.322289706E-02 
       439  2.441429013E-02  1.282749863E-01  8.807550525E-02  1.009385878E+05  2.970175113E+02  3.398829783E+02  2.876749316E+02  2.207723711E+02  9.012965231E-02 
       440  2.420234297E-02  1.286273229E-01  9.105186832E-02  1.001546819E+05  2.980719299E+02  3.395024768E+02  2.870311010E+02  2.246369120E+02  1.016998304E-01 
       441  2.388558350E-02  1.289647853E-01  9.401845916E-02  1.001678122E+05  2.962409379E+02  3.395443730E+02  2.871020547E+02  2.249394028E+02  1.157245034E-01 
       442  2.351928731E-02  1.293134864E-01  9.696958543E-02  1.006273345E+05  2.936688985E+02  3.397591763E+02  2.874654327E+02  2.238232465E+02  1.284264612E-01 
       443  2.306449285E-02  1.296327241E-01  9.991680403E-02  1.013230427E+05  2.909210253E+02  3.400526714E+02  2.879622355E+02  2.212687950E+02  1.361910701E-01 
       444  2.257188759E-02  1.299515661E-01  1.028605699E-01  1.022327153E+05  2.879607306E+02  3.404823351E+02  2.886904192E+02  2.176612234E+02  1.412429889E-01 
       445  2.201092100E-02  1.302726916E-01  1.057899135E-01  1.032765587E+05  2.851881263E+02  3.410251554E+02  2.896115682E+02  2.136197331E+02  1.437506940E-01 
       446  2.143382683E-02  1.305960230E-01  1.087107054E-01  1.043384100E+05  2.827232989E+02  3.415627897E+02  2.905255209E+02  2.100844001E+02  1.466590587E-01 
       447  2.076802587E-02  1.309307408E-01  1.116221513E-01  1.053862422E+05  2.799644108E+02  3.421905441E+02  2.915944233E+02  2.059841118E+02  1.494748704E-01 
       448  2.010215597E-02  1.312657467E-01  1.145293522E-01  1.062360088E+05  2.775636854E+02  3.427202988E+02  2.924978609E+02  2.019560757E+02  1.507337666E-01 
       449  1.945135245E-02  1.316056955E-01  1.174374795E-01  1.068734625E+05  2.761958261E+02  3.430866547E+02  2.931235418E+02  1.997615659E+02  1.528665408E-01 
       450  1.885387307E-02  1.319548677E-01  1.203553293E-01  1.073460704E+05  2.757400928E+02  3.433092549E+02  2.935040634E+02  1.990945859E+02  1.552486314E-01 
       451  1.837479322E-02  1.322913677E-01  1.233018373E-01  1.076447046E+05  2.755876007E+02  3.434559126E+02  2.937549086E+02  1.986381955E+02  1.566152861E-01 
       452  1.811263581E-02  1.325954541E-01  1.262715907E-01  1.077273560E+05  2.756674433E+02  3.435268669E+02  2.938762417E+02  1.987857695E+02  1.587134036E-01 
       453  1.805653049E-02  1.328847135E-01  1.292554963E-01  1.076738191E+05  2.757789974E+02  3.435637388E+02  2.939393072E+02  1.995696297E+02  1.630865030E-01 
       454  1.819877737E-02  1.331672438E-01  1.322380588E-01  1.075261754E+05  2.762653642E+02  3.435411891E+02  2.939008156E+02  2.008853344E+02  1.671195761E-01 
       455  1.852494771E-02  1.334510277E-01  1.352129826E-01  1.073618377E+05  2.771043297E+02  3.434667330E+02  2.937734337E+02  2.027706890E+02  1.712796282E-01 
       456  1.890761882E-02  1.337081709E-01  1.381756048E-01  1.071692599E+05  2.781819494E+02  3.433457122E+02  2.935663877E+02  2.046006643E+02  1.735724459E-01 
       457  1.937808835E-02  1.339540030E-01  1.411279949E-01  1.069310541E+05  2.792588906E+02  3.432128353E+02  2.933391864E+02  2.065596457E+02  1.763217120E-01 
       458  1.989552602E-02  1.341916383E-01  1.440726902E-01  1.066369994E+05  2.802990823E+02  3.430742729E+02  2.931023166E+02  2.084102018E+02  1.789047346E-01 
       459  2.048114376E-02  1.344526817E-01  1.469999956E-01  1.063095522E+05  2.815549994E+02  3.428692369E+02  2.927538996E+02  2.105798054E+02  1.809951393E-01 
       460 -4.772920012E-02  1.664853148E-01 -4.258181757E-02  8.243647231E+04  1.818855387E+02  3.301913989E+02  2.715029134E+02  3.431917280E+02  1.012144797E+00 
       461 -4.770031945E-02  1.666117663E-01 -3.916302660E-02  8.221834283E+04  1.817604891E+02  3.301163754E+02  2.713796632E+02  3.433340127E+02  1.012876526E+00 
       462 -4.768621633E-02  1.667606858E-01 -3.574527808E-02  8.185478870E+04  1.825858386E+02  3.299165916E+02  2.710514255E+02  3.445848641E+02  1.012354625E+00 
       463 -4.773671611E-02  1.669008759E-01 -3.232563070E-02  8.143928931E+04  1.848760958E+02  3.295599375E+02  2.704656582E+02  3.473060369E+02  1.009542882E+00 
       464 -4.779814392E-02  1.670685917E-01 -2.890641835E-02  8.094119751E+04  1.856452188E+02  3.293472300E+02  2.701165304E+02  3.482306614E+02  1.008572444E+00 
       465 -4.772832030E-02  1.672854950E-01 -2.549705171E-02  8.023327820E+04  1.876625991E+02  3.289644094E+02  2.694891858E+02  3.500406036E+02  1.005099222E+00 
       466 -4.733274936E-02  1.676197526E-01 -2.211766833E-02  7.953320032E+04  1.914452746E+02  3.284258409E+02  2.686077094E+02  3.535345135E+02  9.987973627E-01 
       467 -4.646629434E-02  1.680852894E-01 -1.884685997E-02  7.942227634E+04  1.938515283E+02  3.283261491E+02  2.684445481E+02  3.547825288E+02  9.929438750E-01 
       468 -4.497458874E-02  1.687177674E-01 -1.583913045E-02  8.115396997E+04  1.909563298E+02  3.294974184E+02  2.703650250E+02  3.491540785E+02  9.925067350E-01 
       469 -4.311049959E-02  1.694263862E-01 -1.306511329E-02  8.449318018E+04  1.852309747E+02  3.314079762E+02  2.735105829E+02  3.384604177E+02  9.933121447E-01 
       470 -4.101650432E-02  1.701661907E-01 -1.047820325E-02  8.758443896E+04  1.784537764E+02  3.331009064E+02  2.763092537E+02  3.304407101E+02  1.003137875E+00 
       471 -3.872443978E-02  1.709287414E-01 -8.043812788E-03  8.754504053E+04  1.765470178E+02  3.330416327E+02  2.762110937E+02  3.308448501E+02  1.010698252E+00 
       472 -3.634257562E-02  1.716543837E-01 -5.706210795E-03  8.535561914E+04  1.793994637E+02  3.317463951E+02  2.740673714E+02  3.376060677E+02  1.011869334E+00 
       473 -3.384972842E-02  1.724025179E-01 -3.469956820E-03  8.161737524E+04  1.857899735E+02  3.297215507E+02  2.707342777E+02  3.492877657E+02  1.010702902E+00 
       474 -3.133060076E-02  1.731099844E-01 -1.271304633E-03  7.712220609E+04  1.969327133E+02  3.270357628E+02  2.663415151E+02  3.626320164E+02  9.978272184E-01 
       475 -2.873453975E-02  1.737912906E-01  8.535856133E-04  7.342330859E+04  2.053780432E+02  3.248984919E+02  2.628705702E+02  3.714930363E+02  9.868960679E-01 
       476 -2.611690126E-02  1.744247281E-01  2.958268427E-03  7.101010779E+04  2.139328976E+02  3.231081629E+02  2.599804721E+02  3.793914914E+02  9.742853194E-01 
       477 -2.348835128E-02  1.750433393E-01  5.058280838E-03  6.986025919E+04  2.155377958E+02  3.226671021E+02  2.592716956E+02  3.817728834E+02  9.743288327E-01 
       478 -2.083113736E-02  1.756162102E-01  7.133742148E-03  6.950990259E+04  2.191121774E+02  3.221896305E+02  2.585047784E+02  3.839757519E+02  9.668243248E-01 
       479 -1.816607045E-02  1.761555279E-01  9.209141426E-03  6.993510767E+04  2.207918119E+02  3.225239229E+02  2.590423040E+02  3.832347946E+02  9.593403637E-01 
       480 -1.549262448E-02  1.766467189E-01  1.128626304E-02  7.260603955E+04  2.204424572E+02  3.243626194E+02  2.620107880E+02  3.755207186E+02  9.446473420E-01 
       481 -1.281959455E-02  1.771087169E-01  1.337222607E-02  8.255653760E+04  2.150009065E+02  3.300860755E+02  2.713545411E+02  3.485039191E+02  9.131372077E-01 
       482 -1.015361520E-02  1.775059034E-01  1.547159933E-02  9.806740079E+04  2.076146713E+02  3.381795171E+02  2.848035381E+02  3.081296491E+02  8.756527147E-01 
       483 -7.491200012E-03  1.778633735E-01  1.757589553E-02  9.648549268E+04  2.203502860E+02  3.377483501E+02  2.840796776E+02  3.096721630E+02  8.320714403E-01 
       484 -4.837064878E-03  1.782590199E-01  1.971143984E-02  8.953577002E+04  2.299492168E+02  3.342437506E+02  2.782104206E+02  3.303243904E+02  8.305834047E-01 
       485 -2.188499166E-03  1.785530451E-01  2.185094162E-02  8.869884253E+04  2.306362025E+02  3.339366095E+02  2.776986533E+02  3.320044444E+02  8.313559038E-01 
       486  4.329096806E-04  1.787998193E-01  2.404680664E-02  8.919988623E+04  2.350166512E+02  3.339243927E+02  2.776776905E+02  3.334350700E+02  8.187652752E-01 
       487  3.027224691E-03  1.790317150E-01  2.627094405E-02  8.933717352E+04  2.367500203E+02  3.340881057E+02  2.779494286E+02  3.337053013E+02  8.135817572E-01 
       488  5.626976121E-03  1.792222402E-01  2.847807669E-02  8.993321521E+04  2.388359146E+02  3.343407698E+02  2.783701141E+02  3.340454226E+02  8.075725734E-01 
       489  8.191038637E-03  1.793338257E-01  3.074695743E-02  9.183134399E+04  2.396186340E+02  3.352902422E+02  2.799557278E+02  3.298902698E+02  7.985062888E-01 
       490  1.074058355E-02  1.794129340E-01  3.303046409E-02  9.518484323E+04  2.388707042E+02  3.369596410E+02  2.827522445E+02  3.205451695E+02  7.867964099E-01 
       491  1.325979491E-02  1.793970135E-01  3.532576038E-02  9.931246045E+04  2.367974787E+02  3.389598131E+02  2.861200328E+02  3.077924473E+02  7.754423590E-01 
       492  1.577166567E-02  1.793535417E-01  3.765132951E-02  1.030387124E+05  2.341571898E+02  3.407978001E+02  2.892290230E+02  2.972640300E+02  7.701050891E-01 
       493  1.825553626E-02  1.792503646E-01  4.000403552E-02  1.054996512E+05  2.329221604E+02  3.420271988E+02  2.913177762E+02  2.914707980E+02  7.671221029E-01 
       494  2.071273564E-02  1.790845686E-01  4.238164633E-02  1.072638050E+05  2.327468996E+02  3.428307270E+02  2.926879656E+02  2.866102946E+02  7.618616789E-01 
       495  2.315348782E-02  1.789033294E-01  4.476881837E-02  1.092874952E+05  2.315162041E+02  3.437747703E+02  2.943017941E+02  2.807000728E+02  7.593296794E-01 
       496  2.554611962E-02  1.786610662E-01  4.720294885E-02  1.116675078E+05  2.304520769E+02  3.448227921E+02  2.960995617E+02  2.753555841E+02  7.572887577E-01 
       497  2.790553153E-02  1.783591187E-01  4.966367300E-02  1.137658164E+05  2.303231459E+02  3.456566477E+02  2.975327978E+02  2.705595474E+02  7.524868958E-01 
       498  3.023553076E-02  1.780531658E-01  5.215009418E-02  1.153869996E+05  2.301888878E+02  3.463400693E+02  2.987100320E+02  2.654590096E+02  7.477883883E-01 
       499  3.255140683E-02  1.777481834E-01  5.464573084E-02  1.165851725E+05  2.304992677E+02  3.468244903E+02  2.995459594E+02  2.621704891E+02  7.435868406E-01 
       500  3.480321611E-02  1.773622653E-01  5.719033452E-02  1.174129158E+05  2.304310547E+02  3.472187109E+02  3.002271664E+02  2.604746108E+02  7.421948146E-01 
       501  3.704366447E-02  1.769956776E-01  5.978074099E-02  1.180883751E+05  2.306231859E+02  3.475744736E+02  3.008425419E+02  2.586920841E+02  7.400297532E-01 
       502  3.923116288E-02  1.766153691E-01  6.237867612E-02  1.187004276E+05  2.309132493E+02  3.479108291E+02  3.014249439E+02  2.565253034E+02  7.371762972E-01 
       503  4.136429871E-02  1.761773997E-01  6.501205622E-02  1.191292936E+05  2.312519760E+02  3.481574044E+02  3.018523693E+02  2.547967517E+02  7.344318654E-01 
       504  4.348069858E-02  1.757484529E-01  6.766046190E-02  1.194628635E+05  2.318029037E+02  3.482715006E+02  3.020502062E+02  2.541359415E+02  7.319506258E-01 
       505  4.554226392E-02  1.753162813E-01  7.034950997E-02  1.196593008E+05  2.322602854E+02  3.483270979E+02  3.021466293E+02  2.539935665E+02  7.303336691E-01 
       506  4.756665315E-02  1.748560179E-01  7.306168772E-02  1.196819875E+05  2.327990348E+02  3.483411703E+02  3.021710045E+02  2.538443305E+02  7.283305773E-01 
       507  4.956604909E-02  1.743615796E-01  7.580968578E-02  1.195269921E+05  2.335567765E+02  3.482774280E+02  3.020603889E+02  2.544124267E+02  7.260635712E-01 
       508  5.152654947E-02  1.738670862E-01  7.855886540E-02  1.192551812E+05  2.339226624E+02  3.481927955E+02  3.019135966E+02  2.552767071E+02  7.256991728E-01 
       509  5.347325952E-02  1.733659220E-01  8.131742073E-02  1.190137027E+05  2.338987724E+02  3.480889418E+02  3.017334216E+02  2.557397189E+02  7.266215499E-01 
       510  5.541917190E-02  1.728212690E-01  8.412523757E-02  1.190142630E+05  2.334445324E+02  3.480618299E+02  3.016864650E+02  2.555855840E+02  7.285222611E-01 
       511  5.731737707E-02  1.722438844E-01  8.698058411E-02  1.194593647E+05  2.335198306E+02  3.482189348E+02  3.019590056E+02  2.543256686E+02  7.272125199E-01 
       512  5.917186437E-02  1.716911252E-01  8.979478553E-02  1.197836384E+05  2.338689004E+02  3.483649720E+02  3.022125104E+02  2.535614714E+02  7.254124775E-01 
       513  6.096387184E-02  1.711643945E-01  9.255110888E-02  1.198545029E+05  2.347347811E+02  3.483860655E+02  3.022491009E+02  2.535103894E+02  7.221561638E-01 
       514  6.270700241E-02  1.705757992E-01  9.544380808E-02  1.197524773E+05  2.358199325E+02  3.483317842E+02  3.021548538E+02  2.537612576E+02  7.180774454E-01 
       515  6.442263795E-02  1.699823167E-01  9.834544530E-02  1.195613728E+05  2.367339700E+02  3.482422321E+02  3.019995170E+02  2.542950136E+02  7.150501967E-01 
       516  6.612271722E-02  1.694054111E-01  1.012510921E-01  1.193932563E+05  2.376348886E+02  3.481540298E+02  3.018465478E+02  2.550326583E+02  7.125497558E-01 
       517  6.776083839E-02  1.688452726E-01  1.042003507E-01  1.193017550E+05  2.381769707E+02  3.481213787E+02  3.017899655E+02  2.557836330E+02  7.115441919E-01 
       518  6.936215302E-02  1.682812898E-01  1.071729988E-01  1.191801924E+05  2.385910963E+02  3.480880467E+02  3.017320708E+02  2.565342153E+02  7.109922683E-01 
       519  7.082677073E-02  1.677321085E-01  1.102128146E-01  1.189858247E+05  2.392856716E+02  3.480295162E+02  3.016307180E+02  2.573822612E+02  7.093405677E-01 
       520  7.220712168E-02  1.672497044E-01  1.133584680E-01  1.187772004E+05  2.404167710E+02  3.479732693E+02  3.015338554E+02  2.585118811E+02  7.065600792E-01 
       521  7.342602904E-02  1.668557431E-01  1.165154693E-01  1.186364261E+05  2.410958681E+02  3.480532994E+02  3.016729398E+02  2.586989753E+02  7.046783967E-01 
       522  7.439926912E-02  1.665467988E-01  1.197652411E-01  1.185544729E+05  2.414302902E+02  3.482258248E+02  3.019715343E+02  2.577809060E+02  7.026786478E-01 
       523  7.498839543E-02  1.664581038E-01  1.231239650E-01  1.184865684E+05  2.412347126E+02  3.484693012E+02  3.023936234E+02  2.561729012E+02  7.021524534E-01 
       524  7.530423640E-02  1.665023734E-01  1.265249777E-01  1.184529380E+05  2.409394488E+02  3.486169100E+02  3.026499333E+02  2.561669865E+02  7.037551533E-01 
       525  7.543612494E-02  1.666233331E-01  1.299370256E-01  1.182962139E+05  2.424644184E+02  3.483990250E+02  3.022716427E+02  2.587307472E+02  7.007817216E-01 
       526  7.553122174E-02  1.667952118E-01  1.333496155E-01  1.181743059E+05  2.444368172E+02  3.480868826E+02  3.017303257E+02  2.613723688E+02  6.965057636E-01 
       527  7.566054780E-02  1.669469890E-01  1.367626796E-01  1.180753062E+05  2.447802262E+02  3.481350336E+02  3.018138065E+02  2.608622336E+02  6.951386593E-01 
       528  7.583993244E-02  1.671002891E-01  1.401745263E-01  1.179734914E+05  2.447376310E+02  3.484011586E+02  3.022761884E+02  2.596483198E+02  6.950179301E-01 
       529  7.600645069E-02  1.672586086E-01  1.435869327E-01  1.178545937E+05  2.439140086E+02  3.489425220E+02  3.032189360E+02  2.571128805E+02  6.977106901E-01 
       530  7.611546960E-02  1.674572299E-01  1.470000031E-01  1.179269636E+05  2.383928218E+02  3.500851581E+02  3.052992857E+02  2.470303581E+02  7.129474813E-01 
       531 -5.220359409E-02  2.342994603E-01 -4.210986580E-02  8.163619241E+04  1.830338374E+02  3.296104805E+02  2.706442593E+02  4.446625153E+02  1.146603067E+00 
       532 -5.220192467E-02  2.343108577E-01 -3.821952920E-02  8.087895581E+04  1.857920401E+02  3.292597270E+02  2.699732430E+02  4.461812673E+02  1.141396051E+00 
       533 -5.220302368E-02  2.343278434E-01 -3.432921672E-02  8.095570309E+04  1.854853753E+02  3.294264439E+02  2.702468438E+02  4.460252938E+02  1.142004257E+00 
       534 -5.220531674E-02  2.343446645E-01 -3.043898101E-02  8.212397037E+04  1.821064349E+02  3.301724858E+02  2.714735276E+02  4.425519730E+02  1.146929191E+00 
       535 -5.220735409E-02  2.343651870E-01 -2.654892396E-02  8.396921436E+04  1.781111937E+02  3.311685181E+02  2.731137733E+02  4.383009529E+02  1.152663194E+00 
       536 -5.221355576E-02  2.343966826E-01 -2.266385481E-02  8.543492458E+04  1.750518984E+02  3.318879525E+02  2.743007027E+02  4.359100888E+02  1.157953992E+00 
       537 -5.221196162E-02  2.344309954E-01 -1.877454498E-02  8.560538210E+04  1.736224018E+02  3.318972147E+02  2.743164107E+02  4.361993893E+02  1.161742810E+00 
       538 -5.222596507E-02  2.344687402E-01 -1.488167101E-02  8.422840657E+04  1.757060606E+02  3.310645797E+02  2.729428058E+02  4.395252679E+02  1.159688335E+00 
       539 -5.222923531E-02  2.345160018E-01 -1.099302079E-02  8.193061780E+04  1.816520901E+02  3.297545774E+02  2.707877820E+02  4.440152555E+02  1.149550297E+00 
       540 -5.210275326E-02  2.345957540E-01 -7.104134264E-03  7.969915744E+04  1.872744328E+02  3.287728150E+02  2.691761416E+02  4.487654200E+02  1.140897761E+00 
       541 -5.114101036E-02  2.348545508E-01 -3.375994418E-03  7.905434027E+04  1.895252615E+02  3.285455664E+02  2.688039396E+02  4.497479065E+02  1.136600745E+00 
       542 -4.917766965E-02  2.353023755E-01 -5.047413344E-05  8.007896558E+04  1.876141396E+02  3.290289116E+02  2.695957584E+02  4.483228712E+02  1.140299406E+00 
       543 -4.661414278E-02  2.358651253E-01  2.823323178E-03  8.150199438E+04  1.838535273E+02  3.299006948E+02  2.710259566E+02  4.462547169E+02  1.147961872E+00 
       544 -4.374488282E-02  2.364440537E-01  5.350106892E-03  8.438633423E+04  1.772636373E+02  3.315441635E+02  2.737351885E+02  4.381042747E+02  1.156094030E+00 
       545 -4.059796688E-02  2.370222596E-01  7.583171126E-03  8.841318585E+04  1.659653429E+02  3.335927958E+02  2.771267135E+02  4.297348943E+02  1.176114473E+00 
       546 -3.738701819E-02  2.375676250E-01  9.702642239E-03  8.724449677E+04  1.680742964E+02  3.329437664E+02  2.760516813E+02  4.312853832E+02  1.172150007E+00 
       547 -3.407522408E-02  2.380263225E-01  1.169481074E-02  8.195597949E+04  1.830641875E+02  3.301917500E+02  2.715087409E+02  4.417715907E+02  1.144722303E+00 
       548 -3.073065008E-02  2.384984497E-01  1.361793802E-02  7.976066156E+04  1.907311697E+02  3.289601846E+02  2.694835885E+02  4.478706715E+02  1.131980180E+00 
       549 -2.732884007E-02  2.388770261E-01  1.546643341E-02  8.121278479E+04  1.854404602E+02  3.297119265E+02  2.707168212E+02  4.443117328E+02  1.141109738E+00 
       550 -2.390908864E-02  2.392176502E-01  1.728468609E-02  8.183195946E+04  1.840454427E+02  3.299855863E+02  2.711661168E+02  4.415304414E+02  1.141915391E+00 
       551 -2.044822495E-02  2.394794424E-01  1.908927170E-02  8.097376123E+04  1.863531111E+02  3.294360220E+02  2.702637712E+02  4.457835565E+02  1.140804980E+00 
       552 -1.699643969E-02  2.397114515E-01  2.086461287E-02  8.058796729E+04  1.878281660E+02  3.292240176E+02  2.699177790E+02  4.467718000E+02  1.139002638E+00 
       553 -1.354033893E-02  2.398615604E-01  2.263394957E-02  8.059675879E+04  1.885815954E+02  3.291526661E+02  2.698015900E+02  4.471798344E+02  1.138824567E+00 
       554 -1.007792796E-02  2.399171479E-01  2.439846914E-02  8.077968188E+04  1.880191386E+02  3.292829809E+02  2.700158172E+02  4.446660066E+02  1.139043257E+00 
       555 -6.592279415E-03  2.399646350E-01  2.619220728E-02  8.038334521E+04  1.887833829E+02  3.289633350E+02  2.694897275E+02  4.496451950E+02  1.143828597E+00 
       556 -3.124907716E-03  2.398994093E-01  2.794309000E-02  7.907870361E+04  1.892951479E+02  3.284262657E+02  2.686107540E+02  4.499055824E+02  1.143108636E+00 
       557  3.338943067E-04  2.398017910E-01  2.968583889E-02  1.024549886E+05  2.100339945E+02  3.405098863E+02  2.887512691E+02  3.947543876E+02  1.042452838E+00 
       558  3.794068913E-03  2.396169640E-01  3.144821874E-02  9.994900317E+04  2.098519263E+02  3.400756707E+02  2.880088692E+02  4.030462561E+02  1.050844729E+00 
       559  7.248441593E-03  2.393064044E-01  3.320284907E-02  9.527222119E+04  2.108704462E+02  3.378529034E+02  2.842557220E+02  4.098744183E+02  1.055820126E+00 
       560  1.068879679E-02  2.389885178E-01  3.498866898E-02  9.239226294E+04  2.156373892E+02  3.358720083E+02  2.809302034E+02  4.188932171E+02  1.051392872E+00 
       561  1.412543948E-02  2.386075767E-01  3.676435012E-02  8.978797729E+04  2.147073522E+02  3.347390594E+02  2.790353966E+02  4.255179462E+02  1.057852678E+00 
       562  1.753589177E-02  2.380598424E-01  3.855175648E-02  8.875138574E+04  2.151448498E+02  3.343911438E+02  2.784568310E+02  4.264948807E+02  1.058575839E+00 
       563  2.093820079E-02  2.375000001E-01  4.035454522E-02  9.153793506E+04  2.145125065E+02  3.359662228E+02  2.810912600E+02  4.206724072E+02  1.054805066E+00 
       564  2.432947450E-02  2.368878370E-01  4.215773147E-02  1.026897572E+05  2.078620624E+02  3.415910586E+02  2.906148264E+02  3.970266842E+02  1.057397788E+00 
       565  2.770729830E-02  2.361795572E-01  4.394886350E-02  1.233693669E+05  1.969383326E+02  3.502259598E+02  3.054827156E+02  3.534982715E+02  1.069514815E+00 
       566  3.105826597E-02  2.354459967E-01  4.578622705E-02  1.310205017E+05  1.954521587E+02  3.531548285E+02  3.105830560E+02  3.352001934E+02  1.070748406E+00 
       567  3.438758923E-02  2.346372217E-01  4.762879820E-02  1.238866898E+05  1.989259707E+02  3.509233502E+02  3.066726973E+02  3.489451293E+02  1.057727538E+00 
       568  3.771502906E-02  2.337669833E-01  4.947240569E-02  1.179290339E+05  2.021821711E+02  3.488326328E+02  3.030260313E+02  3.619538984E+02  1.049713278E+00 
       569  4.101460083E-02  2.329246351E-01  5.135281935E-02  1.192586174E+05  2.012471619E+02  3.493587565E+02  3.039408169E+02  3.559640932E+02  1.048826032E+00 
       570  4.428347740E-02  2.319960665E-01  5.324515281E-02  1.231325518E+05  2.023639578E+02  3.506504755E+02  3.061917536E+02  3.448312688E+02  1.043784537E+00 
       571  4.749748393E-02  2.310181580E-01  5.520824782E-02  1.245871274E+05  2.052954574E+02  3.510976954E+02  3.069728632E+02  3.421535988E+02  1.036439043E+00 
       572  5.066691057E-02  2.300652086E-01  5.723980181E-02  1.245116726E+05  2.070705309E+02  3.510220503E+02  3.068409829E+02  3.450240746E+02  1.033569220E+00 
       573  5.379140778E-02  2.290521307E-01  5.932353399E-02  1.245112391E+05  2.070770053E+02  3.511080980E+02  3.069922079E+02  3.478655503E+02  1.033134647E+00 
       574  5.683956615E-02  2.279793322E-01  6.149869556E-02  1.249354185E+05  2.090436316E+02  3.513191776E+02  3.073604488E+02  3.458253422E+02  1.023573544E+00 
       575  5.985072913E-02  2.269370111E-01  6.373374277E-02  1.251201338E+05  2.140656338E+02  3.513357658E+02  3.073890038E+02  3.420234852E+02  1.006566763E+00 
       576  6.280959972E-02  2.258492183E-01  6.601505396E-02  1.246900854E+05  2.193737772E+02  3.512423203E+02  3.072255700E+02  3.415272388E+02  9.898350812E-01 
       577  6.573461678E-02  2.247295145E-01  6.832363097E-02  1.241118757E+05  2.239646304E+02  3.511234765E+02  3.070174899E+02  3.433258991E+02  9.762304937E-01 
       578  6.865501872E-02  2.236625994E-01  7.064894084E-02  1.233998866E+05  2.283174195E+02  3.509085199E+02  3.066415311E+02  3.446285765E+02  9.623393042E-01 
       579  7.151541969E-02  2.224865137E-01  7.302188293E-02  1.218826743E+05  2.299743004E+02  3.505797224E+02  3.060675287E+02  3.466498966E+02  9.568481017E-01 
       580  7.433322259E-02  2.213060150E-01  7.543149031E-02  1.214070488E+05  2.310205112E+02  3.504318113E+02  3.058095961E+02  3.460156660E+02  9.512743652E-01 
       581  7.711325138E-02  2.201536844E-01  7.789825066E-02  1.234098783E+05  2.322067336E+02  3.513010039E+02  3.073281224E+02  3.400686177E+02  9.445011448E-01 
       582  7.981655167E-02  2.189959972E-01  8.044372180E-02  1.238793892E+05  2.334380410E+02  3.519932551E+02  3.085415568E+02  3.374727488E+02  9.386869045E-01 
       583  8.242371870E-02  2.177951216E-01  8.306797326E-02  1.232425142E+05  2.350417109E+02  3.519649887E+02  3.084928017E+02  3.384724350E+02  9.326950312E-01 
       584  8.497819178E-02  2.166305248E-01  8.576177505E-02  1.226517143E+05  2.348935700E+02  3.517775303E+02  3.081648954E+02  3.395255013E+02  9.320489743E-01 
       585  8.747465708E-02  2.155008942E-01  8.852176985E-02  1.223662654E+05  2.335193586E+02  3.514760590E+02  3.076376009E+02  3.395189052E+02  9.352123756E-01 
       586  8.983863293E-02  2.143275504E-01  9.137087988E-02  1.223338701E+05  2.309218256E+02  3.512361870E+02  3.072167640E+02  3.396636243E+02  9.421170522E-01 
       587  9.211779941E-02  2.131724912E-01  9.430579148E-02  1.224634734E+05  2.285031430E+02  3.510381209E+02  3.068694480E+02  3.398915290E+02  9.489474811E-01 
       588  9.424446159E-02  2.121023496E-01  9.738772987E-02  1.227106774E+05  2.259399953E+02  3.510078231E+02  3.068164152E+02  3.403515809E+02  9.566232476E-01 
       589  9.610967173E-02  2.111612431E-01  1.006666829E-01  1.228616478E+05  2.237181933E+02  3.509734026E+02  3.067566264E+02  3.399516687E+02  9.629154558E-01 
       590  9.742401869E-02  2.103903297E-01  1.042235364E-01  1.228600874E+05  2.217652121E+02  3.509016436E+02  3.066322379E+02  3.396445290E+02  9.683552066E-01 
       591  9.764724840E-02  2.101688920E-01  1.080985861E-01  1.228390925E+05  2.196713936E+02  3.508731184E+02  3.065836134E+02  3.402675905E+02  9.744316395E-01 
       592  9.763062643E-02  2.101108570E-01  1.119846410E-01  1.227350391E+05  2.189845132E+02  3.508952259E+02  3.066223135E+02  3.412375597E+02  9.763615048E-01 
       593  9.759894170E-02  2.100363093E-01  1.158782398E-01  1.225432089E+05  2.209936144E+02  3.512952962E+02  3.073223803E+02  3.406793404E+02  9.703572942E-01 
       594  9.760335841E-02  2.100041055E-01  1.197683889E-01  1.224934499E+05  2.222437810E+02  3.524707412E+02  3.093839552E+02  3.323065488E+02  9.657592124E-01 
       595  9.760552297E-02  2.099886023E-01  1.236588659E-01  1.225132283E+05  2.231300473E+02  3.540574633E+02  3.121754033E+02  3.146234042E+02  9.638492003E-01 
       596  9.760989540E-02  2.100145164E-01  1.275491461E-01  1.226469941E+05  2.250836018E+02  3.553020620E+02  3.143723998E+02  2.988564920E+02  9.597652871E-01 
       597  9.760550437E-02  2.100148949E-01  1.314412195E-01  1.229081196E+05  2.271035566E+02  3.559726238E+02  3.155618258E+02  2.968453341E+02  9.530281872E-01 
       598  9.762031038E-02  2.101034915E-01  1.353312483E-01  1.230082268E+05  2.280617470E+02  3.560556320E+02  3.157147698E+02  3.088236934E+02  9.470184345E-01 
       599  9.762506170E-02  2.101609083E-01  1.392228176E-01  1.230219881E+05  2.276543215E+02  3.554181598E+02  3.145899897E+02  3.188096759E+02  9.478623017E-01 
       600  9.764671237E-02  2.102092269E-01  1.431110049E-01  1.230956836E+05  2.246444342E+02  3.543958027E+02  3.127823074E+02  3.246303847E+02  9.575360687E-01 
       601  9.766256924E-02  2.102587391E-01  1.469999989E-01  1.232392476E+05  2.212961292E+02  3.537706127E+02  3.114038639E+02  3.291983643E+02  9.682471827E-01 
