nodenumber     x-coordinate     y-coordinate     z-coordinate         pressure velocity-magnitude      sound-speed      temperature rel-velocity-magnitude relative-velocity-angle 
         1 -2.216901913E-02  1.039879580E-01 -4.300600202E-02  8.756573486E+04  1.536147929E+02  3.330817882E+02  2.762770248E+02  2.354392842E+02  8.600867770E-01 
         2 -2.197401757E-02  1.042260031E-01 -4.002397295E-02  8.748739941E+04  1.545459595E+02  3.330020642E+02  2.761447501E+02  2.365113885E+02  8.589583873E-01 
         3 -2.150271627E-02  1.045375264E-01 -3.708169353E-02  8.739601978E+04  1.550800300E+02  3.329586077E+02  2.760726285E+02  2.370166972E+02  8.580600698E-01 
         4 -2.072290556E-02  1.049359494E-01 -3.421635317E-02  8.725787878E+04  1.556339595E+02  3.329025507E+02  2.759797077E+02  2.376201587E+02  8.575727791E-01 
         5 -1.964621854E-02  1.053757771E-01 -3.145501365E-02  8.711262744E+04  1.564321022E+02  3.328225145E+02  2.758471251E+02  2.385240197E+02  8.568513151E-01 
         6 -1.833909717E-02  1.058829391E-01 -2.880182754E-02  8.695247095E+04  1.571551590E+02  3.327386599E+02  2.757081847E+02  2.392419600E+02  8.559174333E-01 
         7 -1.686396899E-02  1.064019756E-01 -2.624136390E-02  8.679976685E+04  1.581287136E+02  3.326447945E+02  2.755525866E+02  2.404594350E+02  8.553548474E-01 
         8 -1.524276490E-02  1.069101094E-01 -2.376908005E-02  8.659245435E+04  1.589843605E+02  3.325382414E+02  2.753760586E+02  2.415542164E+02  8.549417872E-01 
         9 -1.353040875E-02  1.074492491E-01 -2.136449246E-02  8.635452429E+04  1.601795094E+02  3.324119411E+02  2.751669371E+02  2.429070525E+02  8.537319442E-01 
        10 -1.175719847E-02  1.079385502E-01 -1.899452623E-02  8.611309235E+04  1.616608491E+02  3.322761509E+02  2.749421554E+02  2.442186046E+02  8.509271964E-01 
        11 -9.920451205E-03  1.084473482E-01 -1.667649769E-02  8.602023920E+04  1.628773732E+02  3.322156905E+02  2.748421016E+02  2.447244825E+02  8.466356497E-01 
        12 -8.053093039E-03  1.089314126E-01 -1.437870322E-02  8.621358020E+04  1.630782108E+02  3.323514726E+02  2.750667758E+02  2.444401019E+02  8.451995645E-01 
        13 -6.139911673E-03  1.093816015E-01 -1.211111235E-02  8.669474805E+04  1.625627055E+02  3.326067247E+02  2.754895201E+02  2.430752635E+02  8.438702524E-01 
        14 -4.213714023E-03  1.098625599E-01 -9.853315987E-03  8.747740332E+04  1.607231541E+02  3.330052109E+02  2.761501751E+02  2.406238804E+02  8.460603729E-01 
        15 -2.267252226E-03  1.102821410E-01 -7.616721013E-03  8.849177148E+04  1.566828156E+02  3.335426102E+02  2.770421963E+02  2.374345903E+02  8.579036333E-01 
        16 -3.058463972E-04  1.106716081E-01 -5.380345181E-03  8.946175610E+04  1.495914121E+02  3.340412388E+02  2.778712931E+02  2.339227443E+02  8.861567676E-01 
        17  1.649896870E-03  1.110991589E-01 -3.144821902E-03  8.720137866E+04  1.466568148E+02  3.329032989E+02  2.759839001E+02  2.438721871E+02  9.375453908E-01 
        18  3.605378217E-03  1.114680886E-01 -8.997268064E-04  7.567997095E+04  1.770758445E+02  3.261158185E+02  2.648432589E+02  2.871702585E+02  9.368569665E-01 
        19  5.548952344E-03  1.118349081E-01  1.356589372E-03  6.995937225E+04  2.107722608E+02  3.225760038E+02  2.591274195E+02  3.092743840E+02  8.455461506E-01 
        20  7.472030685E-03  1.121892539E-01  3.633809071E-03  7.300083868E+04  2.112576782E+02  3.248931246E+02  2.628641126E+02  2.975320593E+02  7.926553467E-01 
        21  9.366594022E-03  1.125505666E-01  5.932977735E-03  7.661886786E+04  2.080149782E+02  3.270722332E+02  2.664008336E+02  2.840225644E+02  7.569383150E-01 
        22  1.122147558E-02  1.129077905E-01  8.263617067E-03  7.900283019E+04  2.085309366E+02  3.283927973E+02  2.685550944E+02  2.759768971E+02  7.239962951E-01 
        23  1.303284284E-02  1.132507638E-01  1.062953057E-02  8.061752349E+04  2.111720338E+02  3.293252073E+02  2.700817478E+02  2.717353278E+02  6.952833281E-01 
        24  1.479928419E-02  1.136234762E-01  1.303021626E-02  8.175714514E+04  2.152540973E+02  3.299859639E+02  2.711664889E+02  2.680212911E+02  6.611931953E-01 
        25  1.649617427E-02  1.139938279E-01  1.547769530E-02  8.276532452E+04  2.203153865E+02  3.304674616E+02  2.719584718E+02  2.650535867E+02  6.251630224E-01 
        26  1.811807173E-02  1.143837002E-01  1.797032872E-02  8.348845190E+04  2.260038803E+02  3.307849174E+02  2.724809189E+02  2.632970119E+02  5.903421277E-01 
        27  1.968166241E-02  1.148013513E-01  2.049621310E-02  8.359403162E+04  2.329192331E+02  3.308083441E+02  2.725195603E+02  2.633427336E+02  5.552071147E-01 
        28  2.119101764E-02  1.152299366E-01  2.305322148E-02  8.306534958E+04  2.415039325E+02  3.304802912E+02  2.719793756E+02  2.657041498E+02  5.198008963E-01 
        29  2.266338778E-02  1.156643914E-01  2.563116057E-02  8.242886621E+04  2.505537471E+02  3.300434172E+02  2.712609485E+02  2.694061679E+02  4.870745530E-01 
        30  2.408077791E-02  1.161159634E-01  2.823658064E-02  8.188833734E+04  2.586613443E+02  3.297688479E+02  2.708095622E+02  2.727398589E+02  4.578683078E-01 
        31  2.544088325E-02  1.165921105E-01  3.086849856E-02  8.134568567E+04  2.664897773E+02  3.295286140E+02  2.704151995E+02  2.753646383E+02  4.280129932E-01 
        32  2.674433127E-02  1.170738851E-01  3.352942364E-02  8.076899133E+04  2.747353032E+02  3.292103181E+02  2.698930984E+02  2.779571142E+02  3.961792504E-01 
        33  2.797950643E-02  1.175445507E-01  3.622298897E-02  8.021082043E+04  2.832508839E+02  3.288493612E+02  2.693014432E+02  2.807005119E+02  3.635276314E-01 
        34  2.916313541E-02  1.180056499E-01  3.893937175E-02  7.988611539E+04  2.907946889E+02  3.286652646E+02  2.690000714E+02  2.826252273E+02  3.328837189E-01 
        35  3.031249539E-02  1.184785399E-01  4.167042727E-02  8.001415579E+04  2.964469775E+02  3.287850373E+02  2.691960182E+02  2.829010835E+02  3.058868032E-01 
        36  3.139929926E-02  1.189405785E-01  4.442941843E-02  8.028545123E+04  3.017239147E+02  3.289570152E+02  2.694773827E+02  2.828674210E+02  2.796756082E-01 
        37  3.242013936E-02  1.193808800E-01  4.721660669E-02  8.079114120E+04  3.067515229E+02  3.292708377E+02  2.699919946E+02  2.821366235E+02  2.516955780E-01 
        38  3.340677803E-02  1.198011670E-01  5.002067675E-02  8.204724585E+04  3.094448377E+02  3.300125054E+02  2.712100065E+02  2.787155970E+02  2.253005086E-01 
        39  3.430413654E-02  1.201853153E-01  5.285529857E-02  8.374947778E+04  3.107626333E+02  3.309672785E+02  2.727820387E+02  2.738012133E+02  2.002142929E-01 
        40  3.515433510E-02  1.205874318E-01  5.570324370E-02  8.588043799E+04  3.106646671E+02  3.321134224E+02  2.746752815E+02  2.674599648E+02  1.771206921E-01 
        41  3.592907297E-02  1.209644065E-01  5.857535950E-02  8.828215796E+04  3.089434247E+02  3.334056349E+02  2.768173952E+02  2.600736632E+02  1.589150555E-01 
        42  3.664355424E-02  1.213334730E-01  6.146049591E-02  9.074342078E+04  3.057774000E+02  3.346804285E+02  2.789380426E+02  2.522909493E+02  1.475797521E-01 
        43  3.727845098E-02  1.217084379E-01  6.437276718E-02  9.298726050E+04  3.019549913E+02  3.357889242E+02  2.807878275E+02  2.450626116E+02  1.427925262E-01 
        44  3.781448665E-02  1.220744111E-01  6.730672953E-02  9.474176538E+04  2.983924494E+02  3.366658583E+02  2.822556696E+02  2.393558097E+02  1.432710188E-01 
        45  3.826762164E-02  1.224563704E-01  7.025293559E-02  9.590515063E+04  2.957038231E+02  3.373079150E+02  2.833328922E+02  2.356794360E+02  1.473215194E-01 
        46  3.856443464E-02  1.228195695E-01  7.317567491E-02  9.657612500E+04  2.938157349E+02  3.378126068E+02  2.841817474E+02  2.335618362E+02  1.529513337E-01 
        47  3.882754171E-02  1.231963568E-01  7.616928387E-02  9.686408902E+04  2.922716973E+02  3.384793376E+02  2.853059239E+02  2.318482710E+02  1.586866764E-01 
        48  3.896508106E-02  1.235573809E-01  7.913505459E-02  9.686423047E+04  2.886513290E+02  3.395228729E+02  2.870816612E+02  2.257341118E+02  1.624099426E-01 
        49  3.903512947E-02  1.239238609E-01  8.213137167E-02  9.665349280E+04  2.789360847E+02  3.415537779E+02  2.905517077E+02  2.087335829E+02  1.713738458E-01 
        50  3.900153017E-02  1.243001337E-01  8.510504302E-02  9.634449744E+04  2.627632539E+02  3.447661208E+02  2.960546312E+02  1.784868803E+02  1.780455546E-01 
        51  3.889299026E-02  1.246700891E-01  8.806950082E-02  9.602411395E+04  2.460143843E+02  3.482333186E+02  3.020343463E+02  1.339451046E+02  1.582225430E-01 
        52  3.870303970E-02  1.250405990E-01  9.105247242E-02  9.604329858E+04  2.381705098E+02  3.509370890E+02  3.067125587E+02  9.142748010E+01  1.627817249E-02 
        53  3.847530202E-02  1.253810613E-01  9.402032493E-02  9.661869171E+04  2.406149185E+02  3.520363520E+02  3.086330900E+02  5.634636351E+01 -5.716998209E-01 
        54  3.809583015E-02  1.257752167E-01  9.695318516E-02  9.786305078E+04  2.355654564E+02  3.534362373E+02  3.110810013E+02  3.796073198E+01 -1.516235247E+00 
        55  3.767199372E-02  1.261489404E-01  9.992435767E-02  9.841734180E+04  2.432603846E+02  3.524904470E+02  3.094167795E+02  4.547223973E+01 -1.472265519E+00 
        56  3.723780727E-02  1.265196365E-01  1.028569506E-01  1.000856385E+05  2.444144349E+02  3.510505015E+02  3.068927186E+02  6.404019555E+01 -1.109135151E+00 
        57  3.672955052E-02  1.269046997E-01  1.057947981E-01  1.027625035E+05  2.302643790E+02  3.499848533E+02  3.050329561E+02  1.003743002E+02  5.120352423E-02 
        58  3.615520807E-02  1.273091289E-01  1.087154776E-01  1.057935608E+05  2.294409986E+02  3.481929321E+02  3.019218502E+02  1.431603174E+02  2.889156649E-01 
        59  3.556812424E-02  1.277144368E-01  1.116309472E-01  1.075998157E+05  2.454382069E+02  3.462187977E+02  2.985083554E+02  1.731010357E+02  2.578982976E-01 
        60  3.495651588E-02  1.281329458E-01  1.145394580E-01  1.077481550E+05  2.612760835E+02  3.443881354E+02  2.953558578E+02  1.908174467E+02  2.136534587E-01 
        61  3.433795015E-02  1.285471243E-01  1.174457346E-01  1.077220026E+05  2.668798816E+02  3.433640618E+02  2.935989170E+02  1.970258288E+02  2.014986812E-01 
        62  3.376061330E-02  1.289460490E-01  1.203607660E-01  1.080027712E+05  2.656917717E+02  3.432425060E+02  2.933903089E+02  1.944298928E+02  2.012463172E-01 
        63  3.331803132E-02  1.293309423E-01  1.232882868E-01  1.082433615E+05  2.658508788E+02  3.432261299E+02  2.933620933E+02  1.938797963E+02  1.999763304E-01 
        64  3.310586596E-02  1.296649637E-01  1.262581306E-01  1.082827755E+05  2.686844361E+02  3.430606456E+02  2.930793216E+02  1.972041638E+02  1.958718587E-01 
        65  3.306639982E-02  1.299493947E-01  1.292495641E-01  1.081324376E+05  2.714425414E+02  3.429543399E+02  2.928976187E+02  2.002466096E+02  1.915313854E-01 
        66  3.322486525E-02  1.302097713E-01  1.322380794E-01  1.079176266E+05  2.732693471E+02  3.429233723E+02  2.928447629E+02  2.022451834E+02  1.895559313E-01 
        67  3.356462385E-02  1.304573038E-01  1.352130229E-01  1.076764065E+05  2.749216418E+02  3.428527579E+02  2.927241169E+02  2.041847473E+02  1.887502319E-01 
        68  3.400410102E-02  1.306751199E-01  1.381765647E-01  1.073812937E+05  2.763238482E+02  3.427383265E+02  2.925287001E+02  2.058500760E+02  1.883902331E-01 
        69  3.451963359E-02  1.308741206E-01  1.411278790E-01  1.070734031E+05  2.775428474E+02  3.426217856E+02  2.923297896E+02  2.074732511E+02  1.890565630E-01 
        70  3.508991352E-02  1.310576265E-01  1.440660380E-01  1.067343070E+05  2.786733649E+02  3.425064569E+02  2.921329603E+02  2.091235156E+02  1.904014312E-01 
        71  3.570211579E-02  1.312503676E-01  1.470000000E-01  1.063032676E+05  2.800572929E+02  3.423358955E+02  2.918412476E+02  2.110592289E+02  1.909999605E-01 
        72 -2.843361623E-02  1.708417341E-01 -4.258217492E-02  8.206256714E+04  1.837885828E+02  3.299887486E+02  2.711698608E+02  3.442316418E+02  1.007523730E+00 
        73 -2.838826984E-02  1.709653765E-01 -3.916427879E-02  8.210969550E+04  1.844128323E+02  3.299660373E+02  2.711328027E+02  3.448804040E+02  1.006690680E+00 
        74 -2.835908450E-02  1.711140563E-01 -3.574649433E-02  8.238022943E+04  1.833367990E+02  3.302206845E+02  2.715515423E+02  3.435362062E+02  1.008171698E+00 
        75 -2.838361088E-02  1.712589164E-01 -3.232950605E-02  8.284511816E+04  1.833771367E+02  3.303816605E+02  2.718163452E+02  3.429283152E+02  1.006957900E+00 
        76 -2.841360827E-02  1.714319125E-01 -2.891476756E-02  8.344955334E+04  1.820461612E+02  3.307840705E+02  2.724787960E+02  3.416927142E+02  1.009229505E+00 
        77 -2.833774301E-02  1.716334782E-01 -2.549995819E-02  8.392923947E+04  1.808047543E+02  3.310961809E+02  2.729933059E+02  3.395032759E+02  1.009576140E+00 
        78 -2.791452343E-02  1.719215161E-01 -2.212016887E-02  8.421525342E+04  1.803169260E+02  3.311984978E+02  2.731618757E+02  3.391707020E+02  1.010717306E+00 
        79 -2.700703325E-02  1.722886754E-01 -1.884820631E-02  8.418224023E+04  1.798429146E+02  3.311947632E+02  2.731556273E+02  3.403419275E+02  1.014375743E+00 
        80 -2.544395246E-02  1.727209334E-01 -1.584518523E-02  8.335881244E+04  1.810642401E+02  3.306576638E+02  2.722705164E+02  3.428051841E+02  1.014626992E+00 
        81 -2.351536464E-02  1.732363399E-01 -1.306823492E-02  8.139262079E+04  1.847706561E+02  3.296122436E+02  2.705528397E+02  3.484040650E+02  1.012220805E+00 
        82 -2.134527601E-02  1.737374909E-01 -1.047435973E-02  7.876346913E+04  1.908034983E+02  3.280217685E+02  2.679482849E+02  3.557677488E+02  1.005419614E+00 
        83 -1.897326710E-02  1.742189522E-01 -8.035177519E-03  7.584380420E+04  1.980661957E+02  3.263255559E+02  2.651841062E+02  3.642910800E+02  9.972887449E-01 
        84 -1.652827274E-02  1.746780172E-01 -5.688541800E-03  7.347924542E+04  2.059158170E+02  3.247788043E+02  2.626764588E+02  3.702201838E+02  9.826833867E-01 
        85 -1.397929867E-02  1.751251779E-01 -3.446989688E-03  7.256498035E+04  2.099915752E+02  3.242317333E+02  2.617917490E+02  3.737290258E+02  9.760942999E-01 
        86 -1.139011487E-02  1.755573757E-01 -1.256774906E-03  7.351326379E+04  2.110058742E+02  3.247449007E+02  2.626242085E+02  3.721093631E+02  9.694707170E-01 
        87 -8.734274343E-03  1.759085237E-01  8.667805443E-04  7.847489490E+04  2.048181818E+02  3.278314488E+02  2.676454961E+02  3.590056748E+02  9.647466056E-01 
        88 -6.073383534E-03  1.762548475E-01  2.984781313E-03  8.831565814E+04  1.912027236E+02  3.333300331E+02  2.766971387E+02  3.315613317E+02  9.635423720E-01 
        89 -3.359730182E-03  1.765819110E-01  5.053045394E-03  9.796927875E+04  1.739083605E+02  3.383889272E+02  2.851544883E+02  3.071030052E+02  9.900825350E-01 
        90 -6.741955509E-04  1.768270807E-01  7.130208361E-03  9.758831206E+04  1.701614514E+02  3.376794241E+02  2.839606365E+02  3.091706779E+02  1.006789292E+00 
        91  2.027043660E-03  1.770783858E-01  9.208570588E-03  7.893028738E+04  1.951953878E+02  3.279492890E+02  2.678344972E+02  3.629438343E+02  1.004855951E+00 
        92  4.731686997E-03  1.772422585E-01  1.127155269E-02  7.289646324E+04  2.156846451E+02  3.242086455E+02  2.617601737E+02  3.772203880E+02  9.642124160E-01 
        93  7.454465044E-03  1.773874983E-01  1.334309669E-02  7.348264432E+04  2.110126920E+02  3.246483958E+02  2.624673540E+02  3.748611541E+02  9.747833649E-01 
        94  1.015989937E-02  1.775222933E-01  1.545596277E-02  7.086453586E+04  2.186347839E+02  3.229514350E+02  2.597342308E+02  3.821121262E+02  9.641341295E-01 
        95  1.284858280E-02  1.775661421E-01  1.756817794E-02  6.744866992E+04  2.287598119E+02  3.207760084E+02  2.562476934E+02  3.924173608E+02  9.522969062E-01 
        96  1.551966693E-02  1.776138061E-01  1.970369132E-02  6.430869775E+04  2.371552148E+02  3.187647822E+02  2.530442624E+02  4.009742851E+02  9.430162217E-01 
        97  1.817410325E-02  1.776258069E-01  2.186017323E-02  6.171418604E+04  2.454279299E+02  3.169225769E+02  2.501269116E+02  4.085492878E+02  9.327197494E-01 
        98  2.080993586E-02  1.775631240E-01  2.403936301E-02  5.986728967E+04  2.536153150E+02  3.155164146E+02  2.479103575E+02  4.146635618E+02  9.193837568E-01 
        99  2.341570779E-02  1.774969016E-01  2.625394818E-02  5.929488525E+04  2.587613130E+02  3.152253418E+02  2.474540811E+02  4.163665504E+02  9.059113637E-01 
       100  2.600295182E-02  1.773818036E-01  2.848806157E-02  6.107299268E+04  2.608106565E+02  3.164819384E+02  2.494443560E+02  4.124027224E+02  8.903277405E-01 
       101  2.856627515E-02  1.771883875E-01  3.074502562E-02  6.659990454E+04  2.557015362E+02  3.204013281E+02  2.557102842E+02  3.954271126E+02  8.713421263E-01 
       102  3.110662233E-02  1.769811535E-01  3.302644514E-02  7.502652930E+04  2.465281048E+02  3.260256691E+02  2.647660580E+02  3.701479454E+02  8.498037849E-01 
       103  3.362247542E-02  1.767159818E-01  3.532849163E-02  8.181309924E+04  2.429655509E+02  3.300353251E+02  2.712694049E+02  3.521864853E+02  8.261992354E-01 
       104  3.610895472E-02  1.763647845E-01  3.765120331E-02  8.317462988E+04  2.472010975E+02  3.307381268E+02  2.724086351E+02  3.489151177E+02  8.056309903E-01 
       105  3.856497337E-02  1.759966372E-01  4.000321012E-02  8.068911304E+04  2.548889672E+02  3.296057050E+02  2.705443199E+02  3.545030686E+02  7.899085474E-01 
       106  4.103059304E-02  1.755360248E-01  4.234569910E-02  7.841482869E+04  2.618204286E+02  3.285976074E+02  2.688905447E+02  3.599009340E+02  7.762156527E-01 
       107  4.340106546E-02  1.750377176E-01  4.474435622E-02  7.884981544E+04  2.664970872E+02  3.287085593E+02  2.690730348E+02  3.601729563E+02  7.609986914E-01 
       108  4.575540032E-02  1.745445103E-01  4.717695363E-02  8.239046790E+04  2.670570652E+02  3.305132580E+02  2.720412457E+02  3.521720166E+02  7.442516815E-01 
       109  4.807037784E-02  1.739953488E-01  4.963532790E-02  8.855279590E+04  2.628233919E+02  3.337724142E+02  2.774386911E+02  3.361998034E+02  7.301875222E-01 
       110  5.034733117E-02  1.734133857E-01  5.212084081E-02  9.479117041E+04  2.583239937E+02  3.370419636E+02  2.828939495E+02  3.181402092E+02  7.151981182E-01 
       111  5.258765486E-02  1.728405975E-01  5.464144749E-02  9.907085449E+04  2.572913055E+02  3.391923466E+02  2.865098305E+02  3.065802498E+02  7.001918554E-01 
       112  5.479076840E-02  1.722430532E-01  5.718902978E-02  1.019705227E+05  2.575273685E+02  3.406912727E+02  2.890465288E+02  3.000647669E+02  6.893911976E-01 
       113  5.694737683E-02  1.716020731E-01  5.976586917E-02  1.049589351E+05  2.570729194E+02  3.421313298E+02  2.914951627E+02  2.920608160E+02  6.793393716E-01 
       114  5.911848447E-02  1.709340834E-01  6.233872565E-02  1.083059853E+05  2.553915888E+02  3.436514297E+02  2.940904695E+02  2.829394562E+02  6.724823597E-01 
       115  6.119351897E-02  1.703313828E-01  6.496775561E-02  1.111056436E+05  2.545225358E+02  3.448366947E+02  2.961222997E+02  2.763751621E+02  6.672348864E-01 
       116  6.319798910E-02  1.696485115E-01  6.765543605E-02  1.133405227E+05  2.538159599E+02  3.457930946E+02  2.977669449E+02  2.697345986E+02  6.615252197E-01 
       117  6.520189851E-02  1.689621155E-01  7.034628384E-02  1.155705625E+05  2.524081440E+02  3.467275620E+02  2.993784132E+02  2.637935982E+02  6.599980723E-01 
       118  6.717992039E-02  1.682884043E-01  7.305807409E-02  1.172804507E+05  2.506339693E+02  3.473910799E+02  3.005251255E+02  2.597713099E+02  6.626536697E-01 
       119  6.910755662E-02  1.675987334E-01  7.579818779E-02  1.186769115E+05  2.487976303E+02  3.478947711E+02  3.013974190E+02  2.568402693E+02  6.670491770E-01 
       120  7.101404689E-02  1.668389198E-01  7.852135391E-02  1.197054479E+05  2.463608371E+02  3.483116930E+02  3.021200399E+02  2.538269522E+02  6.738002603E-01 
       121  7.286652020E-02  1.661304029E-01  8.130170181E-02  1.198532317E+05  2.453568845E+02  3.484396085E+02  3.023420166E+02  2.546066453E+02  6.790330141E-01 
       122  7.473378469E-02  1.653966549E-01  8.408122010E-02  1.198801909E+05  2.451159172E+02  3.485431595E+02  3.025216751E+02  2.546858692E+02  6.803022251E-01 
       123  7.654776682E-02  1.646234676E-01  8.688218818E-02  1.198577517E+05  2.438511086E+02  3.487421207E+02  3.028675318E+02  2.540240784E+02  6.849460173E-01 
       124  7.830115451E-02  1.638494494E-01  8.971806956E-02  1.196687773E+05  2.427580605E+02  3.489718418E+02  3.032680454E+02  2.536256561E+02  6.892755143E-01 
       125  8.003223315E-02  1.630890187E-01  9.257063461E-02  1.193622241E+05  2.427401571E+02  3.491745491E+02  3.036226821E+02  2.531494479E+02  6.894322876E-01 
       126  8.174167210E-02  1.623344685E-01  9.543869445E-02  1.191670034E+05  2.427546546E+02  3.493929501E+02  3.040039570E+02  2.515988038E+02  6.883558724E-01 
       127  8.339566060E-02  1.615413001E-01  9.829620033E-02  1.191831403E+05  2.411460141E+02  3.497915689E+02  3.046998331E+02  2.474343332E+02  6.920658167E-01 
       128  8.500809507E-02  1.607572746E-01  1.012133408E-01  1.191309156E+05  2.370010829E+02  3.509226136E+02  3.066783566E+02  2.430703813E+02  7.074912013E-01 
       129  8.654116005E-02  1.600133249E-01  1.041766726E-01  1.188014396E+05  2.365568881E+02  3.516814582E+02  3.080071441E+02  2.396827666E+02  7.083534023E-01 
       130  8.807530659E-02  1.592883350E-01  1.071513815E-01  1.186729070E+05  2.391620770E+02  3.516545339E+02  3.079563317E+02  2.324813743E+02  6.926268805E-01 
       131  8.946870181E-02  1.585918917E-01  1.101955952E-01  1.187219472E+05  2.368681097E+02  3.523994439E+02  3.092591832E+02  2.214738963E+02  6.972610038E-01 
       132  9.078169785E-02  1.579398834E-01  1.132895212E-01  1.187109541E+05  2.306534939E+02  3.535487263E+02  3.112760167E+02  2.137805979E+02  7.232338670E-01 
       133  9.193376095E-02  1.573753789E-01  1.164622823E-01  1.186699106E+05  2.275630772E+02  3.537982984E+02  3.117140362E+02  2.128663790E+02  7.375024967E-01 
       134  9.287851211E-02  1.569754829E-01  1.197270904E-01  1.186158963E+05  2.284441044E+02  3.530891417E+02  3.104683394E+02  2.213119844E+02  7.369338232E-01 
       135  9.346963790E-02  1.567893278E-01  1.230899614E-01  1.185238331E+05  2.336485788E+02  3.511797415E+02  3.071261261E+02  2.407315341E+02  7.252036566E-01 
       136  9.376445592E-02  1.568076376E-01  1.265149706E-01  1.185041853E+05  2.406130843E+02  3.489280577E+02  3.031966391E+02  2.581465435E+02  7.080914648E-01 
       137  9.391306034E-02  1.569225935E-01  1.299303306E-01  1.184149004E+05  2.431506281E+02  3.478440933E+02  3.013103933E+02  2.618458195E+02  7.010779716E-01 
       138  9.402896493E-02  1.570765633E-01  1.333445553E-01  1.182441968E+05  2.426281624E+02  3.476900501E+02  3.010426416E+02  2.600547495E+02  7.019548360E-01 
       139  9.417960043E-02  1.572174564E-01  1.367593072E-01  1.181150564E+05  2.429740677E+02  3.477061224E+02  3.010703735E+02  2.605768404E+02  7.018118761E-01 
       140  9.437397158E-02  1.573466446E-01  1.401725853E-01  1.180093956E+05  2.437092354E+02  3.477778516E+02  3.011947522E+02  2.618106382E+02  7.009510342E-01 
       141  9.455826038E-02  1.574868932E-01  1.435861248E-01  1.179425416E+05  2.438709855E+02  3.479845504E+02  3.015527687E+02  2.617227582E+02  7.009766747E-01 
       142  9.468914447E-02  1.576724412E-01  1.470000022E-01  1.178869092E+05  2.439873686E+02  3.481066284E+02  3.017772179E+02  2.618085327E+02  7.014583722E-01 
       143 -2.515044289E-02  2.387134140E-01 -4.211006034E-02  8.314587807E+04  1.811586424E+02  3.305721152E+02  2.721297743E+02  4.411384277E+02  1.147639565E+00 
       144 -2.515073613E-02  2.387267259E-01 -3.821832766E-02  8.470169508E+04  1.780925183E+02  3.313583335E+02  2.734262203E+02  4.387672051E+02  1.152973748E+00 
       145 -2.514274647E-02  2.387409373E-01 -3.433018188E-02  8.594172763E+04  1.732227565E+02  3.322618746E+02  2.749194905E+02  4.335100535E+02  1.160178333E+00 
       146 -2.514933814E-02  2.387615668E-01 -3.043885368E-02  8.595646089E+04  1.748764324E+02  3.321203609E+02  2.746850185E+02  4.348051888E+02  1.157556870E+00 
       147 -2.514205174E-02  2.387863737E-01 -2.655197175E-02  8.456060675E+04  1.784649555E+02  3.313457430E+02  2.734055553E+02  4.386320739E+02  1.152696188E+00 
       148 -2.514801404E-02  2.388163633E-01 -2.268742808E-02  8.262636978E+04  1.827087286E+02  3.303761153E+02  2.718072141E+02  4.410121914E+02  1.144333559E+00 
       149 -2.514603624E-02  2.387984711E-01 -1.877579094E-02  8.055116797E+04  1.884041843E+02  3.291247253E+02  2.697523651E+02  4.471827583E+02  1.136548564E+00 
       150 -2.513833525E-02  2.388756875E-01 -1.487946342E-02  7.930010603E+04  1.907639588E+02  3.284733107E+02  2.686850917E+02  4.503277734E+02  1.134025927E+00 
       151 -2.514495058E-02  2.389300222E-01 -1.098752945E-02  7.930263055E+04  1.907751131E+02  3.283985636E+02  2.685631809E+02  4.490894117E+02  1.132625373E+00 
       152 -2.501801490E-02  2.389948317E-01 -7.101428526E-03  8.086876904E+04  1.855269492E+02  3.294147868E+02  2.702287239E+02  4.447802546E+02  1.141076112E+00 
       153 -2.403359079E-02  2.391541778E-01 -3.362202731E-03  8.563557777E+04  1.736755223E+02  3.319644659E+02  2.744302411E+02  4.365901756E+02  1.162258120E+00 
       154 -2.203079393E-02  2.393877231E-01 -4.501692070E-05  8.958192334E+04  1.650999699E+02  3.339283975E+02  2.776845180E+02  4.276975161E+02  1.175524507E+00 
       155 -1.942355624E-02  2.396357170E-01  2.825132604E-03  8.666945010E+04  1.729358660E+02  3.324502195E+02  2.752358092E+02  4.322351768E+02  1.160154653E+00 
       156 -1.648721574E-02  2.398964014E-01  5.342831758E-03  8.129386749E+04  1.868674352E+02  3.294645615E+02  2.703111382E+02  4.453907797E+02  1.138033942E+00 
       157 -1.330897545E-02  2.400801911E-01  7.594698846E-03  7.971023474E+04  1.900510721E+02  3.284938278E+02  2.687197390E+02  4.489667864E+02  1.133994335E+00 
       158 -1.004552185E-02  2.402353079E-01  9.709455816E-03  8.042171277E+04  1.869179602E+02  3.289302115E+02  2.694347644E+02  4.475851073E+02  1.140629241E+00 
       159 -6.714656287E-03  2.403804415E-01  1.171394437E-02  8.051770227E+04  1.833791091E+02  3.291810077E+02  2.698462691E+02  4.469008586E+02  1.149087082E+00 
       160 -3.322138608E-03  2.404066774E-01  1.362735999E-02  7.986045395E+04  1.875631934E+02  3.285516191E+02  2.688139724E+02  4.488133476E+02  1.141320525E+00 
       161  9.783589121E-05  2.404201762E-01  1.547870720E-02  7.966580005E+04  1.854966459E+02  3.287359953E+02  2.691177897E+02  4.498471375E+02  1.148237750E+00 
       162  3.534439975E-03  2.403949673E-01  1.730379042E-02  8.043549585E+04  1.845860672E+02  3.291110134E+02  2.697315340E+02  4.460229149E+02  1.147987057E+00 
       163  6.969024296E-03  2.402279751E-01  1.908412837E-02  9.111309674E+04  1.549221439E+02  3.354007301E+02  2.801708109E+02  4.170485246E+02  1.197152200E+00 
       164  1.043411823E-02  2.400800089E-01  2.085152946E-02  7.963355766E+04  1.858056552E+02  3.294708829E+02  2.703224119E+02  4.457430822E+02  1.145074237E+00 
       165  1.388371434E-02  2.398652026E-01  2.263181169E-02  7.938520563E+04  1.856270895E+02  3.290741408E+02  2.696702867E+02  4.428646879E+02  1.141992394E+00 
       166  1.734145131E-02  2.394992745E-01  2.440657916E-02  7.878506067E+04  1.857435281E+02  3.289223251E+02  2.694206843E+02  4.453186655E+02  1.143641867E+00 
       167  2.080043859E-02  2.391294908E-01  2.615375350E-02  7.862518819E+04  1.872363406E+02  3.289338981E+02  2.694409969E+02  4.457805997E+02  1.141434770E+00 
       168  2.424052770E-02  2.387186889E-01  2.792040504E-02  7.871557532E+04  1.907914982E+02  3.287313504E+02  2.691093342E+02  4.459027095E+02  1.133572658E+00 
       169  2.766624902E-02  2.381908713E-01  2.968394578E-02  7.868826733E+04  1.932130814E+02  3.286033692E+02  2.688990817E+02  4.449539385E+02  1.126458984E+00 
       170  3.108229850E-02  2.375970478E-01  3.144655572E-02  7.854200238E+04  1.944302967E+02  3.286576250E+02  2.689880970E+02  4.427642608E+02  1.121653629E+00 
       171  3.449726266E-02  2.369314331E-01  3.319569832E-02  7.859537265E+04  1.966841489E+02  3.286594577E+02  2.689923983E+02  4.422350292E+02  1.116397456E+00 
       172  3.787267708E-02  2.362004853E-01  3.498142333E-02  7.902221741E+04  1.986854384E+02  3.287497334E+02  2.691411586E+02  4.424244213E+02  1.112576773E+00 
       173  4.123744789E-02  2.354271843E-01  3.677379579E-02  7.935748584E+04  1.992312539E+02  3.289960275E+02  2.695447860E+02  4.399603372E+02  1.110447397E+00 
       174  4.456263149E-02  2.345133553E-01  3.856958315E-02  7.875437158E+04  2.018087199E+02  3.287976660E+02  2.692191358E+02  4.393725264E+02  1.105808115E+00 
       175  4.789152860E-02  2.335402793E-01  4.034492433E-02  7.709004218E+04  2.097338289E+02  3.275769963E+02  2.672245966E+02  4.456816964E+02  1.093756380E+00 
       176  5.119514426E-02  2.325727211E-01  4.215365701E-02  7.506250542E+04  2.171805090E+02  3.261767565E+02  2.649445791E+02  4.542364459E+02  1.085669052E+00 
       177  5.444737908E-02  2.314873556E-01  4.396264389E-02  7.317354805E+04  2.225863442E+02  3.250069622E+02  2.630472804E+02  4.601292055E+02  1.080577888E+00 
       178  5.771043354E-02  2.303389779E-01  4.576361213E-02  7.115109433E+04  2.268779761E+02  3.239554167E+02  2.613495914E+02  4.616634226E+02  1.072744839E+00 
       179  6.093363739E-02  2.292015055E-01  4.761570799E-02  6.867933276E+04  2.352485471E+02  3.223484583E+02  2.587636037E+02  4.647628956E+02  1.056637017E+00 
       180  6.411569228E-02  2.279427553E-01  4.946832252E-02  6.685027734E+04  2.451522770E+02  3.213573360E+02  2.571738701E+02  4.653259735E+02  1.031444728E+00 
       181  6.728438578E-02  2.267057043E-01  5.135068917E-02  6.903566211E+04  2.565937824E+02  3.231866283E+02  2.601223230E+02  4.599414425E+02  9.935985208E-01 
       182  7.045491472E-02  2.254566135E-01  5.324396322E-02  8.001896692E+04  2.639022832E+02  3.295742126E+02  2.705542936E+02  4.364358392E+02  9.455809956E-01 
       183  7.352398986E-02  2.240979077E-01  5.520813549E-02  9.598923975E+04  2.477857571E+02  3.380060573E+02  2.845576639E+02  4.008257923E+02  9.513399582E-01 
       184  7.654294831E-02  2.227589545E-01  5.724026033E-02  1.044565672E+05  2.362201662E+02  3.418395318E+02  2.909993198E+02  3.865240680E+02  9.670530536E-01 
       185  7.954929441E-02  2.214414527E-01  5.933596166E-02  1.083380310E+05  2.401282430E+02  3.442957602E+02  2.952063217E+02  3.775375853E+02  9.489141405E-01 
       186  8.244157493E-02  2.200232159E-01  6.149679439E-02  1.253937695E+05  2.384921761E+02  3.512749786E+02  3.072949142E+02  3.404472885E+02  9.331853986E-01 
       187  8.531452000E-02  2.186177542E-01  6.372436707E-02  1.198666965E+05  2.408233027E+02  3.487782304E+02  3.029353646E+02  3.536654449E+02  9.284655061E-01 
       188  8.816039266E-02  2.172472440E-01  6.601424901E-02  1.217693303E+05  2.340206432E+02  3.497625980E+02  3.046434917E+02  3.469093184E+02  9.443927482E-01 
       189  9.092008057E-02  2.157826082E-01  6.831794754E-02  1.216797201E+05  2.257128876E+02  3.499589419E+02  3.049858449E+02  3.477888722E+02  9.671006913E-01 
       190  9.367581728E-02  2.143255962E-01  7.064980943E-02  1.219339286E+05  2.254065946E+02  3.494593342E+02  3.041151359E+02  3.480224795E+02  9.672987557E-01 
       191  9.641114101E-02  2.128789625E-01  7.302159977E-02  1.224036828E+05  2.203414392E+02  3.501025834E+02  3.052352958E+02  3.460339103E+02  9.806491220E-01 
       192  9.907895187E-02  2.114028516E-01  7.542603674E-02  1.225136956E+05  2.208581321E+02  3.500956645E+02  3.052229276E+02  3.463227777E+02  9.785501854E-01 
       193  1.016896232E-01  2.099003163E-01  7.789626121E-02  1.226077136E+05  2.199974749E+02  3.504108963E+02  3.057728064E+02  3.460798779E+02  9.803319927E-01 
       194  1.042573666E-01  2.084682280E-01  8.044071344E-02  1.226055157E+05  2.198309816E+02  3.509225178E+02  3.066677558E+02  3.455518014E+02  9.801558512E-01 
       195  1.067132028E-01  2.069758083E-01  8.306726980E-02  1.225747266E+05  2.214172615E+02  3.515266445E+02  3.077270383E+02  3.419678852E+02  9.739378048E-01 
       196  1.091091693E-01  2.055182938E-01  8.576040538E-02  1.225540408E+05  2.209491890E+02  3.529818935E+02  3.102862682E+02  3.372936811E+02  9.736243421E-01 
       197  1.114533399E-01  2.040960959E-01  8.851719904E-02  1.224554295E+05  2.234692621E+02  3.541200360E+02  3.122940225E+02  3.313856176E+02  9.647923231E-01 
       198  1.136946430E-01  2.026973542E-01  9.137514269E-02  1.224147811E+05  2.255807728E+02  3.552477968E+02  3.142845595E+02  3.202652880E+02  9.577159882E-01 
       199  1.158224243E-01  2.012857480E-01  9.431046231E-02  1.224359563E+05  2.252440179E+02  3.569615229E+02  3.173209457E+02  3.038303434E+02  9.610522090E-01 
       200  1.177983438E-01  1.999614296E-01  9.738734661E-02  1.222926320E+05  2.273944823E+02  3.579486852E+02  3.190738606E+02  2.903353968E+02  9.583960110E-01 
       201  1.195376812E-01  1.988013159E-01  1.006637087E-01  1.223152077E+05  2.297430311E+02  3.579402022E+02  3.190580211E+02  2.863597254E+02  9.504427344E-01 
       202  1.207748534E-01  1.979244993E-01  1.042263433E-01  1.222232043E+05  2.312194576E+02  3.567208750E+02  3.168942177E+02  2.997005386E+02  9.428395904E-01 
       203  1.209766187E-01  1.976967879E-01  1.080979692E-01  1.224601863E+05  2.324625730E+02  3.540863367E+02  3.122346258E+02  3.288232580E+02  9.373461152E-01 
       204  1.209415894E-01  1.976147862E-01  1.119887176E-01  1.227432306E+05  2.310403185E+02  3.521563340E+02  3.088341445E+02  3.341429431E+02  9.395741564E-01 
       205  1.209136670E-01  1.975679793E-01  1.158784497E-01  1.228759102E+05  2.287810752E+02  3.514409445E+02  3.075768923E+02  3.354290137E+02  9.456004071E-01 
       206  1.209140530E-01  1.975343277E-01  1.197687765E-01  1.229620575E+05  2.248404958E+02  3.514556059E+02  3.076021068E+02  3.375598995E+02  9.577746396E-01 
       207  1.209033119E-01  1.974945510E-01  1.236620610E-01  1.229199343E+05  2.212923760E+02  3.516198370E+02  3.078904541E+02  3.358460755E+02  9.678662634E-01 
       208  1.208998844E-01  1.975608583E-01  1.275528569E-01  1.228446387E+05  2.214310268E+02  3.517832914E+02  3.081803136E+02  3.361265229E+02  9.682168025E-01 
       209  1.209086196E-01  1.975927695E-01  1.314428594E-01  1.227753394E+05  2.212166007E+02  3.522797746E+02  3.090532314E+02  3.364098213E+02  9.692311587E-01 
       210  1.209261261E-01  1.976437754E-01  1.353324952E-01  1.228024633E+05  2.221829007E+02  3.529117203E+02  3.101647159E+02  3.321266536E+02  9.659410187E-01 
       211  1.209477387E-01  1.976921952E-01  1.392217013E-01  1.227876674E+05  2.215291666E+02  3.538307975E+02  3.117836176E+02  3.227787845E+02  9.681490276E-01 
       212  1.209659901E-01  1.977439656E-01  1.431109690E-01  1.230111916E+05  2.199445062E+02  3.549955762E+02  3.138241175E+02  3.096618074E+02  9.738685121E-01 
       213  1.210017723E-01  1.977818072E-01  1.470000027E-01  1.232345337E+05  2.208903561E+02  3.555270586E+02  3.145761366E+02  3.036143456E+02  9.721760228E-01 
       214 -1.337431699E-02  1.053111530E-01 -4.600000000E-02  8.768990625E+04  1.546214066E+02  3.330798759E+02  2.764803352E+02  2.357505589E+02  8.554668427E-01 
       215 -1.336879354E-02  1.054912688E-01 -4.299898917E-02  8.751392041E+04  1.536665740E+02  3.331062040E+02  2.763174930E+02  2.355986710E+02  8.603493124E-01 
       216 -1.321272523E-02  1.057016208E-01 -4.000664894E-02  8.753274219E+04  1.541673203E+02  3.330315685E+02  2.761936607E+02  2.363830748E+02  8.605936021E-01 
       217 -1.269691607E-02  1.059729593E-01 -3.706120983E-02  8.741841541E+04  1.549515222E+02  3.329447245E+02  2.760497287E+02  2.369223364E+02  8.584613160E-01 
       218 -1.181263769E-02  1.063072321E-01 -3.420969757E-02  8.721689609E+04  1.561142007E+02  3.328275875E+02  2.758554374E+02  2.379460629E+02  8.560338295E-01 
       219 -1.066241908E-02  1.066659143E-01 -3.145726216E-02  8.702748906E+04  1.567833933E+02  3.327773980E+02  2.757722319E+02  2.388239722E+02  8.557808900E-01 
       220 -9.280794463E-03  1.070573859E-01 -2.881758489E-02  8.686572713E+04  1.576266316E+02  3.326983175E+02  2.756411919E+02  2.399582027E+02  8.556420153E-01 
       221 -7.735023178E-03  1.074435380E-01 -2.626912607E-02  8.674829150E+04  1.586565152E+02  3.326207691E+02  2.755126901E+02  2.408073305E+02  8.535955544E-01 
       222 -6.047350445E-03  1.078135440E-01 -2.381048416E-02  8.664681748E+04  1.594247859E+02  3.325247638E+02  2.753536517E+02  2.413644690E+02  8.518118046E-01 
       223 -4.299611852E-03  1.081916589E-01 -2.139379423E-02  8.658007573E+04  1.596747391E+02  3.326162325E+02  2.755052045E+02  2.416580131E+02  8.521103688E-01 
       224 -2.461870607E-03  1.085505379E-01 -1.904289133E-02  8.664706591E+04  1.602456240E+02  3.325213018E+02  2.753480028E+02  2.421979203E+02  8.513565717E-01 
       225 -5.886173328E-04  1.088780789E-01 -1.671486844E-02  8.672974836E+04  1.602200407E+02  3.326508919E+02  2.755626634E+02  2.420882658E+02  8.517017853E-01 
       226  1.337912187E-03  1.092215599E-01 -1.443302686E-02  8.682130811E+04  1.597055494E+02  3.325760754E+02  2.754386733E+02  2.424550059E+02  8.561996066E-01 
       227  3.290030235E-03  1.094941851E-01 -1.216353628E-02  8.668753960E+04  1.596957614E+02  3.324493232E+02  2.752288092E+02  2.436889670E+02  8.611306377E-01 
       228  5.262023684E-03  1.097864070E-01 -9.913643549E-03  8.599669885E+04  1.602926016E+02  3.320485518E+02  2.745660199E+02  2.472415009E+02  8.710080296E-01 
       229  7.256339014E-03  1.100495762E-01 -7.679258903E-03  8.411059431E+04  1.651707146E+02  3.309881481E+02  2.728152806E+02  2.543087290E+02  8.706387822E-01 
       230  9.250945095E-03  1.102792579E-01 -5.441700620E-03  8.180396361E+04  1.724674130E+02  3.298947057E+02  2.710155940E+02  2.620292933E+02  8.605459661E-01 
       231  1.125130268E-02  1.105297001E-01 -3.209862298E-03  8.051268311E+04  1.801284933E+02  3.293380823E+02  2.701016173E+02  2.662013106E+02  8.355186731E-01 
       232  1.324504242E-02  1.107259366E-01 -9.692227629E-04  8.135130835E+04  1.833491926E+02  3.297822914E+02  2.708310385E+02  2.636611662E+02  8.096397463E-01 
       233  1.522818012E-02  1.109344875E-01  1.280794701E-03  8.329173633E+04  1.843432722E+02  3.307899704E+02  2.724892683E+02  2.583633127E+02  7.863178775E-01 
       234  1.717717000E-02  1.111306516E-01  3.565314237E-03  8.543126953E+04  1.830965405E+02  3.321040421E+02  2.746584282E+02  2.495339775E+02  7.628863379E-01 
       235  2.098827574E-02  1.115152878E-01  8.199040730E-03  8.930528906E+04  1.863604774E+02  3.342308216E+02  2.781879177E+02  2.370657349E+02  7.066793330E-01 
       236  2.283804163E-02  1.116790561E-01  1.055952489E-02  9.054706299E+04  1.895111407E+02  3.354164078E+02  2.801636493E+02  2.295648270E+02  6.661349847E-01 
       237  2.632960383E-02  1.121198866E-01  1.543269692E-02  9.111682373E+04  2.053808937E+02  3.353681889E+02  2.800834999E+02  2.311786118E+02  5.873941146E-01 
       238  2.959379811E-02  1.126564718E-01  2.044933110E-02  9.026285925E+04  2.213238459E+02  3.349119382E+02  2.793215733E+02  2.368478761E+02  5.223554801E-01 
       239  3.114059063E-02  1.129278581E-01  2.301118304E-02  8.976518028E+04  2.286892331E+02  3.348437651E+02  2.792079434E+02  2.394428810E+02  4.934032843E-01 
       240  3.264987762E-02  1.132456905E-01  2.559358749E-02  8.921948511E+04  2.352850149E+02  3.345236402E+02  2.786743421E+02  2.418829928E+02  4.677633346E-01 
       241  3.807676132E-02  1.146676712E-01  3.621643154E-02  8.790958779E+04  2.596820756E+02  3.338691002E+02  2.775848740E+02  2.500193160E+02  3.733093708E-01 
       242  3.928374460E-02  1.150413043E-01  3.894926042E-02  8.803070642E+04  2.655312753E+02  3.341885421E+02  2.781165028E+02  2.516508555E+02  3.497177148E-01 
       243  4.044503934E-02  1.154301055E-01  4.169676193E-02  8.840404139E+04  2.696334380E+02  3.344828812E+02  2.786066755E+02  2.514578764E+02  3.290947964E-01 
       244  4.154949506E-02  1.158110833E-01  4.446441861E-02  8.899925928E+04  2.732424068E+02  3.347733135E+02  2.790911655E+02  2.502765894E+02  3.072429616E-01 
       245  4.259018966E-02  1.161595968E-01  4.726780086E-02  8.979896696E+04  2.765762473E+02  3.350913753E+02  2.796222393E+02  2.484924709E+02  2.842637384E-01 
       246  4.357921759E-02  1.165132208E-01  5.008364009E-02  9.081552417E+04  2.791387119E+02  3.355263748E+02  2.803487291E+02  2.460075054E+02  2.628552709E-01 
       247  4.448002582E-02  1.168267471E-01  5.293502673E-02  9.205178781E+04  2.804379542E+02  3.362148968E+02  2.814998369E+02  2.422476202E+02  2.434979240E-01 
       248  4.534234860E-02  1.171711221E-01  5.579536500E-02  9.345994580E+04  2.815649757E+02  3.368629398E+02  2.825864086E+02  2.385852871E+02  2.255345006E-01 
       249  4.612355051E-02  1.174912616E-01  5.867935283E-02  9.483639258E+04  2.822633400E+02  3.375976257E+02  2.838205299E+02  2.343995857E+02  2.076654788E-01 
       250  4.681688670E-02  1.178330389E-01  6.158342338E-02  9.613538672E+04  2.830374756E+02  3.382241783E+02  2.848747406E+02  2.311083527E+02  1.931691207E-01 
       251  4.742483443E-02  1.181684938E-01  6.451168194E-02  9.730252441E+04  2.838260384E+02  3.387772942E+02  2.858071709E+02  2.283168945E+02  1.805903036E-01 
       252  4.796175059E-02  1.184973583E-01  6.744925218E-02  9.829115234E+04  2.845237484E+02  3.393367214E+02  2.867512827E+02  2.251856852E+02  1.668841802E-01 
       253  4.839690646E-02  1.188449776E-01  7.040346354E-02  9.903448135E+04  2.861566465E+02  3.396301960E+02  2.872474871E+02  2.228851855E+02  1.506416464E-01 
       254  4.867844520E-02  1.192029192E-01  7.337369276E-02  9.943454911E+04  2.877119209E+02  3.399114061E+02  2.877235723E+02  2.227641042E+02  1.436663397E-01 
       255  4.889804354E-02  1.195863964E-01  7.634446821E-02  9.976709419E+04  2.897413128E+02  3.399176010E+02  2.877344721E+02  2.221249278E+02  1.313954835E-01 
       256  4.901527392E-02  1.199575346E-01  7.936475415E-02  9.978835159E+04  2.926944225E+02  3.398531854E+02  2.876254868E+02  2.229565016E+02  1.193325678E-01 
       257  4.897414798E-02  1.207471392E-01  8.530893469E-02  9.977902344E+04  2.969079475E+02  3.400885468E+02  2.880233231E+02  2.239186783E+02  1.021161545E-01 
       258  4.879835866E-02  1.211503063E-01  8.827262235E-02  9.979533887E+04  2.988785820E+02  3.399969788E+02  2.878680992E+02  2.244729023E+02  9.439170174E-02 
       259  4.854576088E-02  1.215647590E-01  9.126615169E-02  9.988392095E+04  3.003999854E+02  3.397958178E+02  2.875274189E+02  2.247707178E+02  8.833609098E-02 
       260  4.818457029E-02  1.219712360E-01  9.420996830E-02  1.002949589E+05  3.008622239E+02  3.399397130E+02  2.877710347E+02  2.238425247E+02  8.327141282E-02 
       261  4.782320061E-02  1.224212570E-01  9.713670139E-02  1.008027070E+05  3.005245914E+02  3.401466770E+02  2.881226368E+02  2.226173210E+02  8.220496681E-02 
       262  4.734997920E-02  1.228526278E-01  1.001180955E-01  1.017076387E+05  2.994265900E+02  3.407225075E+02  2.890984879E+02  2.200345001E+02  7.969968580E-02 
       263  4.683890011E-02  1.232935874E-01  1.030087938E-01  1.030273743E+05  2.972144915E+02  3.415577612E+02  2.905184992E+02  2.159597733E+02  7.813251650E-02 
       264  4.566507936E-02  1.242316696E-01  1.088390156E-01  1.054298466E+05  2.919353421E+02  3.421131609E+02  2.914634082E+02  2.073149123E+02  7.886268223E-02 
       265  4.352639189E-02  1.257122811E-01  1.174848542E-01  1.083273203E+05  2.741875289E+02  3.440809382E+02  2.948288781E+02  1.888448802E+02  1.268547645E-01 
       266  4.289440586E-02  1.261798267E-01  1.203730247E-01  1.079463466E+05  2.609544699E+02  3.463362163E+02  2.987120290E+02  1.661432627E+02  1.373026731E-01 
       267  4.242365191E-02  1.265975250E-01  1.232861776E-01  1.076689507E+05  2.482005024E+02  3.487434822E+02  3.028743544E+02  1.368747042E+02  1.292447435E-01 
       268  4.208270049E-02  1.270006734E-01  1.262530889E-01  1.077647207E+05  2.419999657E+02  3.496133308E+02  3.043841972E+02  1.297350140E+02  1.565804929E-01 
       269  4.202415066E-02  1.273246053E-01  1.292418903E-01  1.076812389E+05  2.421292264E+02  3.496985348E+02  3.045322780E+02  1.327993010E+02  1.659221609E-01 
       270  4.218523596E-02  1.275849052E-01  1.322314117E-01  1.073915438E+05  2.438888328E+02  3.494305707E+02  3.040680089E+02  1.390189677E+02  1.751981562E-01 
       271  4.252691668E-02  1.278080741E-01  1.352038484E-01  1.071073468E+05  2.468931175E+02  3.491061745E+02  3.035051492E+02  1.473785368E+02  1.827079746E-01 
       272  4.296344289E-02  1.279984053E-01  1.381664338E-01  1.069225895E+05  2.497930604E+02  3.485402275E+02  3.025237506E+02  1.544743276E+02  1.878289888E-01 
       273  4.347514252E-02  1.281630447E-01  1.411197974E-01  1.067193155E+05  2.525257783E+02  3.480184385E+02  3.016177742E+02  1.603777208E+02  1.902038008E-01 
       274  4.403358971E-02  1.283124551E-01  1.440677535E-01  1.065158148E+05  2.550427215E+02  3.478010505E+02  3.012369340E+02  1.648061116E+02  1.892855148E-01 
       275  4.466583781E-02  1.284644007E-01  1.470000034E-01  1.063282025E+05  2.579619150E+02  3.473949102E+02  2.945737548E+02  1.687036633E+02  1.842028168E-01 
       276 -1.390154712E-02  1.725232616E-01 -4.600000033E-02  8.225045259E+04  1.810770798E+02  3.303467118E+02  2.711541517E+02  3.409939733E+02  1.010889940E+00 
       277 -1.389524734E-02  1.726308379E-01 -4.258575940E-02  8.262831356E+04  1.814883783E+02  3.303063104E+02  2.716918094E+02  3.420651699E+02  1.011446310E+00 
       278 -1.388827040E-02  1.727470810E-01 -3.919459871E-02  8.277588081E+04  1.818736336E+02  3.302957017E+02  2.716744149E+02  3.430405459E+02  1.011881106E+00 
       279 -1.387976982E-02  1.728866868E-01 -3.575874102E-02  8.286580085E+04  1.815851213E+02  3.303421310E+02  2.717508555E+02  3.431449257E+02  1.013048139E+00 
       280 -1.386962822E-02  1.730354599E-01 -3.234598001E-02  8.282977347E+04  1.811396316E+02  3.303555080E+02  2.717729082E+02  3.430160468E+02  1.014360777E+00 
       281 -1.385715910E-02  1.732129765E-01 -2.893478341E-02  8.261897825E+04  1.820902647E+02  3.301529714E+02  2.714398836E+02  3.446097211E+02  1.014024089E+00 
       282 -1.381464856E-02  1.733989484E-01 -2.553958976E-02  8.195375414E+04  1.832795064E+02  3.298294134E+02  2.709080039E+02  3.468063205E+02  1.013913492E+00 
       283 -1.334927366E-02  1.736519924E-01 -2.216152427E-02  8.119186026E+04  1.841286203E+02  3.294758036E+02  2.703275442E+02  3.480199264E+02  1.013233110E+00 
       284 -1.220387625E-02  1.739549638E-01 -1.896956374E-02  8.002900342E+04  1.878198519E+02  3.287091904E+02  2.690718136E+02  3.518655434E+02  1.007843293E+00 
       285 -1.057589609E-02  1.742731966E-01 -1.599005111E-02  7.825278960E+04  1.923846877E+02  3.278220011E+02  2.676212005E+02  3.560015912E+02  1.000213835E+00 
       286 -8.586070527E-03  1.745821273E-01 -1.323108332E-02  7.659766262E+04  1.975081477E+02  3.270019511E+02  2.662838092E+02  3.613216295E+02  9.933376942E-01 
       287 -6.371188279E-03  1.748941133E-01 -1.065117603E-02  7.594216337E+04  2.003323884E+02  3.268529200E+02  2.660412567E+02  3.627600319E+02  9.864757874E-01 
       288 -3.959984913E-03  1.752012559E-01 -8.251810021E-03  7.799134875E+04  1.984162694E+02  3.280159573E+02  2.679406797E+02  3.568857278E+02  9.814269559E-01 
       289 -1.474621790E-03  1.754287438E-01 -5.921768022E-03  8.288721386E+04  1.922094882E+02  3.303890841E+02  2.718369695E+02  3.463996728E+02  9.838733224E-01 
       290  1.096342236E-03  1.756586641E-01 -3.684409899E-03  8.906323211E+04  1.816269104E+02  3.332425763E+02  2.765505415E+02  3.309792205E+02  9.945539990E-01 
       291  3.722457199E-03  1.758529720E-01 -1.512169024E-03  9.174917212E+04  1.745216374E+02  3.345032902E+02  2.786412792E+02  3.235307207E+02  1.007278200E+00 
       292  6.390497491E-03  1.759799744E-01  6.206893580E-04  8.867321045E+04  1.778878899E+02  3.331213570E+02  2.763486080E+02  3.315305214E+02  1.007831231E+00 
       293  1.179759467E-02  1.761809281E-01  4.808741428E-03  7.653045313E+04  1.999530487E+02  3.268723373E+02  2.660780411E+02  3.650780182E+02  9.920295775E-01 
       294  1.450804596E-02  1.762121176E-01  6.883706551E-03  7.267032861E+04  2.095757065E+02  3.243397064E+02  2.619687824E+02  3.756644173E+02  9.806663692E-01 
       295  1.722225861E-02  1.762495216E-01  8.953048646E-03  7.058600879E+04  2.150185738E+02  3.229162216E+02  2.596719627E+02  3.817012253E+02  9.747912139E-01 
       296  1.993233776E-02  1.761597577E-01  1.102855473E-02  6.917454688E+04  2.177126331E+02  3.221051865E+02  2.583692093E+02  3.853725929E+02  9.735092223E-01 
       297  2.263244469E-02  1.760920636E-01  1.311525345E-02  6.743635205E+04  2.225557060E+02  3.210002937E+02  2.566007214E+02  3.905751152E+02  9.684750512E-01 
       298  2.532249661E-02  1.759768902E-01  1.521525865E-02  6.587351440E+04  2.288520079E+02  3.198703117E+02  2.547965689E+02  3.952888966E+02  9.576142915E-01 
       299  2.800116021E-02  1.758008440E-01  1.732596334E-02  6.566084692E+04  2.334735842E+02  3.196149263E+02  2.543898468E+02  3.972806091E+02  9.464896470E-01 
       300  3.066011949E-02  1.756198651E-01  1.946182943E-02  6.808876892E+04  2.343442159E+02  3.210719261E+02  2.567244964E+02  3.917462835E+02  9.314460587E-01 
       301  3.850917716E-02  1.748410184E-01  2.602581626E-02  8.707918774E+04  2.354217262E+02  3.337076998E+02  2.773209562E+02  3.363591042E+02  8.226932492E-01 
       302  4.358739934E-02  1.740919978E-01  3.053362568E-02  8.644692114E+04  2.366870470E+02  3.334183569E+02  2.768364525E+02  3.415348864E+02  8.276945576E-01 
       303  4.609287257E-02  1.736863543E-01  3.281922705E-02  8.549621411E+04  2.406025677E+02  3.328530302E+02  2.758979959E+02  3.440930691E+02  8.191283494E-01 
       304  4.855845708E-02  1.731970535E-01  3.512834265E-02  8.503126758E+04  2.462120099E+02  3.323918686E+02  2.751341152E+02  3.459204855E+02  8.031924497E-01 
       305  5.100043215E-02  1.726458906E-01  3.745772352E-02  8.573681677E+04  2.507400355E+02  3.327388554E+02  2.757093201E+02  3.448745732E+02  7.861614171E-01 
       306  5.340036417E-02  1.720848619E-01  3.982071753E-02  8.857404956E+04  2.515273950E+02  3.343831859E+02  2.784460225E+02  3.371563773E+02  7.705682274E-01 
       307  5.576533568E-02  1.714326002E-01  4.220398857E-02  9.374652353E+04  2.486678375E+02  3.372681516E+02  2.832753233E+02  3.225779070E+02  7.568098688E-01 
       308  5.808130114E-02  1.707532671E-01  4.462162642E-02  9.947571464E+04  2.459461772E+02  3.402030653E+02  2.882247739E+02  3.070427674E+02  7.424937962E-01 
       309  6.913202621E-02  1.670049815E-01  5.708998555E-02  1.123873813E+05  2.414027715E+02  3.467395096E+02  2.994009714E+02  2.740762649E+02  7.150519034E-01 
       310  7.325557335E-02  1.653928843E-01  6.228962682E-02  1.154553205E+05  2.407104973E+02  3.482696233E+02  3.020483823E+02  2.672255746E+02  7.099483889E-01 
       311  7.526114685E-02  1.645964451E-01  6.493668120E-02  1.168466631E+05  2.406128197E+02  3.488222446E+02  3.030076942E+02  2.640946941E+02  7.081854641E-01 
       312  8.099008587E-02  1.620989224E-01  7.305121222E-02  1.189026582E+05  2.391722698E+02  3.495573578E+02  3.042849159E+02  2.568301258E+02  7.061404064E-01 
       313  8.281625202E-02  1.612441772E-01  7.580722199E-02  1.191179238E+05  2.381661072E+02  3.495497627E+02  3.042716637E+02  2.564217262E+02  7.103479505E-01 
       314  8.462318717E-02  1.604029889E-01  7.856519154E-02  1.193196882E+05  2.375739923E+02  3.495376034E+02  3.042503767E+02  2.559369121E+02  7.137064282E-01 
       315  8.638808364E-02  1.595156660E-01  8.135371941E-02  1.193742427E+05  2.376921234E+02  3.493847551E+02  3.039842720E+02  2.552827396E+02  7.134253662E-01 
       316  8.818531781E-02  1.586346563E-01  8.418846896E-02  1.193188818E+05  2.382622363E+02  3.490550988E+02  3.034110138E+02  2.546353853E+02  7.089408638E-01 
       317  9.153487112E-02  1.568453452E-01  8.985396979E-02  1.192322450E+05  2.373025808E+02  3.490815864E+02  3.034575019E+02  2.546314802E+02  7.134259772E-01 
       318  9.319079870E-02  1.559467714E-01  9.269883327E-02  1.191887305E+05  2.371298485E+02  3.491148434E+02  3.035155602E+02  2.540985966E+02  7.137724496E-01 
       319  9.639067810E-02  1.541493463E-01  9.845101971E-02  1.191883271E+05  2.377232838E+02  3.489438019E+02  3.032176952E+02  2.538753033E+02  7.122867219E-01 
       320  9.789700787E-02  1.532238030E-01  1.013752208E-01  1.191686071E+05  2.384154878E+02  3.488341503E+02  3.030269780E+02  2.535974641E+02  7.082776176E-01 
       321  9.939560036E-02  1.523575645E-01  1.043121280E-01  1.191012813E+05  2.388333111E+02  3.486624489E+02  3.027286320E+02  2.539268093E+02  7.076133639E-01 
       322  1.008373928E-01  1.515239935E-01  1.072922639E-01  1.189317617E+05  2.393312874E+02  3.484180756E+02  3.023043728E+02  2.548313084E+02  7.071249038E-01 
       323  1.021925752E-01  1.507164957E-01  1.103173974E-01  1.187605159E+05  2.403791547E+02  3.481373987E+02  3.018177724E+02  2.563342252E+02  7.041442208E-01 
       324  1.063175391E-01  1.486079647E-01  1.265700906E-01  1.181147207E+05  2.420492516E+02  3.486895065E+02  3.027793236E+02  2.564697914E+02  7.002504766E-01 
       325  1.064822206E-01  1.487022474E-01  1.299738775E-01  1.182929824E+05  2.379747353E+02  3.500750809E+02  3.051924591E+02  2.453048744E+02  7.092275918E-01 
       326  1.066476119E-01  1.488146338E-01  1.333799290E-01  1.182626445E+05  2.321393051E+02  3.514818611E+02  3.076483345E+02  2.287537117E+02  7.261311263E-01 
       327  1.068180965E-01  1.489318139E-01  1.367854531E-01  1.180725781E+05  2.279020576E+02  3.522511215E+02  3.089937439E+02  2.188449287E+02  7.431037650E-01 
       328  1.069979625E-01  1.490578552E-01  1.401905319E-01  1.179141328E+05  2.282019310E+02  3.519611588E+02  3.084860935E+02  2.256552811E+02  7.461710721E-01 
       329  1.071817424E-01  1.491887345E-01  1.435955648E-01  1.179306274E+05  2.348209810E+02  3.504851761E+02  3.057408085E+02  2.448019524E+02  7.264163941E-01 
       330  1.073851999E-01  1.493347905E-01  1.470000044E-01  1.179856602E+05  2.435469055E+02  3.484394226E+02  3.011911087E+02  2.629220505E+02  7.041461617E-01 
       331 -5.132010553E-03  2.399711247E-01 -4.600000034E-02  8.393880371E+04  1.737666893E+02  3.310726624E+02  2.729697418E+02  4.394782867E+02  1.164262332E+00 
       332 -5.128125210E-03  2.399809281E-01 -4.210430258E-02  8.419180493E+04  1.748204250E+02  3.307736740E+02  2.724617352E+02  4.400997810E+02  1.162288073E+00 
       333 -5.125201508E-03  2.399922328E-01 -3.820870464E-02  8.307179700E+04  1.774531187E+02  3.301898458E+02  2.715021951E+02  4.423480277E+02  1.158168740E+00 
       334 -5.121813889E-03  2.400095995E-01 -3.431329778E-02  8.133944110E+04  1.817063869E+02  3.293142531E+02  2.700644935E+02  4.463100450E+02  1.151889978E+00 
       335 -5.119016059E-03  2.400291916E-01 -3.041776666E-02  7.943852106E+04  1.864246340E+02  3.284029903E+02  2.685717076E+02  4.500306497E+02  1.144157083E+00 
       336 -5.114574788E-03  2.400538233E-01 -2.652182619E-02  7.794675240E+04  1.889947425E+02  3.279672715E+02  2.678582398E+02  4.509978157E+02  1.138741553E+00 
       337 -5.109553763E-03  2.400828758E-01 -2.262552630E-02  7.823808887E+04  1.886853147E+02  3.281720796E+02  2.681945267E+02  4.497524357E+02  1.138107877E+00 
       338 -5.103895973E-03  2.401152952E-01 -1.872899116E-02  8.052993774E+04  1.838856187E+02  3.294475698E+02  2.702864783E+02  4.450980437E+02  1.145116407E+00 
       339 -4.925504783E-03  2.402473149E-01 -7.056915668E-03  8.739499831E+04  1.698057394E+02  3.324013034E+02  2.751548266E+02  4.344022226E+02  1.169662611E+00 
       340 -3.715119829E-03  2.403023013E-01 -3.373311706E-03  8.181889728E+04  1.786159958E+02  3.304150684E+02  2.718818563E+02  4.420795019E+02  1.155396915E+00 
       341 -1.562012846E-03  2.403581740E-01 -1.360753051E-04  7.851504250E+04  1.887540329E+02  3.283522824E+02  2.684929593E+02  4.505116425E+02  1.138884112E+00 
       342  1.133764527E-03  2.404094608E-01  2.675248428E-03  7.840041577E+04  1.902390647E+02  3.278699102E+02  2.677018356E+02  4.511814194E+02  1.136180323E+00 
       343  4.137632423E-03  2.404197044E-01  5.149238455E-03  7.988886256E+04  1.859606069E+02  3.285282064E+02  2.687760924E+02  4.499909804E+02  1.145699569E+00 
       344  7.316400202E-03  2.403253331E-01  7.399564588E-03  8.025080952E+04  1.842325818E+02  3.288716399E+02  2.693371079E+02  4.465437905E+02  1.146897707E+00 
       345  1.395577155E-02  2.400667001E-01  1.148649181E-02  8.632700586E+04  1.715666981E+02  3.317752457E+02  2.741233635E+02  4.367610664E+02  1.169298887E+00 
       346  1.735065466E-02  2.397965962E-01  1.337576268E-02  9.004207910E+04  1.601665668E+02  3.336424217E+02  2.772129822E+02  4.255120697E+02  1.187610537E+00 
       347  2.419161170E-02  2.391929427E-01  1.704637434E-02  8.020916699E+04  1.836932755E+02  3.293130569E+02  2.700661621E+02  4.457316971E+02  1.147656575E+00 
       348  2.761839379E-02  2.387452844E-01  1.884103948E-02  8.013146289E+04  1.870560112E+02  3.290293007E+02  2.695978203E+02  4.490897446E+02  1.142603487E+00 
       349  3.105226563E-02  2.382885234E-01  2.062260888E-02  8.120637500E+04  1.843348141E+02  3.299169884E+02  2.710531034E+02  4.450348797E+02  1.145100996E+00 
       350  3.788868369E-02  2.371344800E-01  2.417075674E-02  8.081885693E+04  1.864951630E+02  3.298653145E+02  2.709679527E+02  4.461895218E+02  1.141598575E+00 
       351  4.468291751E-02  2.357525484E-01  2.771953789E-02  8.021218848E+04  1.899091167E+02  3.292970161E+02  2.700368862E+02  4.469336433E+02  1.135305822E+00 
       352  4.805699300E-02  2.349490393E-01  2.948953136E-02  8.059497742E+04  1.898805790E+02  3.294117341E+02  2.702266507E+02  4.454613886E+02  1.135611642E+00 
       353  5.140582287E-02  2.340778219E-01  3.127771149E-02  8.064594727E+04  1.896150713E+02  3.294646835E+02  2.703125820E+02  4.432076206E+02  1.136242948E+00 
       354  5.473006301E-02  2.331020583E-01  3.305777180E-02  7.984687012E+04  1.929902630E+02  3.288140717E+02  2.692462654E+02  4.455411301E+02  1.132527173E+00 
       355  5.803984836E-02  2.320923676E-01  3.484458617E-02  7.837435156E+04  1.953890896E+02  3.280001163E+02  2.679147396E+02  4.475408325E+02  1.130983323E+00 
       356  6.132921494E-02  2.310454118E-01  3.665150486E-02  7.656451248E+04  1.986024647E+02  3.269697386E+02  2.662341459E+02  4.503101804E+02  1.126873093E+00 
       357  6.777528194E-02  2.285846393E-01  4.027160278E-02  8.485715820E+04  2.144138298E+02  3.323622818E+02  2.751185341E+02  4.301016350E+02  1.067958191E+00 
       358  7.097972553E-02  2.273472007E-01  4.209367684E-02  9.178889551E+04  2.294129639E+02  3.357069283E+02  2.806598911E+02  4.139665756E+02  1.015096828E+00 
       359  7.412444428E-02  2.259565065E-01  4.393674079E-02  9.060943237E+04  2.347283983E+02  3.343818254E+02  2.784457941E+02  4.190059481E+02  1.007433450E+00 
       360  7.725834663E-02  2.245514312E-01  4.577102978E-02  8.669874170E+04  2.321391983E+02  3.330907822E+02  2.762936935E+02  4.259429703E+02  1.020994034E+00 
       361  8.037011026E-02  2.231435234E-01  4.763983740E-02  8.916888672E+04  2.305893555E+02  3.349210091E+02  2.793541489E+02  4.206961441E+02  1.022704974E+00 
       362  8.343109451E-02  2.215945322E-01  4.950276897E-02  1.024568786E+05  2.228736440E+02  3.409507608E+02  2.895279560E+02  3.949179168E+02  1.028472560E+00 
       363  8.646988642E-02  2.201046420E-01  5.141624103E-02  1.219348735E+05  2.125389352E+02  3.479939537E+02  3.016028609E+02  3.572885923E+02  1.043477684E+00 
       364  9.242245520E-02  2.169732682E-01  5.534503106E-02  1.186900234E+05  2.194759784E+02  3.500342770E+02  3.051465187E+02  3.513808212E+02  1.006906785E+00 
       365  9.533631835E-02  2.153857768E-01  5.738443174E-02  1.166341420E+05  2.229062221E+02  3.492811213E+02  3.038440404E+02  3.557758327E+02  9.932531659E-01 
       366  9.819952312E-02  2.138016843E-01  5.949569436E-02  1.170972246E+05  2.233826332E+02  3.501137924E+02  3.052961502E+02  3.519465580E+02  9.879095256E-01 
       367  1.009694591E-01  2.121295788E-01  6.167326851E-02  1.191367537E+05  2.261675439E+02  3.513679047E+02  3.074884205E+02  3.425739918E+02  9.744887259E-01 
       368  1.037116704E-01  2.105064985E-01  6.390540356E-02  1.202951802E+05  2.305913992E+02  3.524023390E+02  3.093047924E+02  3.353290510E+02  9.560333341E-01 
       369  1.064180189E-01  2.088777679E-01  6.618856681E-02  1.206543511E+05  2.332004519E+02  3.532723770E+02  3.108371735E+02  3.329954433E+02  9.444673136E-01 
       370  1.090480686E-01  2.071800512E-01  6.850700508E-02  1.208458228E+05  2.368951159E+02  3.539456062E+02  3.120323353E+02  3.325976486E+02  9.312170148E-01 
       371  1.116790455E-01  2.055210471E-01  7.084353951E-02  1.211222859E+05  2.393081019E+02  3.547782936E+02  3.135087175E+02  3.294905834E+02  9.218008555E-01 
       372  1.142974452E-01  2.038484190E-01  7.319785208E-02  1.215906003E+05  2.386322875E+02  3.548551884E+02  3.136428328E+02  3.279280825E+02  9.217033871E-01 
       373  1.168416696E-01  2.021295301E-01  7.558130371E-02  1.220196646E+05  2.367687016E+02  3.545209370E+02  3.130466805E+02  3.280560627E+02  9.262958467E-01 
       374  1.193277496E-01  2.004108846E-01  7.805168345E-02  1.224510048E+05  2.328262377E+02  3.540519123E+02  3.122105534E+02  3.292600465E+02  9.377355846E-01 
       375  1.217693779E-01  1.987784452E-01  8.060399866E-02  1.227347600E+05  2.293950009E+02  3.533989859E+02  3.110498838E+02  3.308083305E+02  9.479241073E-01 
       376  1.240793489E-01  1.970470446E-01  8.322373237E-02  1.230334316E+05  2.259901142E+02  3.527868910E+02  3.099655113E+02  3.326622190E+02  9.580427147E-01 
       377  1.263696524E-01  1.953872062E-01  8.590193330E-02  1.235509003E+05  2.211720368E+02  3.528357809E+02  3.100407238E+02  3.323577930E+02  9.718588879E-01 
       378  1.285811840E-01  1.937639536E-01  8.866989816E-02  1.235533669E+05  2.186474915E+02  3.512899394E+02  3.073199854E+02  3.381753969E+02  9.794802014E-01 
       379  1.378530526E-01  1.861918564E-01  1.119425893E-01  1.226182490E+05  2.185234528E+02  3.555488138E+02  3.148147621E+02  3.154311714E+02  9.795973822E-01 
       380  1.378280879E-01  1.861358471E-01  1.158380052E-01  1.220077383E+05  2.203787804E+02  3.563710871E+02  3.162724056E+02  3.026943550E+02  9.747973289E-01 
       381  1.378172244E-01  1.861105784E-01  1.197328496E-01  1.214112539E+05  2.266989241E+02  3.564711652E+02  3.164504199E+02  2.997099867E+02  9.544493724E-01 
       382  1.378137064E-01  1.861013403E-01  1.236281983E-01  1.219313674E+05  2.314952781E+02  3.559054902E+02  3.154491589E+02  3.108437691E+02  9.355430063E-01 
       383  1.378232998E-01  1.861207539E-01  1.275238734E-01  1.226556833E+05  2.318497990E+02  3.548180162E+02  3.135285783E+02  3.230776041E+02  9.359222849E-01 
       384  1.378388478E-01  1.861485149E-01  1.314192119E-01  1.230050831E+05  2.268775643E+02  3.537191115E+02  3.115911004E+02  3.337713809E+02  9.525023924E-01 
       385  1.378667705E-01  1.861922064E-01  1.353144338E-01  1.230246234E+05  2.225769577E+02  3.531091132E+02  3.105156283E+02  3.326488328E+02  9.649323686E-01 
       386  1.378917792E-01  1.862393165E-01  1.392095884E-01  1.230397808E+05  2.214364442E+02  3.527146932E+02  3.098187176E+02  3.314698455E+02  9.679811820E-01 
       387  1.379128913E-01  1.862912877E-01  1.431056120E-01  1.231147014E+05  2.218444419E+02  3.527637838E+02  3.097840391E+02  3.290552521E+02  9.665807113E-01 
       388  1.379274402E-01  1.863453723E-01  1.469999959E-01  1.232495298E+05  2.215077357E+02  3.535632381E+02  3.108247123E+02  3.219008870E+02  9.675283823E-01 
       389 -3.389247132E-02  1.007789921E-01 -4.300551245E-02  8.756911865E+04  1.538111582E+02  3.330784225E+02  2.762713871E+02  2.356960373E+02  8.598977998E-01 
       390 -3.372456358E-02  1.010433636E-01 -4.002223516E-02  8.745933724E+04  1.547421425E+02  3.329971481E+02  2.761366290E+02  2.366444038E+02  8.582860698E-01 
       391 -3.329024078E-02  1.014074167E-01 -3.707963811E-02  8.734012970E+04  1.551531136E+02  3.329515575E+02  2.760609987E+02  2.370769218E+02  8.579072277E-01 
       392 -3.255620303E-02  1.018883264E-01 -3.421559131E-02  8.720424213E+04  1.559778688E+02  3.328639845E+02  2.759157608E+02  2.382172362E+02  8.578028288E-01 
       393 -3.153373485E-02  1.024554568E-01 -3.145384174E-02  8.707285733E+04  1.568241908E+02  3.327675443E+02  2.757559256E+02  2.387747152E+02  8.555118989E-01 
       394 -3.028950121E-02  1.031058036E-01 -2.880322264E-02  8.697325499E+04  1.573157740E+02  3.327244330E+02  2.756844917E+02  2.395031450E+02  8.558020194E-01 
       395 -2.888173412E-02  1.037838005E-01 -2.624318977E-02  8.688878456E+04  1.580113528E+02  3.326734386E+02  2.755999179E+02  2.400163063E+02  8.542784522E-01 
       396 -2.733119538E-02  1.044792183E-01 -2.377110822E-02  8.682058671E+04  1.586723409E+02  3.326278544E+02  2.755244752E+02  2.407619937E+02  8.538227268E-01 
       397 -2.568342124E-02  1.052055751E-01 -2.135968630E-02  8.671358850E+04  1.590153145E+02  3.325936311E+02  2.754677009E+02  2.414492573E+02  8.549494898E-01 
       398 -2.397735570E-02  1.059146334E-01 -1.899049647E-02  8.649960300E+04  1.597124659E+02  3.324799888E+02  2.752795719E+02  2.423870864E+02  8.549892418E-01 
       399 -2.220871387E-02  1.066063154E-01 -1.667396516E-02  8.613683148E+04  1.605710472E+02  3.322911390E+02  2.749669402E+02  2.442852603E+02  8.575557796E-01 
       400 -2.041003203E-02  1.073389070E-01 -1.437512078E-02  8.563502655E+04  1.623400701E+02  3.320070004E+02  2.744969271E+02  2.467188573E+02  8.571597766E-01 
       401 -1.856976066E-02  1.079715131E-01 -1.211630566E-02  8.491660609E+04  1.649932047E+02  3.316255955E+02  2.738666035E+02  2.498898767E+02  8.545624801E-01 
       402 -1.670953655E-02  1.086522831E-01 -9.860640570E-03  8.435207523E+04  1.685032391E+02  3.313051258E+02  2.733375701E+02  2.523498439E+02  8.453227238E-01 
       403 -1.482329113E-02  1.093026603E-01 -7.620995183E-03  8.438776540E+04  1.712040850E+02  3.313188763E+02  2.733603412E+02  2.530146493E+02  8.339298994E-01 
       404 -1.292306254E-02  1.099268373E-01 -5.385291055E-03  8.523273804E+04  1.720224090E+02  3.317961893E+02  2.741486092E+02  2.501762753E+02  8.200922925E-01 
       405 -1.101845801E-02  1.105590611E-01 -3.137660868E-03  8.699517786E+04  1.705230970E+02  3.327733741E+02  2.757659035E+02  2.441670922E+02  8.086062723E-01 
       406 -9.120841472E-03  1.111701815E-01 -8.914052251E-04  8.949423700E+04  1.672124817E+02  3.341176202E+02  2.779986700E+02  2.355573632E+02  7.991184210E-01 
       407 -7.240675928E-03  1.117476218E-01  1.353994698E-03  9.301827652E+04  1.632069804E+02  3.359759375E+02  2.811002946E+02  2.223419253E+02  7.823007333E-01 
       408 -5.370549944E-03  1.123083196E-01  3.627204146E-03  9.647690247E+04  1.616349437E+02  3.378471808E+02  2.842395689E+02  2.092679579E+02  7.543982398E-01 
       409 -3.530590186E-03  1.128981262E-01  5.933484609E-03  9.860172209E+04  1.759576609E+02  3.385307665E+02  2.853913128E+02  1.991957636E+02  6.460313993E-01 
       410 -1.726912218E-03  1.134387153E-01  8.259926622E-03  9.824210278E+04  1.840124321E+02  3.386608639E+02  2.856104035E+02  2.053701315E+02  6.170949368E-01 
       411  3.734044288E-05  1.140039107E-01  1.062617763E-02  9.737838379E+04  1.940532517E+02  3.381877127E+02  2.848127108E+02  2.077880378E+02  5.680990284E-01 
       412  1.740848712E-03  1.145879687E-01  1.302702968E-02  9.652285966E+04  2.020589604E+02  3.377266023E+02  2.840368654E+02  2.128784855E+02  5.403564354E-01 
       413  3.387617433E-03  1.151172021E-01  1.547343878E-02  9.596109131E+04  2.082331333E+02  3.375175949E+02  2.836849999E+02  2.150415069E+02  5.141013755E-01 
       414  4.957112811E-03  1.157081541E-01  1.796238578E-02  9.537901135E+04  2.154478838E+02  3.371579089E+02  2.830808306E+02  2.184817557E+02  4.869384803E-01 
       415  6.462677552E-03  1.163151534E-01  2.048609031E-02  9.457862866E+04  2.226922679E+02  3.366646566E+02  2.822533879E+02  2.231785331E+02  4.646549402E-01 
       416  7.926557233E-03  1.168909271E-01  2.304605918E-02  9.392511993E+04  2.281238685E+02  3.363803959E+02  2.817765756E+02  2.263666170E+02  4.475820819E-01 
       417  9.338612782E-03  1.175119790E-01  2.562398907E-02  9.364169379E+04  2.329068739E+02  3.362333486E+02  2.815301096E+02  2.281887033E+02  4.300419684E-01 
       418  1.068984297E-02  1.181121478E-01  2.822455248E-02  9.348817325E+04  2.374681040E+02  3.361634344E+02  2.814129390E+02  2.294536958E+02  4.117690488E-01 
       419  1.198650266E-02  1.187330819E-01  3.085849659E-02  9.344936575E+04  2.422514919E+02  3.361143736E+02  2.813308457E+02  2.305724309E+02  3.920109789E-01 
       420  1.322982934E-02  1.193430432E-01  3.352159396E-02  9.348872041E+04  2.467169294E+02  3.360681819E+02  2.812536602E+02  2.323637607E+02  3.762556017E-01 
       421  1.439865389E-02  1.199672983E-01  3.621509854E-02  9.367633437E+04  2.502313627E+02  3.361553656E+02  2.813996659E+02  2.328941605E+02  3.616533836E-01 
       422  1.553995729E-02  1.205631245E-01  3.892438234E-02  9.407239377E+04  2.533153475E+02  3.363680190E+02  2.817557934E+02  2.320303837E+02  3.441265230E-01 
       423  1.662952250E-02  1.211745408E-01  4.165332372E-02  9.455756119E+04  2.559171630E+02  3.366365212E+02  2.822057633E+02  2.308664269E+02  3.283318414E-01 
       424  1.764894372E-02  1.217373945E-01  4.441857664E-02  9.523085110E+04  2.580571238E+02  3.369821416E+02  2.827856779E+02  2.292028165E+02  3.129634103E-01 
       425  1.861873940E-02  1.222791769E-01  4.720617614E-02  9.617583342E+04  2.598733681E+02  3.374452543E+02  2.835633750E+02  2.268940752E+02  2.969096797E-01 
       426  1.950820179E-02  1.228336643E-01  5.001741530E-02  9.718699207E+04  2.619460775E+02  3.378764336E+02  2.842885346E+02  2.249736480E+02  2.808837153E-01 
       427  2.036944420E-02  1.233245632E-01  5.285072558E-02  9.824940625E+04  2.636719072E+02  3.384029773E+02  2.851754009E+02  2.224145270E+02  2.641357348E-01 
       428  2.117157025E-02  1.238295963E-01  5.569831964E-02  9.938787500E+04  2.651068940E+02  3.389750495E+02  2.861405687E+02  2.194785814E+02  2.479143664E-01 
       429  2.190592593E-02  1.242947792E-01  5.857026217E-02  1.005061533E+05  2.665902634E+02  3.395122662E+02  2.870482073E+02  2.165243139E+02  2.310048360E-01 
       430  2.257248913E-02  1.247551336E-01  6.145961794E-02  1.015550107E+05  2.680372076E+02  3.400189705E+02  2.879055729E+02  2.135700483E+02  2.143828114E-01 
       431  2.314781749E-02  1.251835029E-01  6.437124902E-02  1.024100493E+05  2.697800035E+02  3.404220409E+02  2.885884509E+02  2.112278829E+02  1.978608002E-01 
       432  2.363318974E-02  1.255957621E-01  6.730774801E-02  1.030432695E+05  2.719786000E+02  3.407052846E+02  2.890685780E+02  2.095129879E+02  1.808100418E-01 
       433  2.402789138E-02  1.260195069E-01  7.025072331E-02  1.034429341E+05  2.746286392E+02  3.409075012E+02  2.894118290E+02  2.086869144E+02  1.643238310E-01 
       434  2.431727977E-02  1.264030352E-01  7.321094069E-02  1.036524814E+05  2.776259155E+02  3.410363369E+02  2.896305923E+02  2.085148125E+02  1.478716778E-01 
       435  2.453016930E-02  1.268032789E-01  7.617447467E-02  1.037145330E+05  2.809506392E+02  3.410868464E+02  2.897164087E+02  2.089707923E+02  1.318703229E-01 
       436  2.462079541E-02  1.271795605E-01  7.915094878E-02  1.035976297E+05  2.842352211E+02  3.411249924E+02  2.897813053E+02  2.097441316E+02  1.170270389E-01 
       437  2.463902970E-02  1.275610820E-01  8.212637731E-02  1.030650212E+05  2.887876759E+02  3.408504601E+02  2.893152208E+02  2.124796009E+02  1.023915033E-01 
       438  2.457492051E-02  1.279220853E-01  8.510260082E-02  1.021784533E+05  2.933132515E+02  3.404465635E+02  2.886298826E+02  2.160589769E+02  9.131996718E-02 
       439  2.441429013E-02  1.282749863E-01  8.807550525E-02  1.010461911E+05  2.969866525E+02  3.399128097E+02  2.877252713E+02  2.211695561E+02  9.197238644E-02 
       440  2.420234297E-02  1.286273229E-01  9.105186832E-02  1.001364258E+05  2.978035698E+02  3.394995297E+02  2.870261792E+02  2.244632830E+02  1.026290776E-01 
       441  2.388558350E-02  1.289647853E-01  9.401845916E-02  1.000450896E+05  2.964482996E+02  3.394747640E+02  2.869842767E+02  2.250649850E+02  1.149663524E-01 
       442  2.351928731E-02  1.293134864E-01  9.696958543E-02  1.004154811E+05  2.939063254E+02  3.396404484E+02  2.872644997E+02  2.238426517E+02  1.271033128E-01 
       443  2.306449285E-02  1.296327241E-01  9.991680403E-02  1.011704094E+05  2.910066423E+02  3.400039787E+02  2.878798389E+02  2.214412193E+02  1.363842268E-01 
       444  2.257188759E-02  1.299515661E-01  1.028605699E-01  1.022013574E+05  2.881987677E+02  3.404434423E+02  2.886244907E+02  2.181878853E+02  1.418731823E-01 
       445  2.201092100E-02  1.302726916E-01  1.057899135E-01  1.032724445E+05  2.854303737E+02  3.409728786E+02  2.895227778E+02  2.145089703E+02  1.457453451E-01 
       446  2.143382683E-02  1.305960230E-01  1.087107054E-01  1.043436407E+05  2.829249983E+02  3.415651854E+02  2.905294746E+02  2.103689489E+02  1.465382008E-01 
       447  2.076802587E-02  1.309307408E-01  1.116221513E-01  1.053046655E+05  2.806191940E+02  3.421203785E+02  2.914748306E+02  2.063433971E+02  1.467933003E-01 
       448  2.010215597E-02  1.312657467E-01  1.145293522E-01  1.061788628E+05  2.780329981E+02  3.426966944E+02  2.924576082E+02  2.024928422E+02  1.498156888E-01 
       449  1.945135245E-02  1.316056955E-01  1.174374795E-01  1.069027764E+05  2.764180305E+02  3.430878570E+02  2.931255565E+02  1.999040496E+02  1.519554487E-01 
       450  1.885387307E-02  1.319548677E-01  1.203553293E-01  1.074328906E+05  2.758159971E+02  3.433198617E+02  2.935220997E+02  1.991420319E+02  1.548471135E-01 
       451  1.837479322E-02  1.322913677E-01  1.233018373E-01  1.076977922E+05  2.755689583E+02  3.434504471E+02  2.937455406E+02  1.985900140E+02  1.565038902E-01 
       452  1.811263581E-02  1.325954541E-01  1.262715907E-01  1.077547983E+05  2.755319767E+02  3.435210361E+02  2.938662930E+02  1.986603241E+02  1.590764807E-01 
       453  1.805653049E-02  1.328847135E-01  1.292554963E-01  1.077021245E+05  2.756799378E+02  3.435494976E+02  2.939149837E+02  1.994222755E+02  1.631727673E-01 
       454  1.819877737E-02  1.331672438E-01  1.322380588E-01  1.076025707E+05  2.760687318E+02  3.435463266E+02  2.939095348E+02  2.006217486E+02  1.673802058E-01 
       455  1.852494771E-02  1.334510277E-01  1.352129826E-01  1.074710742E+05  2.766035736E+02  3.435224015E+02  2.938686269E+02  2.021240085E+02  1.719927602E-01 
       456  1.890761882E-02  1.337081709E-01  1.381756048E-01  1.072646371E+05  2.774730934E+02  3.434299113E+02  2.937104262E+02  2.041052256E+02  1.761196047E-01 
       457  1.937808835E-02  1.339540030E-01  1.411279949E-01  1.069909031E+05  2.787380013E+02  3.432678285E+02  2.934332523E+02  2.060943563E+02  1.778230506E-01 
       458  1.989552602E-02  1.341916383E-01  1.440726902E-01  1.066885827E+05  2.799096988E+02  3.431143292E+02  2.931707930E+02  2.081035184E+02  1.801655180E-01 
       459  2.048114376E-02  1.344526817E-01  1.469999956E-01  1.063058560E+05  2.812581396E+02  3.428998957E+02  2.928073683E+02  2.103853178E+02  1.820756458E-01 
       460 -4.772920012E-02  1.664853148E-01 -4.258181757E-02  8.243561482E+04  1.821378436E+02  3.301703399E+02  2.714682795E+02  3.432257340E+02  1.011346890E+00 
       461 -4.770031945E-02  1.666117663E-01 -3.916302660E-02  8.224959222E+04  1.814489130E+02  3.301719067E+02  2.714709523E+02  3.429713719E+02  1.013341053E+00 
       462 -4.768621633E-02  1.667606858E-01 -3.574527808E-02  8.188900098E+04  1.826277764E+02  3.299182954E+02  2.710543513E+02  3.448519664E+02  1.012748810E+00 
       463 -4.773671611E-02  1.669008759E-01 -3.232563070E-02  8.144306030E+04  1.850029845E+02  3.295281639E+02  2.704134560E+02  3.475605001E+02  1.009535756E+00 
       464 -4.779814392E-02  1.670685917E-01 -2.890641835E-02  8.089625562E+04  1.856380663E+02  3.293216076E+02  2.700745449E+02  3.479791145E+02  1.008109864E+00 
       465 -4.772832030E-02  1.672854950E-01 -2.549705171E-02  8.022132922E+04  1.878994880E+02  3.289315481E+02  2.694354181E+02  3.502296562E+02  1.004658695E+00 
       466 -4.733274936E-02  1.676197526E-01 -2.211766833E-02  7.953093274E+04  1.912191393E+02  3.284679832E+02  2.686765242E+02  3.536928382E+02  9.998710174E-01 
       467 -4.646629434E-02  1.680852894E-01 -1.884685997E-02  7.940767032E+04  1.935444703E+02  3.283702948E+02  2.685167640E+02  3.544990307E+02  9.933923879E-01 
       468 -4.497458874E-02  1.687177674E-01 -1.583913045E-02  8.113851294E+04  1.911061654E+02  3.294783678E+02  2.703336926E+02  3.485339193E+02  9.907359872E-01 
       469 -4.311049959E-02  1.694263862E-01 -1.306511329E-02  8.436277197E+04  1.855738831E+02  3.313435602E+02  2.734037962E+02  3.393219023E+02  9.937270060E-01 
       470 -4.101650432E-02  1.701661907E-01 -1.047820325E-02  8.741917725E+04  1.794118996E+02  3.329438381E+02  2.760485439E+02  3.304758244E+02  1.000216495E+00 
       471 -3.872443978E-02  1.709287414E-01 -8.043812788E-03  8.761410620E+04  1.768726592E+02  3.330217938E+02  2.761781223E+02  3.308456717E+02  1.009858938E+00 
       472 -3.634257562E-02  1.716543837E-01 -5.706210795E-03  8.547267969E+04  1.786829586E+02  3.319053173E+02  2.743304844E+02  3.377506733E+02  1.014920272E+00 
       473 -3.384972842E-02  1.724025179E-01 -3.469956820E-03  8.158878772E+04  1.865459287E+02  3.296133363E+02  2.705571330E+02  3.490308526E+02  1.008010924E+00 
       474 -3.133060076E-02  1.731099844E-01 -1.271304633E-03  7.712628638E+04  1.962351451E+02  3.270855322E+02  2.664219854E+02  3.618320560E+02  9.990606415E-01 
       475 -2.873453975E-02  1.737912906E-01  8.535856133E-04  7.350099292E+04  2.063866501E+02  3.247617931E+02  2.626496458E+02  3.728947859E+02  9.865044430E-01 
       476 -2.611690126E-02  1.744247281E-01  2.958268427E-03  7.088945435E+04  2.118794169E+02  3.233129902E+02  2.603106480E+02  3.785498338E+02  9.800591860E-01 
       477 -2.348835128E-02  1.750433393E-01  5.058280838E-03  6.968734976E+04  2.182150978E+02  3.222101642E+02  2.585393497E+02  3.836902498E+02  9.691858953E-01 
       478 -2.083113736E-02  1.756162102E-01  7.133742148E-03  6.942529541E+04  2.180965490E+02  3.222635345E+02  2.586238098E+02  3.825729513E+02  9.674756620E-01 
       479 -1.816607045E-02  1.761555279E-01  9.209141426E-03  6.985458008E+04  2.205173483E+02  3.225443878E+02  2.590754375E+02  3.828644314E+02  9.596150815E-01 
       480 -1.549262448E-02  1.766467189E-01  1.128626304E-02  7.259856250E+04  2.212462063E+02  3.241943846E+02  2.617404203E+02  3.760954227E+02  9.429575242E-01 
       481 -1.281959455E-02  1.771087169E-01  1.337222607E-02  8.252748370E+04  2.125544651E+02  3.303790262E+02  2.718366942E+02  3.489581065E+02  9.219627390E-01 
       482 -1.015361520E-02  1.775059034E-01  1.547159933E-02  9.802162272E+04  2.096900849E+02  3.379343866E+02  2.843904462E+02  3.066120409E+02  8.670978022E-01 
       483 -7.491200012E-03  1.778633735E-01  1.757589553E-02  9.583377856E+04  2.181043119E+02  3.376148233E+02  2.838522034E+02  3.130502043E+02  8.458747733E-01 
       484 -4.837064878E-03  1.782590199E-01  1.971143984E-02  8.934227759E+04  2.296713963E+02  3.341269112E+02  2.780162277E+02  3.294077711E+02  8.298840709E-01 
       485 -2.188499166E-03  1.785530451E-01  2.185094162E-02  8.893207645E+04  2.315733902E+02  3.340059848E+02  2.778133733E+02  3.324983966E+02  8.287374561E-01 
       486  4.329096806E-04  1.787998193E-01  2.404680664E-02  8.955200830E+04  2.343675518E+02  3.343090248E+02  2.783187675E+02  3.323401108E+02  8.194824234E-01 
       487  3.027224691E-03  1.790317150E-01  2.627094405E-02  8.947855206E+04  2.378960814E+02  3.340861154E+02  2.779466579E+02  3.338848193E+02  8.101344723E-01 
       488  5.626976121E-03  1.792222402E-01  2.847807669E-02  8.997372375E+04  2.394860458E+02  3.344076619E+02  2.784814034E+02  3.324082518E+02  8.023353452E-01 
       489  8.191038637E-03  1.793338257E-01  3.074695743E-02  9.188604492E+04  2.406531830E+02  3.353366148E+02  2.800325654E+02  3.292431777E+02  7.936742119E-01 
       490  1.074058355E-02  1.794129340E-01  3.303046409E-02  9.526478029E+04  2.394900473E+02  3.370091281E+02  2.828349601E+02  3.210701311E+02  7.850900820E-01 
       491  1.325979491E-02  1.793970135E-01  3.532576038E-02  9.941766492E+04  2.372058046E+02  3.389764695E+02  2.861473746E+02  3.102429714E+02  7.771476759E-01 
       492  1.577166567E-02  1.793535417E-01  3.765132951E-02  1.031834722E+05  2.347777858E+02  3.407442136E+02  2.891381078E+02  2.981662517E+02  7.691007489E-01 
       493  1.825553626E-02  1.792503646E-01  4.000403552E-02  1.057456891E+05  2.329151840E+02  3.420924969E+02  2.914291005E+02  2.903869877E+02  7.655712133E-01 
       494  2.071273564E-02  1.790845686E-01  4.238164633E-02  1.075820924E+05  2.325025414E+02  3.430388862E+02  2.930435489E+02  2.865348622E+02  7.624514988E-01 
       495  2.315348782E-02  1.789033294E-01  4.476881837E-02  1.095696962E+05  2.321799483E+02  3.439228992E+02  2.945557265E+02  2.811392055E+02  7.573828446E-01 
       496  2.554611962E-02  1.786610662E-01  4.720294885E-02  1.118999414E+05  2.309615202E+02  3.449114046E+02  2.962518091E+02  2.744416027E+02  7.546301391E-01 
       497  2.790553153E-02  1.783591187E-01  4.966367300E-02  1.139517444E+05  2.299562531E+02  3.458172474E+02  2.978093395E+02  2.697729702E+02  7.531247009E-01 
       498  3.023553076E-02  1.780531658E-01  5.215009418E-02  1.154357366E+05  2.301852655E+02  3.464036052E+02  2.988196862E+02  2.665053968E+02  7.488330426E-01 
       499  3.255140683E-02  1.777481834E-01  5.464573084E-02  1.165188456E+05  2.306273152E+02  3.467921929E+02  2.994901518E+02  2.626156845E+02  7.435147907E-01 
       500  3.480321611E-02  1.773622653E-01  5.719033452E-02  1.172877308E+05  2.306649077E+02  3.471328907E+02  3.000788171E+02  2.597336578E+02  7.405940881E-01 
       501  3.704366447E-02  1.769956776E-01  5.978074099E-02  1.180651423E+05  2.306234467E+02  3.475152669E+02  3.007401898E+02  2.586068902E+02  7.399538914E-01 
       502  3.923116288E-02  1.766153691E-01  6.237867612E-02  1.187774022E+05  2.311241572E+02  3.478612795E+02  3.013390870E+02  2.569479480E+02  7.367080171E-01 
       503  4.136429871E-02  1.761773997E-01  6.501205622E-02  1.192398437E+05  2.315916380E+02  3.481548615E+02  3.018479391E+02  2.552191730E+02  7.334591108E-01 
       504  4.348069858E-02  1.757484529E-01  6.766046190E-02  1.195485972E+05  2.319739552E+02  3.483287086E+02  3.021493645E+02  2.541116443E+02  7.312438972E-01 
       505  4.554226392E-02  1.753162813E-01  7.034950997E-02  1.196812026E+05  2.324943695E+02  3.483628330E+02  3.022085791E+02  2.537847195E+02  7.292128690E-01 
       506  4.756665315E-02  1.748560179E-01  7.306168772E-02  1.196267869E+05  2.329742676E+02  3.483132737E+02  3.021225603E+02  2.541560006E+02  7.279096255E-01 
       507  4.956604909E-02  1.743615796E-01  7.580968578E-02  1.194182680E+05  2.334166265E+02  3.482239586E+02  3.019676298E+02  2.545243619E+02  7.267461631E-01 
       508  5.152654947E-02  1.738670862E-01  7.855886540E-02  1.191328022E+05  2.339887536E+02  3.480856637E+02  3.017277997E+02  2.554234522E+02  7.255821310E-01 
       509  5.347325952E-02  1.733659220E-01  8.131742073E-02  1.188522629E+05  2.338245880E+02  3.480191533E+02  3.016124888E+02  2.562648978E+02  7.274136131E-01 
       510  5.541917190E-02  1.728212690E-01  8.412523757E-02  1.189746756E+05  2.333896786E+02  3.480613276E+02  3.016856110E+02  2.558381208E+02  7.289754200E-01 
       511  5.731737707E-02  1.722438844E-01  8.698058411E-02  1.194283707E+05  2.334103811E+02  3.482238499E+02  3.019675672E+02  2.544877952E+02  7.278088187E-01 
       512  5.917186437E-02  1.716911252E-01  8.979478553E-02  1.197130788E+05  2.338308421E+02  3.483385341E+02  3.021665361E+02  2.536557818E+02  7.256232273E-01 
       513  6.096387184E-02  1.711643945E-01  9.255110888E-02  1.197932002E+05  2.346091406E+02  3.483694429E+02  3.022202166E+02  2.535404879E+02  7.227030345E-01 
       514  6.270700241E-02  1.705757992E-01  9.544380808E-02  1.196975579E+05  2.357792425E+02  3.483141747E+02  3.021243138E+02  2.539084492E+02  7.183907703E-01 
       515  6.442263795E-02  1.699823167E-01  9.834544530E-02  1.195295929E+05  2.368121669E+02  3.482301735E+02  3.019785290E+02  2.544087484E+02  7.148885957E-01 
       516  6.612271722E-02  1.694054111E-01  1.012510921E-01  1.193874419E+05  2.376268659E+02  3.481626339E+02  3.018615417E+02  2.549936330E+02  7.125673895E-01 
       517  6.776083839E-02  1.688452726E-01  1.042003507E-01  1.192694965E+05  2.384231193E+02  3.480931027E+02  3.017409378E+02  2.555394390E+02  7.103443728E-01 
       518  6.936215302E-02  1.682812898E-01  1.071729988E-01  1.191267538E+05  2.389714972E+02  3.480472422E+02  3.016614256E+02  2.564045057E+02  7.093786150E-01 
       519  7.082677073E-02  1.677321085E-01  1.102128146E-01  1.189243023E+05  2.395016172E+02  3.479991844E+02  3.015780959E+02  2.575701971E+02  7.086433698E-01 
       520  7.220712168E-02  1.672497044E-01  1.133584680E-01  1.187043927E+05  2.402333429E+02  3.479697653E+02  3.015272768E+02  2.585234005E+02  7.071796157E-01 
       521  7.342602904E-02  1.668557431E-01  1.165154693E-01  1.185298966E+05  2.408820020E+02  3.480340819E+02  3.016395290E+02  2.585228436E+02  7.053937679E-01 
       522  7.439926912E-02  1.665467988E-01  1.197652411E-01  1.184362794E+05  2.412443259E+02  3.481849680E+02  3.019013371E+02  2.577159612E+02  7.036738554E-01 
       523  7.498839543E-02  1.664581038E-01  1.231239650E-01  1.183802637E+05  2.413827038E+02  3.483924351E+02  3.022604465E+02  2.561604404E+02  7.017403916E-01 
       524  7.530423640E-02  1.665023734E-01  1.265249777E-01  1.184078352E+05  2.410527558E+02  3.485644064E+02  3.025586696E+02  2.559589548E+02  7.032230496E-01 
       525  7.543612494E-02  1.666233331E-01  1.299370256E-01  1.182338174E+05  2.424998550E+02  3.483593636E+02  3.022028542E+02  2.591967926E+02  7.012576722E-01 
       526  7.553122174E-02  1.667952118E-01  1.333496155E-01  1.181370112E+05  2.444074855E+02  3.480425868E+02  3.016535754E+02  2.614968643E+02  6.968742954E-01 
       527  7.566054780E-02  1.669469890E-01  1.367626796E-01  1.180308772E+05  2.446027851E+02  3.481107502E+02  3.017716913E+02  2.605523820E+02  6.955723483E-01 
       528  7.583993244E-02  1.671002891E-01  1.401745263E-01  1.179296862E+05  2.444575115E+02  3.484066796E+02  3.022857997E+02  2.596045974E+02  6.961029698E-01 
       529  7.600645069E-02  1.672586086E-01  1.435869327E-01  1.178224470E+05  2.440507948E+02  3.489103177E+02  3.031631484E+02  2.574495687E+02  6.975674224E-01 
       530  7.611546960E-02  1.674572299E-01  1.470000031E-01  1.179155493E+05  2.386071837E+02  3.500361719E+02  3.052158375E+02  2.473169694E+02  7.124382365E-01 
       531 -5.220359409E-02  2.342994603E-01 -4.210986580E-02  8.164635605E+04  1.827434660E+02  3.296258533E+02  2.706638397E+02  4.444104999E+02  1.147040410E+00 
       532 -5.220192467E-02  2.343108577E-01 -3.821952920E-02  8.086763367E+04  1.856240907E+02  3.292269564E+02  2.699194883E+02  4.464138272E+02  1.142031997E+00 
       533 -5.220302368E-02  2.343278434E-01 -3.432921672E-02  8.090533188E+04  1.857180003E+02  3.293654221E+02  2.701467257E+02  4.460119363E+02  1.141431769E+00 
       534 -5.220531674E-02  2.343446645E-01 -3.043898101E-02  8.202653888E+04  1.825000045E+02  3.301097825E+02  2.713703080E+02  4.423348387E+02  1.145740074E+00 
       535 -5.220735409E-02  2.343651870E-01 -2.654892396E-02  8.389980957E+04  1.783241863E+02  3.311253433E+02  2.730426254E+02  4.387258568E+02  1.152526677E+00 
       536 -5.221355576E-02  2.343966826E-01 -2.266385481E-02  8.545435390E+04  1.750951191E+02  3.318737421E+02  2.742773742E+02  4.369216281E+02  1.158727004E+00 
       537 -5.221196162E-02  2.344309954E-01 -1.877454498E-02  8.569101925E+04  1.737320680E+02  3.319072006E+02  2.743327665E+02  4.364457004E+02  1.161572168E+00 
       538 -5.222596507E-02  2.344687402E-01 -1.488167101E-02  8.432316090E+04  1.752322022E+02  3.311589842E+02  2.730981870E+02  4.384818196E+02  1.159848751E+00 
       539 -5.222923531E-02  2.345160018E-01 -1.099302079E-02  8.188862189E+04  1.812966250E+02  3.297511830E+02  2.707832561E+02  4.442388511E+02  1.150762417E+00 
       540 -5.210275326E-02  2.345957540E-01 -7.104134264E-03  7.954605399E+04  1.886117291E+02  3.284928503E+02  2.687182766E+02  4.495106298E+02  1.138333589E+00 
       541 -5.114101036E-02  2.348545508E-01 -3.375994418E-03  7.887890637E+04  1.897083708E+02  3.284606024E+02  2.686646916E+02  4.500051845E+02  1.136447384E+00 
       542 -4.917766965E-02  2.353023755E-01 -5.047413344E-05  8.007828223E+04  1.875404902E+02  3.290951443E+02  2.697040739E+02  4.484123554E+02  1.140955001E+00 
       543 -4.661414278E-02  2.358651253E-01  2.823323178E-03  8.166501917E+04  1.842805512E+02  3.299670982E+02  2.711353693E+02  4.464482069E+02  1.147422008E+00 
       544 -4.374488282E-02  2.364440537E-01  5.350106892E-03  8.447513342E+04  1.779249139E+02  3.315613973E+02  2.737628660E+02  4.399246650E+02  1.157171445E+00 
       545 -4.059796688E-02  2.370222596E-01  7.583171126E-03  8.838461536E+04  1.659643788E+02  3.335603611E+02  2.770732322E+02  4.286519651E+02  1.176028323E+00 
       546 -3.738701819E-02  2.375676250E-01  9.702642239E-03  8.729532404E+04  1.675630628E+02  3.329825349E+02  2.761162131E+02  4.311601067E+02  1.173697457E+00 
       547 -3.407522408E-02  2.380263225E-01  1.169481074E-02  8.203546973E+04  1.831593573E+02  3.301530728E+02  2.714446630E+02  4.432258830E+02  1.146177772E+00 
       548 -3.073065008E-02  2.384984497E-01  1.361793802E-02  7.987707813E+04  1.886533310E+02  3.290512457E+02  2.696316831E+02  4.458317537E+02  1.134556316E+00 
       549 -2.732884007E-02  2.388770261E-01  1.546643341E-02  8.123229395E+04  1.849369767E+02  3.298232160E+02  2.708986053E+02  4.427268634E+02  1.140719317E+00 
       550 -2.390908864E-02  2.392176502E-01  1.728468609E-02  8.184336385E+04  1.836119793E+02  3.300774084E+02  2.713172534E+02  4.437186571E+02  1.145231255E+00 
       551 -2.044822495E-02  2.394794424E-01  1.908927170E-02  8.105014197E+04  1.854312813E+02  3.296199095E+02  2.705664589E+02  4.428800387E+02  1.140078750E+00 
       552 -1.699643969E-02  2.397114515E-01  2.086461287E-02  8.065597058E+04  1.878478544E+02  3.292994027E+02  2.700411019E+02  4.453976669E+02  1.137540381E+00 
       553 -1.354033893E-02  2.398615604E-01  2.263394957E-02  8.067031445E+04  1.879388723E+02  3.292550869E+02  2.699695644E+02  4.462374477E+02  1.139183916E+00 
       554 -1.007792796E-02  2.399171479E-01  2.439846914E-02  8.082062061E+04  1.871584756E+02  3.293859797E+02  2.701833215E+02  4.460622563E+02  1.142274942E+00 
       555 -6.592279415E-03  2.399646350E-01  2.619220728E-02  8.029588818E+04  1.899950070E+02  3.288586645E+02  2.693184052E+02  4.449405127E+02  1.136058941E+00 
       556 -3.124907716E-03  2.398994093E-01  2.794309000E-02  7.929288428E+04  1.910637732E+02  3.281246243E+02  2.681173210E+02  4.511215286E+02  1.139942311E+00 
       557  3.338943067E-04  2.398017910E-01  2.968583889E-02  1.023232956E+05  2.089512379E+02  3.400708833E+02  2.880106007E+02  4.073332161E+02  1.055031059E+00 
       558  3.794068913E-03  2.396169640E-01  3.144821874E-02  1.004967954E+05  2.138561344E+02  3.399344864E+02  2.877721133E+02  4.022205954E+02  1.040312104E+00 
       559  7.248441593E-03  2.393064044E-01  3.320284907E-02  9.595778467E+04  2.127703629E+02  3.379787693E+02  2.844647017E+02  4.128507347E+02  1.052053679E+00 
       560  1.068879679E-02  2.389885178E-01  3.498866898E-02  9.268520898E+04  2.133930840E+02  3.364495640E+02  2.819003086E+02  4.172852392E+02  1.055240083E+00 
       561  1.412543948E-02  2.386075767E-01  3.676435012E-02  8.982702417E+04  2.168298950E+02  3.346580715E+02  2.789017563E+02  4.244847221E+02  1.052198213E+00 
       562  1.753589177E-02  2.380598424E-01  3.855175648E-02  8.890606738E+04  2.178365421E+02  3.342549992E+02  2.782311916E+02  4.274256554E+02  1.051971555E+00 
       563  2.093820079E-02  2.375000001E-01  4.035454522E-02  9.170785254E+04  2.132635784E+02  3.362814789E+02  2.816192017E+02  4.210506001E+02  1.058911886E+00 
       564  2.432947450E-02  2.368878370E-01  4.215773147E-02  1.028457034E+05  2.073041377E+02  3.418055671E+02  2.909753522E+02  3.968122560E+02  1.060553986E+00 
       565  2.770729830E-02  2.361795572E-01  4.394886350E-02  1.232880852E+05  1.979440434E+02  3.500917683E+02  3.052468634E+02  3.521580596E+02  1.066537451E+00 
       566  3.105826597E-02  2.354459967E-01  4.578622705E-02  1.309657533E+05  1.956509593E+02  3.528751712E+02  3.100902262E+02  3.386087751E+02  1.070034894E+00 
       567  3.438758923E-02  2.346372217E-01  4.762879820E-02  1.242949777E+05  1.966699024E+02  3.509992045E+02  3.068036540E+02  3.488332352E+02  1.063569813E+00 
       568  3.771502906E-02  2.337669833E-01  4.947240569E-02  1.180538358E+05  2.023162165E+02  3.488875492E+02  3.031213419E+02  3.602620015E+02  1.047828428E+00 
       569  4.101460083E-02  2.329246351E-01  5.135281935E-02  1.191017689E+05  2.032187245E+02  3.492754316E+02  3.037954721E+02  3.584978700E+02  1.045494084E+00 
       570  4.428347740E-02  2.319960665E-01  5.324515281E-02  1.230983058E+05  2.015190401E+02  3.507652185E+02  3.063927667E+02  3.477244663E+02  1.047311510E+00 
       571  4.749748393E-02  2.310181580E-01  5.520824782E-02  1.247074146E+05  2.029444790E+02  3.513140411E+02  3.073513384E+02  3.417698398E+02  1.041285472E+00 
       572  5.066691057E-02  2.300652086E-01  5.723980181E-02  1.245719281E+05  2.069479319E+02  3.511523336E+02  3.070681049E+02  3.409604688E+02  1.030455559E+00 
       573  5.379140778E-02  2.290521307E-01  5.932353399E-02  1.247083664E+05  2.098464578E+02  3.511271822E+02  3.070247579E+02  3.431285987E+02  1.023993482E+00 
       574  5.683956615E-02  2.279793322E-01  6.149869556E-02  1.252021133E+05  2.107865419E+02  3.513077354E+02  3.073409348E+02  3.465226688E+02  1.021442961E+00 
       575  5.985072913E-02  2.269370111E-01  6.373374277E-02  1.252079355E+05  2.128833742E+02  3.513063965E+02  3.073379955E+02  3.466939125E+02  1.012557179E+00 
       576  6.280959972E-02  2.258492183E-01  6.601505396E-02  1.246857337E+05  2.174353533E+02  3.510762468E+02  3.069350379E+02  3.441071178E+02  9.964271827E-01 
       577  6.573461678E-02  2.247295145E-01  6.832363097E-02  1.241095366E+05  2.225244098E+02  3.510044374E+02  3.068094745E+02  3.425268888E+02  9.797725268E-01 
       578  6.865501872E-02  2.236625994E-01  7.064894084E-02  1.233617297E+05  2.276090376E+02  3.508520086E+02  3.065431432E+02  3.444466784E+02  9.652947313E-01 
       579  7.151541969E-02  2.224865137E-01  7.302188293E-02  1.218197888E+05  2.315053439E+02  3.504069700E+02  3.057657142E+02  3.471366644E+02  9.524602052E-01 
       580  7.433322259E-02  2.213060150E-01  7.543149031E-02  1.212556404E+05  2.312288566E+02  3.505405750E+02  3.059993682E+02  3.468803053E+02  9.516847301E-01 
       581  7.711325138E-02  2.201536844E-01  7.789825066E-02  1.231070371E+05  2.322253602E+02  3.513894699E+02  3.074838946E+02  3.404707290E+02  9.444747785E-01 
       582  7.981655167E-02  2.189959972E-01  8.044372180E-02  1.236713992E+05  2.351142483E+02  3.515496535E+02  3.077637587E+02  3.381755071E+02  9.334410457E-01 
       583  8.242371870E-02  2.177951216E-01  8.306797326E-02  1.232216636E+05  2.348292351E+02  3.518058739E+02  3.082139587E+02  3.375531750E+02  9.328474179E-01 
       584  8.497819178E-02  2.166305248E-01  8.576177505E-02  1.227666198E+05  2.353320811E+02  3.517760258E+02  3.081621146E+02  3.387585480E+02  9.306595474E-01 
       585  8.747465708E-02  2.155008942E-01  8.852176985E-02  1.224451201E+05  2.339260015E+02  3.516695251E+02  3.079755807E+02  3.400583987E+02  9.342835993E-01 
       586  8.983863293E-02  2.143275504E-01  9.137087988E-02  1.222853408E+05  2.316188338E+02  3.513530521E+02  3.074216094E+02  3.400668726E+02  9.402946196E-01 
       587  9.211779941E-02  2.131724912E-01  9.430579148E-02  1.223964291E+05  2.282948831E+02  3.511535474E+02  3.070716996E+02  3.398485226E+02  9.495047451E-01 
       588  9.424446159E-02  2.121023496E-01  9.738772987E-02  1.226083804E+05  2.255663957E+02  3.510091752E+02  3.068190064E+02  3.404315130E+02  9.577380674E-01 
       589  9.610967173E-02  2.111612431E-01  1.006666829E-01  1.227776852E+05  2.230113204E+02  3.509240603E+02  3.066702659E+02  3.406395912E+02  9.651473786E-01 
       590  9.742401869E-02  2.103903297E-01  1.042235364E-01  1.228501436E+05  2.209071549E+02  3.508655267E+02  3.065684989E+02  3.406060416E+02  9.710756303E-01 
       591  9.764724840E-02  2.101688920E-01  1.080985861E-01  1.228846980E+05  2.194513464E+02  3.508342829E+02  3.065153308E+02  3.408111930E+02  9.752654079E-01 
       592  9.763062643E-02  2.101108570E-01  1.119846410E-01  1.227751333E+05  2.193712106E+02  3.508762744E+02  3.065901131E+02  3.410950460E+02  9.753193735E-01 
       593  9.759894170E-02  2.100363093E-01  1.158782398E-01  1.225915333E+05  2.208670998E+02  3.513957787E+02  3.074986644E+02  3.407335329E+02  9.708178383E-01 
       594  9.760335841E-02  2.100041055E-01  1.197683889E-01  1.225806096E+05  2.224192824E+02  3.525294471E+02  3.094871781E+02  3.320608055E+02  9.650997396E-01 
       595  9.760552297E-02  2.099886023E-01  1.236588659E-01  1.225573835E+05  2.234345399E+02  3.540130883E+02  3.120967551E+02  3.143403953E+02  9.627709808E-01 
       596  9.760989540E-02  2.100145164E-01  1.275491461E-01  1.226508549E+05  2.246864942E+02  3.552791149E+02  3.143315312E+02  2.988630193E+02  9.613704227E-01 
       597  9.760550437E-02  2.100148949E-01  1.314412195E-01  1.228731860E+05  2.269230599E+02  3.559069872E+02  3.154452963E+02  2.966557341E+02  9.540369920E-01 
       598  9.762031038E-02  2.101034915E-01  1.353312483E-01  1.229723781E+05  2.281828834E+02  3.560247452E+02  3.156599008E+02  3.086401896E+02  9.467306631E-01 
       599  9.762506170E-02  2.101609083E-01  1.392228176E-01  1.230193884E+05  2.275752368E+02  3.554760678E+02  3.146923251E+02  3.191175010E+02  9.480887528E-01 
       600  9.764671237E-02  2.102092269E-01  1.431110049E-01  1.231246587E+05  2.245952637E+02  3.544449716E+02  3.128692138E+02  3.246240556E+02  9.576747091E-01 
       601  9.766256924E-02  2.102587391E-01  1.469999989E-01  1.232267188E+05  2.211761546E+02  3.538047991E+02  3.114638271E+02  3.292887697E+02  9.686326124E-01 
