nodenumber     x-coordinate     y-coordinate     z-coordinate         pressure velocity-magnitude      sound-speed      temperature rel-velocity-magnitude relative-velocity-angle 
         1 -2.216901913E-02  1.039879580E-01 -4.300600202E-02  8.757069649E+04  1.537912469E+02  3.330618634E+02  2.762439187E+02  2.357016408E+02  8.600123962E-01 
         2 -2.197401757E-02  1.042260031E-01 -4.002397295E-02  8.748772125E+04  1.543754992E+02  3.330161077E+02  2.761680092E+02  2.363690337E+02  8.593700528E-01 
         3 -2.150271627E-02  1.045375264E-01 -3.708169353E-02  8.739119324E+04  1.549852334E+02  3.329631391E+02  2.760801797E+02  2.369780140E+02  8.584459457E-01 
         4 -2.072290556E-02  1.049359494E-01 -3.421635317E-02  8.724942798E+04  1.557270982E+02  3.328888998E+02  2.759571142E+02  2.377305825E+02  8.574047042E-01 
         5 -1.964621854E-02  1.053757771E-01 -3.145501365E-02  8.712730029E+04  1.564288716E+02  3.328263388E+02  2.758533926E+02  2.384616609E+02  8.565656468E-01 
         6 -1.833909717E-02  1.058829391E-01 -2.880182754E-02  8.700965820E+04  1.571478009E+02  3.327612677E+02  2.757455831E+02  2.393671002E+02  8.562906943E-01 
         7 -1.686396899E-02  1.064019756E-01 -2.624136390E-02  8.684813062E+04  1.579583535E+02  3.326744995E+02  2.756018219E+02  2.403791881E+02  8.559092302E-01 
         8 -1.524276490E-02  1.069101094E-01 -2.376908005E-02  8.664426807E+04  1.589615188E+02  3.325601287E+02  2.754124179E+02  2.415051923E+02  8.549431451E-01 
         9 -1.353040875E-02  1.074492491E-01 -2.136449246E-02  8.638946802E+04  1.601899774E+02  3.324230256E+02  2.751853909E+02  2.428508599E+02  8.535688445E-01 
        10 -1.175719847E-02  1.079385502E-01 -1.899452623E-02  8.612186749E+04  1.613960323E+02  3.323017244E+02  2.749845617E+02  2.439275017E+02  8.513678107E-01 
        11 -9.920451205E-03  1.084473482E-01 -1.667649769E-02  8.596712372E+04  1.625893140E+02  3.322307957E+02  2.748670604E+02  2.446972870E+02  8.481169834E-01 
        12 -8.053093039E-03  1.089314126E-01 -1.437870322E-02  8.611048016E+04  1.635141362E+02  3.322798718E+02  2.749482708E+02  2.447268014E+02  8.437804328E-01 
        13 -6.139911673E-03  1.093816015E-01 -1.211111235E-02  8.664158545E+04  1.631171269E+02  3.325424719E+02  2.753830838E+02  2.434972963E+02  8.422962986E-01 
        14 -4.213714023E-03  1.098625599E-01 -9.853315987E-03  8.754220264E+04  1.606562052E+02  3.330391788E+02  2.762063656E+02  2.406565742E+02  8.464190662E-01 
        15 -2.267252226E-03  1.102821410E-01 -7.616721013E-03  8.856540332E+04  1.564304657E+02  3.335937958E+02  2.771271362E+02  2.371785269E+02  8.583314382E-01 
        16 -3.058463972E-04  1.106716081E-01 -5.380345181E-03  8.942458521E+04  1.497922721E+02  3.340268173E+02  2.778472366E+02  2.339724116E+02  8.849607985E-01 
        17  1.649896870E-03  1.110991589E-01 -3.144821902E-03  8.716353662E+04  1.458393577E+02  3.329421449E+02  2.760485580E+02  2.421825330E+02  9.363897899E-01 
        18  3.605378217E-03  1.114680886E-01 -8.997268064E-04  7.560061072E+04  1.761606510E+02  3.261223764E+02  2.648536506E+02  2.857631478E+02  9.354648385E-01 
        19  5.548952344E-03  1.118349081E-01  1.356589372E-03  6.981451636E+04  2.109031069E+02  3.225405388E+02  2.590707877E+02  3.097429872E+02  8.460746878E-01 
        20  7.472030685E-03  1.121892539E-01  3.633809071E-03  7.295530280E+04  2.120631616E+02  3.246780697E+02  2.625198967E+02  2.978876143E+02  7.899965034E-01 
        21  9.366594022E-03  1.125505666E-01  5.932977735E-03  7.660234283E+04  2.077627828E+02  3.270068321E+02  2.662946773E+02  2.843068745E+02  7.596172253E-01 
        22  1.122147558E-02  1.129077905E-01  8.263617067E-03  7.894443500E+04  2.081512662E+02  3.283521390E+02  2.684882642E+02  2.757032688E+02  7.251004954E-01 
        23  1.303284284E-02  1.132507638E-01  1.062953057E-02  8.046841193E+04  2.112756472E+02  3.291879919E+02  2.698563203E+02  2.721554971E+02  6.963156761E-01 
        24  1.479928419E-02  1.136234762E-01  1.303021626E-02  8.162088667E+04  2.157310595E+02  3.298299779E+02  2.709099234E+02  2.696936326E+02  6.650130772E-01 
        25  1.649617427E-02  1.139938279E-01  1.547769530E-02  8.263483710E+04  2.207406545E+02  3.303683510E+02  2.717949886E+02  2.666052446E+02  6.284561842E-01 
        26  1.811807173E-02  1.143837002E-01  1.797032872E-02  8.333494287E+04  2.263595905E+02  3.307251058E+02  2.723821034E+02  2.640025792E+02  5.905448934E-01 
        27  1.968166241E-02  1.148013513E-01  2.049621310E-02  8.343850061E+04  2.332730761E+02  3.307725596E+02  2.724601190E+02  2.635492983E+02  5.536887548E-01 
        28  2.119101764E-02  1.152299366E-01  2.305322148E-02  8.294354675E+04  2.421551435E+02  3.304355443E+02  2.719052520E+02  2.660505858E+02  5.172961009E-01 
        29  2.266338778E-02  1.156643914E-01  2.563116057E-02  8.238094464E+04  2.507250615E+02  3.300620327E+02  2.712908051E+02  2.687942294E+02  4.836402966E-01 
        30  2.408077791E-02  1.161159634E-01  2.823658064E-02  8.189285468E+04  2.584627132E+02  3.297812419E+02  2.708292699E+02  2.711335776E+02  4.529988281E-01 
        31  2.544088325E-02  1.165921105E-01  3.086849856E-02  8.135446179E+04  2.664331510E+02  3.294223104E+02  2.702403593E+02  2.739534655E+02  4.232068215E-01 
        32  2.674433127E-02  1.170738851E-01  3.352942364E-02  8.077492737E+04  2.745341122E+02  3.290435004E+02  2.696192272E+02  2.771188903E+02  3.942447715E-01 
        33  2.797950643E-02  1.175445507E-01  3.622298897E-02  8.023711392E+04  2.824441434E+02  3.287322425E+02  2.691091869E+02  2.799919330E+02  3.652561576E-01 
        34  2.916313541E-02  1.180056499E-01  3.893937175E-02  7.993739134E+04  2.896909136E+02  3.285817412E+02  2.688628895E+02  2.818241762E+02  3.358129765E-01 
        35  3.031249539E-02  1.184785399E-01  4.167042727E-02  8.006899963E+04  2.953981477E+02  3.287204735E+02  2.690899086E+02  2.821436887E+02  3.087471192E-01 
        36  3.139929926E-02  1.189405785E-01  4.442941843E-02  8.035227768E+04  3.006312816E+02  3.289808633E+02  2.695162903E+02  2.820800188E+02  2.825369783E-01 
        37  3.242013936E-02  1.193808800E-01  4.721660669E-02  8.083509889E+04  3.057269436E+02  3.293161448E+02  2.700660608E+02  2.812284544E+02  2.536453707E-01 
        38  3.340677803E-02  1.198011670E-01  5.002067675E-02  8.199970505E+04  3.087106471E+02  3.299838116E+02  2.711625203E+02  2.781321656E+02  2.270138629E-01 
        39  3.430413654E-02  1.201853153E-01  5.285529857E-02  8.357379663E+04  3.104433327E+02  3.308681879E+02  2.726183643E+02  2.736452246E+02  2.013300033E-01 
        40  3.515433510E-02  1.205874318E-01  5.570324370E-02  8.551733789E+04  3.108337708E+02  3.319333439E+02  2.743769913E+02  2.679583282E+02  1.781667061E-01 
        41  3.592907297E-02  1.209644065E-01  5.857535950E-02  8.776588550E+04  3.096317163E+02  3.331514969E+02  2.763951063E+02  2.611095901E+02  1.591996569E-01 
        42  3.664355424E-02  1.213334730E-01  6.146049591E-02  9.018337866E+04  3.069542599E+02  3.343917799E+02  2.784569530E+02  2.536022968E+02  1.461141594E-01 
        43  3.727845098E-02  1.217084379E-01  6.437276718E-02  9.250703296E+04  3.033961277E+02  3.355626411E+02  2.804098320E+02  2.463846874E+02  1.396974656E-01 
        44  3.781448665E-02  1.220744111E-01  6.730672953E-02  9.444004248E+04  2.997423553E+02  3.365718403E+02  2.820984612E+02  2.404847374E+02  1.397785763E-01 
        45  3.826762164E-02  1.224563704E-01  7.025293559E-02  9.580170398E+04  2.967650838E+02  3.373300431E+02  2.833703027E+02  2.364883134E+02  1.441066902E-01 
        46  3.856443464E-02  1.228195695E-01  7.317567491E-02  9.658396484E+04  2.949512405E+02  3.378217926E+02  2.841970520E+02  2.344526291E+02  1.495360769E-01 
        47  3.882754171E-02  1.231963568E-01  7.616928387E-02  9.692109402E+04  2.933812715E+02  3.384794725E+02  2.853059559E+02  2.326383368E+02  1.548615776E-01 
        48  3.896508106E-02  1.235573809E-01  7.913505459E-02  9.692633789E+04  2.901372108E+02  3.394072800E+02  2.868817024E+02  2.271646690E+02  1.574361362E-01 
        49  3.903512947E-02  1.239238609E-01  8.213137167E-02  9.682595398E+04  2.819679539E+02  3.410946598E+02  2.897627385E+02  2.125801712E+02  1.617360984E-01 
        50  3.900153017E-02  1.243001337E-01  8.510504302E-02  9.672345023E+04  2.665229079E+02  3.440955758E+02  2.949008537E+02  1.848328719E+02  1.682536283E-01 
        51  3.889299026E-02  1.246700891E-01  8.806950082E-02  9.676200037E+04  2.471503344E+02  3.481743474E+02  3.019363790E+02  1.388490756E+02  1.580298516E-01 
        52  3.870303970E-02  1.250405990E-01  9.105247242E-02  9.670099634E+04  2.371295867E+02  3.513268595E+02  3.073966546E+02  9.541391695E+01  6.350576112E-02 
        53  3.847530202E-02  1.253810613E-01  9.402032493E-02  9.693235995E+04  2.338253911E+02  3.527704123E+02  3.099220134E+02  6.004241147E+01 -1.575124931E-01 
        54  3.809583015E-02  1.257752167E-01  9.695318516E-02  9.785879004E+04  2.317939377E+02  3.534105415E+02  3.110375557E+02  3.907887793E+01 -1.258833654E+00 
        55  3.767199372E-02  1.261489404E-01  9.992435767E-02  9.943899536E+04  2.410437398E+02  3.528985767E+02  3.101320925E+02  4.017587256E+01 -1.585225172E+00 
        56  3.723780727E-02  1.265196365E-01  1.028569506E-01  1.016564318E+05  2.514050274E+02  3.519382066E+02  3.084463207E+02  5.632485558E+01 -1.103302722E+00 
        57  3.672955052E-02  1.269046997E-01  1.057947981E-01  1.036948923E+05  2.482701476E+02  3.506071892E+02  3.061190062E+02  9.300633216E+01 -2.549788696E-01 
        58  3.615520807E-02  1.273091289E-01  1.087154776E-01  1.058582234E+05  2.418273215E+02  3.481563015E+02  3.018599901E+02  1.440041924E+02  1.872261721E-01 
        59  3.556812424E-02  1.277144368E-01  1.116309472E-01  1.075354443E+05  2.506342568E+02  3.451296666E+02  2.966315339E+02  1.782212968E+02  2.414909895E-01 
        60  3.495651588E-02  1.281329458E-01  1.145394580E-01  1.081110986E+05  2.588175421E+02  3.437155752E+02  2.942004972E+02  1.876812859E+02  2.180283894E-01 
        61  3.433795015E-02  1.285471243E-01  1.174457346E-01  1.081549958E+05  2.638595722E+02  3.433289833E+02  2.935377936E+02  1.904558270E+02  1.967301224E-01 
        62  3.376061330E-02  1.289460490E-01  1.203607660E-01  1.081036835E+05  2.674814091E+02  3.432186179E+02  2.933490994E+02  1.939629188E+02  1.878969963E-01 
        63  3.331803132E-02  1.293309423E-01  1.232882868E-01  1.080368314E+05  2.700290296E+02  3.431618075E+02  2.932519596E+02  1.972534976E+02  1.856353127E-01 
        64  3.310586596E-02  1.296649637E-01  1.262581306E-01  1.079647055E+05  2.715782318E+02  3.431450875E+02  2.932233415E+02  1.992723575E+02  1.852079377E-01 
        65  3.306639982E-02  1.299493947E-01  1.292495641E-01  1.078999613E+05  2.726714936E+02  3.431568105E+02  2.932434121E+02  2.005792291E+02  1.850653425E-01 
        66  3.322486525E-02  1.302097713E-01  1.322380794E-01  1.078004856E+05  2.738077326E+02  3.431163974E+02  2.931743287E+02  2.018016405E+02  1.845369656E-01 
        67  3.356462385E-02  1.304573038E-01  1.352130229E-01  1.076217965E+05  2.751039881E+02  3.430201916E+02  2.930099682E+02  2.033062767E+02  1.843744688E-01 
        68  3.400410102E-02  1.306751199E-01  1.381765647E-01  1.073380588E+05  2.762451813E+02  3.428897347E+02  2.927871754E+02  2.047384458E+02  1.848013715E-01 
        69  3.451963359E-02  1.308741206E-01  1.411278790E-01  1.069804456E+05  2.774134376E+02  3.427256489E+02  2.925069430E+02  2.063096912E+02  1.856214255E-01 
        70  3.508991352E-02  1.310576265E-01  1.440660380E-01  1.066377454E+05  2.786356933E+02  3.425628223E+02  2.922290998E+02  2.079728532E+02  1.864771720E-01 
        71  3.570211579E-02  1.312503676E-01  1.470000000E-01  1.063155605E+05  2.800421524E+02  3.423996239E+02  2.919507561E+02  2.101045380E+02  1.876415685E-01 
        72 -2.843361623E-02  1.708417341E-01 -4.258217492E-02  8.204977832E+04  1.836964378E+02  3.299908876E+02  2.711732082E+02  3.442998848E+02  1.007907845E+00 
        73 -2.838826984E-02  1.709653765E-01 -3.916427879E-02  8.206723413E+04  1.842274852E+02  3.299765379E+02  2.711496661E+02  3.448650141E+02  1.007152764E+00 
        74 -2.835908450E-02  1.711140563E-01 -3.574649433E-02  8.240583527E+04  1.837566911E+02  3.301805468E+02  2.714850793E+02  3.439705606E+02  1.007183417E+00 
        75 -2.838361088E-02  1.712589164E-01 -3.232950605E-02  8.293333130E+04  1.827062659E+02  3.305187674E+02  2.720417700E+02  3.420160751E+02  1.007385805E+00 
        76 -2.841360827E-02  1.714319125E-01 -2.891476756E-02  8.356804993E+04  1.820680346E+02  3.308289714E+02  2.725528173E+02  3.412081656E+02  1.008210730E+00 
        77 -2.833774301E-02  1.716334782E-01 -2.549995819E-02  8.408992657E+04  1.813687775E+02  3.311094534E+02  2.730150238E+02  3.405308206E+02  1.009425786E+00 
        78 -2.791452343E-02  1.719215161E-01 -2.212016887E-02  8.445140381E+04  1.801359406E+02  3.313104439E+02  2.733466387E+02  3.389889507E+02  1.011056334E+00 
        79 -2.700703325E-02  1.722886754E-01 -1.884820631E-02  8.433102954E+04  1.795882463E+02  3.312410831E+02  2.732323656E+02  3.397789841E+02  1.014388837E+00 
        80 -2.544395246E-02  1.727209334E-01 -1.584518523E-02  8.326390796E+04  1.809283382E+02  3.306805785E+02  2.723087420E+02  3.429296248E+02  1.015433852E+00 
        81 -2.351536464E-02  1.732363399E-01 -1.306823492E-02  8.129304060E+04  1.848261515E+02  3.295320716E+02  2.704208934E+02  3.484516437E+02  1.012106115E+00 
        82 -2.134527601E-02  1.737374909E-01 -1.047435973E-02  7.863555148E+04  1.915835565E+02  3.279610111E+02  2.678484322E+02  3.568231118E+02  1.004693300E+00 
        83 -1.897326710E-02  1.742189522E-01 -8.035177519E-03  7.559470227E+04  1.991458501E+02  3.261078607E+02  2.648302785E+02  3.649215430E+02  9.946960192E-01 
        84 -1.652827274E-02  1.746780172E-01 -5.688541800E-03  7.321353253E+04  2.066151793E+02  3.246733041E+02  2.625048265E+02  3.726769643E+02  9.851985853E-01 
        85 -1.397929867E-02  1.751251779E-01 -3.446989688E-03  7.260914526E+04  2.098182154E+02  3.242776251E+02  2.618651900E+02  3.741922798E+02  9.773791637E-01 
        86 -1.139011487E-02  1.755573757E-01 -1.256774906E-03  7.396023975E+04  2.097097440E+02  3.251099787E+02  2.632138739E+02  3.711442552E+02  9.714188725E-01 
        87 -8.734274343E-03  1.759085237E-01  8.667805443E-04  7.910829144E+04  2.035339611E+02  3.282097843E+02  2.682635024E+02  3.568797834E+02  9.648515936E-01 
        88 -6.073383534E-03  1.762548475E-01  2.984781313E-03  8.861055383E+04  1.903440517E+02  3.335704522E+02  2.770970397E+02  3.302432399E+02  9.646562347E-01 
        89 -3.359730182E-03  1.765819110E-01  5.053045394E-03  9.828645288E+04  1.767979900E+02  3.383017590E+02  2.850067880E+02  3.030970614E+02  9.756719996E-01 
        90 -6.741955509E-04  1.768270807E-01  7.130208361E-03  9.754079059E+04  1.635096888E+02  3.382195379E+02  2.848683838E+02  3.104343636E+02  1.030756119E+00 
        91  2.027043660E-03  1.770783858E-01  9.208570588E-03  7.933367722E+04  1.909621866E+02  3.283018247E+02  2.684090634E+02  3.558514499E+02  1.005660017E+00 
        92  4.731686997E-03  1.772422585E-01  1.127155269E-02  7.305327045E+04  2.135613973E+02  3.246004372E+02  2.623883918E+02  3.783314071E+02  9.730001299E-01 
        93  7.454465044E-03  1.773874983E-01  1.334309669E-02  7.342888455E+04  2.112011201E+02  3.245098464E+02  2.622413142E+02  3.758804542E+02  9.755446154E-01 
        94  1.015989937E-02  1.775222933E-01  1.545596277E-02  7.073128728E+04  2.174585949E+02  3.229814520E+02  2.597807170E+02  3.813082035E+02  9.659651189E-01 
        95  1.284858280E-02  1.775661421E-01  1.756817794E-02  6.716509662E+04  2.275246125E+02  3.207696800E+02  2.562365878E+02  3.911350920E+02  9.531607274E-01 
        96  1.551966693E-02  1.776138061E-01  1.970369132E-02  6.414449402E+04  2.364826903E+02  3.186695139E+02  2.528932226E+02  4.004329329E+02  9.437661162E-01 
        97  1.817410325E-02  1.776258069E-01  2.186017323E-02  6.172939050E+04  2.438079965E+02  3.170696049E+02  2.503583279E+02  4.066626353E+02  9.336187160E-01 
        98  2.080993586E-02  1.775631240E-01  2.403936301E-02  6.008746619E+04  2.515395761E+02  3.158812828E+02  2.484848413E+02  4.115282335E+02  9.192868229E-01 
        99  2.341570779E-02  1.774969016E-01  2.625394818E-02  5.967103406E+04  2.576484532E+02  3.155540562E+02  2.479708519E+02  4.141376619E+02  9.048384465E-01 
       100  2.600295182E-02  1.773818036E-01  2.848806157E-02  6.140245654E+04  2.594448900E+02  3.168932467E+02  2.500920439E+02  4.094989252E+02  8.882782198E-01 
       101  2.856627515E-02  1.771883875E-01  3.074502562E-02  6.674722241E+04  2.555834332E+02  3.205601072E+02  2.559545279E+02  3.951076927E+02  8.700822555E-01 
       102  3.110662233E-02  1.769811535E-01  3.302644514E-02  7.503619873E+04  2.473678207E+02  3.259160042E+02  2.645867586E+02  3.719416132E+02  8.497571107E-01 
       103  3.362247542E-02  1.767159818E-01  3.532849163E-02  8.175275012E+04  2.432459631E+02  3.300158672E+02  2.712368889E+02  3.535381241E+02  8.271522094E-01 
       104  3.610895472E-02  1.763647845E-01  3.765120331E-02  8.293212024E+04  2.476811206E+02  3.306637745E+02  2.722865386E+02  3.510462561E+02  8.073610775E-01 
       105  3.856497337E-02  1.759966372E-01  4.000321012E-02  8.031221674E+04  2.562775389E+02  3.292415442E+02  2.699480187E+02  3.581856451E+02  7.915954595E-01 
       106  4.103059304E-02  1.755360248E-01  4.234569910E-02  7.816035342E+04  2.632618270E+02  3.281910116E+02  2.682241173E+02  3.635348272E+02  7.779627867E-01 
       107  4.340106546E-02  1.750377176E-01  4.474435622E-02  7.907363634E+04  2.668642909E+02  3.286718568E+02  2.690127010E+02  3.615196088E+02  7.620139362E-01 
       108  4.575540032E-02  1.745445103E-01  4.717695363E-02  8.320703162E+04  2.657993259E+02  3.308994980E+02  2.726786473E+02  3.505609107E+02  7.453384381E-01 
       109  4.807037784E-02  1.739953488E-01  4.963532790E-02  8.926233447E+04  2.606327534E+02  3.342350454E+02  2.782055912E+02  3.337294044E+02  7.330358941E-01 
       110  5.034733117E-02  1.734133857E-01  5.212084081E-02  9.484870264E+04  2.572854195E+02  3.371324978E+02  2.830433464E+02  3.185424461E+02  7.191405110E-01 
       111  5.258765486E-02  1.728405975E-01  5.464144749E-02  9.866620850E+04  2.577329617E+02  3.389346581E+02  2.860736809E+02  3.088174744E+02  7.019198537E-01 
       112  5.479076840E-02  1.722430532E-01  5.718902978E-02  1.015260183E+05  2.585015459E+02  3.402354507E+02  2.882733946E+02  3.015407734E+02  6.879390348E-01 
       113  5.694737683E-02  1.716020731E-01  5.976586917E-02  1.047006472E+05  2.573364067E+02  3.417060852E+02  2.907709160E+02  2.929782970E+02  6.796550811E-01 
       114  5.911848447E-02  1.709340834E-01  6.233872565E-02  1.082373018E+05  2.554648309E+02  3.432996383E+02  2.934885307E+02  2.833297697E+02  6.727576878E-01 
       115  6.119351897E-02  1.703313828E-01  6.496775561E-02  1.110344185E+05  2.544757152E+02  3.446039820E+02  2.957228956E+02  2.769116921E+02  6.682870351E-01 
       116  6.319798910E-02  1.696485115E-01  6.765543605E-02  1.132166179E+05  2.543726721E+02  3.455691767E+02  2.973812737E+02  2.712354922E+02  6.612361604E-01 
       117  6.520189851E-02  1.689621155E-01  7.034628384E-02  1.152062046E+05  2.534116907E+02  3.465193901E+02  2.990187864E+02  2.656055965E+02  6.581372283E-01 
       118  6.717992039E-02  1.682884043E-01  7.305807409E-02  1.168716201E+05  2.520856133E+02  3.472419538E+02  3.002670717E+02  2.604076357E+02  6.574271284E-01 
       119  6.910755662E-02  1.675987334E-01  7.579818779E-02  1.184043654E+05  2.507577460E+02  3.477372684E+02  3.011241663E+02  2.566271670E+02  6.589619480E-01 
       120  7.101404689E-02  1.668389198E-01  7.852135391E-02  1.194615417E+05  2.476090904E+02  3.482557321E+02  3.020228133E+02  2.542126436E+02  6.690966785E-01 
       121  7.286652020E-02  1.661304029E-01  8.130170181E-02  1.196764961E+05  2.463239136E+02  3.483857699E+02  3.022484410E+02  2.538488394E+02  6.741964145E-01 
       122  7.473378469E-02  1.653966549E-01  8.408122010E-02  1.197420493E+05  2.449771824E+02  3.485447559E+02  3.025244427E+02  2.533258305E+02  6.794772856E-01 
       123  7.654776682E-02  1.646234676E-01  8.688218818E-02  1.197111018E+05  2.435352788E+02  3.487413616E+02  3.028663502E+02  2.531809821E+02  6.854734011E-01 
       124  7.830115451E-02  1.638494494E-01  8.971806956E-02  1.195098813E+05  2.440392952E+02  3.488871574E+02  3.031204224E+02  2.539635372E+02  6.843601801E-01 
       125  8.003223315E-02  1.630890187E-01  9.257063461E-02  1.194496411E+05  2.443614411E+02  3.489941072E+02  3.033067908E+02  2.521783776E+02  6.816029884E-01 
       126  8.174167210E-02  1.623344685E-01  9.543869445E-02  1.195024386E+05  2.420278087E+02  3.494491289E+02  3.041005747E+02  2.489446304E+02  6.887967703E-01 
       127  8.339566060E-02  1.615413001E-01  9.829620033E-02  1.194904062E+05  2.395394722E+02  3.501020080E+02  3.052411810E+02  2.461982216E+02  6.974837576E-01 
       128  8.500809507E-02  1.607572746E-01  1.012133408E-01  1.193922356E+05  2.380323931E+02  3.507390199E+02  3.063549178E+02  2.420842496E+02  7.012400865E-01 
       129  8.654116005E-02  1.600133249E-01  1.041766726E-01  1.192951653E+05  2.350734053E+02  3.518208023E+02  3.082489088E+02  2.347884769E+02  7.102837497E-01 
       130  8.807530659E-02  1.592883350E-01  1.071513815E-01  1.191573691E+05  2.320681663E+02  3.528762975E+02  3.101004648E+02  2.255939417E+02  7.203044174E-01 
       131  8.946870181E-02  1.585918917E-01  1.101955952E-01  1.189926028E+05  2.302105293E+02  3.536633081E+02  3.114821233E+02  2.155893588E+02  7.257686444E-01 
       132  9.078169785E-02  1.579398834E-01  1.132895212E-01  1.188930645E+05  2.285137672E+02  3.541836195E+02  3.123956050E+02  2.089251034E+02  7.324487865E-01 
       133  9.193376095E-02  1.573753789E-01  1.164622823E-01  1.187784272E+05  2.267076118E+02  3.541839371E+02  3.123942707E+02  2.095139327E+02  7.411078215E-01 
       134  9.287851211E-02  1.569754829E-01  1.197270904E-01  1.187066231E+05  2.273734271E+02  3.532558002E+02  3.107620010E+02  2.190647576E+02  7.415517922E-01 
       135  9.346963790E-02  1.567893278E-01  1.230899614E-01  1.186611304E+05  2.322559665E+02  3.512956021E+02  3.073275938E+02  2.377362876E+02  7.285805575E-01 
       136  9.376445592E-02  1.568076376E-01  1.265149706E-01  1.185771200E+05  2.393707311E+02  3.490853510E+02  3.034697909E+02  2.549466634E+02  7.101944769E-01 
       137  9.391306034E-02  1.569225935E-01  1.299303306E-01  1.184985356E+05  2.428257608E+02  3.479629269E+02  3.015162077E+02  2.611853447E+02  7.016288098E-01 
       138  9.402896493E-02  1.570765633E-01  1.333445553E-01  1.183818237E+05  2.426338854E+02  3.477909727E+02  3.012173061E+02  2.604743309E+02  7.022053152E-01 
       139  9.417960043E-02  1.572174564E-01  1.367593072E-01  1.182135081E+05  2.427310681E+02  3.478052921E+02  3.012420397E+02  2.604299154E+02  7.024910618E-01 
       140  9.437397158E-02  1.573466446E-01  1.401725853E-01  1.180279597E+05  2.435775466E+02  3.478183894E+02  3.012647333E+02  2.618258045E+02  7.013709927E-01 
       141  9.455826038E-02  1.574868932E-01  1.435861248E-01  1.179066060E+05  2.438747866E+02  3.479878207E+02  3.015583361E+02  2.620574398E+02  7.012644741E-01 
       142  9.468914447E-02  1.576724412E-01  1.470000022E-01  1.179230518E+05  2.440489025E+02  3.481017227E+02  3.017674198E+02  2.620592480E+02  7.014731765E-01 
       143 -2.515044289E-02  2.387134140E-01 -4.211006034E-02  8.334861954E+04  1.807621655E+02  3.306719446E+02  2.722940612E+02  4.404524815E+02  1.147929036E+00 
       144 -2.515073613E-02  2.387267259E-01 -3.821832766E-02  8.502647708E+04  1.765255182E+02  3.315698132E+02  2.737754081E+02  4.373305350E+02  1.155458403E+00 
       145 -2.514274647E-02  2.387409373E-01 -3.433018188E-02  8.598996947E+04  1.742112446E+02  3.321671665E+02  2.747625208E+02  4.350441666E+02  1.159161020E+00 
       146 -2.514933814E-02  2.387615668E-01 -3.043885368E-02  8.574193587E+04  1.748395932E+02  3.320606792E+02  2.745864826E+02  4.350132165E+02  1.157740053E+00 
       147 -2.514205174E-02  2.387863737E-01 -2.655197175E-02  8.430343474E+04  1.784611351E+02  3.312737524E+02  2.732863135E+02  4.379508559E+02  1.151678830E+00 
       148 -2.514801404E-02  2.388163633E-01 -2.268742808E-02  8.211711195E+04  1.844965180E+02  3.299922084E+02  2.711762641E+02  4.445375288E+02  1.143425216E+00 
       149 -2.514603624E-02  2.387984711E-01 -1.877579094E-02  8.017688770E+04  1.890640926E+02  3.288956566E+02  2.693768387E+02  4.471557884E+02  1.134836048E+00 
       150 -2.513833525E-02  2.388756875E-01 -1.487946342E-02  7.932364725E+04  1.904336950E+02  3.284944766E+02  2.687195060E+02  4.498838892E+02  1.134393163E+00 
       151 -2.514495058E-02  2.389300222E-01 -1.098752945E-02  7.953068915E+04  1.896231436E+02  3.286254653E+02  2.689339691E+02  4.483896880E+02  1.134684279E+00 
       152 -2.501801490E-02  2.389948317E-01 -7.101428526E-03  8.137758554E+04  1.846651539E+02  3.296692001E+02  2.706460210E+02  4.446821076E+02  1.143100074E+00 
       153 -2.403359079E-02  2.391541778E-01 -3.362202731E-03  8.606425807E+04  1.735605063E+02  3.321593429E+02  2.747516029E+02  4.351152666E+02  1.161068126E+00 
       154 -2.203079393E-02  2.393877231E-01 -4.501692070E-05  8.985089339E+04  1.648941560E+02  3.340910320E+02  2.779546712E+02  4.276310314E+02  1.175767776E+00 
       155 -1.942355624E-02  2.396357170E-01  2.825132604E-03  8.678816760E+04  1.735404126E+02  3.323909947E+02  2.751358431E+02  4.338371160E+02  1.159949678E+00 
       156 -1.648721574E-02  2.398964014E-01  5.342831758E-03  8.115317010E+04  1.884606935E+02  3.292261231E+02  2.699203131E+02  4.470182567E+02  1.135798614E+00 
       157 -1.330897545E-02  2.400801911E-01  7.594698846E-03  7.932725562E+04  1.900372171E+02  3.284433680E+02  2.686376081E+02  4.496982431E+02  1.134903623E+00 
       158 -1.004552185E-02  2.402353079E-01  9.709455816E-03  8.022919458E+04  1.866027730E+02  3.289565296E+02  2.694786825E+02  4.473609829E+02  1.141080203E+00 
       159 -6.714656287E-03  2.403804415E-01  1.171394437E-02  8.079190315E+04  1.842756136E+02  3.293112542E+02  2.700584866E+02  4.464915321E+02  1.146505669E+00 
       160 -3.322138608E-03  2.404066774E-01  1.362735999E-02  8.012111844E+04  1.857918884E+02  3.288526700E+02  2.693071215E+02  4.473484862E+02  1.144130230E+00 
       161  9.783589121E-05  2.404201762E-01  1.547870720E-02  7.999121436E+04  1.862331254E+02  3.287116456E+02  2.690781984E+02  4.487695007E+02  1.145358780E+00 
       162  3.534439975E-03  2.403949673E-01  1.730379042E-02  8.108902759E+04  1.822957134E+02  3.294247046E+02  2.702556381E+02  4.457447414E+02  1.153880935E+00 
       163  6.969024296E-03  2.402279751E-01  1.908412837E-02  9.141504718E+04  1.542559309E+02  3.352615087E+02  2.799276989E+02  4.221939487E+02  1.202221853E+00 
       164  1.043411823E-02  2.400800089E-01  2.085152946E-02  7.826890722E+04  1.924592984E+02  3.279647875E+02  2.678588848E+02  4.506277991E+02  1.133853763E+00 
       165  1.388371434E-02  2.398652026E-01  2.263181169E-02  7.893957007E+04  1.875037889E+02  3.284827626E+02  2.687009881E+02  4.483355227E+02  1.142728135E+00 
       166  1.734145131E-02  2.394992745E-01  2.440657916E-02  7.891397046E+04  1.899757361E+02  3.283275442E+02  2.684474797E+02  4.500656891E+02  1.139016794E+00 
       167  2.080043859E-02  2.391294908E-01  2.615375350E-02  7.885056207E+04  1.898364884E+02  3.284682164E+02  2.686781802E+02  4.484662573E+02  1.136949552E+00 
       168  2.424052770E-02  2.387186889E-01  2.792040504E-02  7.893947168E+04  1.901521313E+02  3.286663194E+02  2.690026562E+02  4.485751944E+02  1.136742528E+00 
       169  2.766624902E-02  2.381908713E-01  2.968394578E-02  7.883369458E+04  1.919345362E+02  3.287671337E+02  2.691670794E+02  4.467484775E+02  1.131526155E+00 
       170  3.108229850E-02  2.375970478E-01  3.144655572E-02  7.862013446E+04  1.939515691E+02  3.288006034E+02  2.692210405E+02  4.430338330E+02  1.123070119E+00 
       171  3.449726266E-02  2.369314331E-01  3.319569832E-02  7.863491721E+04  1.954738673E+02  3.288269964E+02  2.692651206E+02  4.387474487E+02  1.115393213E+00 
       172  3.787267708E-02  2.362004853E-01  3.498142333E-02  7.900280359E+04  1.971184294E+02  3.289407940E+02  2.694535971E+02  4.372653694E+02  1.111150160E+00 
       173  4.123744789E-02  2.354271843E-01  3.677379579E-02  7.924445337E+04  1.997322698E+02  3.289737873E+02  2.695083036E+02  4.399952502E+02  1.109369965E+00 
       174  4.456263149E-02  2.345133553E-01  3.856958315E-02  7.855041841E+04  2.042737911E+02  3.285007633E+02  2.687329265E+02  4.446230029E+02  1.104862825E+00 
       175  4.789152860E-02  2.335402793E-01  4.034492433E-02  7.688417084E+04  2.102127153E+02  3.274211549E+02  2.669691514E+02  4.491820614E+02  1.096070257E+00 
       176  5.119514426E-02  2.325727211E-01  4.215365701E-02  7.503686145E+04  2.156360195E+02  3.263124617E+02  2.651637411E+02  4.528214950E+02  1.087145672E+00 
       177  5.444737908E-02  2.314873556E-01  4.396264389E-02  7.327016640E+04  2.212207912E+02  3.251920645E+02  2.633455881E+02  4.566215533E+02  1.078587297E+00 
       178  5.771043354E-02  2.303389779E-01  4.576361213E-02  7.126863651E+04  2.271815335E+02  3.239332939E+02  2.613123013E+02  4.608300216E+02  1.069908215E+00 
       179  6.093363739E-02  2.292015055E-01  4.761570799E-02  6.873544189E+04  2.361140404E+02  3.221617079E+02  2.584628053E+02  4.665238543E+02  1.055390118E+00 
       180  6.411569228E-02  2.279427553E-01  4.946832252E-02  6.673176563E+04  2.468818569E+02  3.209245405E+02  2.564810591E+02  4.708422565E+02  1.033677988E+00 
       181  6.728438578E-02  2.267057043E-01  5.135068917E-02  6.864369104E+04  2.589186883E+02  3.224909220E+02  2.590081587E+02  4.664020939E+02  9.956082311E-01 
       182  7.045491472E-02  2.254566135E-01  5.324396322E-02  7.911415173E+04  2.636847367E+02  3.291825161E+02  2.699058199E+02  4.413187432E+02  9.507302586E-01 
       183  7.352398986E-02  2.240979077E-01  5.520813549E-02  9.450566211E+04  2.528628230E+02  3.368177423E+02  2.825564528E+02  4.082471809E+02  9.430966415E-01 
       184  7.654294831E-02  2.227589545E-01  5.724026033E-02  1.037126963E+05  2.328161814E+02  3.420013858E+02  2.912761627E+02  3.862360172E+02  9.755469790E-01 
       185  7.954929441E-02  2.214414527E-01  5.933596166E-02  1.092853174E+05  2.411536336E+02  3.443257313E+02  2.952617769E+02  3.773707561E+02  9.457534384E-01 
       186  8.244157493E-02  2.200232159E-01  6.149679439E-02  1.239770781E+05  2.387618752E+02  3.508610306E+02  3.065647583E+02  3.447806320E+02  9.326483756E-01 
       187  8.531452000E-02  2.186177542E-01  6.372436707E-02  1.210121478E+05  2.421371968E+02  3.492641449E+02  3.037767893E+02  3.512531376E+02  9.236486042E-01 
       188  8.816039266E-02  2.172472440E-01  6.601424901E-02  1.225605706E+05  2.349142003E+02  3.501394730E+02  3.052995548E+02  3.475685806E+02  9.415900391E-01 
       189  9.092008057E-02  2.157826082E-01  6.831794754E-02  1.220571265E+05  2.278683995E+02  3.499810003E+02  3.050228830E+02  3.467657018E+02  9.603873618E-01 
       190  9.367581728E-02  2.143255962E-01  7.064980943E-02  1.214491405E+05  2.234902247E+02  3.497925928E+02  3.046943969E+02  3.483463633E+02  9.724722166E-01 
       191  9.641114101E-02  2.128789625E-01  7.302159977E-02  1.217413691E+05  2.217206409E+02  3.497510900E+02  3.046220984E+02  3.471323209E+02  9.764144989E-01 
       192  9.907895187E-02  2.114028516E-01  7.542603674E-02  1.220579467E+05  2.198809345E+02  3.499408348E+02  3.049528379E+02  3.447960618E+02  9.805675419E-01 
       193  1.016896232E-01  2.099003163E-01  7.789626121E-02  1.224341257E+05  2.186678920E+02  3.503618407E+02  3.056879148E+02  3.439613948E+02  9.832603214E-01 
       194  1.042573666E-01  2.084682280E-01  8.044071344E-02  1.226264153E+05  2.193486623E+02  3.507783482E+02  3.064165018E+02  3.427841344E+02  9.809616711E-01 
       195  1.067132028E-01  2.069758083E-01  8.306726980E-02  1.226502005E+05  2.215189327E+02  3.512775105E+02  3.072924427E+02  3.406982917E+02  9.733992231E-01 
       196  1.091091693E-01  2.055182938E-01  8.576040538E-02  1.226963767E+05  2.221693488E+02  3.525109414E+02  3.094585751E+02  3.370127435E+02  9.699262760E-01 
       197  1.114533399E-01  2.040960959E-01  8.851719904E-02  1.227181995E+05  2.235759619E+02  3.538343011E+02  3.117899741E+02  3.298790516E+02  9.641197582E-01 
       198  1.136946430E-01  2.026973542E-01  9.137514269E-02  1.227090744E+05  2.247667979E+02  3.555040689E+02  3.147407403E+02  3.187542094E+02  9.598762132E-01 
       199  1.158224243E-01  2.012857480E-01  9.431046231E-02  1.227612344E+05  2.249782791E+02  3.575476484E+02  3.183664170E+02  3.030385497E+02  9.616520719E-01 
       200  1.177983438E-01  1.999614296E-01  9.738734661E-02  1.227069003E+05  2.259455037E+02  3.589383450E+02  3.208422593E+02  2.886966105E+02  9.628442549E-01 
       201  1.195376812E-01  1.988013159E-01  1.006637087E-01  1.226389776E+05  2.281260174E+02  3.590439348E+02  3.210298164E+02  2.856356096E+02  9.567335928E-01 
       202  1.207748534E-01  1.979244993E-01  1.042263433E-01  1.225085540E+05  2.308228559E+02  3.575341988E+02  3.183447073E+02  3.011964178E+02  9.442143668E-01 
       203  1.209766187E-01  1.976967879E-01  1.080979692E-01  1.225406969E+05  2.345371752E+02  3.545159335E+02  3.129965444E+02  3.277383780E+02  9.297035000E-01 
       204  1.209415894E-01  1.976147862E-01  1.119887176E-01  1.227131356E+05  2.338484007E+02  3.525550933E+02  3.095377675E+02  3.330679516E+02  9.306076686E-01 
       205  1.209136670E-01  1.975679793E-01  1.158784497E-01  1.228113743E+05  2.297814874E+02  3.518725296E+02  3.083363086E+02  3.343202907E+02  9.422716277E-01 
       206  1.209140530E-01  1.975343277E-01  1.197687765E-01  1.229081456E+05  2.252272053E+02  3.516792271E+02  3.079953692E+02  3.363167875E+02  9.561912164E-01 
       207  1.209033119E-01  1.974945510E-01  1.236620610E-01  1.229848043E+05  2.220474100E+02  3.516200536E+02  3.078905745E+02  3.358148624E+02  9.655497586E-01 
       208  1.208998844E-01  1.975608583E-01  1.275528569E-01  1.230273660E+05  2.217040763E+02  3.517233338E+02  3.080735300E+02  3.353711787E+02  9.669964834E-01 
       209  1.209086196E-01  1.975927695E-01  1.314428594E-01  1.229585138E+05  2.220024146E+02  3.521045705E+02  3.087445246E+02  3.341920264E+02  9.662551861E-01 
       210  1.209261261E-01  1.976437754E-01  1.353324952E-01  1.229585739E+05  2.220698699E+02  3.528861641E+02  3.101196126E+02  3.280853003E+02  9.655031126E-01 
       211  1.209477387E-01  1.976921952E-01  1.392217013E-01  1.229733010E+05  2.216137711E+02  3.539523504E+02  3.119977751E+02  3.201348958E+02  9.668043707E-01 
       212  1.209659901E-01  1.977439656E-01  1.431109690E-01  1.231360907E+05  2.211550924E+02  3.551136984E+02  3.140329568E+02  3.121014789E+02  9.687394758E-01 
       213  1.210017723E-01  1.977818072E-01  1.470000027E-01  1.232892744E+05  2.216761360E+02  3.557015047E+02  3.148635063E+02  3.083671198E+02  9.678824358E-01 
       214 -1.337431699E-02  1.053111530E-01 -4.600000000E-02  8.756777148E+04  1.539471016E+02  3.330972404E+02  2.763236580E+02  2.355525990E+02  8.585191369E-01 
       215 -1.336879354E-02  1.054912688E-01 -4.299898917E-02  8.750179858E+04  1.540191860E+02  3.330503445E+02  2.762248216E+02  2.359557829E+02  8.596649691E-01 
       216 -1.321272523E-02  1.057016208E-01 -4.000664894E-02  8.752021533E+04  1.542066689E+02  3.330248890E+02  2.761825790E+02  2.362934523E+02  8.600090481E-01 
       217 -1.269691607E-02  1.059729593E-01 -3.706120983E-02  8.740066717E+04  1.548998770E+02  3.329605452E+02  2.760758916E+02  2.368844651E+02  8.585478855E-01 
       218 -1.181263769E-02  1.063072321E-01 -3.420969757E-02  8.723951964E+04  1.559422069E+02  3.328539356E+02  2.758991262E+02  2.378698060E+02  8.566635971E-01 
       219 -1.066241908E-02  1.066659143E-01 -3.145726216E-02  8.705787435E+04  1.565579085E+02  3.328148094E+02  2.758342328E+02  2.386239678E+02  8.563779693E-01 
       220 -9.280794463E-03  1.070573859E-01 -2.881758489E-02  8.691615049E+04  1.572578725E+02  3.327508096E+02  2.757281286E+02  2.394983247E+02  8.560416940E-01 
       221 -7.735023178E-03  1.074435380E-01 -2.626912607E-02  8.683445599E+04  1.580813756E+02  3.326945784E+02  2.756349307E+02  2.403764566E+02  8.551654033E-01 
       222 -6.047350445E-03  1.078135440E-01 -2.381048416E-02  8.670721821E+04  1.591530302E+02  3.325611856E+02  2.754140182E+02  2.412400584E+02  8.528997196E-01 
       223 -4.299611852E-03  1.081916589E-01 -2.139379423E-02  8.661414822E+04  1.595599929E+02  3.326464231E+02  2.755552706E+02  2.416484769E+02  8.527202002E-01 
       224 -2.461870607E-03  1.085505379E-01 -1.904289133E-02  8.663501346E+04  1.602199144E+02  3.325363986E+02  2.753729651E+02  2.420588122E+02  8.510147430E-01 
       225 -5.886173328E-04  1.088780789E-01 -1.671486844E-02  8.673249308E+04  1.601357288E+02  3.326616120E+02  2.755804366E+02  2.420498117E+02  8.520163290E-01 
       226  1.337912187E-03  1.092215599E-01 -1.443302686E-02  8.683073258E+04  1.596829252E+02  3.325898140E+02  2.754614238E+02  2.424013990E+02  8.561696942E-01 
       227  3.290030235E-03  1.094941851E-01 -1.216353628E-02  8.669463720E+04  1.595429444E+02  3.324705576E+02  2.752639164E+02  2.436397204E+02  8.617527450E-01 
       228  5.262023684E-03  1.097864070E-01 -9.913643549E-03  8.598290162E+04  1.604760801E+02  3.320360724E+02  2.745452863E+02  2.469659939E+02  8.690373140E-01 
       229  7.256339014E-03  1.100495762E-01 -7.679258903E-03  8.418479571E+04  1.648649346E+02  3.310434406E+02  2.729063320E+02  2.540945886E+02  8.714819315E-01 
       230  9.250945095E-03  1.102792579E-01 -5.441700620E-03  8.171692548E+04  1.726160192E+02  3.298840222E+02  2.709980764E+02  2.621094446E+02  8.597912130E-01 
       231  1.125130268E-02  1.105297001E-01 -3.209862298E-03  8.027183984E+04  1.806412697E+02  3.291832714E+02  2.698478703E+02  2.666468277E+02  8.343622014E-01 
       232  1.324504242E-02  1.107259366E-01 -9.692227629E-04  8.118208862E+04  1.840155115E+02  3.296311588E+02  2.705832376E+02  2.644912395E+02  8.091533333E-01 
       233  1.522818012E-02  1.109344875E-01  1.280794701E-03  8.324696533E+04  1.840739145E+02  3.308014832E+02  2.725086155E+02  2.580348406E+02  7.862827480E-01 
       234  1.717717000E-02  1.111306516E-01  3.565314237E-03  8.542707813E+04  1.831359768E+02  3.320962715E+02  2.746458664E+02  2.496646233E+02  7.630955502E-01 
       235  2.098827574E-02  1.115152878E-01  8.199040730E-03  8.922245361E+04  1.870207500E+02  3.341393509E+02  2.780355816E+02  2.374629116E+02  7.039166242E-01 
       236  2.283804163E-02  1.116790561E-01  1.055952489E-02  9.049000885E+04  1.899254053E+02  3.353865535E+02  2.801139250E+02  2.296248634E+02  6.641698270E-01 
       237  2.632960383E-02  1.121198866E-01  1.543269692E-02  9.113198584E+04  2.045616360E+02  3.355022564E+02  2.803072147E+02  2.305580540E+02  5.895857550E-01 
       238  2.959379811E-02  1.126564718E-01  2.044933110E-02  9.030028003E+04  2.211833224E+02  3.349903979E+02  2.794524851E+02  2.366291642E+02  5.223686928E-01 
       239  3.114059063E-02  1.129278581E-01  2.301118304E-02  8.976944473E+04  2.289044587E+02  3.348303272E+02  2.791857069E+02  2.394455528E+02  4.918278849E-01 
       240  3.264987762E-02  1.132456905E-01  2.559358749E-02  8.921826392E+04  2.363512160E+02  3.343524272E+02  2.783892276E+02  2.428308961E+02  4.651156823E-01 
       241  3.807676132E-02  1.146676712E-01  3.621643154E-02  8.788698985E+04  2.608837940E+02  3.336329258E+02  2.771920554E+02  2.514707634E+02  3.721433638E-01 
       242  3.928374460E-02  1.150413043E-01  3.894926042E-02  8.801501337E+04  2.667252586E+02  3.339579968E+02  2.777334442E+02  2.527345974E+02  3.473236675E-01 
       243  4.044503934E-02  1.154301055E-01  4.169676193E-02  8.841893060E+04  2.707191807E+02  3.342578182E+02  2.782321668E+02  2.521082309E+02  3.255488114E-01 
       244  4.154949506E-02  1.158110833E-01  4.446441861E-02  8.903558008E+04  2.741645870E+02  3.345826340E+02  2.787731018E+02  2.509286728E+02  3.045380563E-01 
       245  4.259018966E-02  1.161595968E-01  4.726780086E-02  8.983262444E+04  2.771895689E+02  3.349606051E+02  2.794034170E+02  2.490393118E+02  2.829173824E-01 
       246  4.357921759E-02  1.165132208E-01  5.008364009E-02  9.080800000E+04  2.795483828E+02  3.354096098E+02  2.801528978E+02  2.462298603E+02  2.614874197E-01 
       247  4.448002582E-02  1.168267471E-01  5.293502673E-02  9.193666568E+04  2.818893154E+02  3.358851909E+02  2.809477260E+02  2.435988040E+02  2.403733229E-01 
       248  4.534234860E-02  1.171711221E-01  5.579536500E-02  9.322265723E+04  2.826826706E+02  3.365621319E+02  2.820817184E+02  2.395396233E+02  2.228343235E-01 
       249  4.612355051E-02  1.174912616E-01  5.867935283E-02  9.447427539E+04  2.836819267E+02  3.372459450E+02  2.832294388E+02  2.355141716E+02  2.037778553E-01 
       250  4.681688670E-02  1.178330389E-01  6.158342338E-02  9.567963086E+04  2.846130257E+02  3.378441887E+02  2.842349663E+02  2.322968674E+02  1.885867827E-01 
       251  4.742483443E-02  1.181684938E-01  6.451168194E-02  9.680820020E+04  2.853433266E+02  3.384204826E+02  2.852054443E+02  2.295096931E+02  1.763250772E-01 
       252  4.796175059E-02  1.184973583E-01  6.744925218E-02  9.783835156E+04  2.859406395E+02  3.390438538E+02  2.862568455E+02  2.265714664E+02  1.639625812E-01 
       253  4.839690646E-02  1.188449776E-01  7.040346354E-02  9.874198312E+04  2.870100570E+02  3.394623080E+02  2.869633027E+02  2.243186158E+02  1.512408128E-01 
       254  4.867844520E-02  1.192029192E-01  7.337369276E-02  9.931698511E+04  2.887426670E+02  3.397132082E+02  2.873878586E+02  2.235708578E+02  1.405307637E-01 
       255  4.889804354E-02  1.195863964E-01  7.634446821E-02  9.975951178E+04  2.901754376E+02  3.398697565E+02  2.876529406E+02  2.222795032E+02  1.292809680E-01 
       256  4.901527392E-02  1.199575346E-01  7.936475415E-02  9.993416312E+04  2.924477507E+02  3.399483790E+02  2.877862216E+02  2.221921518E+02  1.175644867E-01 
       257  4.897414798E-02  1.207471392E-01  8.530893469E-02  1.000171543E+05  2.969107513E+02  3.401261139E+02  2.880866928E+02  2.232983246E+02  9.945326671E-02 
       258  4.879835866E-02  1.211503063E-01  8.827262235E-02  1.001804834E+05  2.986054153E+02  3.401324425E+02  2.880976410E+02  2.236202393E+02  9.244069830E-02 
       259  4.854576088E-02  1.215647590E-01  9.126615169E-02  1.002372194E+05  2.999983340E+02  3.399593831E+02  2.878043677E+02  2.235224740E+02  8.549153921E-02 
       260  4.818457029E-02  1.219712360E-01  9.420996830E-02  1.006225017E+05  2.999781013E+02  3.401663186E+02  2.881548188E+02  2.224229763E+02  8.270916997E-02 
       261  4.782320061E-02  1.224212570E-01  9.713670139E-02  1.010929624E+05  2.995631485E+02  3.403755932E+02  2.885105000E+02  2.205276327E+02  7.929012412E-02 
       262  4.734997920E-02  1.228526278E-01  1.001180955E-01  1.020532813E+05  2.983823242E+02  3.409149971E+02  2.894251976E+02  2.172903976E+02  7.455298305E-02 
       263  4.683890011E-02  1.232935874E-01  1.030087938E-01  1.035473357E+05  2.951782991E+02  3.418439125E+02  2.910053301E+02  2.121349653E+02  7.485453711E-02 
       264  4.566507936E-02  1.242316696E-01  1.088390156E-01  1.062227824E+05  2.866105823E+02  3.424954154E+02  2.921148833E+02  2.025037890E+02  9.325759826E-02 
       265  4.352639189E-02  1.257122811E-01  1.174848542E-01  1.079217654E+05  2.631273801E+02  3.457137616E+02  2.976370188E+02  1.779920303E+02  1.613196912E-01 
       266  4.289440586E-02  1.261798267E-01  1.203730247E-01  1.076693185E+05  2.518767932E+02  3.481040012E+02  3.017674845E+02  1.501190190E+02  1.438218331E-01 
       267  4.242365191E-02  1.265975250E-01  1.232861776E-01  1.075132094E+05  2.439752742E+02  3.498791723E+02  3.048471519E+02  1.276490354E+02  1.282188311E-01 
       268  4.208270049E-02  1.270006734E-01  1.262530889E-01  1.075329609E+05  2.405451927E+02  3.501465874E+02  3.053119431E+02  1.257477360E+02  1.532911081E-01 
       269  4.202415066E-02  1.273246053E-01  1.292418903E-01  1.075553270E+05  2.410507178E+02  3.498198956E+02  3.047432844E+02  1.313202206E+02  1.691457226E-01 
       270  4.218523596E-02  1.275849052E-01  1.322314117E-01  1.074922813E+05  2.431957053E+02  3.493522224E+02  3.039297887E+02  1.385518623E+02  1.782238825E-01 
       271  4.252691668E-02  1.278080741E-01  1.352038484E-01  1.073386998E+05  2.466661596E+02  3.490003470E+02  3.033184084E+02  1.463472106E+02  1.797326204E-01 
       272  4.296344289E-02  1.279984053E-01  1.381664338E-01  1.071356327E+05  2.498748062E+02  3.484908200E+02  3.024348996E+02  1.526126189E+02  1.795759097E-01 
       273  4.347514252E-02  1.281630447E-01  1.411197974E-01  1.068295527E+05  2.526917168E+02  3.480316029E+02  3.016380456E+02  1.578773638E+02  1.793735578E-01 
       274  4.403358971E-02  1.283124551E-01  1.440677535E-01  1.065224975E+05  2.551732326E+02  3.478387072E+02  3.013012655E+02  1.621071037E+02  1.785467369E-01 
       275  4.466583781E-02  1.284644007E-01  1.470000034E-01  1.063332832E+05  2.579423397E+02  3.474449399E+02  2.958074605E+02  1.664793014E+02  1.763351945E-01 
       276 -1.390154712E-02  1.725232616E-01 -4.600000033E-02  8.231449763E+04  1.816859434E+02  3.303608384E+02  2.712625867E+02  3.418996002E+02  1.010425764E+00 
       277 -1.389524734E-02  1.726308379E-01 -4.258575940E-02  8.274622870E+04  1.813558085E+02  3.303911597E+02  2.718314583E+02  3.422415169E+02  1.012189261E+00 
       278 -1.388827040E-02  1.727470810E-01 -3.919459871E-02  8.295628569E+04  1.811554155E+02  3.304200880E+02  2.718790237E+02  3.425405217E+02  1.013412010E+00 
       279 -1.387976982E-02  1.728866868E-01 -3.575874102E-02  8.297037888E+04  1.811255521E+02  3.304138805E+02  2.718688041E+02  3.426800957E+02  1.013762867E+00 
       280 -1.386962822E-02  1.730354599E-01 -3.234598001E-02  8.281960047E+04  1.813300919E+02  3.303336547E+02  2.717368466E+02  3.430051785E+02  1.013667235E+00 
       281 -1.385715910E-02  1.732129765E-01 -2.893478341E-02  8.240886499E+04  1.818171759E+02  3.301500037E+02  2.714348625E+02  3.442586364E+02  1.014288095E+00 
       282 -1.381464856E-02  1.733989484E-01 -2.553958976E-02  8.189830728E+04  1.830397903E+02  3.298077700E+02  2.708726029E+02  3.462507349E+02  1.013724641E+00 
       283 -1.334927366E-02  1.736519924E-01 -2.216152427E-02  8.109757516E+04  1.847863068E+02  3.293647168E+02  2.701452579E+02  3.482359335E+02  1.011390375E+00 
       284 -1.220387625E-02  1.739549638E-01 -1.896956374E-02  7.996784717E+04  1.881340494E+02  3.286410217E+02  2.689601631E+02  3.520648975E+02  1.007156551E+00 
       285 -1.057589609E-02  1.742731966E-01 -1.599005111E-02  7.832829781E+04  1.921681709E+02  3.278011961E+02  2.675871530E+02  3.560457239E+02  1.000969311E+00 
       286 -8.586070527E-03  1.745821273E-01 -1.323108332E-02  7.637503049E+04  1.978048143E+02  3.269334729E+02  2.661724877E+02  3.609430189E+02  9.914191663E-01 
       287 -6.371188279E-03  1.748941133E-01 -1.065117603E-02  7.582298193E+04  2.003640851E+02  3.268673311E+02  2.660650976E+02  3.612244467E+02  9.834710086E-01 
       288 -3.959984913E-03  1.752012559E-01 -8.251810021E-03  7.809304918E+04  1.985607005E+02  3.280907187E+02  2.680634562E+02  3.565688645E+02  9.807458213E-01 
       289 -1.474621790E-03  1.754287438E-01 -5.921768022E-03  8.348206533E+04  1.903712273E+02  3.308138833E+02  2.725408690E+02  3.426168268E+02  9.844614364E-01 
       290  1.096342236E-03  1.756586641E-01 -3.684409899E-03  8.912617817E+04  1.803923253E+02  3.334853872E+02  2.769508019E+02  3.280586217E+02  9.938689526E-01 
       291  3.722457199E-03  1.758529720E-01 -1.512169024E-03  9.172751465E+04  1.753373642E+02  3.343826399E+02  2.784398003E+02  3.252433529E+02  1.007056147E+00 
       292  6.390497491E-03  1.759799744E-01  6.206893580E-04  8.818311621E+04  1.773485298E+02  3.331775990E+02  2.764411106E+02  3.327877159E+02  1.011929363E+00 
       293  1.179759467E-02  1.761809281E-01  4.808741428E-03  7.635297266E+04  2.001930962E+02  3.268250580E+02  2.660020790E+02  3.645904617E+02  9.902808964E-01 
       294  1.450804596E-02  1.762121176E-01  6.883706551E-03  7.247780029E+04  2.099368114E+02  3.242963791E+02  2.618983822E+02  3.761552200E+02  9.804960415E-01 
       295  1.722225861E-02  1.762495216E-01  8.953048646E-03  7.055817871E+04  2.149459190E+02  3.229933014E+02  2.597962112E+02  3.826071625E+02  9.770131409E-01 
       296  1.993233776E-02  1.761597577E-01  1.102855473E-02  6.928745215E+04  2.178889790E+02  3.222290497E+02  2.585681000E+02  3.861230507E+02  9.746092185E-01 
       297  2.263244469E-02  1.760920636E-01  1.311525345E-02  6.764594238E+04  2.222088604E+02  3.212006226E+02  2.569211826E+02  3.900817986E+02  9.686562940E-01 
       298  2.532249661E-02  1.759768902E-01  1.521525865E-02  6.602107935E+04  2.290762491E+02  3.199809341E+02  2.549730816E+02  3.951830101E+02  9.566758536E-01 
       299  2.800116021E-02  1.758008440E-01  1.732596334E-02  6.569726514E+04  2.339320536E+02  3.196677847E+02  2.544735947E+02  3.970822477E+02  9.444962554E-01 
       300  3.066011949E-02  1.756198651E-01  1.946182943E-02  6.813800293E+04  2.352009892E+02  3.209680457E+02  2.565582237E+02  3.922079005E+02  9.296487700E-01 
       301  3.850917716E-02  1.748410184E-01  2.602581626E-02  8.718213232E+04  2.343059435E+02  3.338886089E+02  2.776213017E+02  3.341708088E+02  8.229430225E-01 
       302  4.358739934E-02  1.740919978E-01  3.053362568E-02  8.590856274E+04  2.387834024E+02  3.329203634E+02  2.760095291E+02  3.438819857E+02  8.245733455E-01 
       303  4.609287257E-02  1.736863543E-01  3.281922705E-02  8.502324731E+04  2.412019463E+02  3.326391325E+02  2.755431681E+02  3.456687689E+02  8.197717629E-01 
       304  4.855845708E-02  1.731970535E-01  3.512834265E-02  8.494646021E+04  2.452316265E+02  3.325647964E+02  2.754201202E+02  3.453478508E+02  8.054323662E-01 
       305  5.100043215E-02  1.726458906E-01  3.745772352E-02  8.620174060E+04  2.493291812E+02  3.330650654E+02  2.762499938E+02  3.431076164E+02  7.877591513E-01 
       306  5.340036417E-02  1.720848619E-01  3.982071753E-02  8.940180615E+04  2.507297292E+02  3.346608324E+02  2.789082031E+02  3.354199710E+02  7.702000858E-01 
       307  5.576533568E-02  1.714326002E-01  4.220398857E-02  9.442393231E+04  2.488063840E+02  3.373938258E+02  2.834859419E+02  3.228883561E+02  7.566824639E-01 
       308  5.808130114E-02  1.707532671E-01  4.462162642E-02  9.958026976E+04  2.454480730E+02  3.403296753E+02  2.884391200E+02  3.092479952E+02  7.474670291E-01 
       309  6.913202621E-02  1.670049815E-01  5.708998555E-02  1.119061533E+05  2.429125266E+02  3.466514959E+02  2.992495198E+02  2.751166735E+02  7.105564894E-01 
       310  7.325557335E-02  1.653928843E-01  6.228962682E-02  1.153049700E+05  2.402727423E+02  3.482540362E+02  3.020214639E+02  2.661079344E+02  7.104213974E-01 
       311  7.526114685E-02  1.645964451E-01  6.493668120E-02  1.164140273E+05  2.401764507E+02  3.485719013E+02  3.025730152E+02  2.636645660E+02  7.095272020E-01 
       312  8.099008587E-02  1.620989224E-01  7.305121222E-02  1.186460830E+05  2.382607136E+02  3.493066330E+02  3.038485909E+02  2.560949974E+02  7.090529725E-01 
       313  8.281625202E-02  1.612441772E-01  7.580722199E-02  1.189685566E+05  2.376195755E+02  3.493199806E+02  3.038716316E+02  2.554280701E+02  7.115981579E-01 
       314  8.462318717E-02  1.604029889E-01  7.856519154E-02  1.192182178E+05  2.370070324E+02  3.493382034E+02  3.039032555E+02  2.550748267E+02  7.151820771E-01 
       315  8.638808364E-02  1.595156660E-01  8.135371941E-02  1.193773071E+05  2.367357225E+02  3.492944307E+02  3.038269906E+02  2.546290293E+02  7.166687101E-01 
       316  8.818531781E-02  1.586346563E-01  8.418846896E-02  1.195386311E+05  2.367819321E+02  3.492267147E+02  3.037092608E+02  2.534279334E+02  7.137480153E-01 
       317  9.153487112E-02  1.568453452E-01  8.985396979E-02  1.194913053E+05  2.361458273E+02  3.492324901E+02  3.037199988E+02  2.532455282E+02  7.168140346E-01 
       318  9.319079870E-02  1.559467714E-01  9.269883327E-02  1.192845508E+05  2.360752945E+02  3.492114372E+02  3.036835022E+02  2.529009991E+02  7.169501595E-01 
       319  9.639067810E-02  1.541493463E-01  9.845101971E-02  1.191732480E+05  2.366724892E+02  3.489879646E+02  3.032943878E+02  2.533305817E+02  7.160338983E-01 
       320  9.789700787E-02  1.532238030E-01  1.013752208E-01  1.191633820E+05  2.377415323E+02  3.488159933E+02  3.029954414E+02  2.538164935E+02  7.112289462E-01 
       321  9.939560036E-02  1.523575645E-01  1.043121280E-01  1.191145498E+05  2.384671955E+02  3.486369591E+02  3.026843319E+02  2.545273838E+02  7.096421719E-01 
       322  1.008373928E-01  1.515239935E-01  1.072922639E-01  1.189381279E+05  2.392448444E+02  3.483899136E+02  3.022555161E+02  2.555535355E+02  7.081538811E-01 
       323  1.021925752E-01  1.507164957E-01  1.103173974E-01  1.187248540E+05  2.407187071E+02  3.480856400E+02  3.017280989E+02  2.569893637E+02  7.034181599E-01 
       324  1.063175391E-01  1.486079647E-01  1.265700906E-01  1.184132793E+05  2.437810326E+02  3.487035446E+02  3.028034363E+02  2.558391647E+02  6.926537305E-01 
       325  1.064822206E-01  1.487022474E-01  1.299738775E-01  1.184377148E+05  2.394246330E+02  3.499968491E+02  3.050554962E+02  2.453134613E+02  7.029266059E-01 
       326  1.066476119E-01  1.488146338E-01  1.333799290E-01  1.182366914E+05  2.327851334E+02  3.514049721E+02  3.075132904E+02  2.318404160E+02  7.237625867E-01 
       327  1.068180965E-01  1.489318139E-01  1.367854531E-01  1.180452871E+05  2.284736023E+02  3.521373596E+02  3.087938538E+02  2.244794521E+02  7.402820364E-01 
       328  1.069979625E-01  1.490578552E-01  1.401905319E-01  1.180190645E+05  2.293934040E+02  3.517103767E+02  3.080461349E+02  2.299136333E+02  7.397600114E-01 
       329  1.071817424E-01  1.491887345E-01  1.435955648E-01  1.180021406E+05  2.346380234E+02  3.503744316E+02  3.055385380E+02  2.456990652E+02  7.263465859E-01 
       330  1.073851999E-01  1.493347905E-01  1.470000044E-01  1.179475273E+05  2.420471725E+02  3.486137085E+02  3.014325867E+02  2.610395966E+02  7.081266940E-01 
       331 -5.132010553E-03  2.399711247E-01 -4.600000034E-02  8.401242188E+04  1.733340187E+02  3.310551624E+02  2.729366875E+02  4.392232742E+02  1.165070936E+00 
       332 -5.128125210E-03  2.399809281E-01 -4.210430258E-02  8.412700928E+04  1.748579583E+02  3.306690493E+02  2.722896628E+02  4.405865650E+02  1.162693895E+00 
       333 -5.125201508E-03  2.399922328E-01 -3.820870464E-02  8.244801904E+04  1.778112695E+02  3.300083387E+02  2.712039359E+02  4.429568000E+02  1.157839749E+00 
       334 -5.121813889E-03  2.400095995E-01 -3.431329778E-02  8.062137024E+04  1.821955062E+02  3.290823683E+02  2.696837800E+02  4.464018059E+02  1.150585567E+00 
       335 -5.119016059E-03  2.400291916E-01 -3.041776666E-02  7.907303182E+04  1.865557851E+02  3.282851449E+02  2.683781572E+02  4.498451058E+02  1.143500571E+00 
       336 -5.114574788E-03  2.400538233E-01 -2.652182619E-02  7.821419617E+04  1.884589916E+02  3.280267940E+02  2.679551319E+02  4.516338151E+02  1.140729529E+00 
       337 -5.109553763E-03  2.400828758E-01 -2.262552630E-02  7.847198975E+04  1.876762507E+02  3.283724470E+02  2.685221410E+02  4.509821043E+02  1.142006148E+00 
       338 -5.103895973E-03  2.401152952E-01 -1.872899116E-02  8.096933917E+04  1.832487761E+02  3.296416733E+02  2.706042771E+02  4.452970371E+02  1.147033890E+00 
       339 -4.925504783E-03  2.402473149E-01 -7.056915668E-03  8.629356850E+04  1.711136652E+02  3.318816726E+02  2.742952292E+02  4.355954697E+02  1.167493666E+00 
       340 -3.715119829E-03  2.403023013E-01 -3.373311706E-03  8.121563831E+04  1.794517729E+02  3.300568893E+02  2.712892928E+02  4.436265206E+02  1.154825964E+00 
       341 -1.562012846E-03  2.403581740E-01 -1.360753051E-04  7.871730997E+04  1.873610104E+02  3.284478636E+02  2.686460041E+02  4.510512204E+02  1.142847293E+00 
       342  1.133764527E-03  2.404094608E-01  2.675248428E-03  7.902788257E+04  1.881387839E+02  3.282398996E+02  2.683048725E+02  4.502479324E+02  1.140284337E+00 
       343  4.137632423E-03  2.404197044E-01  5.149238455E-03  7.993105227E+04  1.845922685E+02  3.287840045E+02  2.691944763E+02  4.475357960E+02  1.146423785E+00 
       344  7.316400202E-03  2.403253331E-01  7.399564588E-03  7.977158979E+04  1.838831395E+02  3.289050873E+02  2.693923706E+02  4.472997175E+02  1.148214448E+00 
       345  1.395577155E-02  2.400667001E-01  1.148649181E-02  8.616977100E+04  1.722783012E+02  3.317302895E+02  2.740499792E+02  4.381598110E+02  1.168798544E+00 
       346  1.735065466E-02  2.397965962E-01  1.337576268E-02  9.006688672E+04  1.597850075E+02  3.338247643E+02  2.775170784E+02  4.290754929E+02  1.191401482E+00 
       347  2.419161170E-02  2.391929427E-01  1.704637434E-02  7.968691016E+04  1.854135933E+02  3.291258698E+02  2.697593727E+02  4.470052109E+02  1.144894943E+00 
       348  2.761839379E-02  2.387452844E-01  1.884103948E-02  7.985105273E+04  1.879634800E+02  3.288849678E+02  2.693602562E+02  4.487191353E+02  1.139915392E+00 
       349  3.105226563E-02  2.382885234E-01  2.062260888E-02  8.106900000E+04  1.852147713E+02  3.297735462E+02  2.708171091E+02  4.461242733E+02  1.143961683E+00 
       350  3.788868369E-02  2.371344800E-01  2.417075674E-02  8.077617969E+04  1.871207733E+02  3.298412361E+02  2.709280701E+02  4.467943115E+02  1.140533477E+00 
       351  4.468291751E-02  2.357525484E-01  2.771953789E-02  8.040098828E+04  1.900064812E+02  3.293279343E+02  2.700881119E+02  4.461838646E+02  1.134584136E+00 
       352  4.805699300E-02  2.349490393E-01  2.948953136E-02  8.068809534E+04  1.903693085E+02  3.293562794E+02  2.701351638E+02  4.444472227E+02  1.133728938E+00 
       353  5.140582287E-02  2.340778219E-01  3.127771149E-02  8.067950391E+04  1.904004059E+02  3.294198627E+02  2.702386303E+02  4.446029034E+02  1.135739326E+00 
       354  5.473006301E-02  2.331020583E-01  3.305777180E-02  7.983400977E+04  1.931189880E+02  3.289086227E+02  2.693995171E+02  4.458967285E+02  1.132075101E+00 
       355  5.803984836E-02  2.320923676E-01  3.484458617E-02  7.837330420E+04  1.971914444E+02  3.279394245E+02  2.678146534E+02  4.491713638E+02  1.126983635E+00 
       356  6.132921494E-02  2.310454118E-01  3.665150486E-02  7.661547812E+04  2.013896593E+02  3.269628757E+02  2.662211773E+02  4.514562920E+02  1.120389484E+00 
       357  6.777528194E-02  2.285846393E-01  4.027160278E-02  8.476528027E+04  2.139895706E+02  3.325594788E+02  2.754488564E+02  4.315253830E+02  1.070457593E+00 
       358  7.097972553E-02  2.273472007E-01  4.209367684E-02  9.179926172E+04  2.285974274E+02  3.361225739E+02  2.813536072E+02  4.137428513E+02  1.016636632E+00 
       359  7.412444428E-02  2.259565065E-01  4.393674079E-02  9.070809326E+04  2.360165300E+02  3.345754948E+02  2.787702656E+02  4.197533588E+02  1.004111482E+00 
       360  7.725834663E-02  2.245514312E-01  4.577102978E-02  8.656927441E+04  2.363011570E+02  3.327630806E+02  2.757499943E+02  4.288093967E+02  1.012391914E+00 
       361  8.037011026E-02  2.231435234E-01  4.763983740E-02  8.859077539E+04  2.344944191E+02  3.344682884E+02  2.785990448E+02  4.228590660E+02  1.014535263E+00 
       362  8.343109451E-02  2.215945322E-01  4.950276897E-02  1.018409564E+05  2.274810736E+02  3.403986683E+02  2.885903573E+02  3.922418330E+02  1.017570240E+00 
       363  8.646988642E-02  2.201046420E-01  5.141624103E-02  1.221848164E+05  2.126435976E+02  3.483372040E+02  3.022111773E+02  3.540564928E+02  1.044893324E+00 
       364  9.242245520E-02  2.169732682E-01  5.534503106E-02  1.185600430E+05  2.207814851E+02  3.503068562E+02  3.056262913E+02  3.498819895E+02  1.003560893E+00 
       365  9.533631835E-02  2.153857768E-01  5.738443174E-02  1.162763453E+05  2.223363986E+02  3.501836853E+02  3.054322352E+02  3.495973392E+02  9.962884784E-01 
       366  9.819952312E-02  2.138016843E-01  5.949569436E-02  1.170271982E+05  2.232460175E+02  3.517285862E+02  3.081409321E+02  3.435745220E+02  9.892602563E-01 
       367  1.009694591E-01  2.121295788E-01  6.167326851E-02  1.185368127E+05  2.275522585E+02  3.528486919E+02  3.100996037E+02  3.376482162E+02  9.695140291E-01 
       368  1.037116704E-01  2.105064985E-01  6.390540356E-02  1.192615791E+05  2.317246876E+02  3.533732433E+02  3.110170355E+02  3.362637377E+02  9.515357763E-01 
       369  1.064180189E-01  2.088777679E-01  6.618856681E-02  1.198486201E+05  2.355268288E+02  3.532321911E+02  3.107640152E+02  3.368466911E+02  9.368907623E-01 
       370  1.090480686E-01  2.071800512E-01  6.850700508E-02  1.207626030E+05  2.361255779E+02  3.529323845E+02  3.102298508E+02  3.369146442E+02  9.329094365E-01 
       371  1.116790455E-01  2.055210471E-01  7.084353951E-02  1.216488843E+05  2.352375727E+02  3.526486044E+02  3.097230420E+02  3.374138017E+02  9.344604071E-01 
       372  1.142974452E-01  2.038484190E-01  7.319785208E-02  1.223148882E+05  2.328285480E+02  3.520165043E+02  3.086033583E+02  3.381789312E+02  9.409398697E-01 
       373  1.168416696E-01  2.021295301E-01  7.558130371E-02  1.227217583E+05  2.298940544E+02  3.516551628E+02  3.079667835E+02  3.388097420E+02  9.491720907E-01 
       374  1.193277496E-01  2.004108846E-01  7.805168345E-02  1.229537531E+05  2.264425478E+02  3.515223036E+02  3.077333574E+02  3.391786375E+02  9.588920418E-01 
       375  1.217693779E-01  1.987784452E-01  8.060399866E-02  1.229839695E+05  2.243121619E+02  3.514363451E+02  3.075823669E+02  3.393298302E+02  9.648522250E-01 
       376  1.240793489E-01  1.970470446E-01  8.322373237E-02  1.230289312E+05  2.232484274E+02  3.514390450E+02  3.075892382E+02  3.379858065E+02  9.673709162E-01 
       377  1.263696524E-01  1.953872062E-01  8.590193330E-02  1.234222936E+05  2.220234851E+02  3.521425130E+02  3.088208976E+02  3.329560145E+02  9.699380412E-01 
       378  1.285811840E-01  1.937639536E-01  8.866989816E-02  1.236348401E+05  2.209711719E+02  3.512322025E+02  3.072234678E+02  3.375986338E+02  9.734417377E-01 
       379  1.378530526E-01  1.861918564E-01  1.119425893E-01  1.230416055E+05  2.181600065E+02  3.554768353E+02  3.146873789E+02  3.147056150E+02  9.797213525E-01 
       380  1.378280879E-01  1.861358471E-01  1.158380052E-01  1.226552607E+05  2.210734072E+02  3.566840563E+02  3.168285952E+02  2.996373672E+02  9.723262526E-01 
       381  1.378172244E-01  1.861105784E-01  1.197328496E-01  1.218944077E+05  2.281900330E+02  3.568940063E+02  3.172035341E+02  2.962176442E+02  9.498027712E-01 
       382  1.378137064E-01  1.861013403E-01  1.236281983E-01  1.221613313E+05  2.326630023E+02  3.562783267E+02  3.161134801E+02  3.078198223E+02  9.319390003E-01 
       383  1.378232998E-01  1.861207539E-01  1.275238734E-01  1.227001217E+05  2.319287270E+02  3.550241637E+02  3.138954949E+02  3.212509869E+02  9.349896968E-01 
       384  1.378388478E-01  1.861485149E-01  1.314192119E-01  1.230494746E+05  2.265220971E+02  3.538800405E+02  3.118740985E+02  3.300966693E+02  9.524553250E-01 
       385  1.378667705E-01  1.861922064E-01  1.353144338E-01  1.231539168E+05  2.224816378E+02  3.532461314E+02  3.107552915E+02  3.305825939E+02  9.648731952E-01 
       386  1.378917792E-01  1.862393165E-01  1.392095884E-01  1.231889566E+05  2.212073790E+02  3.528345817E+02  3.100281672E+02  3.306854783E+02  9.686549190E-01 
       387  1.379128913E-01  1.862912877E-01  1.431056120E-01  1.232261080E+05  2.211296694E+02  3.528827427E+02  3.098781801E+02  3.288501379E+02  9.686350714E-01 
       388  1.379274402E-01  1.863453723E-01  1.469999959E-01  1.233051069E+05  2.202542439E+02  3.537096586E+02  3.106291585E+02  3.219233088E+02  9.710491449E-01 
       389 -3.389247132E-02  1.007789921E-01 -4.300551245E-02  8.755072900E+04  1.539420986E+02  3.330634403E+02  2.762465534E+02  2.357900391E+02  8.594863489E-01 
       390 -3.372456358E-02  1.010433636E-01 -4.002223516E-02  8.747374112E+04  1.545346118E+02  3.330195461E+02  2.761736971E+02  2.364857575E+02  8.588661327E-01 
       391 -3.329024078E-02  1.014074167E-01 -3.707963811E-02  8.736566202E+04  1.550728584E+02  3.329712279E+02  2.760935780E+02  2.370617930E+02  8.582360540E-01 
       392 -3.255620303E-02  1.018883264E-01 -3.421559131E-02  8.723481178E+04  1.557913078E+02  3.328921722E+02  2.759624836E+02  2.377557980E+02  8.571256943E-01 
       393 -3.153373485E-02  1.024554568E-01 -3.145384174E-02  8.710328757E+04  1.566467758E+02  3.328006881E+02  2.758108018E+02  2.387052969E+02  8.562070606E-01 
       394 -3.028950121E-02  1.031058036E-01 -2.880322264E-02  8.700014737E+04  1.572944178E+02  3.327387338E+02  2.757081659E+02  2.393979517E+02  8.555627202E-01 
       395 -2.888173412E-02  1.037838005E-01 -2.624318977E-02  8.692009631E+04  1.579316761E+02  3.326932139E+02  2.756327204E+02  2.400098844E+02  8.547128472E-01 
       396 -2.733119538E-02  1.044792183E-01 -2.377110822E-02  8.686115147E+04  1.584885326E+02  3.326612104E+02  2.755797309E+02  2.407189408E+02  8.547607440E-01 
       397 -2.568342124E-02  1.052055751E-01 -2.135968630E-02  8.674907974E+04  1.589879839E+02  3.326110438E+02  2.754965804E+02  2.413798889E+02  8.548031858E-01 
       398 -2.397735570E-02  1.059146334E-01 -1.899049647E-02  8.654453336E+04  1.595894372E+02  3.325051683E+02  2.753212709E+02  2.424442906E+02  8.558477871E-01 
       399 -2.220871387E-02  1.066063154E-01 -1.667396516E-02  8.620712595E+04  1.606210916E+02  3.323196244E+02  2.750140810E+02  2.442066929E+02  8.569834582E-01 
       400 -2.041003203E-02  1.073389070E-01 -1.437512078E-02  8.563003052E+04  1.622765392E+02  3.320126228E+02  2.745062410E+02  2.467001320E+02  8.573799643E-01 
       401 -1.856976066E-02  1.079715131E-01 -1.211630566E-02  8.487002933E+04  1.653525153E+02  3.315723993E+02  2.737787547E+02  2.500952173E+02  8.534798649E-01 
       402 -1.670953655E-02  1.086522831E-01 -9.860640570E-03  8.421773608E+04  1.686043471E+02  3.312393667E+02  2.732291053E+02  2.526723951E+02  8.458608877E-01 
       403 -1.482329113E-02  1.093026603E-01 -7.620995183E-03  8.419630428E+04  1.716651820E+02  3.312121791E+02  2.731842972E+02  2.532788450E+02  8.322970720E-01 
       404 -1.292306254E-02  1.099268373E-01 -5.385291055E-03  8.515474585E+04  1.721810789E+02  3.317605171E+02  2.740897055E+02  2.501803017E+02  8.193394653E-01 
       405 -1.101845801E-02  1.105590611E-01 -3.137660868E-03  8.693479349E+04  1.707755468E+02  3.327294357E+02  2.756931192E+02  2.442780234E+02  8.074509876E-01 
       406 -9.120841472E-03  1.111701815E-01 -8.914052251E-04  8.935572147E+04  1.672900771E+02  3.340842271E+02  2.779431859E+02  2.354626120E+02  7.985415896E-01 
       407 -7.240675928E-03  1.117476218E-01  1.353994698E-03  9.300254884E+04  1.638124266E+02  3.358996535E+02  2.809724765E+02  2.231890193E+02  7.815468381E-01 
       408 -5.370549944E-03  1.123083196E-01  3.627204146E-03  9.647182520E+04  1.634579363E+02  3.377569857E+02  2.840877306E+02  2.079510608E+02  7.400539778E-01 
       409 -3.530590186E-03  1.128981262E-01  5.933484609E-03  9.851552579E+04  1.719369638E+02  3.388441207E+02  2.859199402E+02  2.022362529E+02  6.779761340E-01 
       410 -1.726912218E-03  1.134387153E-01  8.259926622E-03  9.815398340E+04  1.855229597E+02  3.385142970E+02  2.853626256E+02  2.044744434E+02  6.056302637E-01 
       411  3.734044288E-05  1.140039107E-01  1.062617763E-02  9.735604810E+04  1.947020350E+02  3.381098490E+02  2.846812654E+02  2.090512400E+02  5.681653107E-01 
       412  1.740848712E-03  1.145879687E-01  1.302702968E-02  9.651298083E+04  2.020259456E+02  3.377344291E+02  2.840493393E+02  2.128011165E+02  5.396571117E-01 
       413  3.387617433E-03  1.151172021E-01  1.547343878E-02  9.594260309E+04  2.092631423E+02  3.373888409E+02  2.834685606E+02  2.165383266E+02  5.128953962E-01 
       414  4.957112811E-03  1.157081541E-01  1.796238578E-02  9.538610803E+04  2.158742893E+02  3.371106896E+02  2.830015936E+02  2.193014910E+02  4.872452142E-01 
       415  6.462677552E-03  1.163151534E-01  2.048609031E-02  9.460010205E+04  2.224453783E+02  3.367234020E+02  2.823516078E+02  2.231266799E+02  4.656913877E-01 
       416  7.926557233E-03  1.168909271E-01  2.304605918E-02  9.393050537E+04  2.282775571E+02  3.363689981E+02  2.817571476E+02  2.266784539E+02  4.476578385E-01 
       417  9.338612782E-03  1.175119790E-01  2.562398907E-02  9.363221055E+04  2.331176224E+02  3.361890173E+02  2.814556974E+02  2.287233983E+02  4.306502618E-01 
       418  1.068984297E-02  1.181121478E-01  2.822455248E-02  9.350379160E+04  2.375912995E+02  3.361165996E+02  2.813343660E+02  2.300617565E+02  4.132779752E-01 
       419  1.198650266E-02  1.187330819E-01  3.085849659E-02  9.342398320E+04  2.422026405E+02  3.360651375E+02  2.812482736E+02  2.316331568E+02  3.961374928E-01 
       420  1.322982934E-02  1.193430432E-01  3.352159396E-02  9.344607501E+04  2.465238045E+02  3.360694490E+02  2.812555099E+02  2.327052096E+02  3.786895325E-01 
       421  1.439865389E-02  1.199672983E-01  3.621509854E-02  9.363791534E+04  2.503160784E+02  3.361725119E+02  2.814280565E+02  2.330880259E+02  3.617924525E-01 
       422  1.553995729E-02  1.205631245E-01  3.892438234E-02  9.406002576E+04  2.535873068E+02  3.363828983E+02  2.817805315E+02  2.325401413E+02  3.442697799E-01 
       423  1.662952250E-02  1.211745408E-01  4.165332372E-02  9.459618610E+04  2.563054498E+02  3.366539892E+02  2.822348359E+02  2.316347901E+02  3.287014315E-01 
       424  1.764894372E-02  1.217373945E-01  4.441857664E-02  9.530042053E+04  2.584538616E+02  3.370065800E+02  2.828265003E+02  2.299512635E+02  3.131392902E-01 
       425  1.861873940E-02  1.222791769E-01  4.720617614E-02  9.627898460E+04  2.602341779E+02  3.374861980E+02  2.836321726E+02  2.274820345E+02  2.968258086E-01 
       426  1.950820179E-02  1.228336643E-01  5.001741530E-02  9.723590436E+04  2.619785343E+02  3.379585896E+02  2.844266682E+02  2.247310812E+02  2.796223382E-01 
       427  2.036944420E-02  1.233245632E-01  5.285072558E-02  9.818037027E+04  2.639140946E+02  3.384005442E+02  2.851711686E+02  2.224697805E+02  2.628594276E-01 
       428  2.117157025E-02  1.238295963E-01  5.569831964E-02  9.917475378E+04  2.653890886E+02  3.389063277E+02  2.860243626E+02  2.196723492E+02  2.469012470E-01 
       429  2.190592593E-02  1.242947792E-01  5.857026217E-02  1.001147576E+05  2.671200314E+02  3.393435450E+02  2.867627859E+02  2.171088905E+02  2.300097132E-01 
       430  2.257248913E-02  1.247551336E-01  6.145961794E-02  1.009705659E+05  2.687234707E+02  3.397676458E+02  2.874800568E+02  2.145857878E+02  2.140504727E-01 
       431  2.314781749E-02  1.251835029E-01  6.437124902E-02  1.017060681E+05  2.706395473E+02  3.401066809E+02  2.880537715E+02  2.123769903E+02  1.969778519E-01 
       432  2.363318974E-02  1.255957621E-01  6.730774801E-02  1.023460386E+05  2.729128728E+02  3.403867671E+02  2.885284288E+02  2.107726140E+02  1.798986114E-01 
       433  2.402789138E-02  1.260195069E-01  7.025072331E-02  1.029004580E+05  2.751713734E+02  3.406882477E+02  2.890397491E+02  2.093801775E+02  1.636497211E-01 
       434  2.431727977E-02  1.264030352E-01  7.321094069E-02  1.033804502E+05  2.777751846E+02  3.409386406E+02  2.894647713E+02  2.085185528E+02  1.469004462E-01 
       435  2.453016930E-02  1.268032789E-01  7.617447467E-02  1.037218665E+05  2.806240158E+02  3.411376200E+02  2.898027005E+02  2.083295345E+02  1.312692512E-01 
       436  2.462079541E-02  1.271795605E-01  7.915094878E-02  1.038139576E+05  2.839982176E+02  3.412134521E+02  2.899315124E+02  2.091149642E+02  1.158992096E-01 
       437  2.463902970E-02  1.275610820E-01  8.212637731E-02  1.033719883E+05  2.881877093E+02  3.410283089E+02  2.896169810E+02  2.113070974E+02  1.012302880E-01 
       438  2.457492051E-02  1.279220853E-01  8.510260082E-02  1.024994928E+05  2.927498099E+02  3.406153802E+02  2.889161160E+02  2.152141653E+02  9.126019538E-02 
       439  2.441429013E-02  1.282749863E-01  8.807550525E-02  1.011908067E+05  2.965990380E+02  3.400272819E+02  2.879193155E+02  2.204412391E+02  9.129994023E-02 
       440  2.420234297E-02  1.286273229E-01  9.105186832E-02  1.003972098E+05  2.973984586E+02  3.396407589E+02  2.872650011E+02  2.238349906E+02  1.024648366E-01 
       441  2.388558350E-02  1.289647853E-01  9.401845916E-02  1.004607756E+05  2.955929514E+02  3.396541907E+02  2.872877737E+02  2.240711813E+02  1.160443485E-01 
       442  2.351928731E-02  1.293134864E-01  9.696958543E-02  1.009724440E+05  2.928145978E+02  3.399036072E+02  2.877099145E+02  2.225460792E+02  1.284217410E-01 
       443  2.306449285E-02  1.296327241E-01  9.991680403E-02  1.017500620E+05  2.899277182E+02  3.402788467E+02  2.883455267E+02  2.195450630E+02  1.353421495E-01 
       444  2.257188759E-02  1.299515661E-01  1.028605699E-01  1.027316836E+05  2.870039778E+02  3.407206268E+02  2.890947227E+02  2.163440151E+02  1.418475006E-01 
       445  2.201092100E-02  1.302726916E-01  1.057899135E-01  1.038479797E+05  2.837619548E+02  3.412461265E+02  2.899871253E+02  2.126376176E+02  1.486191585E-01 
       446  2.143382683E-02  1.305960230E-01  1.087107054E-01  1.049457273E+05  2.805843742E+02  3.418056966E+02  2.909389561E+02  2.083536683E+02  1.531154080E-01 
       447  2.076802587E-02  1.309307408E-01  1.116221513E-01  1.058563306E+05  2.780213833E+02  3.423867035E+02  2.919288559E+02  2.037913685E+02  1.531805340E-01 
       448  2.010215597E-02  1.312657467E-01  1.145293522E-01  1.065091484E+05  2.766670570E+02  3.428433781E+02  2.927080345E+02  2.009170504E+02  1.524561723E-01 
       449  1.945135245E-02  1.316056955E-01  1.174374795E-01  1.069483690E+05  2.765087736E+02  3.431238158E+02  2.931869807E+02  2.000897255E+02  1.521855714E-01 
       450  1.885387307E-02  1.319548677E-01  1.203553293E-01  1.072386216E+05  2.771016257E+02  3.432440679E+02  2.933924544E+02  2.006392580E+02  1.525359439E-01 
       451  1.837479322E-02  1.322913677E-01  1.233018373E-01  1.074464121E+05  2.771252594E+02  3.433880758E+02  2.936387844E+02  2.006846943E+02  1.546522835E-01 
       452  1.811263581E-02  1.325954541E-01  1.262715907E-01  1.075631929E+05  2.770950203E+02  3.435041723E+02  2.938373356E+02  2.009190445E+02  1.577143008E-01 
       453  1.805653049E-02  1.328847135E-01  1.292554963E-01  1.076029827E+05  2.773985491E+02  3.435473590E+02  2.939112277E+02  2.017599077E+02  1.610882638E-01 
       454  1.819877737E-02  1.331672438E-01  1.322380588E-01  1.075553760E+05  2.778936052E+02  3.435351889E+02  2.938904113E+02  2.028785839E+02  1.643516833E-01 
       455  1.852494771E-02  1.334510277E-01  1.352129826E-01  1.074273901E+05  2.784993629E+02  3.434659800E+02  2.937720160E+02  2.042563127E+02  1.680889511E-01 
       456  1.890761882E-02  1.337081709E-01  1.381756048E-01  1.071774811E+05  2.791390041E+02  3.433403938E+02  2.935571735E+02  2.057520143E+02  1.718706439E-01 
       457  1.937808835E-02  1.339540030E-01  1.411279949E-01  1.068760321E+05  2.799140296E+02  3.431958869E+02  2.933101172E+02  2.073354633E+02  1.751224232E-01 
       458  1.989552602E-02  1.341916383E-01  1.440726902E-01  1.066044868E+05  2.807164974E+02  3.430719255E+02  2.930982262E+02  2.089641181E+02  1.783682898E-01 
       459  2.048114376E-02  1.344526817E-01  1.469999956E-01  1.063181597E+05  2.817861347E+02  3.428961449E+02  2.927961378E+02  2.109773836E+02  1.810253588E-01 
       460 -4.772920012E-02  1.664853148E-01 -4.258181757E-02  8.252458636E+04  1.813564398E+02  3.302801515E+02  2.716488034E+02  3.429239471E+02  1.013424947E+00 
       461 -4.770031945E-02  1.666117663E-01 -3.916302660E-02  8.228325665E+04  1.820949314E+02  3.301102676E+02  2.713695323E+02  3.438562057E+02  1.012591014E+00 
       462 -4.768621633E-02  1.667606858E-01 -3.574527808E-02  8.186376379E+04  1.827446935E+02  3.299041867E+02  2.710307994E+02  3.448252711E+02  1.012148658E+00 
       463 -4.773671611E-02  1.669008759E-01 -3.232563070E-02  8.131552344E+04  1.845213337E+02  3.295523081E+02  2.704531231E+02  3.467058020E+02  1.009549469E+00 
       464 -4.779814392E-02  1.670685917E-01 -2.890641835E-02  8.070186865E+04  1.865575762E+02  3.291693764E+02  2.698248510E+02  3.491649570E+02  1.007162213E+00 
       465 -4.772832030E-02  1.672854950E-01 -2.549705171E-02  8.002317627E+04  1.882310336E+02  3.288306623E+02  2.692699194E+02  3.503736796E+02  1.003781335E+00 
       466 -4.733274936E-02  1.676197526E-01 -2.211766833E-02  7.941191455E+04  1.912733481E+02  3.284093747E+02  2.685804458E+02  3.536387029E+02  9.995651841E-01 
       467 -4.646629434E-02  1.680852894E-01 -1.884685997E-02  7.947747778E+04  1.928909729E+02  3.284605147E+02  2.686642699E+02  3.530315068E+02  9.928044081E-01 
       468 -4.497458874E-02  1.687177674E-01 -1.583913045E-02  8.149424902E+04  1.903697429E+02  3.296778774E+02  2.706615434E+02  3.477832851E+02  9.917697329E-01 
       469 -4.311049959E-02  1.694263862E-01 -1.306511329E-02  8.480818213E+04  1.847512393E+02  3.315739546E+02  2.737840466E+02  3.395061054E+02  9.964984749E-01 
       470 -4.101650432E-02  1.701661907E-01 -1.047820325E-02  8.760055127E+04  1.791008768E+02  3.330625648E+02  2.762453690E+02  3.312475491E+02  1.002201941E+00 
       471 -3.872443978E-02  1.709287414E-01 -8.043812788E-03  8.761837744E+04  1.767733505E+02  3.330517068E+02  2.762275159E+02  3.311961017E+02  1.010167980E+00 
       472 -3.634257562E-02  1.716543837E-01 -5.706210795E-03  8.547722705E+04  1.791352825E+02  3.318392010E+02  2.742208328E+02  3.377384319E+02  1.012714639E+00 
       473 -3.384972842E-02  1.724025179E-01 -3.469956820E-03  8.156082129E+04  1.860772054E+02  3.296654208E+02  2.706420722E+02  3.489080787E+02  1.008555055E+00 
       474 -3.133060076E-02  1.731099844E-01 -1.271304633E-03  7.706651538E+04  1.969362062E+02  3.270244434E+02  2.663231734E+02  3.616042054E+02  9.955673157E-01 
       475 -2.873453975E-02  1.737912906E-01  8.535856133E-04  7.325295898E+04  2.063904772E+02  3.247106686E+02  2.625666895E+02  3.727640171E+02  9.858992957E-01 
       476 -2.611690126E-02  1.744247281E-01  2.958268427E-03  7.062582190E+04  2.138846893E+02  3.229982977E+02  2.598034339E+02  3.801939683E+02  9.760020562E-01 
       477 -2.348835128E-02  1.750433393E-01  5.058280838E-03  6.955894415E+04  2.173575632E+02  3.223185951E+02  2.587114629E+02  3.835815835E+02  9.717511316E-01 
       478 -2.083113736E-02  1.756162102E-01  7.133742148E-03  6.967440771E+04  2.190856647E+02  3.222915077E+02  2.586681418E+02  3.840796614E+02  9.668615460E-01 
       479 -1.816607045E-02  1.761555279E-01  9.209141426E-03  7.014681787E+04  2.200980377E+02  3.227504902E+02  2.594054937E+02  3.817107639E+02  9.582153521E-01 
       480 -1.549262448E-02  1.766467189E-01  1.128626304E-02  7.269880591E+04  2.211536188E+02  3.243512640E+02  2.619930878E+02  3.758137255E+02  9.426040165E-01 
       481 -1.281959455E-02  1.771087169E-01  1.337222607E-02  8.285345294E+04  2.138363390E+02  3.303882220E+02  2.718485823E+02  3.488704662E+02  9.169607395E-01 
       482 -1.015361520E-02  1.775059034E-01  1.547159933E-02  9.871011316E+04  2.065623055E+02  3.385884876E+02  2.854921082E+02  3.038164916E+02  8.732545637E-01 
       483 -7.491200012E-03  1.778633735E-01  1.757589553E-02  9.658547949E+04  2.186737871E+02  3.378657408E+02  2.842760096E+02  3.107009220E+02  8.398764078E-01 
       484 -4.837064878E-03  1.782590199E-01  1.971143984E-02  8.940114453E+04  2.304918432E+02  3.341086740E+02  2.779865198E+02  3.312929974E+02  8.302538730E-01 
       485 -2.188499166E-03  1.785530451E-01  2.185094162E-02  8.843364664E+04  2.305315996E+02  3.338470252E+02  2.775493013E+02  3.344164340E+02  8.353376780E-01 
       486  4.329096806E-04  1.787998193E-01  2.404680664E-02  8.884924365E+04  2.343886166E+02  3.339441986E+02  2.777106705E+02  3.339111347E+02  8.220944554E-01 
       487  3.027224691E-03  1.790317150E-01  2.627094405E-02  8.877272485E+04  2.373544190E+02  3.338099318E+02  2.774870911E+02  3.353482358E+02  8.146601813E-01 
       488  5.626976121E-03  1.792222402E-01  2.847807669E-02  8.944300037E+04  2.388360198E+02  3.341878848E+02  2.781157613E+02  3.348678024E+02  8.090986498E-01 
       489  8.191038637E-03  1.793338257E-01  3.074695743E-02  9.157260107E+04  2.388991697E+02  3.353136744E+02  2.799945147E+02  3.287100101E+02  7.991505628E-01 
       490  1.074058355E-02  1.794129340E-01  3.303046409E-02  9.510677951E+04  2.374974381E+02  3.370605547E+02  2.829220959E+02  3.188939455E+02  7.890066522E-01 
       491  1.325979491E-02  1.793970135E-01  3.532576038E-02  9.932585291E+04  2.351066473E+02  3.390741730E+02  2.863126535E+02  3.072605069E+02  7.804498384E-01 
       492  1.577166567E-02  1.793535417E-01  3.765132951E-02  1.029978706E+05  2.332399144E+02  3.407623682E+02  2.891685505E+02  2.973557868E+02  7.735261302E-01 
       493  1.825553626E-02  1.792503646E-01  4.000403552E-02  1.054269132E+05  2.323194044E+02  3.419026446E+02  2.911054592E+02  2.907506380E+02  7.682591798E-01 
       494  2.071273564E-02  1.790845686E-01  4.238164633E-02  1.072484758E+05  2.319232916E+02  3.427916745E+02  2.926211913E+02  2.862068030E+02  7.641301507E-01 
       495  2.315348782E-02  1.789033294E-01  4.476881837E-02  1.092999253E+05  2.317690382E+02  3.437101755E+02  2.941909533E+02  2.814737639E+02  7.590435445E-01 
       496  2.554611962E-02  1.786610662E-01  4.720294885E-02  1.113337173E+05  2.310707626E+02  3.446902599E+02  2.958714085E+02  2.755605087E+02  7.551034596E-01 
       497  2.790553153E-02  1.783591187E-01  4.966367300E-02  1.130794197E+05  2.305896797E+02  3.455284872E+02  2.973119106E+02  2.703997774E+02  7.512566224E-01 
       498  3.023553076E-02  1.780531658E-01  5.215009418E-02  1.146311041E+05  2.301377771E+02  3.462491581E+02  2.985530534E+02  2.658851941E+02  7.483463967E-01 
       499  3.255140683E-02  1.777481834E-01  5.464573084E-02  1.160463039E+05  2.299924181E+02  3.468205798E+02  2.995393720E+02  2.626375692E+02  7.460339139E-01 
       500  3.480321611E-02  1.773622653E-01  5.719033452E-02  1.172421564E+05  2.296961228E+02  3.473144188E+02  3.003926177E+02  2.595905485E+02  7.442801236E-01 
       501  3.704366447E-02  1.769956776E-01  5.978074099E-02  1.180622346E+05  2.299589694E+02  3.476613164E+02  3.009928126E+02  2.575220902E+02  7.416106588E-01 
       502  3.923116288E-02  1.766153691E-01  6.237867612E-02  1.185909971E+05  2.304049499E+02  3.479131670E+02  3.014289703E+02  2.559601092E+02  7.387021370E-01 
       503  4.136429871E-02  1.761773997E-01  6.501205622E-02  1.189549544E+05  2.310127386E+02  3.480832009E+02  3.017236099E+02  2.547676250E+02  7.353555940E-01 
       504  4.348069858E-02  1.757484529E-01  6.766046190E-02  1.191997495E+05  2.314783626E+02  3.481796169E+02  3.018907518E+02  2.542769737E+02  7.333453353E-01 
       505  4.554226392E-02  1.753162813E-01  7.034950997E-02  1.193653125E+05  2.318635635E+02  3.482437458E+02  3.020019350E+02  2.537146149E+02  7.316392995E-01 
       506  4.756665315E-02  1.748560179E-01  7.306168772E-02  1.194389442E+05  2.322807552E+02  3.482708895E+02  3.020489841E+02  2.536271667E+02  7.301722323E-01 
       507  4.956604909E-02  1.743615796E-01  7.580968578E-02  1.194305257E+05  2.327989848E+02  3.482489091E+02  3.020108836E+02  2.535382854E+02  7.282871739E-01 
       508  5.152654947E-02  1.738670862E-01  7.855886540E-02  1.191987089E+05  2.332862440E+02  3.481352019E+02  3.018136631E+02  2.544202173E+02  7.274419181E-01 
       509  5.347325952E-02  1.733659220E-01  8.131742073E-02  1.189028315E+05  2.333273731E+02  3.480226626E+02  3.016185801E+02  2.551749331E+02  7.283707535E-01 
       510  5.541917190E-02  1.728212690E-01  8.412523757E-02  1.191937580E+05  2.333158396E+02  3.481075314E+02  3.017657317E+02  2.547197028E+02  7.282349911E-01 
       511  5.731737707E-02  1.722438844E-01  8.698058411E-02  1.195931682E+05  2.334350789E+02  3.482562166E+02  3.020236460E+02  2.537446723E+02  7.269993755E-01 
       512  5.917186437E-02  1.716911252E-01  8.979478553E-02  1.198011308E+05  2.338283723E+02  3.483668898E+02  3.022157296E+02  2.533362709E+02  7.253192897E-01 
       513  6.096387184E-02  1.711643945E-01  9.255110888E-02  1.198268010E+05  2.345029738E+02  3.483835664E+02  3.022447491E+02  2.536573764E+02  7.231825814E-01 
       514  6.270700241E-02  1.705757992E-01  9.544380808E-02  1.197160305E+05  2.354930897E+02  3.483176384E+02  3.021303139E+02  2.540230970E+02  7.196031772E-01 
       515  6.442263795E-02  1.699823167E-01  9.834544530E-02  1.195290808E+05  2.365996484E+02  3.482110347E+02  3.019453040E+02  2.544016759E+02  7.156647724E-01 
       516  6.612271722E-02  1.694054111E-01  1.012510921E-01  1.193139933E+05  2.375110087E+02  3.481170707E+02  3.017823341E+02  2.550691586E+02  7.130002417E-01 
       517  6.776083839E-02  1.688452726E-01  1.042003507E-01  1.191365044E+05  2.380315667E+02  3.480540932E+02  3.016730300E+02  2.559936942E+02  7.121691301E-01 
       518  6.936215302E-02  1.682812898E-01  1.071729988E-01  1.190744471E+05  2.385295489E+02  3.480428087E+02  3.016535469E+02  2.564074267E+02  7.109445482E-01 
       519  7.082677073E-02  1.677321085E-01  1.102128146E-01  1.190878882E+05  2.395346299E+02  3.480546796E+02  3.016742911E+02  2.568738995E+02  7.075975807E-01 
       520  7.220712168E-02  1.672497044E-01  1.133584680E-01  1.190944642E+05  2.406674641E+02  3.481101316E+02  3.017706620E+02  2.574094052E+02  7.039020389E-01 
       521  7.342602904E-02  1.668557431E-01  1.165154693E-01  1.190169032E+05  2.412964566E+02  3.482492514E+02  3.020120621E+02  2.574072599E+02  7.017632998E-01 
       522  7.439926912E-02  1.665467988E-01  1.197652411E-01  1.188161888E+05  2.417051806E+02  3.483920794E+02  3.022597265E+02  2.575641859E+02  7.005851772E-01 
       523  7.498839543E-02  1.664581038E-01  1.231239650E-01  1.185528447E+05  2.420107250E+02  3.484911232E+02  3.024314327E+02  2.573196125E+02  6.997178644E-01 
       524  7.530423640E-02  1.665023734E-01  1.265249777E-01  1.183799514E+05  2.421152601E+02  3.485438027E+02  3.025227346E+02  2.569929495E+02  6.995499963E-01 
       525  7.543612494E-02  1.666233331E-01  1.299370256E-01  1.182482832E+05  2.430654964E+02  3.483997955E+02  3.022727261E+02  2.584538708E+02  6.978199519E-01 
       526  7.553122174E-02  1.667952118E-01  1.333496155E-01  1.181400105E+05  2.445179629E+02  3.481798296E+02  3.018912320E+02  2.606412196E+02  6.950611677E-01 
       527  7.566054780E-02  1.669469890E-01  1.367626796E-01  1.180878259E+05  2.453220844E+02  3.481603146E+02  3.018575249E+02  2.611681757E+02  6.931652464E-01 
       528  7.583993244E-02  1.671002891E-01  1.401745263E-01  1.180418644E+05  2.451573132E+02  3.484446106E+02  3.023517215E+02  2.600298259E+02  6.936535714E-01 
       529  7.600645069E-02  1.672586086E-01  1.435869327E-01  1.179241112E+05  2.433224354E+02  3.491189637E+02  3.035252061E+02  2.555450764E+02  6.983427741E-01 
       530  7.611546960E-02  1.674572299E-01  1.470000031E-01  1.179516785E+05  2.384282963E+02  3.501465943E+02  3.053972311E+02  2.460987356E+02  7.115083695E-01 
       531 -5.220359409E-02  2.342994603E-01 -4.210986580E-02  8.162120047E+04  1.833506266E+02  3.296268210E+02  2.706589808E+02  4.443598691E+02  1.145473627E+00 
       532 -5.220192467E-02  2.343108577E-01 -3.821952920E-02  8.089965750E+04  1.861611489E+02  3.292646689E+02  2.699812618E+02  4.461109633E+02  1.140373772E+00 
       533 -5.220302368E-02  2.343278434E-01 -3.432921672E-02  8.108194217E+04  1.861848764E+02  3.294091383E+02  2.702184660E+02  4.456206969E+02  1.139837464E+00 
       534 -5.220531674E-02  2.343446645E-01 -3.043898101E-02  8.245731734E+04  1.825869102E+02  3.302292339E+02  2.715671916E+02  4.422106007E+02  1.145305044E+00 
       535 -5.220735409E-02  2.343651870E-01 -2.654892396E-02  8.442290088E+04  1.775110703E+02  3.313781242E+02  2.734599361E+02  4.380731888E+02  1.153821863E+00 
       536 -5.221355576E-02  2.343966826E-01 -2.266385481E-02  8.571214867E+04  1.735332776E+02  3.321378857E+02  2.747138819E+02  4.349934707E+02  1.160760351E+00 
       537 -5.221196162E-02  2.344309954E-01 -1.877454498E-02  8.555346532E+04  1.727540195E+02  3.319654538E+02  2.744294699E+02  4.353233922E+02  1.162977588E+00 
       538 -5.222596507E-02  2.344687402E-01 -1.488167101E-02  8.394905748E+04  1.764132406E+02  3.309268987E+02  2.727161471E+02  4.402217818E+02  1.158651356E+00 
       539 -5.222923531E-02  2.345160018E-01 -1.099302079E-02  8.167018665E+04  1.822075223E+02  3.296904178E+02  2.706816666E+02  4.441549289E+02  1.148258450E+00 
       540 -5.210275326E-02  2.345957540E-01 -7.104134264E-03  7.998462872E+04  1.870705543E+02  3.289349147E+02  2.694412550E+02  4.478227202E+02  1.140288755E+00 
       541 -5.114101036E-02  2.348545508E-01 -3.375994418E-03  7.979867683E+04  1.876411662E+02  3.289627229E+02  2.694864965E+02  4.480596108E+02  1.139308884E+00 
       542 -4.917766965E-02  2.353023755E-01 -5.047413344E-05  8.030090942E+04  1.867967033E+02  3.292391787E+02  2.699398527E+02  4.479630728E+02  1.141796350E+00 
       543 -4.661414278E-02  2.358651253E-01  2.823323178E-03  8.130651978E+04  1.842501745E+02  3.299057083E+02  2.710344987E+02  4.453209305E+02  1.145393733E+00 
       544 -4.374488282E-02  2.364440537E-01  5.350106892E-03  8.444000177E+04  1.765666640E+02  3.317082653E+02  2.740059142E+02  4.382363892E+02  1.157347122E+00 
       545 -4.059796688E-02  2.370222596E-01  7.583171126E-03  8.891141705E+04  1.652577325E+02  3.338332264E+02  2.775265636E+02  4.286369734E+02  1.176356822E+00 
       546 -3.738701819E-02  2.375676250E-01  9.702642239E-03  8.799133362E+04  1.677905859E+02  3.332301922E+02  2.765269284E+02  4.313322840E+02  1.172469371E+00 
       547 -3.407522408E-02  2.380263225E-01  1.169481074E-02  8.235207776E+04  1.838763289E+02  3.301901793E+02  2.715073032E+02  4.435927253E+02  1.144156395E+00 
       548 -3.073065008E-02  2.384984497E-01  1.361793802E-02  7.951523236E+04  1.914115827E+02  3.286576967E+02  2.689876347E+02  4.501756310E+02  1.132288318E+00 
       549 -2.732884007E-02  2.388770261E-01  1.546643341E-02  8.103580273E+04  1.869855261E+02  3.294974318E+02  2.703644085E+02  4.471787682E+02  1.140148316E+00 
       550 -2.390908864E-02  2.392176502E-01  1.728468609E-02  8.195354022E+04  1.847576366E+02  3.300040507E+02  2.711963102E+02  4.445337698E+02  1.143041892E+00 
       551 -2.044822495E-02  2.394794424E-01  1.908927170E-02  8.123374124E+04  1.862089281E+02  3.296485093E+02  2.706119059E+02  4.449384830E+02  1.140410457E+00 
       552 -1.699643969E-02  2.397114515E-01  2.086461287E-02  8.081977991E+04  1.881976373E+02  3.293964581E+02  2.701991372E+02  4.460150347E+02  1.137365138E+00 
       553 -1.354033893E-02  2.398615604E-01  2.263394957E-02  8.089728320E+04  1.870680866E+02  3.295219231E+02  2.704060707E+02  4.459511089E+02  1.141039476E+00 
       554 -1.007792796E-02  2.399171479E-01  2.439846914E-02  8.120300989E+04  1.859188163E+02  3.297818646E+02  2.708323498E+02  4.443090844E+02  1.143759646E+00 
       555 -6.592279415E-03  2.399646350E-01  2.619220728E-02  8.054995581E+04  1.885093398E+02  3.291949272E+02  2.698683634E+02  4.453352718E+02  1.139800146E+00 
       556 -3.124907716E-03  2.398994093E-01  2.794309000E-02  7.897974365E+04  1.903903980E+02  3.282768784E+02  2.683672543E+02  4.454496403E+02  1.138793081E+00 
       557  3.338943067E-04  2.398017910E-01  2.968583889E-02  1.012634625E+05  2.074509148E+02  3.402638116E+02  2.883333399E+02  3.967756593E+02  1.052582659E+00 
       558  3.794068913E-03  2.396169640E-01  3.144821874E-02  9.933685132E+04  2.118310423E+02  3.394027290E+02  2.868703918E+02  4.033836775E+02  1.047534667E+00 
       559  7.248441593E-03  2.393064044E-01  3.320284907E-02  9.491350635E+04  2.108221245E+02  3.374865150E+02  2.836354170E+02  4.124188480E+02  1.057876639E+00 
       560  1.068879679E-02  2.389885178E-01  3.498866898E-02  9.205174902E+04  2.120631032E+02  3.361058283E+02  2.813200541E+02  4.174559116E+02  1.058231801E+00 
       561  1.412543948E-02  2.386075767E-01  3.676435012E-02  8.931756323E+04  2.150380864E+02  3.345817795E+02  2.787730427E+02  4.259319849E+02  1.057961468E+00 
       562  1.753589177E-02  2.380598424E-01  3.855175648E-02  8.840654199E+04  2.162644138E+02  3.341573982E+02  2.780680180E+02  4.273534393E+02  1.057014085E+00 
       563  2.093820079E-02  2.375000001E-01  4.035454522E-02  9.137577441E+04  2.137237186E+02  3.360578499E+02  2.812438622E+02  4.182685490E+02  1.054839030E+00 
       564  2.432947450E-02  2.368878370E-01  4.215773147E-02  1.032045461E+05  2.074379939E+02  3.419457473E+02  2.912204348E+02  3.916544251E+02  1.057014192E+00 
       565  2.770729830E-02  2.361795572E-01  4.394886350E-02  1.231371716E+05  1.993037333E+02  3.499868155E+02  3.050573301E+02  3.517896862E+02  1.064002071E+00 
       566  3.105826597E-02  2.354459967E-01  4.578622705E-02  1.294868019E+05  1.966431301E+02  3.523260961E+02  3.091271586E+02  3.403983440E+02  1.071075548E+00 
       567  3.438758923E-02  2.346372217E-01  4.762879820E-02  1.227214168E+05  1.950053551E+02  3.503724742E+02  3.057112538E+02  3.512804345E+02  1.070632265E+00 
       568  3.771502906E-02  2.337669833E-01  4.947240569E-02  1.179520198E+05  1.986229019E+02  3.487400799E+02  3.028643949E+02  3.593986719E+02  1.057676174E+00 
       569  4.101460083E-02  2.329246351E-01  5.135281935E-02  1.196236151E+05  2.012170277E+02  3.493166165E+02  3.038665552E+02  3.549191737E+02  1.049001401E+00 
       570  4.428347740E-02  2.319960665E-01  5.324515281E-02  1.227021044E+05  2.022796639E+02  3.505580454E+02  3.060298097E+02  3.466771262E+02  1.044323259E+00 
       571  4.749748393E-02  2.310181580E-01  5.520824782E-02  1.235870161E+05  2.038384113E+02  3.510398140E+02  3.068710098E+02  3.457939239E+02  1.039041147E+00 
       572  5.066691057E-02  2.300652086E-01  5.723980181E-02  1.237721334E+05  2.060261141E+02  3.511534853E+02  3.070697096E+02  3.458727974E+02  1.032198432E+00 
       573  5.379140778E-02  2.290521307E-01  5.932353399E-02  1.243224501E+05  2.085530288E+02  3.513632169E+02  3.074368200E+02  3.439032518E+02  1.024065755E+00 
       574  5.683956615E-02  2.279793322E-01  6.149869556E-02  1.248715083E+05  2.119414034E+02  3.514911880E+02  3.076607542E+02  3.420793285E+02  1.012863211E+00 
       575  5.985072913E-02  2.269370111E-01  6.373374277E-02  1.248774043E+05  2.159121075E+02  3.514660015E+02  3.076167660E+02  3.410994797E+02  1.000272617E+00 
       576  6.280959972E-02  2.258492183E-01  6.601505396E-02  1.244308874E+05  2.194490774E+02  3.514175851E+02  3.075321134E+02  3.416798730E+02  9.890066194E-01 
       577  6.573461678E-02  2.247295145E-01  6.832363097E-02  1.239742720E+05  2.229176757E+02  3.513285627E+02  3.073761520E+02  3.432052088E+02  9.784389269E-01 
       578  6.865501872E-02  2.236625994E-01  7.064894084E-02  1.233729901E+05  2.256347082E+02  3.512315425E+02  3.072063461E+02  3.441124883E+02  9.698495816E-01 
       579  7.151541969E-02  2.224865137E-01  7.302188293E-02  1.220157456E+05  2.283440075E+02  3.506529436E+02  3.061954250E+02  3.449497218E+02  9.604987204E-01 
       580  7.433322259E-02  2.213060150E-01  7.543149031E-02  1.213131567E+05  2.282376914E+02  3.503906622E+02  3.057376719E+02  3.456043406E+02  9.595157746E-01 
       581  7.711325138E-02  2.201536844E-01  7.789825066E-02  1.231588914E+05  2.293053763E+02  3.511847743E+02  3.071253535E+02  3.406869973E+02  9.535650816E-01 
       582  7.981655167E-02  2.189959972E-01  8.044372180E-02  1.237196395E+05  2.316633546E+02  3.515192285E+02  3.077111773E+02  3.385622201E+02  9.442256447E-01 
       583  8.242371870E-02  2.177951216E-01  8.306797326E-02  1.233780024E+05  2.327756567E+02  3.514545803E+02  3.075982075E+02  3.382935085E+02  9.391199574E-01 
       584  8.497819178E-02  2.166305248E-01  8.576177505E-02  1.229413412E+05  2.332556642E+02  3.512691112E+02  3.072738760E+02  3.389820390E+02  9.367397565E-01 
       585  8.747465708E-02  2.155008942E-01  8.852176985E-02  1.225996208E+05  2.325881543E+02  3.511675234E+02  3.070963135E+02  3.391031718E+02  9.379454330E-01 
       586  8.983863293E-02  2.143275504E-01  9.137087988E-02  1.224290635E+05  2.316885865E+02  3.511102500E+02  3.069962950E+02  3.386389441E+02  9.397698622E-01 
       587  9.211779941E-02  2.131724912E-01  9.430579148E-02  1.224715402E+05  2.307018973E+02  3.511438300E+02  3.070554697E+02  3.374397350E+02  9.418798880E-01 
       588  9.424446159E-02  2.121023496E-01  9.738772987E-02  1.226596579E+05  2.290877922E+02  3.512905336E+02  3.073130900E+02  3.370693308E+02  9.465162874E-01 
       589  9.610967173E-02  2.111612431E-01  1.006666829E-01  1.228341520E+05  2.264641618E+02  3.514068675E+02  3.075173509E+02  3.367690782E+02  9.539978113E-01 
       590  9.742401869E-02  2.103903297E-01  1.042235364E-01  1.229131252E+05  2.230371191E+02  3.513483927E+02  3.074157930E+02  3.378624493E+02  9.640292499E-01 
       591  9.764724840E-02  2.101688920E-01  1.080985861E-01  1.229063035E+05  2.197815466E+02  3.510424953E+02  3.068801765E+02  3.395103106E+02  9.736549258E-01 
       592  9.763062643E-02  2.101108570E-01  1.119846410E-01  1.227555520E+05  2.193549062E+02  3.507454747E+02  3.063598126E+02  3.402315559E+02  9.748619676E-01 
       593  9.759894170E-02  2.100363093E-01  1.158782398E-01  1.225969078E+05  2.212649472E+02  3.511778328E+02  3.071162689E+02  3.397754073E+02  9.691570210E-01 
       594  9.760335841E-02  2.100041055E-01  1.197683889E-01  1.225969961E+05  2.224460617E+02  3.525090418E+02  3.094512826E+02  3.321915776E+02  9.645634152E-01 
       595  9.760552297E-02  2.099886023E-01  1.236588659E-01  1.226336263E+05  2.233353947E+02  3.542184632E+02  3.124592899E+02  3.156063396E+02  9.616295836E-01 
       596  9.760989540E-02  2.100145164E-01  1.275491461E-01  1.227079212E+05  2.252535554E+02  3.554224688E+02  3.145858186E+02  3.010951601E+02  9.572089945E-01 
       597  9.760550437E-02  2.100148949E-01  1.314412195E-01  1.229022617E+05  2.261317844E+02  3.560602980E+02  3.157172480E+02  3.008698921E+02  9.541648589E-01 
       598  9.762031038E-02  2.101034915E-01  1.353312483E-01  1.230056682E+05  2.270775816E+02  3.560096778E+02  3.156332196E+02  3.095303962E+02  9.496234113E-01 
       599  9.762506170E-02  2.101609083E-01  1.392228176E-01  1.230402632E+05  2.267638785E+02  3.553900193E+02  3.145393531E+02  3.181494849E+02  9.506536264E-01 
       600  9.764671237E-02  2.102092269E-01  1.431110049E-01  1.231390836E+05  2.244931512E+02  3.544375024E+02  3.128557842E+02  3.242010729E+02  9.580137916E-01 
       601  9.766256924E-02  2.102587391E-01  1.469999989E-01  1.232814141E+05  2.219736366E+02  3.538413372E+02  3.115257940E+02  3.279013739E+02  9.660994895E-01 
