nodenumber     x-coordinate     y-coordinate     z-coordinate         pressure velocity-magnitude      sound-speed      temperature rel-velocity-magnitude relative-velocity-angle 
         1 -2.216901913E-02  1.039879580E-01 -4.300600202E-02  8.755135254E+04  1.539503740E+02  3.330517769E+02  2.762271764E+02  2.357980759E+02  8.594540649E-01 
         2 -2.197401757E-02  1.042260031E-01 -4.002397295E-02  8.747177084E+04  1.544218922E+02  3.330094635E+02  2.761569736E+02  2.363358006E+02  8.589614388E-01 
         3 -2.150271627E-02  1.045375264E-01 -3.708169353E-02  8.736725397E+04  1.550443608E+02  3.329525518E+02  2.760625658E+02  2.370101779E+02  8.582197921E-01 
         4 -2.072290556E-02  1.049359494E-01 -3.421635317E-02  8.724734363E+04  1.557352905E+02  3.328893356E+02  2.759577980E+02  2.377392764E+02  8.573705312E-01 
         5 -1.964621854E-02  1.053757771E-01 -3.145501365E-02  8.711687183E+04  1.564462862E+02  3.328221455E+02  2.758463950E+02  2.385151739E+02  8.566259295E-01 
         6 -1.833909717E-02  1.058829391E-01 -2.880182754E-02  8.696865332E+04  1.572110763E+02  3.327454329E+02  2.757192240E+02  2.394192381E+02  8.560833577E-01 
         7 -1.686396899E-02  1.064019756E-01 -2.624136390E-02  8.681423511E+04  1.580001941E+02  3.326640539E+02  2.755844250E+02  2.403862658E+02  8.556765318E-01 
         8 -1.524276490E-02  1.069101094E-01 -2.376908005E-02  8.663621558E+04  1.589068470E+02  3.325676618E+02  2.754246888E+02  2.414526987E+02  8.550277743E-01 
         9 -1.353040875E-02  1.074492491E-01 -2.136449246E-02  8.640333826E+04  1.600979035E+02  3.324403872E+02  2.752139697E+02  2.427314889E+02  8.536006063E-01 
        10 -1.175719847E-02  1.079385502E-01 -1.899452623E-02  8.618161298E+04  1.614221253E+02  3.323183229E+02  2.750118535E+02  2.438855379E+02  8.510275595E-01 
        11 -9.920451205E-03  1.084473482E-01 -1.667649769E-02  8.607369617E+04  1.626677914E+02  3.322562158E+02  2.749091332E+02  2.447614474E+02  8.479102715E-01 
        12 -8.053093039E-03  1.089314126E-01 -1.437870322E-02  8.620305203E+04  1.632704462E+02  3.323263222E+02  2.750251336E+02  2.446736904E+02  8.449190771E-01 
        13 -6.139911673E-03  1.093816015E-01 -1.211111235E-02  8.667866187E+04  1.627021389E+02  3.325827179E+02  2.754496751E+02  2.433514123E+02  8.439441007E-01 
        14 -4.213714023E-03  1.098625599E-01 -9.853315987E-03  8.752267676E+04  1.604883080E+02  3.330450897E+02  2.762161369E+02  2.406340551E+02  8.472553045E-01 
        15 -2.267252226E-03  1.102821410E-01 -7.616721013E-03  8.856925586E+04  1.564641829E+02  3.335924473E+02  2.771248522E+02  2.370813723E+02  8.579416052E-01 
        16 -3.058463972E-04  1.106716081E-01 -5.380345181E-03  8.934370190E+04  1.499725680E+02  3.339898472E+02  2.777856836E+02  2.344035411E+02  8.854297213E-01 
        17  1.649896870E-03  1.110991589E-01 -3.144821902E-03  8.744030725E+04  1.464815106E+02  3.330023150E+02  2.761473064E+02  2.429507091E+02  9.346815366E-01 
        18  3.605378217E-03  1.114680886E-01 -8.997268064E-04  7.581587854E+04  1.741073349E+02  3.264005737E+02  2.653056645E+02  2.836865797E+02  9.384926483E-01 
        19  5.548952344E-03  1.118349081E-01  1.356589372E-03  6.996455603E+04  2.084413381E+02  3.227854261E+02  2.594633262E+02  3.068777392E+02  8.472614307E-01 
        20  7.472030685E-03  1.121892539E-01  3.633809071E-03  7.267058333E+04  2.117210756E+02  3.245380452E+02  2.622907620E+02  2.978275843E+02  7.914671972E-01 
        21  9.366594022E-03  1.125505666E-01  5.932977735E-03  7.629938177E+04  2.081720076E+02  3.267970531E+02  2.659527965E+02  2.853130529E+02  7.605624599E-01 
        22  1.122147558E-02  1.129077905E-01  8.263617067E-03  7.866560705E+04  2.087581182E+02  3.281740050E+02  2.681973549E+02  2.772150375E+02  7.273158697E-01 
        23  1.303284284E-02  1.132507638E-01  1.062953057E-02  8.029290040E+04  2.113410018E+02  3.290629140E+02  2.696514689E+02  2.717062620E+02  6.942148068E-01 
        24  1.479928419E-02  1.136234762E-01  1.303021626E-02  8.153375883E+04  2.156420869E+02  3.297163886E+02  2.707234004E+02  2.679541048E+02  6.588308732E-01 
        25  1.649617427E-02  1.139938279E-01  1.547769530E-02  8.262835785E+04  2.205594571E+02  3.302688687E+02  2.716312835E+02  2.648574407E+02  6.227387837E-01 
        26  1.811807173E-02  1.143837002E-01  1.797032872E-02  8.340040845E+04  2.260765548E+02  3.306376119E+02  2.722377362E+02  2.629574218E+02  5.880159838E-01 
        27  1.968166241E-02  1.148013513E-01  2.049621310E-02  8.354502087E+04  2.330493917E+02  3.306838951E+02  2.723138905E+02  2.632464952E+02  5.537043056E-01 
        28  2.119101764E-02  1.152299366E-01  2.305322148E-02  8.303846284E+04  2.416913182E+02  3.304314938E+02  2.718982550E+02  2.657794531E+02  5.187202723E-01 
        29  2.266338778E-02  1.156643914E-01  2.563116057E-02  8.241865979E+04  2.504269716E+02  3.301247704E+02  2.713937185E+02  2.686897565E+02  4.847637021E-01 
        30  2.408077791E-02  1.161159634E-01  2.823658064E-02  8.190170514E+04  2.584860334E+02  3.298996696E+02  2.710236208E+02  2.713434296E+02  4.536513803E-01 
        31  2.544088325E-02  1.165921105E-01  3.086849856E-02  8.136903589E+04  2.665058377E+02  3.296329079E+02  2.705856318E+02  2.742317405E+02  4.238948510E-01 
        32  2.674433127E-02  1.170738851E-01  3.352942364E-02  8.078997693E+04  2.744903343E+02  3.293317690E+02  2.700914230E+02  2.772341330E+02  3.949627634E-01 
        33  2.797950643E-02  1.175445507E-01  3.622298897E-02  8.022809033E+04  2.823416889E+02  3.290454010E+02  2.696218150E+02  2.800281498E+02  3.660353348E-01 
        34  2.916313541E-02  1.180056499E-01  3.893937175E-02  7.991076968E+04  2.896033707E+02  3.288761362E+02  2.693447366E+02  2.820056608E+02  3.370782674E-01 
        35  3.031249539E-02  1.184785399E-01  4.167042727E-02  8.006192648E+04  2.953494117E+02  3.289449954E+02  2.694578093E+02  2.824215940E+02  3.100924584E-01 
        36  3.139929926E-02  1.189405785E-01  4.442941843E-02  8.036945670E+04  3.005887165E+02  3.291259408E+02  2.697544119E+02  2.822351546E+02  2.833616125E-01 
        37  3.242013936E-02  1.193808800E-01  4.721660669E-02  8.089472423E+04  3.056512471E+02  3.293200318E+02  2.700726666E+02  2.812839936E+02  2.542928289E-01 
        38  3.340677803E-02  1.198011670E-01  5.002067675E-02  8.208421265E+04  3.085277768E+02  3.299233295E+02  2.710630833E+02  2.781198139E+02  2.279113751E-01 
        39  3.430413654E-02  1.201853153E-01  5.285529857E-02  8.361463818E+04  3.102990360E+02  3.308198662E+02  2.725387897E+02  2.736434641E+02  2.021024814E-01 
        40  3.515433510E-02  1.205874318E-01  5.570324370E-02  8.548335107E+04  3.108098068E+02  3.318826904E+02  2.742931213E+02  2.680369167E+02  1.785999415E-01 
        41  3.592907297E-02  1.209644065E-01  5.857535950E-02  8.761627490E+04  3.099766970E+02  3.330431023E+02  2.762149553E+02  2.614979310E+02  1.588099808E-01 
        42  3.664355424E-02  1.213334730E-01  6.146049591E-02  8.989950415E+04  3.076722665E+02  3.342307444E+02  2.781885695E+02  2.543411207E+02  1.449956161E-01 
        43  3.727845098E-02  1.217084379E-01  6.437276718E-02  9.211252222E+04  3.043278112E+02  3.354058981E+02  2.801478071E+02  2.473359032E+02  1.381349675E-01 
        44  3.781448665E-02  1.220744111E-01  6.730672953E-02  9.398713403E+04  3.008004713E+02  3.364237442E+02  2.818500910E+02  2.414270482E+02  1.373275192E-01 
        45  3.826762164E-02  1.224563704E-01  7.025293559E-02  9.532672229E+04  2.980540063E+02  3.371400573E+02  2.830512357E+02  2.375177233E+02  1.405670780E-01 
        46  3.856443464E-02  1.228195695E-01  7.317567491E-02  9.610745703E+04  2.957869492E+02  3.376597137E+02  2.839244995E+02  2.349083252E+02  1.462851800E-01 
        47  3.882754171E-02  1.231963568E-01  7.616928387E-02  9.651665479E+04  2.936763713E+02  3.383224036E+02  2.850411898E+02  2.326394079E+02  1.529026361E-01 
        48  3.896508106E-02  1.235573809E-01  7.913505459E-02  9.665290820E+04  2.902062302E+02  3.392625046E+02  2.866387939E+02  2.273719635E+02  1.579889245E-01 
        49  3.903512947E-02  1.239238609E-01  8.213137167E-02  9.662191235E+04  2.819464188E+02  3.410670943E+02  2.897200720E+02  2.135404783E+02  1.665288880E-01 
        50  3.900153017E-02  1.243001337E-01  8.510504302E-02  9.646161624E+04  2.675054081E+02  3.440678322E+02  2.948549831E+02  1.875087031E+02  1.714451292E-01 
        51  3.889299026E-02  1.246700891E-01  8.806950082E-02  9.633779297E+04  2.516221564E+02  3.475445511E+02  3.008470080E+02  1.467734025E+02  1.501597742E-01 
        52  3.870303970E-02  1.250405990E-01  9.105247242E-02  9.641570752E+04  2.425830669E+02  3.503645043E+02  3.057211003E+02  1.085978911E+02  6.657311997E-02 
        53  3.847530202E-02  1.253810613E-01  9.402032493E-02  9.676725864E+04  2.403893492E+02  3.520041897E+02  3.085833614E+02  7.546530823E+01 -1.961527945E-01 
        54  3.809583015E-02  1.257752167E-01  9.695318516E-02  9.850820117E+04  2.411294975E+02  3.530102921E+02  3.103368454E+02  5.052354574E+01 -8.333061039E-01 
        55  3.767199372E-02  1.261489404E-01  9.992435767E-02  1.009048403E+05  2.414435759E+02  3.534118128E+02  3.110347114E+02  4.340142250E+01 -9.170244653E-01 
        56  3.723780727E-02  1.265196365E-01  1.028569506E-01  1.037269631E+05  2.379135627E+02  3.531500823E+02  3.105754004E+02  5.858757757E+01 -3.185983662E-01 
        57  3.672955052E-02  1.269046997E-01  1.057947981E-01  1.059274089E+05  2.380644073E+02  3.518526659E+02  3.083040462E+02  9.378749347E+01  1.567342825E-02 
        58  3.615520807E-02  1.273091289E-01  1.087154776E-01  1.071677715E+05  2.445097938E+02  3.493363400E+02  3.039158325E+02  1.357377396E+02  1.389033003E-01 
        59  3.556812424E-02  1.277144368E-01  1.116309472E-01  1.076960738E+05  2.544171994E+02  3.464332476E+02  2.988810346E+02  1.703265108E+02  1.883804187E-01 
        60  3.495651588E-02  1.281329458E-01  1.145394580E-01  1.079588774E+05  2.629538279E+02  3.443406477E+02  2.952739844E+02  1.897351999E+02  1.991215083E-01 
        61  3.433795015E-02  1.285471243E-01  1.174457346E-01  1.080407767E+05  2.676866961E+02  3.433498015E+02  2.935738139E+02  1.972443919E+02  1.967526795E-01 
        62  3.376061330E-02  1.289460490E-01  1.203607660E-01  1.080328068E+05  2.699222748E+02  3.430455344E+02  2.930532610E+02  1.993709774E+02  1.919718604E-01 
        63  3.331803132E-02  1.293309423E-01  1.232882868E-01  1.080152010E+05  2.715644445E+02  3.430176535E+02  2.930055773E+02  2.003882833E+02  1.873393195E-01 
        64  3.310586596E-02  1.296649637E-01  1.262581306E-01  1.079123217E+05  2.728813913E+02  3.430211067E+02  2.930114715E+02  2.010335381E+02  1.834689133E-01 
        65  3.306639982E-02  1.299493947E-01  1.292495641E-01  1.077221151E+05  2.738262436E+02  3.429898027E+02  2.929579841E+02  2.015214161E+02  1.813187181E-01 
        66  3.322486525E-02  1.302097713E-01  1.322380794E-01  1.075494444E+05  2.746976909E+02  3.429434493E+02  2.928788108E+02  2.022973825E+02  1.808299183E-01 
        67  3.356462385E-02  1.304573038E-01  1.352130229E-01  1.073888564E+05  2.756684082E+02  3.428838233E+02  2.927769854E+02  2.034872310E+02  1.815520359E-01 
        68  3.400410102E-02  1.306751199E-01  1.381765647E-01  1.071763126E+05  2.767530768E+02  3.427835855E+02  2.926058223E+02  2.049348044E+02  1.824013677E-01 
        69  3.451963359E-02  1.308741206E-01  1.411278790E-01  1.069226830E+05  2.778116086E+02  3.426764097E+02  2.924228742E+02  2.064356306E+02  1.836541700E-01 
        70  3.508991352E-02  1.310576265E-01  1.440660380E-01  1.066486031E+05  2.788472409E+02  3.425643492E+02  2.922316649E+02  2.080908153E+02  1.856162054E-01 
        71  3.570211579E-02  1.312503676E-01  1.470000000E-01  1.063201064E+05  2.800696526E+02  3.424277458E+02  2.919993057E+02  2.099823532E+02  1.870379932E-01 
        72 -2.843361623E-02  1.708417341E-01 -4.258217492E-02  8.202695874E+04  1.837171779E+02  3.299744854E+02  2.711462240E+02  3.441918402E+02  1.007621013E+00 
        73 -2.838826984E-02  1.709653765E-01 -3.916427879E-02  8.200056897E+04  1.843270957E+02  3.299413943E+02  2.710918913E+02  3.447405124E+02  1.006534050E+00 
        74 -2.835908450E-02  1.711140563E-01 -3.574649433E-02  8.232360864E+04  1.838167709E+02  3.301532202E+02  2.714401448E+02  3.438344600E+02  1.006645977E+00 
        75 -2.838361088E-02  1.712589164E-01 -3.232950605E-02  8.299901196E+04  1.828802800E+02  3.305304375E+02  2.720607834E+02  3.422320366E+02  1.006988168E+00 
        76 -2.841360827E-02  1.714319125E-01 -2.891476756E-02  8.383702063E+04  1.813480868E+02  3.310123506E+02  2.728546815E+02  3.401322041E+02  1.008577634E+00 
        77 -2.833774301E-02  1.716334782E-01 -2.549995819E-02  8.438216403E+04  1.803779474E+02  3.313070737E+02  2.733406804E+02  3.389159132E+02  1.009810480E+00 
        78 -2.791452343E-02  1.719215161E-01 -2.212016887E-02  8.453544580E+04  1.797964125E+02  3.313836002E+02  2.734670010E+02  3.388840313E+02  1.011792313E+00 
        79 -2.700703325E-02  1.722886754E-01 -1.884820631E-02  8.424528979E+04  1.797747865E+02  3.312301464E+02  2.732138681E+02  3.395635347E+02  1.013102535E+00 
        80 -2.544395246E-02  1.727209334E-01 -1.584518523E-02  8.312712964E+04  1.814332688E+02  3.305969677E+02  2.721705451E+02  3.431498547E+02  1.013726770E+00 
        81 -2.351536464E-02  1.732363399E-01 -1.306823492E-02  8.117375754E+04  1.851358559E+02  3.294722535E+02  2.703221437E+02  3.492370165E+02  1.012098140E+00 
        82 -2.134527601E-02  1.737374909E-01 -1.047435973E-02  7.851741469E+04  1.913548943E+02  3.278763020E+02  2.677100959E+02  3.565758721E+02  1.004788597E+00 
        83 -1.897326710E-02  1.742189522E-01 -8.035177519E-03  7.554853589E+04  1.990722297E+02  3.260992376E+02  2.648163612E+02  3.651795816E+02  9.955484546E-01 
        84 -1.652827274E-02  1.746780172E-01 -5.688541800E-03  7.309451709E+04  2.070286274E+02  3.245255017E+02  2.622663777E+02  3.727168245E+02  9.840226611E-01 
        85 -1.397929867E-02  1.751251779E-01 -3.446989688E-03  7.245078735E+04  2.102971063E+02  3.241541429E+02  2.616662679E+02  3.745555668E+02  9.767379686E-01 
        86 -1.139011487E-02  1.755573757E-01 -1.256774906E-03  7.406194421E+04  2.090380933E+02  3.251955714E+02  2.633528576E+02  3.702160993E+02  9.720179215E-01 
        87 -8.734274343E-03  1.759085237E-01  8.667805443E-04  7.947586932E+04  2.029589201E+02  3.284409921E+02  2.686423299E+02  3.555345197E+02  9.645137703E-01 
        88 -6.073383534E-03  1.762548475E-01  2.984781313E-03  8.879623303E+04  1.915450104E+02  3.335694773E+02  2.770938871E+02  3.313353548E+02  9.621478855E-01 
        89 -3.359730182E-03  1.765819110E-01  5.053045394E-03  9.835917432E+04  1.758262280E+02  3.384599268E+02  2.852737770E+02  3.041600502E+02  9.799145604E-01 
        90 -6.741955509E-04  1.768270807E-01  7.130208361E-03  9.826313755E+04  1.651320092E+02  3.384260653E+02  2.852167046E+02  3.077855874E+02  1.021975542E+00 
        91  2.027043660E-03  1.770783858E-01  9.208570588E-03  7.922363052E+04  1.924686179E+02  3.278910326E+02  2.677389009E+02  3.552504332E+02  9.995734495E-01 
        92  4.731686997E-03  1.772422585E-01  1.127155269E-02  7.223169627E+04  2.141156275E+02  3.241567684E+02  2.616720787E+02  3.765539364E+02  9.673109538E-01 
        93  7.454465044E-03  1.773874983E-01  1.334309669E-02  7.296451340E+04  2.096240445E+02  3.244635849E+02  2.621675355E+02  3.743887141E+02  9.779552612E-01 
        94  1.015989937E-02  1.775222933E-01  1.545596277E-02  7.044969952E+04  2.173748969E+02  3.227956538E+02  2.594829994E+02  3.813066532E+02  9.662629020E-01 
        95  1.284858280E-02  1.775661421E-01  1.756817794E-02  6.705022610E+04  2.285454676E+02  3.205734042E+02  2.559228326E+02  3.922938848E+02  9.523201413E-01 
        96  1.551966693E-02  1.776138061E-01  1.970369132E-02  6.415946301E+04  2.377943528E+02  3.186342921E+02  2.528356996E+02  4.012821984E+02  9.412814658E-01 
        97  1.817410325E-02  1.776258069E-01  2.186017323E-02  6.178371753E+04  2.455081673E+02  3.170873103E+02  2.503852811E+02  4.081480122E+02  9.311183123E-01 
        98  2.080993586E-02  1.775631240E-01  2.403936301E-02  6.014901001E+04  2.523509426E+02  3.159897432E+02  2.486527772E+02  4.128527765E+02  9.191161804E-01 
        99  2.341570779E-02  1.774969016E-01  2.625394818E-02  5.982378503E+04  2.570872798E+02  3.157472296E+02  2.482715378E+02  4.140051813E+02  9.058844168E-01 
       100  2.600295182E-02  1.773818036E-01  2.848806157E-02  6.174116211E+04  2.579087925E+02  3.171092958E+02  2.504341850E+02  4.089014263E+02  8.915471844E-01 
       101  2.856627515E-02  1.771883875E-01  3.074502562E-02  6.728009692E+04  2.529778395E+02  3.209331245E+02  2.565529022E+02  3.931552353E+02  8.740897626E-01 
       102  3.110662233E-02  1.769811535E-01  3.302644514E-02  7.534960303E+04  2.454133444E+02  3.262103968E+02  2.650600071E+02  3.701560612E+02  8.520387933E-01 
       103  3.362247542E-02  1.767159818E-01  3.532849163E-02  8.148484497E+04  2.430993819E+02  3.299090385E+02  2.710574913E+02  3.532925282E+02  8.267722446E-01 
       104  3.610895472E-02  1.763647845E-01  3.765120331E-02  8.228316870E+04  2.491201818E+02  3.301382833E+02  2.714213438E+02  3.523906279E+02  8.049184876E-01 
       105  3.856497337E-02  1.759966372E-01  4.000321012E-02  7.981127969E+04  2.578468486E+02  3.285670892E+02  2.688426924E+02  3.604419763E+02  7.904120805E-01 
       106  4.103059304E-02  1.755360248E-01  4.234569910E-02  7.808977503E+04  2.635747116E+02  3.277498714E+02  2.675030783E+02  3.645480353E+02  7.787313792E-01 
       107  4.340106546E-02  1.750377176E-01  4.474435622E-02  7.936561055E+04  2.657310140E+02  3.285904954E+02  2.688800821E+02  3.605639011E+02  7.639330244E-01 
       108  4.575540032E-02  1.745445103E-01  4.717695363E-02  8.384685315E+04  2.638968616E+02  3.311049647E+02  2.730184410E+02  3.488767524E+02  7.486671200E-01 
       109  4.807037784E-02  1.739953488E-01  4.963532790E-02  9.004006372E+04  2.597815170E+02  3.344436522E+02  2.785516720E+02  3.323927860E+02  7.336276304E-01 
       110  5.034733117E-02  1.734133857E-01  5.212084081E-02  9.522007324E+04  2.579714184E+02  3.371232929E+02  2.830267372E+02  3.187483101E+02  7.168603390E-01 
       111  5.258765486E-02  1.728405975E-01  5.464144749E-02  9.844639990E+04  2.586525230E+02  3.388215160E+02  2.858826542E+02  3.101742134E+02  7.006650642E-01 
       112  5.479076840E-02  1.722430532E-01  5.718902978E-02  1.011243311E+05  2.589642420E+02  3.402041044E+02  2.882203550E+02  3.029137650E+02  6.883066837E-01 
       113  5.694737683E-02  1.716020731E-01  5.976586917E-02  1.041644495E+05  2.584592633E+02  3.415900290E+02  2.905728004E+02  2.941242154E+02  6.770731336E-01 
       114  5.911848447E-02  1.709340834E-01  6.233872565E-02  1.073276792E+05  2.574804645E+02  3.429959637E+02  2.929695101E+02  2.856208213E+02  6.683633210E-01 
       115  6.119351897E-02  1.703313828E-01  6.496775561E-02  1.102274800E+05  2.562420192E+02  3.443371744E+02  2.952652073E+02  2.780484762E+02  6.629747115E-01 
       116  6.319798910E-02  1.696485115E-01  6.765543605E-02  1.131370314E+05  2.545473666E+02  3.456804833E+02  2.975732322E+02  2.704303584E+02  6.595948851E-01 
       117  6.520189851E-02  1.689621155E-01  7.034628384E-02  1.157450571E+05  2.532302294E+02  3.468060093E+02  2.995137234E+02  2.638778763E+02  6.567878108E-01 
       118  6.717992039E-02  1.682884043E-01  7.305807409E-02  1.172829399E+05  2.525545387E+02  3.474305391E+02  3.005932302E+02  2.598679333E+02  6.549089029E-01 
       119  6.910755662E-02  1.675987334E-01  7.579818779E-02  1.189285579E+05  2.509120114E+02  3.480828283E+02  3.017229052E+02  2.560873501E+02  6.576534496E-01 
       120  7.101404689E-02  1.668389198E-01  7.852135391E-02  1.198861328E+05  2.483117633E+02  3.485240350E+02  3.024883754E+02  2.530614092E+02  6.649743286E-01 
       121  7.286652020E-02  1.661304029E-01  8.130170181E-02  1.200579555E+05  2.464100450E+02  3.486544701E+02  3.027148673E+02  2.518266253E+02  6.717435290E-01 
       122  7.473378469E-02  1.653966549E-01  8.408122010E-02  1.201290498E+05  2.443686218E+02  3.487577763E+02  3.028943558E+02  2.508507080E+02  6.794801131E-01 
       123  7.654776682E-02  1.646234676E-01  8.688218818E-02  1.201292000E+05  2.424139042E+02  3.488893318E+02  3.031231222E+02  2.506886506E+02  6.875948645E-01 
       124  7.830115451E-02  1.638494494E-01  8.971806956E-02  1.199995537E+05  2.400596676E+02  3.491491470E+02  3.035759602E+02  2.502854691E+02  6.972132623E-01 
       125  8.003223315E-02  1.630890187E-01  9.257063461E-02  1.197470337E+05  2.383542643E+02  3.494932251E+02  3.041767230E+02  2.493333917E+02  7.040864713E-01 
       126  8.174167210E-02  1.623344685E-01  9.543869445E-02  1.194922891E+05  2.382628951E+02  3.497341943E+02  3.045981872E+02  2.464122181E+02  7.028884529E-01 
       127  8.339566060E-02  1.615413001E-01  9.829620033E-02  1.192780426E+05  2.377640265E+02  3.500921619E+02  3.052237157E+02  2.421284226E+02  7.024682666E-01 
       128  8.500809507E-02  1.607572746E-01  1.012133408E-01  1.191299100E+05  2.364885889E+02  3.506801460E+02  3.062519879E+02  2.367018617E+02  7.049436057E-01 
       129  8.654116005E-02  1.600133249E-01  1.041766726E-01  1.190248951E+05  2.347498488E+02  3.514997506E+02  3.076873235E+02  2.296974530E+02  7.092284958E-01 
       130  8.807530659E-02  1.592883350E-01  1.071513815E-01  1.189377520E+05  2.329617763E+02  3.523587046E+02  3.091934714E+02  2.226326766E+02  7.145296270E-01 
       131  8.946870181E-02  1.585918917E-01  1.101955952E-01  1.188670494E+05  2.308389974E+02  3.533650054E+02  3.109591626E+02  2.154374853E+02  7.216081470E-01 
       132  9.078169785E-02  1.579398834E-01  1.132895212E-01  1.188419525E+05  2.286580770E+02  3.541392040E+02  3.123184057E+02  2.106855249E+02  7.308857446E-01 
       133  9.193376095E-02  1.573753789E-01  1.164622823E-01  1.187936150E+05  2.270800641E+02  3.541596193E+02  3.123516181E+02  2.111677792E+02  7.385499366E-01 
       134  9.287851211E-02  1.569754829E-01  1.197270904E-01  1.187694150E+05  2.275215335E+02  3.532218503E+02  3.107023661E+02  2.190845605E+02  7.392432727E-01 
       135  9.346963790E-02  1.567893278E-01  1.230899614E-01  1.187560504E+05  2.316543760E+02  3.513057121E+02  3.073447996E+02  2.354489496E+02  7.288229689E-01 
       136  9.376445592E-02  1.568076376E-01  1.265149706E-01  1.186680967E+05  2.380872595E+02  3.491896005E+02  3.036504326E+02  2.527148099E+02  7.133840658E-01 
       137  9.391306034E-02  1.569225935E-01  1.299303306E-01  1.185169712E+05  2.418902092E+02  3.480764856E+02  3.017129507E+02  2.603805828E+02  7.044927962E-01 
       138  9.402896493E-02  1.570765633E-01  1.333445553E-01  1.183917622E+05  2.426509275E+02  3.478305149E+02  3.012856998E+02  2.609870319E+02  7.025826089E-01 
       139  9.417960043E-02  1.572174564E-01  1.367593072E-01  1.182805317E+05  2.429336190E+02  3.478591118E+02  3.013352027E+02  2.606950660E+02  7.019171752E-01 
       140  9.437397158E-02  1.573466446E-01  1.401725853E-01  1.181448638E+05  2.435160913E+02  3.479226189E+02  3.014452853E+02  2.612673686E+02  7.010169430E-01 
       141  9.455826038E-02  1.574868932E-01  1.435861248E-01  1.179979041E+05  2.440299989E+02  3.480377154E+02  3.016447722E+02  2.618811917E+02  7.004565212E-01 
       142  9.468914447E-02  1.576724412E-01  1.470000022E-01  1.179339736E+05  2.443832741E+02  3.480998878E+02  3.017652493E+02  2.623668699E+02  7.004598975E-01 
       143 -2.515044289E-02  2.387134140E-01 -4.211006034E-02  8.376269612E+04  1.791430987E+02  3.309258417E+02  2.727126989E+02  4.395143270E+02  1.150996417E+00 
       144 -2.515073613E-02  2.387267259E-01 -3.821832766E-02  8.535010045E+04  1.750852042E+02  3.318394049E+02  2.742205719E+02  4.362632807E+02  1.157974303E+00 
       145 -2.514274647E-02  2.387409373E-01 -3.433018188E-02  8.608783861E+04  1.738363246E+02  3.321918143E+02  2.748032174E+02  4.344976509E+02  1.159522058E+00 
       146 -2.514933814E-02  2.387615668E-01 -3.043885368E-02  8.532636926E+04  1.760391061E+02  3.317726545E+02  2.741099955E+02  4.359922473E+02  1.155563683E+00 
       147 -2.514205174E-02  2.387863737E-01 -2.655197175E-02  8.355993477E+04  1.803308609E+02  3.308598287E+02  2.726039352E+02  4.396144493E+02  1.148656504E+00 
       148 -2.514801404E-02  2.388163633E-01 -2.268742808E-02  8.182802795E+04  1.853701515E+02  3.298296243E+02  2.709084683E+02  4.443827073E+02  1.140910781E+00 
       149 -2.514603624E-02  2.387984711E-01 -1.877579094E-02  8.060503125E+04  1.881093292E+02  3.291625099E+02  2.698137856E+02  4.466604881E+02  1.136525020E+00 
       150 -2.513833525E-02  2.388756875E-01 -1.487946342E-02  7.980056860E+04  1.896914297E+02  3.287783499E+02  2.691841178E+02  4.480037670E+02  1.134005419E+00 
       151 -2.514495058E-02  2.389300222E-01 -1.098752945E-02  7.985722513E+04  1.896026284E+02  3.288317124E+02  2.692715793E+02  4.482952878E+02  1.134556275E+00 
       152 -2.501801490E-02  2.389948317E-01 -7.101428526E-03  8.187968210E+04  1.840563651E+02  3.301079620E+02  2.713676028E+02  4.440160606E+02  1.143825936E+00 
       153 -2.403359079E-02  2.391541778E-01 -3.362202731E-03  8.701357749E+04  1.715003915E+02  3.328711274E+02  2.759301353E+02  4.327897654E+02  1.163938535E+00 
       154 -2.203079393E-02  2.393877231E-01 -4.501692070E-05  8.955863280E+04  1.659566624E+02  3.340633875E+02  2.779085249E+02  4.270373156E+02  1.172526825E+00 
       155 -1.942355624E-02  2.396357170E-01  2.825132604E-03  8.550294833E+04  1.762032322E+02  3.318728181E+02  2.742777374E+02  4.362706752E+02  1.155356038E+00 
       156 -1.648721574E-02  2.398964014E-01  5.342831758E-03  8.113503894E+04  1.865041180E+02  3.294049869E+02  2.702119429E+02  4.461738906E+02  1.139644989E+00 
       157 -1.330897545E-02  2.400801911E-01  7.594698846E-03  8.034185059E+04  1.871219494E+02  3.288996220E+02  2.693834777E+02  4.475781050E+02  1.139744198E+00 
       158 -1.004552185E-02  2.402353079E-01  9.709455816E-03  8.063978613E+04  1.852164168E+02  3.290394673E+02  2.696129794E+02  4.465140238E+02  1.143681830E+00 
       159 -6.714656287E-03  2.403804415E-01  1.171394437E-02  8.039154437E+04  1.860929163E+02  3.288929108E+02  2.693732865E+02  4.468550303E+02  1.142256061E+00 
       160 -3.322138608E-03  2.404066774E-01  1.362735999E-02  8.005332474E+04  1.860097357E+02  3.289129901E+02  2.694058157E+02  4.481915839E+02  1.144593074E+00 
       161  9.783589121E-05  2.404201762E-01  1.547870720E-02  8.038758826E+04  1.846092634E+02  3.291551514E+02  2.698035083E+02  4.480147696E+02  1.148715282E+00 
       162  3.534439975E-03  2.403949673E-01  1.730379042E-02  8.140888672E+04  1.829460068E+02  3.297588024E+02  2.708053045E+02  4.457763271E+02  1.152436830E+00 
       163  6.969024296E-03  2.402279751E-01  1.908412837E-02  9.093413849E+04  1.552539632E+02  3.349031987E+02  2.793348825E+02  4.227400713E+02  1.201010784E+00 
       164  1.043411823E-02  2.400800089E-01  2.085152946E-02  7.853035751E+04  1.889725914E+02  3.285725416E+02  2.688501683E+02  4.423924370E+02  1.134592461E+00 
       165  1.388371434E-02  2.398652026E-01  2.263181169E-02  7.927262122E+04  1.844044149E+02  3.289588356E+02  2.694826672E+02  4.401886454E+02  1.142517810E+00 
       166  1.734145131E-02  2.394992745E-01  2.440657916E-02  7.875195435E+04  1.855143430E+02  3.286388674E+02  2.689568584E+02  4.426386395E+02  1.141224440E+00 
       167  2.080043859E-02  2.391294908E-01  2.615375350E-02  7.866265512E+04  1.884043851E+02  3.285054076E+02  2.687381158E+02  4.453909727E+02  1.136994084E+00 
       168  2.424052770E-02  2.387186889E-01  2.792040504E-02  7.894166138E+04  1.903960474E+02  3.286551237E+02  2.689831054E+02  4.459442353E+02  1.132936050E+00 
       169  2.766624902E-02  2.381908713E-01  2.968394578E-02  7.901441260E+04  1.927543309E+02  3.287300081E+02  2.691053662E+02  4.465558319E+02  1.128103929E+00 
       170  3.108229850E-02  2.375970478E-01  3.144655572E-02  7.878812579E+04  1.955998466E+02  3.286187968E+02  2.689234858E+02  4.473225420E+02  1.122359662E+00 
       171  3.449726266E-02  2.369314331E-01  3.319569832E-02  7.871058765E+04  1.979883543E+02  3.284907622E+02  2.687148985E+02  4.474040296E+02  1.117417299E+00 
       172  3.787267708E-02  2.362004853E-01  3.498142333E-02  7.898296545E+04  1.995589032E+02  3.285869722E+02  2.688736506E+02  4.463685331E+02  1.114248151E+00 
       173  4.123744789E-02  2.354271843E-01  3.677379579E-02  7.910693274E+04  2.015803239E+02  3.286395130E+02  2.689597120E+02  4.458373265E+02  1.110814506E+00 
       174  4.456263149E-02  2.345133553E-01  3.856958315E-02  7.837771565E+04  2.053498370E+02  3.282742288E+02  2.683612560E+02  4.468154716E+02  1.104531098E+00 
       175  4.789152860E-02  2.335402793E-01  4.034492433E-02  7.681967654E+04  2.104356478E+02  3.274353020E+02  2.669911913E+02  4.498164935E+02  1.096348621E+00 
       176  5.119514426E-02  2.325727211E-01  4.215365701E-02  7.505472755E+04  2.158818078E+02  3.263744588E+02  2.652640391E+02  4.535090596E+02  1.087877094E+00 
       177  5.444737908E-02  2.314873556E-01  4.396264389E-02  7.326833006E+04  2.209697928E+02  3.252538006E+02  2.634456576E+02  4.569877210E+02  1.080149896E+00 
       178  5.771043354E-02  2.303389779E-01  4.576361213E-02  7.123968704E+04  2.274974319E+02  3.238761040E+02  2.612196039E+02  4.611713941E+02  1.069731074E+00 
       179  6.093363739E-02  2.292015055E-01  4.761570799E-02  6.866775293E+04  2.359245310E+02  3.222233295E+02  2.585621161E+02  4.667070656E+02  1.056317884E+00 
       180  6.411569228E-02  2.279427553E-01  4.946832252E-02  6.658583594E+04  2.473145342E+02  3.209495564E+02  2.565228634E+02  4.713138046E+02  1.033530280E+00 
       181  6.728438578E-02  2.267057043E-01  5.135068917E-02  6.840409314E+04  2.587596564E+02  3.225166645E+02  2.590462265E+02  4.672851200E+02  9.974096622E-01 
       182  7.045491472E-02  2.254566135E-01  5.324396322E-02  7.854787341E+04  2.652383523E+02  3.287900281E+02  2.692675004E+02  4.426472993E+02  9.485723525E-01 
       183  7.352398986E-02  2.240979077E-01  5.520813549E-02  9.317893896E+04  2.517270966E+02  3.365535083E+02  2.821125979E+02  4.095443497E+02  9.456719719E-01 
       184  7.654294831E-02  2.227589545E-01  5.724026033E-02  1.023044499E+05  2.355253006E+02  3.410584794E+02  2.896718425E+02  3.911903860E+02  9.701753196E-01 
       185  7.954929441E-02  2.214414527E-01  5.933596166E-02  1.089645947E+05  2.380699124E+02  3.443644829E+02  2.953261948E+02  3.770118580E+02  9.528194014E-01 
       186  8.244157493E-02  2.200232159E-01  6.149679439E-02  1.232710254E+05  2.394244614E+02  3.503543167E+02  3.056772842E+02  3.462511597E+02  9.309644997E-01 
       187  8.531452000E-02  2.186177542E-01  6.372436707E-02  1.212919402E+05  2.383117094E+02  3.495406332E+02  3.042558272E+02  3.501845441E+02  9.334863652E-01 
       188  8.816039266E-02  2.172472440E-01  6.601424901E-02  1.222792476E+05  2.330622759E+02  3.498999567E+02  3.048816080E+02  3.475089173E+02  9.469304550E-01 
       189  9.092008057E-02  2.157826082E-01  6.831794754E-02  1.226896024E+05  2.286158016E+02  3.496087037E+02  3.043745190E+02  3.460126582E+02  9.580499639E-01 
       190  9.367581728E-02  2.143255962E-01  7.064980943E-02  1.224296666E+05  2.229189274E+02  3.500269746E+02  3.051030631E+02  3.462917233E+02  9.734215724E-01 
       191  9.641114101E-02  2.128789625E-01  7.302159977E-02  1.224353314E+05  2.211348270E+02  3.501873355E+02  3.053825618E+02  3.441890495E+02  9.775448949E-01 
       192  9.907895187E-02  2.114028516E-01  7.542603674E-02  1.225151320E+05  2.200235155E+02  3.502153440E+02  3.054313693E+02  3.431905348E+02  9.797999309E-01 
       193  1.016896232E-01  2.099003163E-01  7.789626121E-02  1.228139166E+05  2.179721780E+02  3.505441084E+02  3.060055768E+02  3.417287154E+02  9.850098323E-01 
       194  1.042573666E-01  2.084682280E-01  8.044071344E-02  1.230110410E+05  2.163561834E+02  3.512204988E+02  3.071899595E+02  3.409844913E+02  9.894153271E-01 
       195  1.067132028E-01  2.069758083E-01  8.306726980E-02  1.229865696E+05  2.173103460E+02  3.519223419E+02  3.084224985E+02  3.377856750E+02  9.854032050E-01 
       196  1.091091693E-01  2.055182938E-01  8.576040538E-02  1.229248258E+05  2.190249155E+02  3.529357512E+02  3.102067493E+02  3.309078127E+02  9.790265039E-01 
       197  1.114533399E-01  2.040960959E-01  8.851719904E-02  1.228936525E+05  2.203644321E+02  3.544570985E+02  3.128925979E+02  3.211562154E+02  9.745425376E-01 
       198  1.136946430E-01  2.026973542E-01  9.137514269E-02  1.228055009E+05  2.217005150E+02  3.562967301E+02  3.161494306E+02  3.089162620E+02  9.714452963E-01 
       199  1.158224243E-01  2.012857480E-01  9.431046231E-02  1.227553170E+05  2.234633969E+02  3.579255231E+02  3.190419455E+02  2.966298637E+02  9.680840264E-01 
       200  1.177983438E-01  1.999614296E-01  9.738734661E-02  1.227639233E+05  2.252671366E+02  3.590833060E+02  3.211024103E+02  2.876500423E+02  9.642354874E-01 
       201  1.195376812E-01  1.988013159E-01  1.006637087E-01  1.227492789E+05  2.273849679E+02  3.592426820E+02  3.213851009E+02  2.867859450E+02  9.568465496E-01 
       202  1.207748534E-01  1.979244993E-01  1.042263433E-01  1.226878868E+05  2.300054562E+02  3.577108328E+02  3.186593883E+02  2.991710398E+02  9.445973188E-01 
       203  1.209766187E-01  1.976967879E-01  1.080979692E-01  1.226326566E+05  2.329018864E+02  3.547780896E+02  3.134596443E+02  3.216515702E+02  9.328541138E-01 
       204  1.209415894E-01  1.976147862E-01  1.119887176E-01  1.226981530E+05  2.317256115E+02  3.529936075E+02  3.103107319E+02  3.316796150E+02  9.365413943E-01 
       205  1.209136670E-01  1.975679793E-01  1.158784497E-01  1.227888797E+05  2.282145220E+02  3.522244940E+02  3.089550647E+02  3.340530617E+02  9.469179561E-01 
       206  1.209140530E-01  1.975343277E-01  1.197687765E-01  1.228898036E+05  2.251884808E+02  3.517324512E+02  3.080888325E+02  3.350834455E+02  9.560179234E-01 
       207  1.209033119E-01  1.974945510E-01  1.236620610E-01  1.229540876E+05  2.230170743E+02  3.514676150E+02  3.076231749E+02  3.354708005E+02  9.626158630E-01 
       208  1.208998844E-01  1.975608583E-01  1.275528569E-01  1.229723423E+05  2.219717858E+02  3.516458243E+02  3.079372647E+02  3.340778659E+02  9.659379504E-01 
       209  1.209086196E-01  1.975927695E-01  1.314428594E-01  1.229497822E+05  2.216336865E+02  3.521792681E+02  3.088753701E+02  3.309088145E+02  9.667804589E-01 
       210  1.209261261E-01  1.976437754E-01  1.353324952E-01  1.229648989E+05  2.219331160E+02  3.530456745E+02  3.104005433E+02  3.255481256E+02  9.655780196E-01 
       211  1.209477387E-01  1.976921952E-01  1.392217013E-01  1.230362103E+05  2.217232074E+02  3.541521699E+02  3.123509284E+02  3.194875234E+02  9.663243822E-01 
       212  1.209659901E-01  1.977439656E-01  1.431109690E-01  1.232000030E+05  2.212096347E+02  3.552562218E+02  3.142849523E+02  3.133067261E+02  9.683485907E-01 
       213  1.210017723E-01  1.977818072E-01  1.470000027E-01  1.233034775E+05  2.214638767E+02  3.557877483E+02  3.150026417E+02  3.104508314E+02  9.681333117E-01 
       214 -1.337431699E-02  1.053111530E-01 -4.600000000E-02  8.760148242E+04  1.539462662E+02  3.331052246E+02  2.762952652E+02  2.357085609E+02  8.590943813E-01 
       215 -1.336879354E-02  1.054912688E-01 -4.299898917E-02  8.749203613E+04  1.540196586E+02  3.330493889E+02  2.762232618E+02  2.359759674E+02  8.597330414E-01 
       216 -1.321272523E-02  1.057016208E-01 -4.000664894E-02  8.749486670E+04  1.542286091E+02  3.330139656E+02  2.761644764E+02  2.362426205E+02  8.597052731E-01 
       217 -1.269691607E-02  1.059729593E-01 -3.706120983E-02  8.738447167E+04  1.550131205E+02  3.329391770E+02  2.760404049E+02  2.369272238E+02  8.580663370E-01 
       218 -1.181263769E-02  1.063072321E-01 -3.420969757E-02  8.719535799E+04  1.559406391E+02  3.328458389E+02  2.758856307E+02  2.379231317E+02  8.568576920E-01 
       219 -1.066241908E-02  1.066659143E-01 -3.145726216E-02  8.704437757E+04  1.566798914E+02  3.327924801E+02  2.757972576E+02  2.387826560E+02  8.562548310E-01 
       220 -9.280794463E-03  1.070573859E-01 -2.881758489E-02  8.690197891E+04  1.574182932E+02  3.327310366E+02  2.756953812E+02  2.396167723E+02  8.556158924E-01 
       221 -7.735023178E-03  1.074435380E-01 -2.626912607E-02  8.681652890E+04  1.581333368E+02  3.326915141E+02  2.756299002E+02  2.402942289E+02  8.546014982E-01 
       222 -6.047350445E-03  1.078135440E-01 -2.381048416E-02  8.671804322E+04  1.590628909E+02  3.325833917E+02  2.754508204E+02  2.411476266E+02  8.530723430E-01 
       223 -4.299611852E-03  1.081916589E-01 -2.139379423E-02  8.664018623E+04  1.594728187E+02  3.326606884E+02  2.755788548E+02  2.414934830E+02  8.525794364E-01 
       224 -2.461870607E-03  1.085505379E-01 -1.904289133E-02  8.663263609E+04  1.601784608E+02  3.325251899E+02  2.753544036E+02  2.420694764E+02  8.512514849E-01 
       225 -5.886173328E-04  1.088780789E-01 -1.671486844E-02  8.668823164E+04  1.601315890E+02  3.326463301E+02  2.755550754E+02  2.421862936E+02  8.524363929E-01 
       226  1.337912187E-03  1.092215599E-01 -1.443302686E-02  8.684463356E+04  1.597646499E+02  3.325796016E+02  2.754445073E+02  2.423983281E+02  8.556735686E-01 
       227  3.290030235E-03  1.094941851E-01 -1.216353628E-02  8.676240845E+04  1.593499283E+02  3.325178620E+02  2.753422630E+02  2.435049267E+02  8.623353529E-01 
       228  5.262023684E-03  1.097864070E-01 -9.913643549E-03  8.607474205E+04  1.602028447E+02  3.321047891E+02  2.746588566E+02  2.468507455E+02  8.700960775E-01 
       229  7.256339014E-03  1.100495762E-01 -7.679258903E-03  8.430163604E+04  1.645790345E+02  3.311210291E+02  2.730343296E+02  2.537858778E+02  8.719256978E-01 
       230  9.250945095E-03  1.102792579E-01 -5.441700620E-03  8.180282052E+04  1.721490184E+02  3.299561126E+02  2.711165702E+02  2.614663587E+02  8.599830692E-01 
       231  1.125130268E-02  1.105297001E-01 -3.209862298E-03  8.036791528E+04  1.801991730E+02  3.292502785E+02  2.699575973E+02  2.662966609E+02  8.353982288E-01 
       232  1.324504242E-02  1.107259366E-01 -9.692227629E-04  8.100671924E+04  1.842978363E+02  3.295519390E+02  2.704529505E+02  2.650600615E+02  8.096186798E-01 
       233  1.522818012E-02  1.109344875E-01  1.280794701E-03  8.296335254E+04  1.846938171E+02  3.306491642E+02  2.722576170E+02  2.588137856E+02  7.858310826E-01 
       234  1.717717000E-02  1.111306516E-01  3.565314237E-03  8.521699316E+04  1.835114155E+02  3.319892044E+02  2.744687653E+02  2.500668201E+02  7.625599056E-01 
       235  2.098827574E-02  1.115152878E-01  8.199040730E-03  8.911216357E+04  1.873530436E+02  3.340895844E+02  2.779526100E+02  2.378802814E+02  7.036468089E-01 
       236  2.283804163E-02  1.116790561E-01  1.055952489E-02  9.039464294E+04  1.897778360E+02  3.353336067E+02  2.800256276E+02  2.294488823E+02  6.643832941E-01 
       237  2.632960383E-02  1.121198866E-01  1.543269692E-02  9.107640820E+04  2.062322216E+02  3.352257290E+02  2.798453331E+02  2.319427452E+02  5.848377012E-01 
       238  2.959379811E-02  1.126564718E-01  2.044933110E-02  9.029257080E+04  2.222394786E+02  3.347779999E+02  2.790980463E+02  2.376175098E+02  5.197622310E-01 
       239  3.114059063E-02  1.129278581E-01  2.301118304E-02  8.974194581E+04  2.301873425E+02  3.346286401E+02  2.788491253E+02  2.406241390E+02  4.888419770E-01 
       240  3.264987762E-02  1.132456905E-01  2.559358749E-02  8.914542978E+04  2.372174513E+02  3.342019464E+02  2.781387450E+02  2.434310381E+02  4.625517168E-01 
       241  3.807676132E-02  1.146676712E-01  3.621643154E-02  8.786571728E+04  2.617611408E+02  3.333814010E+02  2.767743350E+02  2.519278115E+02  3.691564155E-01 
       242  3.928374460E-02  1.150413043E-01  3.894926042E-02  8.801779639E+04  2.672102759E+02  3.337761128E+02  2.774308722E+02  2.530216155E+02  3.456834352E-01 
       243  4.044503934E-02  1.154301055E-01  4.169676193E-02  8.844401276E+04  2.710634355E+02  3.341370067E+02  2.780309536E+02  2.522678462E+02  3.242220026E-01 
       244  4.154949506E-02  1.158110833E-01  4.446441861E-02  8.908639160E+04  2.745620422E+02  3.344822540E+02  2.786057339E+02  2.510704489E+02  3.028939553E-01 
       245  4.259018966E-02  1.161595968E-01  4.726780086E-02  8.990596854E+04  2.775674380E+02  3.348908426E+02  2.792870457E+02  2.492094092E+02  2.814723309E-01 
       246  4.357921759E-02  1.165132208E-01  5.008364009E-02  9.090047583E+04  2.796514368E+02  3.354229994E+02  2.801752386E+02  2.462697506E+02  2.610104382E-01 
       247  4.448002582E-02  1.168267471E-01  5.293502673E-02  9.206742927E+04  2.818715229E+02  3.359416242E+02  2.810420866E+02  2.433225387E+02  2.394658917E-01 
       248  4.534234860E-02  1.171711221E-01  5.579536500E-02  9.330415283E+04  2.827589970E+02  3.366129360E+02  2.821667957E+02  2.395362415E+02  2.223516749E-01 
       249  4.612355051E-02  1.174912616E-01  5.867935283E-02  9.450428809E+04  2.840858002E+02  3.372266769E+02  2.831967087E+02  2.359527016E+02  2.031404879E-01 
       250  4.681688670E-02  1.178330389E-01  6.158342338E-02  9.565021094E+04  2.850157356E+02  3.378175926E+02  2.841900444E+02  2.326885109E+02  1.877646092E-01 
       251  4.742483443E-02  1.181684938E-01  6.451168194E-02  9.668754980E+04  2.857206268E+02  3.383922462E+02  2.851576462E+02  2.297195072E+02  1.748714149E-01 
       252  4.796175059E-02  1.184973583E-01  6.744925218E-02  9.757889697E+04  2.867388334E+02  3.389230156E+02  2.860526085E+02  2.270608730E+02  1.610902245E-01 
       253  4.839690646E-02  1.188449776E-01  7.040346354E-02  9.833183395E+04  2.880201266E+02  3.392847095E+02  2.866630998E+02  2.249650939E+02  1.477779965E-01 
       254  4.867844520E-02  1.192029192E-01  7.337369276E-02  9.882400878E+04  2.897900897E+02  3.395128235E+02  2.870487996E+02  2.239637965E+02  1.357348737E-01 
       255  4.889804354E-02  1.195863964E-01  7.634446821E-02  9.925128559E+04  2.915705777E+02  3.396415564E+02  2.872666972E+02  2.232097784E+02  1.245873951E-01 
       256  4.901527392E-02  1.199575346E-01  7.936475415E-02  9.951647961E+04  2.937517057E+02  3.397430464E+02  2.874384939E+02  2.232313091E+02  1.138748402E-01 
       257  4.897414798E-02  1.207471392E-01  8.530893469E-02  1.001454043E+05  2.968347473E+02  3.402151108E+02  2.882374611E+02  2.225670815E+02  9.684829414E-02 
       258  4.879835866E-02  1.211503063E-01  8.827262235E-02  1.002744443E+05  2.984057732E+02  3.401580772E+02  2.881411514E+02  2.227914486E+02  9.017326776E-02 
       259  4.854576088E-02  1.215647590E-01  9.126615169E-02  1.004069020E+05  2.992718768E+02  3.400215530E+02  2.879097977E+02  2.223586004E+02  8.507429376E-02 
       260  4.818457029E-02  1.219712360E-01  9.420996830E-02  1.009586231E+05  2.985365449E+02  3.402862892E+02  2.883582402E+02  2.205391443E+02  8.370464832E-02 
       261  4.782320061E-02  1.224212570E-01  9.713670139E-02  1.017023101E+05  2.972159653E+02  3.405886326E+02  2.888719139E+02  2.179298620E+02  8.297747746E-02 
       262  4.734997920E-02  1.228526278E-01  1.001180955E-01  1.028632051E+05  2.948751526E+02  3.412397118E+02  2.899770164E+02  2.141766548E+02  8.351611625E-02 
       263  4.683890011E-02  1.232935874E-01  1.030087938E-01  1.043325730E+05  2.913041404E+02  3.421569043E+02  2.915384047E+02  2.097136350E+02  8.934666462E-02 
       264  4.566507936E-02  1.242316696E-01  1.088390156E-01  1.062991808E+05  2.849836180E+02  3.425248541E+02  2.921650339E+02  2.041493569E+02  1.103250267E-01 
       265  4.352639189E-02  1.257122811E-01  1.174848542E-01  1.075118766E+05  2.609162719E+02  3.464811875E+02  2.989580508E+02  1.682639241E+02  1.403825449E-01 
       266  4.289440586E-02  1.261798267E-01  1.203730247E-01  1.075821597E+05  2.512541987E+02  3.483101711E+02  3.021230094E+02  1.464062880E+02  1.345294997E-01 
       267  4.242365191E-02  1.265975250E-01  1.232861776E-01  1.076698651E+05  2.446589198E+02  3.496448454E+02  3.044383108E+02  1.330735033E+02  1.400311717E-01 
       268  4.208270049E-02  1.270006734E-01  1.262530889E-01  1.077030625E+05  2.430713425E+02  3.497984352E+02  3.047047768E+02  1.330470848E+02  1.549662519E-01 
       269  4.202415066E-02  1.273246053E-01  1.292418903E-01  1.077079694E+05  2.438661166E+02  3.495285313E+02  3.042350227E+02  1.372539663E+02  1.648520798E-01 
       270  4.218523596E-02  1.275849052E-01  1.322314117E-01  1.076108247E+05  2.457988850E+02  3.490976866E+02  3.034855636E+02  1.428331812E+02  1.710088884E-01 
       271  4.252691668E-02  1.278080741E-01  1.352038484E-01  1.074319425E+05  2.484965223E+02  3.487332570E+02  3.028527521E+02  1.489949481E+02  1.738910389E-01 
       272  4.296344289E-02  1.279984053E-01  1.381664338E-01  1.072296890E+05  2.510323232E+02  3.482556093E+02  3.020247283E+02  1.543809083E+02  1.762827400E-01 
       273  4.347514252E-02  1.281630447E-01  1.411197974E-01  1.069352322E+05  2.534310555E+02  3.478202095E+02  3.012699197E+02  1.592651108E+02  1.782236948E-01 
       274  4.403358971E-02  1.283124551E-01  1.440677535E-01  1.066041235E+05  2.556535311E+02  3.475961654E+02  3.008806459E+02  1.633432870E+02  1.790868244E-01 
       275  4.466583781E-02  1.284644007E-01  1.470000034E-01  1.063616364E+05  2.581118787E+02  3.472139349E+02  2.963360591E+02  1.674280447E+02  1.782793027E-01 
       276 -1.390154712E-02  1.725232616E-01 -4.600000033E-02  8.238656596E+04  1.819233784E+02  3.303168651E+02  2.714026554E+02  3.424591179E+02  1.010629931E+00 
       277 -1.389524734E-02  1.726308379E-01 -4.258575940E-02  8.267374768E+04  1.815181580E+02  3.303603292E+02  2.717807514E+02  3.424151195E+02  1.011939243E+00 
       278 -1.388827040E-02  1.727470810E-01 -3.919459871E-02  8.294869724E+04  1.810717816E+02  3.304234818E+02  2.718846426E+02  3.422668936E+02  1.013204413E+00 
       279 -1.387976982E-02  1.728866868E-01 -3.575874102E-02  8.303899090E+04  1.808697225E+02  3.304452972E+02  2.719205313E+02  3.423582551E+02  1.014065464E+00 
       280 -1.386962822E-02  1.730354599E-01 -3.234598001E-02  8.290205651E+04  1.810988044E+02  3.303656910E+02  2.717895934E+02  3.429477584E+02  1.014348128E+00 
       281 -1.385715910E-02  1.732129765E-01 -2.893478341E-02  8.249134409E+04  1.817818555E+02  3.301480955E+02  2.714317023E+02  3.441785730E+02  1.014238247E+00 
       282 -1.381464856E-02  1.733989484E-01 -2.553958976E-02  8.188459172E+04  1.830437537E+02  3.297883227E+02  2.708405866E+02  3.461317794E+02  1.013476999E+00 
       283 -1.334927366E-02  1.736519924E-01 -2.216152427E-02  8.099989367E+04  1.850526266E+02  3.292974027E+02  2.700349747E+02  3.487765203E+02  1.011480270E+00 
       284 -1.220387625E-02  1.739549638E-01 -1.896956374E-02  7.972249512E+04  1.885946150E+02  3.285119438E+02  2.687489853E+02  3.525692863E+02  1.006502114E+00 
       285 -1.057589609E-02  1.742731966E-01 -1.599005111E-02  7.793808582E+04  1.937467544E+02  3.275254696E+02  2.671376684E+02  3.576501822E+02  9.986958720E-01 
       286 -8.586070527E-03  1.745821273E-01 -1.323108332E-02  7.609395649E+04  1.987305026E+02  3.267648365E+02  2.658974239E+02  3.619056986E+02  9.900069428E-01 
       287 -6.371188279E-03  1.748941133E-01 -1.065117603E-02  7.589863724E+04  2.006442780E+02  3.268345869E+02  2.660112798E+02  3.618467755E+02  9.833626990E-01 
       288 -3.959984913E-03  1.752012559E-01 -8.251810021E-03  7.850700914E+04  1.975857282E+02  3.283084506E+02  2.684207303E+02  3.551944291E+02  9.811562211E-01 
       289 -1.474621790E-03  1.754287438E-01 -5.921768022E-03  8.405271452E+04  1.891243473E+02  3.310786674E+02  2.729739239E+02  3.420423149E+02  9.867193460E-01 
       290  1.096342236E-03  1.756586641E-01 -3.684409899E-03  8.932521191E+04  1.805221602E+02  3.335842974E+02  2.771151231E+02  3.288590676E+02  9.945667932E-01 
       291  3.722457199E-03  1.758529720E-01 -1.512169024E-03  9.185454736E+04  1.749306397E+02  3.345195179E+02  2.786679068E+02  3.250401478E+02  1.007780541E+00 
       292  6.390497491E-03  1.759799744E-01  6.206893580E-04  8.852025635E+04  1.767559662E+02  3.331904163E+02  2.764637146E+02  3.320553989E+02  1.012593389E+00 
       293  1.179759467E-02  1.761809281E-01  4.808741428E-03  7.618846680E+04  2.004916725E+02  3.266239395E+02  2.656735764E+02  3.651993408E+02  9.904022664E-01 
       294  1.450804596E-02  1.762121176E-01  6.883706551E-03  7.219797021E+04  2.097463455E+02  3.241334400E+02  2.616359463E+02  3.765651436E+02  9.819730520E-01 
       295  1.722225861E-02  1.762495216E-01  8.953048646E-03  7.038297461E+04  2.155473747E+02  3.227594604E+02  2.594201546E+02  3.826697922E+02  9.750314951E-01 
       296  1.993233776E-02  1.761597577E-01  1.102855473E-02  6.937215625E+04  2.178122177E+02  3.221662903E+02  2.584672928E+02  3.850566864E+02  9.724863842E-01 
       297  2.263244469E-02  1.760920636E-01  1.311525345E-02  6.777774170E+04  2.224034576E+02  3.211876774E+02  2.569008102E+02  3.892683372E+02  9.662071839E-01 
       298  2.532249661E-02  1.759768902E-01  1.521525865E-02  6.595596240E+04  2.297000713E+02  3.199076729E+02  2.548569899E+02  3.955793953E+02  9.555457011E-01 
       299  2.800116021E-02  1.758008440E-01  1.732596334E-02  6.552420239E+04  2.348190699E+02  3.194946480E+02  2.541987705E+02  3.982677355E+02  9.442382827E-01 
       300  3.066011949E-02  1.756198651E-01  1.946182943E-02  6.819697729E+04  2.351778154E+02  3.210139656E+02  2.566346307E+02  3.919579239E+02  9.293463677E-01 
       301  3.850917716E-02  1.748410184E-01  2.602581626E-02  8.746420728E+04  2.346233864E+02  3.339457598E+02  2.777161427E+02  3.353086939E+02  8.236639239E-01 
       302  4.358739934E-02  1.740919978E-01  3.053362568E-02  8.554344727E+04  2.393339090E+02  3.328331490E+02  2.758659401E+02  3.437896442E+02  8.225292973E-01 
       303  4.609287257E-02  1.736863543E-01  3.281922705E-02  8.441831152E+04  2.434638767E+02  3.321852217E+02  2.747920389E+02  3.466103497E+02  8.136689737E-01 
       304  4.855845708E-02  1.731970535E-01  3.512834265E-02  8.445370020E+04  2.490471282E+02  3.320040817E+02  2.744923162E+02  3.475400534E+02  7.962872256E-01 
       305  5.100043215E-02  1.726458906E-01  3.745772352E-02  8.623566833E+04  2.529771123E+02  3.328498273E+02  2.758943963E+02  3.445594268E+02  7.778940070E-01 
       306  5.340036417E-02  1.720848619E-01  3.982071753E-02  9.006414905E+04  2.517276859E+02  3.350836539E+02  2.796162243E+02  3.342763581E+02  7.650060002E-01 
       307  5.576533568E-02  1.714326002E-01  4.220398857E-02  9.518021075E+04  2.479223994E+02  3.379658233E+02  2.844463561E+02  3.201608316E+02  7.553623826E-01 
       308  5.808130114E-02  1.707532671E-01  4.462162642E-02  9.967093447E+04  2.450612391E+02  3.403978747E+02  2.885521911E+02  3.081326959E+02  7.469579207E-01 
       309  6.913202621E-02  1.670049815E-01  5.708998555E-02  1.113955403E+05  2.432247720E+02  3.462722015E+02  2.985945926E+02  2.755487747E+02  7.098021405E-01 
       310  7.325557335E-02  1.653928843E-01  6.228962682E-02  1.151070588E+05  2.412149917E+02  3.477926269E+02  3.012212980E+02  2.658813549E+02  7.064923467E-01 
       311  7.526114685E-02  1.645964451E-01  6.493668120E-02  1.166134111E+05  2.401444054E+02  3.483212967E+02  3.021378021E+02  2.627842064E+02  7.087370940E-01 
       312  8.099008587E-02  1.620989224E-01  7.305121222E-02  1.187643857E+05  2.380727806E+02  3.491274109E+02  3.035367432E+02  2.552308273E+02  7.089635730E-01 
       313  8.281625202E-02  1.612441772E-01  7.580722199E-02  1.190472734E+05  2.375015450E+02  3.491608887E+02  3.035949402E+02  2.544618607E+02  7.111666501E-01 
       314  8.462318717E-02  1.604029889E-01  7.856519154E-02  1.193599792E+05  2.367411489E+02  3.492480383E+02  3.037463779E+02  2.542590146E+02  7.155056186E-01 
       315  8.638808364E-02  1.595156660E-01  8.135371941E-02  1.195209192E+05  2.361745276E+02  3.492718811E+02  3.037877564E+02  2.540148253E+02  7.183680665E-01 
       316  8.818531781E-02  1.586346563E-01  8.418846896E-02  1.195164118E+05  2.361822794E+02  3.491213457E+02  3.035260524E+02  2.534414348E+02  7.162139578E-01 
       317  9.153487112E-02  1.568453452E-01  8.985396979E-02  1.193928981E+05  2.358417583E+02  3.491367679E+02  3.035534348E+02  2.535740166E+02  7.183327712E-01 
       318  9.319079870E-02  1.559467714E-01  9.269883327E-02  1.193222813E+05  2.359930248E+02  3.491603050E+02  3.035945339E+02  2.533757572E+02  7.177213989E-01 
       319  9.639067810E-02  1.541493463E-01  9.845101971E-02  1.193244707E+05  2.368130112E+02  3.490146866E+02  3.033408718E+02  2.536516590E+02  7.157476097E-01 
       320  9.789700787E-02  1.532238030E-01  1.013752208E-01  1.193211201E+05  2.378590610E+02  3.488717690E+02  3.030923419E+02  2.538299165E+02  7.107560514E-01 
       321  9.939560036E-02  1.523575645E-01  1.043121280E-01  1.192052314E+05  2.386174164E+02  3.486835747E+02  3.027653103E+02  2.543871956E+02  7.088774890E-01 
       322  1.008373928E-01  1.515239935E-01  1.072922639E-01  1.189505811E+05  2.394637108E+02  3.484095592E+02  3.022896156E+02  2.552886372E+02  7.069841549E-01 
       323  1.021925752E-01  1.507164957E-01  1.103173974E-01  1.186785486E+05  2.408459086E+02  3.481082029E+02  3.017673044E+02  2.565850430E+02  7.024826035E-01 
       324  1.063175391E-01  1.486079647E-01  1.265700906E-01  1.184275977E+05  2.426625748E+02  3.488949432E+02  3.031362877E+02  2.551260109E+02  6.966071576E-01 
       325  1.064822206E-01  1.487022474E-01  1.299738775E-01  1.186195547E+05  2.381858788E+02  3.502549210E+02  3.055053978E+02  2.443835945E+02  7.070978880E-01 
       326  1.066476119E-01  1.488146338E-01  1.333799290E-01  1.184740801E+05  2.326876869E+02  3.515020943E+02  3.076826859E+02  2.329271889E+02  7.236816287E-01 
       327  1.068180965E-01  1.489318139E-01  1.367854531E-01  1.181885410E+05  2.293207817E+02  3.520127068E+02  3.085750847E+02  2.283854942E+02  7.366710529E-01 
       328  1.069979625E-01  1.490578552E-01  1.401905319E-01  1.179835547E+05  2.298996525E+02  3.515434990E+02  3.077535667E+02  2.333807545E+02  7.374442965E-01 
       329  1.071817424E-01  1.491887345E-01  1.435955648E-01  1.178733130E+05  2.340207520E+02  3.503073673E+02  3.054045734E+02  2.442360477E+02  7.270399518E-01 
       330  1.073851999E-01  1.493347905E-01  1.470000044E-01  1.178678711E+05  2.406373215E+02  3.487527618E+02  3.015436020E+02  2.575928650E+02  7.103550136E-01 
       331 -5.132010553E-03  2.399711247E-01 -4.600000034E-02  8.406557471E+04  1.732080975E+02  3.309661865E+02  2.731505527E+02  4.395209160E+02  1.165677689E+00 
       332 -5.128125210E-03  2.399809281E-01 -4.210430258E-02  8.394225977E+04  1.753813205E+02  3.305036259E+02  2.720176311E+02  4.413013287E+02  1.162132073E+00 
       333 -5.125201508E-03  2.399922328E-01 -3.820870464E-02  8.199325153E+04  1.786730520E+02  3.298065379E+02  2.708725233E+02  4.439762774E+02  1.156771378E+00 
       334 -5.121813889E-03  2.400095995E-01 -3.431329778E-02  8.028165924E+04  1.829514463E+02  3.288964138E+02  2.693787875E+02  4.475185511E+02  1.149898013E+00 
       335 -5.119016059E-03  2.400291916E-01 -3.041776666E-02  7.888834911E+04  1.861475273E+02  3.282116520E+02  2.682577823E+02  4.500936899E+02  1.144750400E+00 
       336 -5.114574788E-03  2.400538233E-01 -2.652182619E-02  7.801041302E+04  1.877443916E+02  3.279908481E+02  2.678964317E+02  4.511130280E+02  1.141888112E+00 
       337 -5.109553763E-03  2.400828758E-01 -2.262552630E-02  7.835218323E+04  1.868949649E+02  3.283859534E+02  2.685450497E+02  4.500340195E+02  1.142867565E+00 
       338 -5.103895973E-03  2.401152952E-01 -1.872899116E-02  8.132979004E+04  1.815876876E+02  3.298650677E+02  2.709732151E+02  4.443582332E+02  1.150130617E+00 
       339 -4.925504783E-03  2.402473149E-01 -7.056915668E-03  8.422279610E+04  1.732359467E+02  3.314076422E+02  2.735137781E+02  4.381629979E+02  1.164643654E+00 
       340 -3.715119829E-03  2.403023013E-01 -3.373311706E-03  8.026243927E+04  1.813950946E+02  3.296693518E+02  2.706496613E+02  4.449365997E+02  1.151039876E+00 
       341 -1.562012846E-03  2.403581740E-01 -1.360753051E-04  7.972227721E+04  1.855721349E+02  3.287223759E+02  2.690933864E+02  4.481756532E+02  1.144087813E+00 
       342  1.133764527E-03  2.404094608E-01  2.675248428E-03  7.986688916E+04  1.848657818E+02  3.287682667E+02  2.691689081E+02  4.478519707E+02  1.145712934E+00 
       343  4.137632423E-03  2.404197044E-01  5.149238455E-03  7.983377220E+04  1.839569270E+02  3.288889826E+02  2.693663838E+02  4.476364385E+02  1.147973019E+00 
       344  7.316400202E-03  2.403253331E-01  7.399564588E-03  7.955535206E+04  1.848777712E+02  3.287831183E+02  2.691925501E+02  4.483012170E+02  1.146802711E+00 
       345  1.395577155E-02  2.400667001E-01  1.148649181E-02  8.642270508E+04  1.721340704E+02  3.318701267E+02  2.742798071E+02  4.391002045E+02  1.169687733E+00 
       346  1.735065466E-02  2.397965962E-01  1.337576268E-02  9.018040527E+04  1.595615463E+02  3.338092003E+02  2.774908867E+02  4.286169701E+02  1.191480175E+00 
       347  2.419161170E-02  2.391929427E-01  1.704637434E-02  7.953784668E+04  1.859185257E+02  3.289633026E+02  2.694939880E+02  4.473075104E+02  1.143688425E+00 
       348  2.761839379E-02  2.387452844E-01  1.884103948E-02  7.970530566E+04  1.885244541E+02  3.287458763E+02  2.691331367E+02  4.489272804E+02  1.138607100E+00 
       349  3.105226563E-02  2.382885234E-01  2.062260888E-02  8.106307568E+04  1.849898872E+02  3.296812077E+02  2.706654224E+02  4.446710072E+02  1.142923847E+00 
       350  3.788868369E-02  2.371344800E-01  2.417075674E-02  8.041282617E+04  1.867971134E+02  3.296354961E+02  2.705903416E+02  4.460410461E+02  1.140398413E+00 
       351  4.468291751E-02  2.357525484E-01  2.771953789E-02  8.025031543E+04  1.896293125E+02  3.294417725E+02  2.702750378E+02  4.466786957E+02  1.136224099E+00 
       352  4.805699300E-02  2.349490393E-01  2.948953136E-02  8.095473169E+04  1.894739084E+02  3.296197362E+02  2.705673604E+02  4.437877350E+02  1.135503840E+00 
       353  5.140582287E-02  2.340778219E-01  3.127771149E-02  8.097117334E+04  1.905097494E+02  3.295024414E+02  2.703737488E+02  4.435876255E+02  1.134595789E+00 
       354  5.473006301E-02  2.331020583E-01  3.305777180E-02  7.989212402E+04  1.932775669E+02  3.288479042E+02  2.693001709E+02  4.456949463E+02  1.131363288E+00 
       355  5.803984836E-02  2.320923676E-01  3.484458617E-02  7.829890234E+04  1.976163235E+02  3.278251476E+02  2.676278744E+02  4.494617348E+02  1.126131810E+00 
       356  6.132921494E-02  2.310454118E-01  3.665150486E-02  7.662749664E+04  2.018304071E+02  3.268565135E+02  2.660482430E+02  4.525930444E+02  1.120775715E+00 
       357  6.777528194E-02  2.285846393E-01  4.027160278E-02  8.444313770E+04  2.133884506E+02  3.323272820E+02  2.750666504E+02  4.311367378E+02  1.071388632E+00 
       358  7.097972553E-02  2.273472007E-01  4.209367684E-02  9.156621484E+04  2.274163952E+02  3.362070084E+02  2.814968548E+02  4.151324615E+02  1.020733245E+00 
       359  7.412444428E-02  2.259565065E-01  4.393674079E-02  9.057841846E+04  2.344273844E+02  3.346702261E+02  2.789279165E+02  4.192216215E+02  1.007615784E+00 
       360  7.725834663E-02  2.245514312E-01  4.577102978E-02  8.623617578E+04  2.349398079E+02  3.328188381E+02  2.758424606E+02  4.283030853E+02  1.015355997E+00 
       361  8.037011026E-02  2.231435234E-01  4.763983740E-02  8.819311621E+04  2.346568565E+02  3.346023560E+02  2.788227081E+02  4.230509720E+02  1.013388172E+00 
       362  8.343109451E-02  2.215945322E-01  4.950276897E-02  1.012465239E+05  2.296735555E+02  3.406458590E+02  2.890101748E+02  3.935747573E+02  1.009263000E+00 
       363  8.646988642E-02  2.201046420E-01  5.141624103E-02  1.226248770E+05  2.175054588E+02  3.488191900E+02  3.030489674E+02  3.569630098E+02  1.029740334E+00 
       364  9.242245520E-02  2.169732682E-01  5.534503106E-02  1.181591982E+05  2.285249677E+02  3.496449070E+02  3.044717169E+02  3.545956268E+02  9.808295108E-01 
       365  9.533631835E-02  2.153857768E-01  5.738443174E-02  1.165954929E+05  2.279483051E+02  3.493746514E+02  3.040100307E+02  3.568594255E+02  9.792827806E-01 
       366  9.819952312E-02  2.138016843E-01  5.949569436E-02  1.175451592E+05  2.286667042E+02  3.499049835E+02  3.049289722E+02  3.527616844E+02  9.718498439E-01 
       367  1.009694591E-01  2.121295788E-01  6.167326851E-02  1.192491221E+05  2.297804270E+02  3.506171379E+02  3.061640034E+02  3.469669962E+02  9.626565389E-01 
       368  1.037116704E-01  2.105064985E-01  6.390540356E-02  1.200638892E+05  2.302601099E+02  3.511899376E+02  3.071614017E+02  3.444011469E+02  9.571173713E-01 
       369  1.064180189E-01  2.088777679E-01  6.618856681E-02  1.205624922E+05  2.303914652E+02  3.513039303E+02  3.073569031E+02  3.434637489E+02  9.540809542E-01 
       370  1.090480686E-01  2.071800512E-01  6.850700508E-02  1.212386719E+05  2.304751348E+02  3.513633194E+02  3.074608917E+02  3.416291180E+02  9.518657215E-01 
       371  1.116790455E-01  2.055210471E-01  7.084353951E-02  1.218485032E+05  2.310310137E+02  3.515215659E+02  3.077389674E+02  3.394663124E+02  9.488705825E-01 
       372  1.142974452E-01  2.038484190E-01  7.319785208E-02  1.222767795E+05  2.306760259E+02  3.515643435E+02  3.078116341E+02  3.377336674E+02  9.484135993E-01 
       373  1.168416696E-01  2.021295301E-01  7.558130371E-02  1.225461069E+05  2.299701185E+02  3.517235069E+02  3.080926437E+02  3.360021954E+02  9.494210891E-01 
       374  1.193277496E-01  2.004108846E-01  7.805168345E-02  1.227019403E+05  2.287814083E+02  3.518604612E+02  3.083356187E+02  3.344853377E+02  9.520665687E-01 
       375  1.217693779E-01  1.987784452E-01  8.060399866E-02  1.227560862E+05  2.273300867E+02  3.519086256E+02  3.084206696E+02  3.344782066E+02  9.559834450E-01 
       376  1.240793489E-01  1.970470446E-01  8.322373237E-02  1.228390093E+05  2.252974977E+02  3.520271492E+02  3.086293192E+02  3.341762972E+02  9.614722617E-01 
       377  1.263696524E-01  1.953872062E-01  8.590193330E-02  1.231195628E+05  2.234229588E+02  3.523578718E+02  3.092045478E+02  3.327856632E+02  9.661477576E-01 
       378  1.285811840E-01  1.937639536E-01  8.866989816E-02  1.232627080E+05  2.211879630E+02  3.515231442E+02  3.077359295E+02  3.370527024E+02  9.727116646E-01 
       379  1.378530526E-01  1.861918564E-01  1.119425893E-01  1.230881631E+05  2.187595110E+02  3.557590418E+02  3.151870890E+02  3.133290205E+02  9.771286696E-01 
       380  1.378280879E-01  1.861358471E-01  1.158380052E-01  1.228906257E+05  2.204622927E+02  3.570850010E+02  3.175398884E+02  2.997273932E+02  9.734269325E-01 
       381  1.378172244E-01  1.861105784E-01  1.197328496E-01  1.221935811E+05  2.250403690E+02  3.572732248E+02  3.178765144E+02  2.976650720E+02  9.589169733E-01 
       382  1.378137064E-01  1.861013403E-01  1.236281983E-01  1.222874449E+05  2.288033528E+02  3.564670177E+02  3.164482193E+02  3.070576582E+02  9.441777421E-01 
       383  1.378232998E-01  1.861207539E-01  1.275238734E-01  1.226076174E+05  2.296953398E+02  3.550170499E+02  3.138820269E+02  3.188194678E+02  9.411529254E-01 
       384  1.378388478E-01  1.861485149E-01  1.314192119E-01  1.229217289E+05  2.269015469E+02  3.538328735E+02  3.117898378E+02  3.270765253E+02  9.505056719E-01 
       385  1.378667705E-01  1.861922064E-01  1.353144338E-01  1.231266369E+05  2.238472840E+02  3.533112986E+02  3.108695846E+02  3.286717057E+02  9.605231034E-01 
       386  1.378917792E-01  1.862393165E-01  1.392095884E-01  1.232323159E+05  2.224131607E+02  3.529366415E+02  3.102075856E+02  3.294258649E+02  9.649233753E-01 
       387  1.379128913E-01  1.862912877E-01  1.431056120E-01  1.232801472E+05  2.218736540E+02  3.529252586E+02  3.100140161E+02  3.280087333E+02  9.661666794E-01 
       388  1.379274402E-01  1.863453723E-01  1.469999959E-01  1.233118823E+05  2.210466847E+02  3.536239600E+02  3.107252970E+02  3.218630519E+02  9.684381373E-01 
       389 -3.389247132E-02  1.007789921E-01 -4.300551245E-02  8.754330127E+04  1.539771681E+02  3.330570717E+02  2.762359295E+02  2.358286648E+02  8.594255112E-01 
       390 -3.372456358E-02  1.010433636E-01 -4.002223516E-02  8.745573769E+04  1.544896327E+02  3.330186249E+02  2.761721966E+02  2.364265150E+02  8.589025457E-01 
       391 -3.329024078E-02  1.014074167E-01 -3.707963811E-02  8.734153894E+04  1.551260664E+02  3.329590200E+02  2.760733257E+02  2.370778975E+02  8.579958759E-01 
       392 -3.255620303E-02  1.018883264E-01 -3.421559131E-02  8.722087202E+04  1.558575972E+02  3.328834414E+02  2.759479904E+02  2.378441234E+02  8.570574345E-01 
       393 -3.153373485E-02  1.024554568E-01 -3.145384174E-02  8.710255344E+04  1.565864332E+02  3.328078036E+02  2.758226579E+02  2.386004955E+02  8.561563269E-01 
       394 -3.028950121E-02  1.031058036E-01 -2.880322264E-02  8.700082072E+04  1.573000402E+02  3.327430918E+02  2.757153320E+02  2.393556631E+02  8.553823720E-01 
       395 -2.888173412E-02  1.037838005E-01 -2.624318977E-02  8.692907102E+04  1.579084918E+02  3.327003902E+02  2.756446029E+02  2.400037847E+02  8.548318977E-01 
       396 -2.733119538E-02  1.044792183E-01 -2.377110822E-02  8.686318293E+04  1.584229563E+02  3.326668067E+02  2.755890089E+02  2.406325580E+02  8.547517012E-01 
       397 -2.568342124E-02  1.052055751E-01 -2.135968630E-02  8.672758835E+04  1.590012223E+02  3.325990855E+02  2.754767666E+02  2.414519398E+02  8.550029729E-01 
       398 -2.397735570E-02  1.059146334E-01 -1.899049647E-02  8.651708063E+04  1.596559424E+02  3.324890232E+02  2.752944817E+02  2.425404101E+02  8.557814464E-01 
       399 -2.220871387E-02  1.066063154E-01 -1.667396516E-02  8.619106125E+04  1.606035722E+02  3.323134174E+02  2.750037651E+02  2.441476284E+02  8.568414219E-01 
       400 -2.041003203E-02  1.073389070E-01 -1.437512078E-02  8.565567050E+04  1.622696349E+02  3.320199230E+02  2.745183556E+02  2.466201798E+02  8.571396268E-01 
       401 -1.856976066E-02  1.079715131E-01 -1.211630566E-02  8.493559992E+04  1.650699248E+02  3.316252589E+02  2.738661114E+02  2.497696223E+02  8.538588735E-01 
       402 -1.670953655E-02  1.086522831E-01 -9.860640570E-03  8.447122532E+04  1.681056049E+02  3.313709061E+02  2.734461987E+02  2.521523581E+02  8.467458053E-01 
       403 -1.482329113E-02  1.093026603E-01 -7.620995183E-03  8.433555881E+04  1.710598786E+02  3.312984669E+02  2.733266678E+02  2.528015603E+02  8.338366376E-01 
       404 -1.292306254E-02  1.099268373E-01 -5.385291055E-03  8.496471851E+04  1.724631500E+02  3.316532650E+02  2.739126215E+02  2.506929779E+02  8.195857275E-01 
       405 -1.101845801E-02  1.105590611E-01 -3.137660868E-03  8.675198944E+04  1.709762874E+02  3.326425920E+02  2.755494399E+02  2.448076735E+02  8.082773634E-01 
       406 -9.120841472E-03  1.111701815E-01 -8.914052251E-04  8.936950494E+04  1.676185274E+02  3.340681739E+02  2.779165446E+02  2.355758473E+02  7.971319375E-01 
       407 -7.240675928E-03  1.117476218E-01  1.353994698E-03  9.291783579E+04  1.637108960E+02  3.358904047E+02  2.809570766E+02  2.225268105E+02  7.798413129E-01 
       408 -5.370549944E-03  1.123083196E-01  3.627204146E-03  9.641233997E+04  1.635132983E+02  3.377002788E+02  2.839921405E+02  2.088594863E+02  7.431294713E-01 
       409 -3.530590186E-03  1.128981262E-01  5.933484609E-03  9.831315392E+04  1.731766463E+02  3.386288897E+02  2.855561813E+02  2.023494297E+02  6.705591013E-01 
       410 -1.726912218E-03  1.134387153E-01  8.259926622E-03  9.804322729E+04  1.849251447E+02  3.384863372E+02  2.853156714E+02  2.044025774E+02  6.089913230E-01 
       411  3.734044288E-05  1.140039107E-01  1.062617763E-02  9.723023071E+04  1.943591642E+02  3.380910063E+02  2.846496496E+02  2.083816109E+02  5.679492950E-01 
       412  1.740848712E-03  1.145879687E-01  1.302702968E-02  9.644013024E+04  2.019004984E+02  3.376987249E+02  2.839892194E+02  2.128932472E+02  5.407127939E-01 
       413  3.387617433E-03  1.151172021E-01  1.547343878E-02  9.593909744E+04  2.083094028E+02  3.374662416E+02  2.835983356E+02  2.156914740E+02  5.153824693E-01 
       414  4.957112811E-03  1.157081541E-01  1.796238578E-02  9.540495618E+04  2.152813287E+02  3.371627431E+02  2.830886197E+02  2.188565547E+02  4.889105130E-01 
       415  6.462677552E-03  1.163151534E-01  2.048609031E-02  9.459099097E+04  2.222511187E+02  3.367276287E+02  2.823584447E+02  2.229576087E+02  4.661690630E-01 
       416  7.926557233E-03  1.168909271E-01  2.304605918E-02  9.387548682E+04  2.281979792E+02  3.363595595E+02  2.817413392E+02  2.265741122E+02  4.477999359E-01 
       417  9.338612782E-03  1.175119790E-01  2.562398907E-02  9.353941601E+04  2.332298661E+02  3.361684180E+02  2.814211348E+02  2.288724895E+02  4.305408192E-01 
       418  1.068984297E-02  1.181121478E-01  2.822455248E-02  9.339940933E+04  2.379270135E+02  3.360851868E+02  2.812818213E+02  2.304559206E+02  4.127390081E-01 
       419  1.198650266E-02  1.187330819E-01  3.085849659E-02  9.334007857E+04  2.424032356E+02  3.360554588E+02  2.812320792E+02  2.317806170E+02  3.954550144E-01 
       420  1.322982934E-02  1.193430432E-01  3.352159396E-02  9.340103967E+04  2.465591983E+02  3.360773854E+02  2.812687531E+02  2.326333662E+02  3.782151933E-01 
       421  1.439865389E-02  1.199672983E-01  3.621509854E-02  9.361641185E+04  2.502499229E+02  3.361875916E+02  2.814533053E+02  2.329386675E+02  3.616075697E-01 
       422  1.553995729E-02  1.205631245E-01  3.892438234E-02  9.407814432E+04  2.534605167E+02  3.364211026E+02  2.818444209E+02  2.324203910E+02  3.445627769E-01 
       423  1.662952250E-02  1.211745408E-01  4.165332372E-02  9.464686130E+04  2.562543182E+02  3.367005304E+02  2.823128768E+02  2.315319858E+02  3.286018794E-01 
       424  1.764894372E-02  1.217373945E-01  4.441857664E-02  9.538215622E+04  2.583836451E+02  3.370766940E+02  2.829442163E+02  2.299794778E+02  3.136612988E-01 
       425  1.861873940E-02  1.222791769E-01  4.720617614E-02  9.638451185E+04  2.600717421E+02  3.375750663E+02  2.837815044E+02  2.273433664E+02  2.972345522E-01 
       426  1.950820179E-02  1.228336643E-01  5.001741530E-02  9.733841278E+04  2.618813022E+02  3.380353553E+02  2.845558903E+02  2.247810392E+02  2.803841135E-01 
       427  2.036944420E-02  1.233245632E-01  5.285072558E-02  9.825744650E+04  2.636176232E+02  3.384919317E+02  2.853251616E+02  2.222316965E+02  2.637147346E-01 
       428  2.117157025E-02  1.238295963E-01  5.569831964E-02  9.923240283E+04  2.651807470E+02  3.389724116E+02  2.861358190E+02  2.194600334E+02  2.473387425E-01 
       429  2.190592593E-02  1.242947792E-01  5.857026217E-02  1.001683035E+05  2.668098612E+02  3.394262161E+02  2.869024544E+02  2.167758026E+02  2.306069909E-01 
       430  2.257248913E-02  1.247551336E-01  6.145961794E-02  1.010465371E+05  2.685616112E+02  3.398452978E+02  2.876113195E+02  2.143508463E+02  2.141197575E-01 
       431  2.314781749E-02  1.251835029E-01  6.437124902E-02  1.018202905E+05  2.704846725E+02  3.402181330E+02  2.882426467E+02  2.121641216E+02  1.971186846E-01 
       432  2.363318974E-02  1.255957621E-01  6.730774801E-02  1.024725784E+05  2.727529902E+02  3.405215399E+02  2.887568932E+02  2.105575740E+02  1.800526598E-01 
       433  2.402789138E-02  1.260195069E-01  7.025072331E-02  1.029862065E+05  2.751747494E+02  3.407936382E+02  2.892185688E+02  2.093322945E+02  1.634325609E-01 
       434  2.431727977E-02  1.264030352E-01  7.321094069E-02  1.033170674E+05  2.780517502E+02  3.409624138E+02  2.895050144E+02  2.088645744E+02  1.465438474E-01 
       435  2.453016930E-02  1.268032789E-01  7.617447467E-02  1.034304792E+05  2.812604270E+02  3.410385876E+02  2.896343575E+02  2.090462694E+02  1.301266907E-01 
       436  2.462079541E-02  1.271795605E-01  7.915094878E-02  1.033250604E+05  2.847966518E+02  3.410219858E+02  2.896061904E+02  2.099065647E+02  1.141034201E-01 
       437  2.463902970E-02  1.275610820E-01  8.212637731E-02  1.029881907E+05  2.888273606E+02  3.408658113E+02  2.893409834E+02  2.120846643E+02  1.003667526E-01 
       438  2.457492051E-02  1.279220853E-01  8.510260082E-02  1.022746941E+05  2.930678217E+02  3.405281975E+02  2.887682375E+02  2.152463487E+02  8.936412143E-02 
       439  2.441429013E-02  1.282749863E-01  8.807550525E-02  1.011573142E+05  2.967523305E+02  3.399681210E+02  2.878189987E+02  2.202268923E+02  8.938403453E-02 
       440  2.420234297E-02  1.286273229E-01  9.105186832E-02  1.004930783E+05  2.969546356E+02  3.396973734E+02  2.873607042E+02  2.233763910E+02  1.032141602E-01 
       441  2.388558350E-02  1.289647853E-01  9.401845916E-02  1.005268447E+05  2.952692508E+02  3.396762779E+02  2.873250201E+02  2.236317484E+02  1.161336003E-01 
       442  2.351928731E-02  1.293134864E-01  9.696958543E-02  1.009928726E+05  2.921034772E+02  3.398948911E+02  2.876950265E+02  2.218860681E+02  1.299687159E-01 
       443  2.306449285E-02  1.296327241E-01  9.991680403E-02  1.018555845E+05  2.883095436E+02  3.402785864E+02  2.883448963E+02  2.183584723E+02  1.403458840E-01 
       444  2.257188759E-02  1.299515661E-01  1.028605699E-01  1.030376011E+05  2.844772539E+02  3.408552780E+02  2.893230991E+02  2.137849646E+02  1.471569096E-01 
       445  2.201092100E-02  1.302726916E-01  1.057899135E-01  1.042667932E+05  2.817313354E+02  3.414565946E+02  2.903449025E+02  2.097793721E+02  1.499980600E-01 
       446  2.143382683E-02  1.305960230E-01  1.087107054E-01  1.053597839E+05  2.798819790E+02  3.420259846E+02  2.913140215E+02  2.064688345E+02  1.503040892E-01 
       447  2.076802587E-02  1.309307408E-01  1.116221513E-01  1.062054849E+05  2.785735722E+02  3.425729485E+02  2.922464790E+02  2.037797174E+02  1.497869892E-01 
       448  2.010215597E-02  1.312657467E-01  1.145293522E-01  1.068432192E+05  2.779594431E+02  3.430177574E+02  2.930058317E+02  2.021390996E+02  1.490799524E-01 
       449  1.945135245E-02  1.316056955E-01  1.174374795E-01  1.072214690E+05  2.779151032E+02  3.433069968E+02  2.935000973E+02  2.013997386E+02  1.483987565E-01 
       450  1.885387307E-02  1.319548677E-01  1.203553293E-01  1.073572350E+05  2.779636106E+02  3.434369864E+02  2.937223277E+02  2.011127468E+02  1.489814202E-01 
       451  1.837479322E-02  1.322913677E-01  1.233018373E-01  1.073763315E+05  2.778861294E+02  3.434715719E+02  2.937815113E+02  2.010883126E+02  1.514308620E-01 
       452  1.811263581E-02  1.325954541E-01  1.262715907E-01  1.073811924E+05  2.779637928E+02  3.434801292E+02  2.937962036E+02  2.015781002E+02  1.547615929E-01 
       453  1.805653049E-02  1.328847135E-01  1.292554963E-01  1.073979321E+05  2.782659125E+02  3.434846420E+02  2.938039083E+02  2.025300455E+02  1.585651473E-01 
       454  1.819877737E-02  1.331672438E-01  1.322380588E-01  1.073649214E+05  2.785590051E+02  3.434692912E+02  2.937776235E+02  2.035652981E+02  1.627718511E-01 
       455  1.852494771E-02  1.334510277E-01  1.352129826E-01  1.072511094E+05  2.788840036E+02  3.434031972E+02  2.936645575E+02  2.046723163E+02  1.672452997E-01 
       456  1.890761882E-02  1.337081709E-01  1.381756048E-01  1.070395275E+05  2.792749772E+02  3.432915559E+02  2.934736693E+02  2.058889874E+02  1.715329541E-01 
       457  1.937808835E-02  1.339540030E-01  1.411279949E-01  1.067833135E+05  2.798760867E+02  3.431561370E+02  2.932422020E+02  2.072825353E+02  1.751513951E-01 
       458  1.989552602E-02  1.341916383E-01  1.440726902E-01  1.065510130E+05  2.805445357E+02  3.430331818E+02  2.930320922E+02  2.087537829E+02  1.786289698E-01 
       459  2.048114376E-02  1.344526817E-01  1.469999956E-01  1.063227085E+05  2.812877293E+02  3.428944511E+02  2.927931557E+02  2.103662405E+02  1.818040879E-01 
       460 -4.772920012E-02  1.664853148E-01 -4.258181757E-02  8.253142515E+04  1.813487273E+02  3.302811834E+02  2.716504516E+02  3.429016301E+02  1.013404534E+00 
       461 -4.770031945E-02  1.666117663E-01 -3.916302660E-02  8.229544287E+04  1.819014486E+02  3.301362033E+02  2.714121264E+02  3.437231133E+02  1.012999057E+00 
       462 -4.768621633E-02  1.667606858E-01 -3.574527808E-02  8.187100256E+04  1.829815946E+02  3.298825278E+02  2.709951882E+02  3.450963449E+02  1.011806160E+00 
       463 -4.773671611E-02  1.669008759E-01 -3.232563070E-02  8.129992847E+04  1.845300651E+02  3.295461874E+02  2.704429340E+02  3.469085197E+02  1.009843133E+00 
       464 -4.779814392E-02  1.670685917E-01 -2.890641835E-02  8.063261670E+04  1.864667454E+02  3.291534138E+02  2.697986851E+02  3.490790672E+02  1.007252682E+00 
       465 -4.772832030E-02  1.672854950E-01 -2.549705171E-02  7.990687842E+04  1.887028863E+02  3.287324862E+02  2.691090946E+02  3.513116145E+02  1.003795289E+00 
       466 -4.733274936E-02  1.676197526E-01 -2.211766833E-02  7.926200513E+04  1.914459176E+02  3.283544621E+02  2.684905305E+02  3.534844956E+02  9.985398166E-01 
       467 -4.646629434E-02  1.680852894E-01 -1.884685997E-02  7.937106277E+04  1.931620421E+02  3.284579771E+02  2.686602030E+02  3.535553929E+02  9.928128417E-01 
       468 -4.497458874E-02  1.687177674E-01 -1.583913045E-02  8.167135767E+04  1.904832945E+02  3.297872982E+02  2.708413820E+02  3.475624104E+02  9.909610245E-01 
       469 -4.311049959E-02  1.694263862E-01 -1.306511329E-02  8.514433032E+04  1.841657572E+02  3.317747803E+02  2.741156712E+02  3.379205971E+02  9.957480878E-01 
       470 -4.101650432E-02  1.701661907E-01 -1.047820325E-02  8.776000830E+04  1.788220778E+02  3.331280212E+02  2.763539429E+02  3.311411266E+02  1.002926771E+00 
       471 -3.872443978E-02  1.709287414E-01 -8.043812788E-03  8.760920435E+04  1.767717936E+02  3.330408292E+02  2.762094665E+02  3.318104463E+02  1.011084885E+00 
       472 -3.634257562E-02  1.716543837E-01 -5.706210795E-03  8.555695752E+04  1.786659584E+02  3.319180584E+02  2.743509712E+02  3.375650902E+02  1.013996191E+00 
       473 -3.384972842E-02  1.724025179E-01 -3.469956820E-03  8.166112231E+04  1.856489375E+02  3.296901004E+02  2.706831617E+02  3.487167895E+02  1.009686934E+00 
       474 -3.133060076E-02  1.731099844E-01 -1.271304633E-03  7.658716394E+04  1.974909687E+02  3.267154999E+02  2.658203613E+02  3.629365785E+02  9.962795787E-01 
       475 -2.873453975E-02  1.737912906E-01  8.535856133E-04  7.252823364E+04  2.089736900E+02  3.241582918E+02  2.616741371E+02  3.749730167E+02  9.816111587E-01 
       476 -2.611690126E-02  1.744247281E-01  2.958268427E-03  7.082575708E+04  2.140405846E+02  3.230811272E+02  2.599364076E+02  3.801904044E+02  9.753284194E-01 
       477 -2.348835128E-02  1.750433393E-01  5.058280838E-03  7.024249280E+04  2.152224768E+02  3.228047340E+02  2.594920931E+02  3.808617588E+02  9.727659053E-01 
       478 -2.083113736E-02  1.756162102E-01  7.133742148E-03  6.971294873E+04  2.181200705E+02  3.224582176E+02  2.589349337E+02  3.827982197E+02  9.670658000E-01 
       479 -1.816607045E-02  1.761555279E-01  9.209141426E-03  6.969401440E+04  2.215489359E+02  3.224727993E+02  2.589589634E+02  3.839637318E+02  9.579102024E-01 
       480 -1.549262448E-02  1.766467189E-01  1.128626304E-02  7.252641211E+04  2.210490208E+02  3.244981384E+02  2.622286806E+02  3.759758940E+02  9.429090135E-01 
       481 -1.281959455E-02  1.771087169E-01  1.337222607E-02  8.337274170E+04  2.127012475E+02  3.308734393E+02  2.726494777E+02  3.467505963E+02  9.168662848E-01 
       482 -1.015361520E-02  1.775059034E-01  1.547159933E-02  9.908860515E+04  2.073634155E+02  3.386267839E+02  2.855578944E+02  3.048751623E+02  8.719770224E-01 
       483 -7.491200012E-03  1.778633735E-01  1.757589553E-02  9.724495947E+04  2.210525541E+02  3.379093304E+02  2.843488770E+02  3.112749538E+02  8.320122939E-01 
       484 -4.837064878E-03  1.782590199E-01  1.971143984E-02  8.927118481E+04  2.291974173E+02  3.342047567E+02  2.781457834E+02  3.307050304E+02  8.331775367E-01 
       485 -2.188499166E-03  1.785530451E-01  2.185094162E-02  8.822752573E+04  2.312640942E+02  3.336639938E+02  2.772449927E+02  3.346963452E+02  8.331745802E-01 
       486  4.329096806E-04  1.787998193E-01  2.404680664E-02  8.890221631E+04  2.349584675E+02  3.338644390E+02  2.775776520E+02  3.335864983E+02  8.191236481E-01 
       487  3.027224691E-03  1.790317150E-01  2.627094405E-02  8.869401691E+04  2.374590149E+02  3.337523100E+02  2.773908019E+02  3.350960286E+02  8.134148046E-01 
       488  5.626976121E-03  1.792222402E-01  2.847807669E-02  8.943448108E+04  2.388349028E+02  3.342073646E+02  2.781482191E+02  3.336802056E+02  8.067181883E-01 
       489  8.191038637E-03  1.793338257E-01  3.074695743E-02  9.178455078E+04  2.388383675E+02  3.354909844E+02  2.802909033E+02  3.275071459E+02  7.970856372E-01 
       490  1.074058355E-02  1.794129340E-01  3.303046409E-02  9.554950052E+04  2.371343263E+02  3.373887032E+02  2.834725862E+02  3.171107384E+02  7.872512024E-01 
       491  1.325979491E-02  1.793970135E-01  3.532576038E-02  9.972616443E+04  2.346217208E+02  3.394003038E+02  2.868625617E+02  3.056738582E+02  7.795337122E-01 
       492  1.577166567E-02  1.793535417E-01  3.765132951E-02  1.031019938E+05  2.328529196E+02  3.410284495E+02  2.896195664E+02  2.968351798E+02  7.737736106E-01 
       493  1.825553626E-02  1.792503646E-01  4.000403552E-02  1.054159799E+05  2.323778195E+02  3.421308203E+02  2.914937925E+02  2.910235858E+02  7.679875297E-01 
       494  2.071273564E-02  1.790845686E-01  4.238164633E-02  1.073589112E+05  2.322159109E+02  3.429971963E+02  2.929716358E+02  2.858846968E+02  7.622527140E-01 
       495  2.315348782E-02  1.789033294E-01  4.476881837E-02  1.094115045E+05  2.316655157E+02  3.438953729E+02  2.945080905E+02  2.803860378E+02  7.578910068E-01 
       496  2.554611962E-02  1.786610662E-01  4.720294885E-02  1.113941655E+05  2.309815340E+02  3.448019962E+02  2.960629930E+02  2.750997009E+02  7.545703221E-01 
       497  2.790553153E-02  1.783591187E-01  4.966367300E-02  1.131498833E+05  2.305452147E+02  3.456109676E+02  2.974536457E+02  2.704943466E+02  7.512717899E-01 
       498  3.023553076E-02  1.780531658E-01  5.215009418E-02  1.146690900E+05  2.303858981E+02  3.462654362E+02  2.985808895E+02  2.666037447E+02  7.479472775E-01 
       499  3.255140683E-02  1.777481834E-01  5.464573084E-02  1.159553082E+05  2.301239854E+02  3.468112512E+02  2.995229235E+02  2.629059274E+02  7.456194344E-01 
       500  3.480321611E-02  1.773622653E-01  5.719033452E-02  1.169854207E+05  2.302196957E+02  3.472270582E+02  3.002414515E+02  2.600558095E+02  7.426007814E-01 
       501  3.704366447E-02  1.769956776E-01  5.978074099E-02  1.178151041E+05  2.303054879E+02  3.475769227E+02  3.008466885E+02  2.575955420E+02  7.403101549E-01 
       502  3.923116288E-02  1.766153691E-01  6.237867612E-02  1.184733180E+05  2.305683072E+02  3.478415041E+02  3.013048229E+02  2.556367049E+02  7.377976878E-01 
       503  4.136429871E-02  1.761773997E-01  6.501205622E-02  1.189838834E+05  2.308920226E+02  3.480583582E+02  3.016806003E+02  2.543808497E+02  7.355370447E-01 
       504  4.348069858E-02  1.757484529E-01  6.766046190E-02  1.193503564E+05  2.312326837E+02  3.482091694E+02  3.019420280E+02  2.537962785E+02  7.339383271E-01 
       505  4.554226392E-02  1.753162813E-01  7.034950997E-02  1.196083853E+05  2.316420975E+02  3.483178339E+02  3.021304865E+02  2.536036568E+02  7.324461825E-01 
       506  4.756665315E-02  1.748560179E-01  7.306168772E-02  1.196610264E+05  2.320168155E+02  3.483518741E+02  3.021894920E+02  2.538754791E+02  7.314604223E-01 
       507  4.956604909E-02  1.743615796E-01  7.580968578E-02  1.195461949E+05  2.325982674E+02  3.482888120E+02  3.020800358E+02  2.544142246E+02  7.298617146E-01 
       508  5.152654947E-02  1.738670862E-01  7.855886540E-02  1.194614898E+05  2.328901829E+02  3.482663366E+02  3.020410329E+02  2.551657656E+02  7.296906544E-01 
       509  5.347325952E-02  1.733659220E-01  8.131742073E-02  1.198692615E+05  2.329513390E+02  3.484027779E+02  3.022777536E+02  2.545180848E+02  7.292919492E-01 
       510  5.541917190E-02  1.728212690E-01  8.412523757E-02  1.197362467E+05  2.322966393E+02  3.483465535E+02  3.021802298E+02  2.547943671E+02  7.323944611E-01 
       511  5.731737707E-02  1.722438844E-01  8.698058411E-02  1.200424615E+05  2.324241408E+02  3.484605061E+02  3.023780450E+02  2.536320823E+02  7.309740824E-01 
       512  5.917186437E-02  1.716911252E-01  8.979478553E-02  1.202473687E+05  2.330778575E+02  3.485533495E+02  3.025393377E+02  2.531764866E+02  7.282037977E-01 
       513  6.096387184E-02  1.711643945E-01  9.255110888E-02  1.202878323E+05  2.341058807E+02  3.485427325E+02  3.025209098E+02  2.531041905E+02  7.242633924E-01 
       514  6.270700241E-02  1.705757992E-01  9.544380808E-02  1.201356255E+05  2.353704281E+02  3.484652991E+02  3.023865166E+02  2.530958996E+02  7.192236055E-01 
       515  6.442263795E-02  1.699823167E-01  9.834544530E-02  1.199540930E+05  2.367586817E+02  3.483847225E+02  3.022466636E+02  2.533950677E+02  7.140098807E-01 
       516  6.612271722E-02  1.694054111E-01  1.012510921E-01  1.197167709E+05  2.380093589E+02  3.482878952E+02  3.020786130E+02  2.540776544E+02  7.099118945E-01 
       517  6.776083839E-02  1.688452726E-01  1.042003507E-01  1.194565364E+05  2.389234309E+02  3.482008945E+02  3.019276165E+02  2.546910182E+02  7.071757377E-01 
       518  6.936215302E-02  1.682812898E-01  1.071729988E-01  1.191623790E+05  2.395986747E+02  3.481086966E+02  3.017676876E+02  2.555958983E+02  7.056334501E-01 
       519  7.082677073E-02  1.677321085E-01  1.102128146E-01  1.188785209E+05  2.403625286E+02  3.480355213E+02  3.016408589E+02  2.566017431E+02  7.036923934E-01 
       520  7.220712168E-02  1.672497044E-01  1.133584680E-01  1.187682859E+05  2.411971497E+02  3.480771810E+02  3.017131330E+02  2.574429246E+02  7.014979983E-01 
       521  7.342602904E-02  1.668557431E-01  1.165154693E-01  1.187482017E+05  2.415659852E+02  3.482234626E+02  3.019669111E+02  2.576067374E+02  7.006103299E-01 
       522  7.439926912E-02  1.665467988E-01  1.197652411E-01  1.186774854E+05  2.415944090E+02  3.483776650E+02  3.022343869E+02  2.574174690E+02  7.006872948E-01 
       523  7.498839543E-02  1.664581038E-01  1.231239650E-01  1.186134082E+05  2.418000908E+02  3.485168991E+02  3.024759388E+02  2.574009876E+02  7.004688382E-01 
       524  7.530423640E-02  1.665023734E-01  1.265249777E-01  1.185485337E+05  2.421398253E+02  3.485767970E+02  3.025798597E+02  2.575323920E+02  6.998865753E-01 
       525  7.543612494E-02  1.666233331E-01  1.299370256E-01  1.184142861E+05  2.428563156E+02  3.484647655E+02  3.023853970E+02  2.585575466E+02  6.986830235E-01 
       526  7.553122174E-02  1.667952118E-01  1.333496155E-01  1.181894941E+05  2.441294756E+02  3.482350039E+02  3.019868288E+02  2.604403095E+02  6.963296430E-01 
       527  7.566054780E-02  1.669469890E-01  1.367626796E-01  1.179896326E+05  2.448907022E+02  3.481764050E+02  3.018853922E+02  2.609596295E+02  6.946696639E-01 
       528  7.583993244E-02  1.671002891E-01  1.401745263E-01  1.178692658E+05  2.444230024E+02  3.484697969E+02  3.023954639E+02  2.586767131E+02  6.953291465E-01 
       529  7.600645069E-02  1.672586086E-01  1.435869327E-01  1.178543057E+05  2.419816613E+02  3.492330427E+02  3.037234142E+02  2.528458214E+02  7.010162794E-01 
       530  7.611546960E-02  1.674572299E-01  1.470000031E-01  1.179627293E+05  2.377760909E+02  3.502158518E+02  3.055099373E+02  2.452449062E+02  7.128600203E-01 
       531 -5.220359409E-02  2.342994603E-01 -4.210986580E-02  8.159657376E+04  1.835260929E+02  3.296470386E+02  2.706836994E+02  4.445717249E+02  1.145252898E+00 
       532 -5.220192467E-02  2.343108577E-01 -3.821952920E-02  8.096176538E+04  1.857037197E+02  3.293958712E+02  2.701964643E+02  4.454663332E+02  1.140800834E+00 
       533 -5.220302368E-02  2.343278434E-01 -3.432921672E-02  8.140441116E+04  1.856572383E+02  3.296275555E+02  2.705770353E+02  4.449667374E+02  1.140416833E+00 
       534 -5.220531674E-02  2.343446645E-01 -3.043898101E-02  8.307300963E+04  1.818012508E+02  3.305771769E+02  2.721402135E+02  4.413181791E+02  1.146406868E+00 
       535 -5.220735409E-02  2.343651870E-01 -2.654892396E-02  8.489056250E+04  1.766571608E+02  3.317185135E+02  2.740216713E+02  4.366559181E+02  1.154631384E+00 
       536 -5.221355576E-02  2.343966826E-01 -2.266385481E-02  8.573076406E+04  1.738045270E+02  3.321684504E+02  2.747642335E+02  4.347225416E+02  1.159799607E+00 
       537 -5.221196162E-02  2.344309954E-01 -1.877454498E-02  8.529597234E+04  1.743051164E+02  3.316919369E+02  2.739777065E+02  4.362953966E+02  1.160004993E+00 
       538 -5.222596507E-02  2.344687402E-01 -1.488167101E-02  8.356452888E+04  1.776350636E+02  3.306838847E+02  2.723153178E+02  4.409325706E+02  1.156268841E+00 
       539 -5.222923531E-02  2.345160018E-01 -1.099302079E-02  8.132094244E+04  1.829895518E+02  3.295611014E+02  2.704690032E+02  4.456851397E+02  1.147943710E+00 
       540 -5.210275326E-02  2.345957540E-01 -7.104134264E-03  7.989407581E+04  1.872559681E+02  3.288791596E+02  2.693497773E+02  4.483671359E+02  1.140397932E+00 
       541 -5.114101036E-02  2.348545508E-01 -3.375994418E-03  7.993596382E+04  1.863999766E+02  3.290498642E+02  2.696294344E+02  4.473323937E+02  1.141487377E+00 
       542 -4.917766965E-02  2.353023755E-01 -5.047413344E-05  8.036741699E+04  1.854436436E+02  3.293283367E+02  2.700859556E+02  4.471739950E+02  1.143857963E+00 
       543 -4.661414278E-02  2.358651253E-01  2.823323178E-03  8.146470471E+04  1.840945382E+02  3.299398494E+02  2.710904398E+02  4.453568230E+02  1.145575574E+00 
       544 -4.374488282E-02  2.364440537E-01  5.350106892E-03  8.493639886E+04  1.762128847E+02  3.318694539E+02  2.742736626E+02  4.375680161E+02  1.157598875E+00 
       545 -4.059796688E-02  2.370222596E-01  7.583171126E-03  8.907071863E+04  1.647918861E+02  3.339031930E+02  2.776425223E+02  4.281570945E+02  1.177085910E+00 
       546 -3.738701819E-02  2.375676250E-01  9.702642239E-03  8.777083203E+04  1.677138170E+02  3.331303668E+02  2.763604758E+02  4.313219943E+02  1.172486445E+00 
       547 -3.407522408E-02  2.380263225E-01  1.169481074E-02  8.230765723E+04  1.827071505E+02  3.303510771E+02  2.717702608E+02  4.436103230E+02  1.147072071E+00 
       548 -3.073065008E-02  2.384984497E-01  1.361793802E-02  7.989353448E+04  1.898749983E+02  3.289502490E+02  2.694659729E+02  4.482597196E+02  1.133898334E+00 
       549 -2.732884007E-02  2.388770261E-01  1.546643341E-02  8.120142310E+04  1.856442893E+02  3.295867620E+02  2.705101905E+02  4.445535903E+02  1.140542420E+00 
       550 -2.390908864E-02  2.392176502E-01  1.728468609E-02  8.160318356E+04  1.847558242E+02  3.297403361E+02  2.707625536E+02  4.437869247E+02  1.142235921E+00 
       551 -2.044822495E-02  2.394794424E-01  1.908927170E-02  8.073019147E+04  1.870151248E+02  3.294219267E+02  2.702407634E+02  4.466567659E+02  1.140144835E+00 
       552 -1.699643969E-02  2.397114515E-01  2.086461287E-02  8.052859265E+04  1.882185717E+02  3.295158257E+02  2.703957009E+02  4.474825478E+02  1.138898209E+00 
       553 -1.354033893E-02  2.398615604E-01  2.263394957E-02  8.107348730E+04  1.874096136E+02  3.298168850E+02  2.708903008E+02  4.454293385E+02  1.139712214E+00 
       554 -1.007792796E-02  2.399171479E-01  2.439846914E-02  8.140817859E+04  1.862328963E+02  3.298846970E+02  2.710009153E+02  4.439902821E+02  1.142482946E+00 
       555 -6.592279415E-03  2.399646350E-01  2.619220728E-02  8.061093066E+04  1.873162818E+02  3.293424635E+02  2.701098533E+02  4.456564188E+02  1.143005315E+00 
       556 -3.124907716E-03  2.398994093E-01  2.794309000E-02  7.961265967E+04  1.893896990E+02  3.286989555E+02  2.690561047E+02  4.462595825E+02  1.139877662E+00 
       557  3.338943067E-04  2.398017910E-01  2.968583889E-02  1.020615064E+05  2.083823603E+02  3.405684185E+02  2.888497741E+02  3.994057952E+02  1.052482117E+00 
       558  3.794068913E-03  2.396169640E-01  3.144821874E-02  9.938422217E+04  2.132701945E+02  3.395009618E+02  2.870381680E+02  4.055450916E+02  1.048276415E+00 
       559  7.248441593E-03  2.393064044E-01  3.320284907E-02  9.509311963E+04  2.126773767E+02  3.373050442E+02  2.833319120E+02  4.150987530E+02  1.056181673E+00 
       560  1.068879679E-02  2.389885178E-01  3.498866898E-02  9.231237354E+04  2.129505301E+02  3.359103508E+02  2.809921446E+02  4.195653467E+02  1.057109550E+00 
       561  1.412543948E-02  2.386075767E-01  3.676435012E-02  8.934932788E+04  2.137624483E+02  3.346347761E+02  2.788607626E+02  4.243299265E+02  1.058438763E+00 
       562  1.753589177E-02  2.380598424E-01  3.855175648E-02  8.816887891E+04  2.155931473E+02  3.341716194E+02  2.780896416E+02  4.265154037E+02  1.055630356E+00 
       563  2.093820079E-02  2.375000001E-01  4.035454522E-02  9.153472705E+04  2.138004904E+02  3.363427582E+02  2.817248564E+02  4.204553032E+02  1.055141166E+00 
       564  2.432947450E-02  2.368878370E-01  4.215773147E-02  1.048162357E+05  2.072903266E+02  3.429652729E+02  2.929565963E+02  3.882359792E+02  1.054884552E+00 
       565  2.770729830E-02  2.361795572E-01  4.394886350E-02  1.243495071E+05  1.988027837E+02  3.507570810E+02  3.063970528E+02  3.471077695E+02  1.062656712E+00 
       566  3.105826597E-02  2.354459967E-01  4.578622705E-02  1.287955863E+05  1.963037031E+02  3.523949885E+02  3.092468376E+02  3.392861872E+02  1.067908878E+00 
       567  3.438758923E-02  2.346372217E-01  4.762879820E-02  1.216857309E+05  1.974662652E+02  3.503410081E+02  3.056531144E+02  3.539691562E+02  1.061006228E+00 
       568  3.771502906E-02  2.337669833E-01  4.947240569E-02  1.184788936E+05  2.016033535E+02  3.492282453E+02  3.037121263E+02  3.588040919E+02  1.048755080E+00 
       569  4.101460083E-02  2.329246351E-01  5.135281935E-02  1.206641154E+05  2.027250748E+02  3.498974314E+02  3.048777175E+02  3.524020643E+02  1.044090082E+00 
       570  4.428347740E-02  2.319960665E-01  5.324515281E-02  1.228104554E+05  2.030663958E+02  3.508893106E+02  3.066082466E+02  3.477384000E+02  1.042162071E+00 
       571  4.749748393E-02  2.310181580E-01  5.520824782E-02  1.231309109E+05  2.039969883E+02  3.513074522E+02  3.073392925E+02  3.476912661E+02  1.038634254E+00 
       572  5.066691057E-02  2.300652086E-01  5.723980181E-02  1.236051201E+05  2.058208229E+02  3.513822045E+02  3.074698796E+02  3.461409271E+02  1.032508494E+00 
       573  5.379140778E-02  2.290521307E-01  5.932353399E-02  1.244289106E+05  2.082037271E+02  3.513912621E+02  3.074857115E+02  3.436455606E+02  1.024668190E+00 
       574  5.683956615E-02  2.279793322E-01  6.149869556E-02  1.249309927E+05  2.112013578E+02  3.513712387E+02  3.074507732E+02  3.420975513E+02  1.014786050E+00 
       575  5.985072913E-02  2.269370111E-01  6.373374277E-02  1.249183311E+05  2.146072378E+02  3.512887516E+02  3.073064346E+02  3.421184540E+02  1.004082300E+00 
       576  6.280959972E-02  2.258492183E-01  6.601505396E-02  1.244776524E+05  2.181043059E+02  3.511235098E+02  3.070173496E+02  3.423008826E+02  9.928905945E-01 
       577  6.573461678E-02  2.247295145E-01  6.832363097E-02  1.239629899E+05  2.218137913E+02  3.509009614E+02  3.066282020E+02  3.429249406E+02  9.809273221E-01 
       578  6.865501872E-02  2.236625994E-01  7.064894084E-02  1.233328612E+05  2.249195383E+02  3.507016553E+02  3.062799793E+02  3.439817302E+02  9.711030708E-01 
       579  7.151541969E-02  2.224865137E-01  7.302188293E-02  1.219800874E+05  2.273092384E+02  3.502069740E+02  3.054166422E+02  3.461341333E+02  9.633055720E-01 
       580  7.433322259E-02  2.213060150E-01  7.543149031E-02  1.217604009E+05  2.274772573E+02  3.502535467E+02  3.054979138E+02  3.463214083E+02  9.619422946E-01 
       581  7.711325138E-02  2.201536844E-01  7.789825066E-02  1.239300698E+05  2.283890471E+02  3.512939998E+02  3.073157225E+02  3.404273932E+02  9.563625876E-01 
       582  7.981655167E-02  2.189959972E-01  8.044372180E-02  1.241108811E+05  2.312460036E+02  3.515162621E+02  3.077054539E+02  3.385538836E+02  9.458304280E-01 
       583  8.242371870E-02  2.177951216E-01  8.306797326E-02  1.236536992E+05  2.328611584E+02  3.515247631E+02  3.077212791E+02  3.376520119E+02  9.392798170E-01 
       584  8.497819178E-02  2.166305248E-01  8.576177505E-02  1.232784914E+05  2.339429684E+02  3.515395164E+02  3.077482495E+02  3.370426381E+02  9.347270345E-01 
       585  8.747465708E-02  2.155008942E-01  8.852176985E-02  1.229399189E+05  2.336849575E+02  3.516111155E+02  3.078749499E+02  3.361890321E+02  9.343573209E-01 
       586  8.983863293E-02  2.143275504E-01  9.137087988E-02  1.226512224E+05  2.324088554E+02  3.516714435E+02  3.079818673E+02  3.352564421E+02  9.370593615E-01 
       587  9.211779941E-02  2.131724912E-01  9.430579148E-02  1.225452583E+05  2.310293449E+02  3.517177672E+02  3.080636996E+02  3.344175860E+02  9.402695787E-01 
       588  9.424446159E-02  2.121023496E-01  9.738772987E-02  1.227409439E+05  2.288871250E+02  3.518504343E+02  3.082967648E+02  3.349276596E+02  9.464398107E-01 
       589  9.610967173E-02  2.111612431E-01  1.006666829E-01  1.229618614E+05  2.261596960E+02  3.518708859E+02  3.083327319E+02  3.357026369E+02  9.543382291E-01 
       590  9.742401869E-02  2.103903297E-01  1.042235364E-01  1.230895957E+05  2.230363272E+02  3.516250736E+02  3.079011890E+02  3.366827957E+02  9.634293193E-01 
       591  9.764724840E-02  2.101688920E-01  1.080985861E-01  1.230507546E+05  2.207258668E+02  3.510503626E+02  3.068938384E+02  3.374133196E+02  9.702223223E-01 
       592  9.763062643E-02  2.101108570E-01  1.119846410E-01  1.228890174E+05  2.196171732E+02  3.507690416E+02  3.064007144E+02  3.387821298E+02  9.738346275E-01 
       593  9.759894170E-02  2.100363093E-01  1.158782398E-01  1.226876012E+05  2.208931202E+02  3.512450387E+02  3.072339797E+02  3.370707719E+02  9.695480876E-01 
       594  9.760335841E-02  2.100041055E-01  1.197683889E-01  1.225823259E+05  2.223841730E+02  3.525010586E+02  3.094376187E+02  3.283342779E+02  9.636299089E-01 
       595  9.760552297E-02  2.099886023E-01  1.236588659E-01  1.226258949E+05  2.235823925E+02  3.542230448E+02  3.124680791E+02  3.157162658E+02  9.594680060E-01 
       596  9.760989540E-02  2.100145164E-01  1.275491461E-01  1.227600204E+05  2.248376966E+02  3.555878096E+02  3.148793475E+02  3.071564479E+02  9.561514033E-01 
       597  9.760550437E-02  2.100148949E-01  1.314412195E-01  1.229241035E+05  2.257303891E+02  3.561617823E+02  3.158978500E+02  3.059188919E+02  9.534587227E-01 
       598  9.762031038E-02  2.101034915E-01  1.353312483E-01  1.230375536E+05  2.259642673E+02  3.559970297E+02  3.156110754E+02  3.104137352E+02  9.527422746E-01 
       599  9.762506170E-02  2.101609083E-01  1.392228176E-01  1.231159306E+05  2.253029690E+02  3.553851038E+02  3.145298773E+02  3.168108312E+02  9.548564339E-01 
       600  9.764671237E-02  2.102092269E-01  1.431110049E-01  1.231876494E+05  2.239391711E+02  3.545994556E+02  3.131410758E+02  3.220488968E+02  9.594509657E-01 
       601  9.766256924E-02  2.102587391E-01  1.469999989E-01  1.232956025E+05  2.223749437E+02  3.540825853E+02  3.119459991E+02  3.252808256E+02  9.647214301E-01 
