nodenumber     x-coordinate     y-coordinate     z-coordinate         pressure velocity-magnitude      sound-speed      temperature rel-velocity-magnitude relative-velocity-angle 
         1 -2.216901913E-02  1.039879580E-01 -4.300600202E-02  8.755290169E+04  1.539413479E+02  3.330521615E+02  2.762278094E+02  2.357927246E+02  8.594854422E-01 
         2 -2.197401757E-02  1.042260031E-01 -4.002397295E-02  8.747333292E+04  1.544263559E+02  3.330088546E+02  2.761559715E+02  2.363440049E+02  8.589688570E-01 
         3 -2.150271627E-02  1.045375264E-01 -3.708169353E-02  8.736922546E+04  1.550573965E+02  3.329524961E+02  2.760624728E+02  2.370219196E+02  8.581936993E-01 
         4 -2.072290556E-02  1.049359494E-01 -3.421635317E-02  8.725238440E+04  1.557510388E+02  3.328909445E+02  2.759604392E+02  2.377627726E+02  8.573673721E-01 
         5 -1.964621854E-02  1.053757771E-01 -3.145501365E-02  8.712783716E+04  1.564472580E+02  3.328266792E+02  2.758539047E+02  2.385185342E+02  8.566294536E-01 
         6 -1.833909717E-02  1.058829391E-01 -2.880182754E-02  8.697644214E+04  1.572095361E+02  3.327481565E+02  2.757237167E+02  2.394296389E+02  8.561241962E-01 
         7 -1.686396899E-02  1.064019756E-01 -2.624136390E-02  8.679548926E+04  1.580483260E+02  3.326530781E+02  2.755661917E+02  2.404391127E+02  8.555876482E-01 
         8 -1.524276490E-02  1.069101094E-01 -2.376908005E-02  8.658036853E+04  1.590377557E+02  3.325378394E+02  2.753752971E+02  2.415795803E+02  8.547350615E-01 
         9 -1.353040875E-02  1.074492491E-01 -2.136449246E-02  8.634270581E+04  1.602424803E+02  3.324091992E+02  2.751623230E+02  2.428747838E+02  8.532995200E-01 
        10 -1.175719847E-02  1.079385502E-01 -1.899452623E-02  8.614601508E+04  1.615263615E+02  3.323024657E+02  2.749856105E+02  2.439910336E+02  8.508381052E-01 
        11 -9.920451205E-03  1.084473482E-01 -1.667649769E-02  8.608017960E+04  1.626625686E+02  3.322657919E+02  2.749249297E+02  2.447369196E+02  8.478746109E-01 
        12 -8.053093039E-03  1.089314126E-01 -1.437870322E-02  8.626492767E+04  1.631451860E+02  3.323659827E+02  2.750907718E+02  2.444731578E+02  8.448928511E-01 
        13 -6.139911673E-03  1.093816015E-01 -1.211111235E-02  8.676220679E+04  1.624918838E+02  3.326353798E+02  2.755368814E+02  2.430000925E+02  8.438682817E-01 
        14 -4.213714023E-03  1.098625599E-01 -9.853315987E-03  8.753358203E+04  1.604202709E+02  3.330470028E+02  2.762192707E+02  2.404787874E+02  8.470705636E-01 
        15 -2.267252226E-03  1.102821410E-01 -7.616721013E-03  8.843357910E+04  1.565520620E+02  3.335296440E+02  2.770205326E+02  2.374411135E+02  8.585838899E-01 
        16 -3.058463972E-04  1.106716081E-01 -5.380345181E-03  8.948156177E+04  1.497992344E+02  3.340421333E+02  2.778727179E+02  2.341265984E+02  8.854343873E-01 
        17  1.649896870E-03  1.110991589E-01 -3.144821902E-03  8.719700635E+04  1.468175228E+02  3.328545108E+02  2.759016507E+02  2.432826521E+02  9.339718567E-01 
        18  3.605378217E-03  1.114680886E-01 -8.997268064E-04  7.583403638E+04  1.744190185E+02  3.263122096E+02  2.651616907E+02  2.853169274E+02  9.431765415E-01 
        19  5.548952344E-03  1.118349081E-01  1.356589372E-03  7.024576965E+04  2.069467081E+02  3.229928868E+02  2.597955091E+02  3.054807746E+02  8.491846556E-01 
        20  7.472030685E-03  1.121892539E-01  3.633809071E-03  7.263135124E+04  2.116429861E+02  3.245214540E+02  2.622627133E+02  2.973761304E+02  7.899709230E-01 
        21  9.366594022E-03  1.125505666E-01  5.932977735E-03  7.620667908E+04  2.084216007E+02  3.265756664E+02  2.655925550E+02  2.847618141E+02  7.571959742E-01 
        22  1.122147558E-02  1.129077905E-01  8.263617067E-03  7.865964819E+04  2.084988295E+02  3.279519950E+02  2.678346385E+02  2.767682776E+02  7.269716776E-01 
        23  1.303284284E-02  1.132507638E-01  1.062953057E-02  8.028964278E+04  2.110453915E+02  3.289237296E+02  2.694234815E+02  2.716296587E+02  6.954162448E-01 
        24  1.479928419E-02  1.136234762E-01  1.303021626E-02  8.145763391E+04  2.154463101E+02  3.296525384E+02  2.706185501E+02  2.679447054E+02  6.597571427E-01 
        25  1.649617427E-02  1.139938279E-01  1.547769530E-02  8.246180469E+04  2.204808040E+02  3.302478123E+02  2.715966008E+02  2.648645914E+02  6.231199084E-01 
        26  1.811807173E-02  1.143837002E-01  1.797032872E-02  8.320311365E+04  2.260218356E+02  3.306698852E+02  2.722907681E+02  2.629383392E+02  5.882036546E-01 
        27  1.968166241E-02  1.148013513E-01  2.049621310E-02  8.340448376E+04  2.329131713E+02  3.308094199E+02  2.725203168E+02  2.631891336E+02  5.542269656E-01 
        28  2.119101764E-02  1.152299366E-01  2.305322148E-02  8.296997318E+04  2.415110787E+02  3.306391217E+02  2.722397906E+02  2.656921370E+02  5.194215813E-01 
        29  2.266338778E-02  1.156643914E-01  2.563116057E-02  8.238862628E+04  2.503487680E+02  3.303361742E+02  2.717412026E+02  2.687954472E+02  4.856342976E-01 
        30  2.408077791E-02  1.161159634E-01  2.823658064E-02  8.184649261E+04  2.585398476E+02  3.300862086E+02  2.713303072E+02  2.715513272E+02  4.541894952E-01 
        31  2.544088325E-02  1.165921105E-01  3.086849856E-02  8.129798364E+04  2.667100124E+02  3.298026633E+02  2.708646972E+02  2.745640907E+02  4.240952451E-01 
        32  2.674433127E-02  1.170738851E-01  3.352942364E-02  8.074137195E+04  2.747316196E+02  3.295386419E+02  2.704316120E+02  2.776397793E+02  3.952297373E-01 
        33  2.797950643E-02  1.175445507E-01  3.622298897E-02  8.022415836E+04  2.825105021E+02  3.293221234E+02  2.700768908E+02  2.803939340E+02  3.665157062E-01 
        34  2.916313541E-02  1.180056499E-01  3.893937175E-02  7.993328421E+04  2.897181674E+02  3.291584288E+02  2.698088096E+02  2.822797990E+02  3.374936514E-01 
        35  3.031249539E-02  1.184785399E-01  4.167042727E-02  8.007199670E+04  2.954831562E+02  3.291172705E+02  2.697413218E+02  2.827010310E+02  3.104595972E-01 
        36  3.139929926E-02  1.189405785E-01  4.442941843E-02  8.036408511E+04  3.007716115E+02  3.291939545E+02  2.698667535E+02  2.825809333E+02  2.837447553E-01 
        37  3.242013936E-02  1.193808800E-01  4.721660669E-02  8.093469753E+04  3.057347711E+02  3.293115444E+02  2.700589857E+02  2.814441678E+02  2.544679953E-01 
        38  3.340677803E-02  1.198011670E-01  5.002067675E-02  8.216582706E+04  3.084956690E+02  3.299271016E+02  2.710694741E+02  2.780252177E+02  2.276742148E-01 
        39  3.430413654E-02  1.201853153E-01  5.285529857E-02  8.374271973E+04  3.101948538E+02  3.308759174E+02  2.726312323E+02  2.734699650E+02  2.019343749E-01 
        40  3.515433510E-02  1.205874318E-01  5.570324370E-02  8.564877441E+04  3.105851746E+02  3.319631481E+02  2.744263344E+02  2.677461700E+02  1.786366524E-01 
        41  3.592907297E-02  1.209644065E-01  5.857535950E-02  8.779565137E+04  3.095677896E+02  3.331254454E+02  2.763517752E+02  2.610558395E+02  1.592967371E-01 
        42  3.664355424E-02  1.213334730E-01  6.146049591E-02  9.004802283E+04  3.072925496E+02  3.342890587E+02  2.782854428E+02  2.539676695E+02  1.456158750E-01 
        43  3.727845098E-02  1.217084379E-01  6.437276718E-02  9.218059644E+04  3.042362852E+02  3.354129314E+02  2.801592722E+02  2.472176390E+02  1.381656327E-01 
        44  3.781448665E-02  1.220744111E-01  6.730672953E-02  9.394190869E+04  3.009461317E+02  3.363767471E+02  2.817713480E+02  2.415080380E+02  1.368231834E-01 
        45  3.826762164E-02  1.224563704E-01  7.025293559E-02  9.516806439E+04  2.980923657E+02  3.371038897E+02  2.829903712E+02  2.372705224E+02  1.392962838E-01 
        46  3.856443464E-02  1.228195695E-01  7.317567491E-02  9.587813672E+04  2.963493652E+02  3.375503540E+02  2.837400742E+02  2.353637314E+02  1.446949169E-01 
        47  3.882754171E-02  1.231963568E-01  7.616928387E-02  9.621034659E+04  2.950781574E+02  3.380745698E+02  2.846237663E+02  2.342351465E+02  1.510557086E-01 
        48  3.896508106E-02  1.235573809E-01  7.913505459E-02  9.628431836E+04  2.913959770E+02  3.390434265E+02  2.862698097E+02  2.284189262E+02  1.550562121E-01 
        49  3.903512947E-02  1.239238609E-01  8.213137167E-02  9.623382043E+04  2.832873585E+02  3.408031576E+02  2.892704003E+02  2.142528603E+02  1.587504807E-01 
        50  3.900153017E-02  1.243001337E-01  8.510504302E-02  9.620316330E+04  2.695322137E+02  3.436919787E+02  2.942083277E+02  1.893337701E+02  1.603052436E-01 
        51  3.889299026E-02  1.246700891E-01  8.806950082E-02  9.645484680E+04  2.530607867E+02  3.473137169E+02  3.004458356E+02  1.504376044E+02  1.459610533E-01 
        52  3.870303970E-02  1.250405990E-01  9.105247242E-02  9.642125708E+04  2.445048513E+02  3.500644388E+02  3.051982646E+02  1.151884775E+02  6.834484771E-02 
        53  3.847530202E-02  1.253810613E-01  9.402032493E-02  9.712585483E+04  2.420926605E+02  3.519907517E+02  3.085585095E+02  8.274628530E+01 -2.028678411E-01 
        54  3.809583015E-02  1.257752167E-01  9.695318516E-02  9.948132129E+04  2.399994965E+02  3.533058434E+02  3.108575706E+02  5.609303665E+01 -5.943535119E-01 
        55  3.767199372E-02  1.261489404E-01  9.992435767E-02  1.021985095E+05  2.391991982E+02  3.540612068E+02  3.121791453E+02  5.025747204E+01 -4.952856395E-01 
        56  3.723780727E-02  1.265196365E-01  1.028569506E-01  1.044600894E+05  2.372015005E+02  3.538240399E+02  3.117602386E+02  6.169822195E+01 -1.851813955E-01 
        57  3.672955052E-02  1.269046997E-01  1.057947981E-01  1.058167301E+05  2.371744044E+02  3.522374268E+02  3.089764762E+02  8.993671334E+01  1.888609969E-02 
        58  3.615520807E-02  1.273091289E-01  1.087154776E-01  1.067946052E+05  2.424910331E+02  3.496355982E+02  3.044350405E+02  1.276040831E+02  1.284805513E-01 
        59  3.556812424E-02  1.277144368E-01  1.116309472E-01  1.074883200E+05  2.528044667E+02  3.467315338E+02  2.993965025E+02  1.630059905E+02  1.751002010E-01 
        60  3.495651588E-02  1.281329458E-01  1.145394580E-01  1.078859233E+05  2.626705322E+02  3.444985366E+02  2.955458603E+02  1.862529035E+02  1.892237677E-01 
        61  3.433795015E-02  1.285471243E-01  1.174457346E-01  1.079948115E+05  2.683342261E+02  3.433719306E+02  2.936119337E+02  1.968838720E+02  1.915916314E-01 
        62  3.376061330E-02  1.289460490E-01  1.203607660E-01  1.079477090E+05  2.707384105E+02  3.430185103E+02  2.930070944E+02  2.002249451E+02  1.900281247E-01 
        63  3.331803132E-02  1.293309423E-01  1.232882868E-01  1.078671885E+05  2.719474211E+02  3.429696302E+02  2.929235382E+02  2.011017002E+02  1.875585871E-01 
        64  3.310586596E-02  1.296649637E-01  1.262581306E-01  1.077607449E+05  2.728589661E+02  3.429813921E+02  2.929436469E+02  2.014244902E+02  1.850187702E-01 
        65  3.306639982E-02  1.299493947E-01  1.292495641E-01  1.076387322E+05  2.737085934E+02  3.429732400E+02  2.929296794E+02  2.018414095E+02  1.831911568E-01 
        66  3.322486525E-02  1.302097713E-01  1.322380794E-01  1.074846171E+05  2.746325933E+02  3.429251522E+02  2.928474198E+02  2.026288306E+02  1.824142272E-01 
        67  3.356462385E-02  1.304573038E-01  1.352130229E-01  1.073124690E+05  2.756226454E+02  3.428550929E+02  2.927279143E+02  2.037375550E+02  1.827212384E-01 
        68  3.400410102E-02  1.306751199E-01  1.381765647E-01  1.071163088E+05  2.766675818E+02  3.427677989E+02  2.925788763E+02  2.050716398E+02  1.834004915E-01 
        69  3.451963359E-02  1.308741206E-01  1.411278790E-01  1.068948916E+05  2.777200387E+02  3.426754394E+02  2.924211946E+02  2.065182903E+02  1.844955857E-01 
        70  3.508991352E-02  1.310576265E-01  1.440660380E-01  1.066344777E+05  2.788279171E+02  3.425691938E+02  2.922399127E+02  2.081565871E+02  1.859624085E-01 
        71  3.570211579E-02  1.312503676E-01  1.470000000E-01  1.063212930E+05  2.801923714E+02  3.424279022E+02  2.920000000E+02  2.100802059E+02  1.866520513E-01 
        72 -2.843361623E-02  1.708417341E-01 -4.258217492E-02  8.204040479E+04  1.837894983E+02  3.299745493E+02  2.711463604E+02  3.443267708E+02  1.007616580E+00 
        73 -2.838826984E-02  1.709653765E-01 -3.916427879E-02  8.200325677E+04  1.842455659E+02  3.299593842E+02  2.711214774E+02  3.445913687E+02  1.006537202E+00 
        74 -2.835908450E-02  1.711140563E-01 -3.574649433E-02  8.232601062E+04  1.839460725E+02  3.301519878E+02  2.714381311E+02  3.438709507E+02  1.006261550E+00 
        75 -2.838361088E-02  1.712589164E-01 -3.232950605E-02  8.302460303E+04  1.829038820E+02  3.305499830E+02  2.720930023E+02  3.421865740E+02  1.006827593E+00 
        76 -2.841360827E-02  1.714319125E-01 -2.891476756E-02  8.386836621E+04  1.813513355E+02  3.310275359E+02  2.728796768E+02  3.400926270E+02  1.008471629E+00 
        77 -2.833774301E-02  1.716334782E-01 -2.549995819E-02  8.446915747E+04  1.800334526E+02  3.313580637E+02  2.734248148E+02  3.386575141E+02  1.010529876E+00 
        78 -2.791452343E-02  1.719215161E-01 -2.212016887E-02  8.463222217E+04  1.794132404E+02  3.314342937E+02  2.735506744E+02  3.385339508E+02  1.012492139E+00 
        79 -2.700703325E-02  1.722886754E-01 -1.884820631E-02  8.429272388E+04  1.795612893E+02  3.312434483E+02  2.732357969E+02  3.397575455E+02  1.014142584E+00 
        80 -2.544395246E-02  1.727209334E-01 -1.584518523E-02  8.312638354E+04  1.812725040E+02  3.305922084E+02  2.721626518E+02  3.431585708E+02  1.014275081E+00 
        81 -2.351536464E-02  1.732363399E-01 -1.306823492E-02  8.106359059E+04  1.853059337E+02  3.294109568E+02  2.702215431E+02  3.491602933E+02  1.011363241E+00 
        82 -2.134527601E-02  1.737374909E-01 -1.047435973E-02  7.825180139E+04  1.919502969E+02  3.277642850E+02  2.675270350E+02  3.573088917E+02  1.004099594E+00 
        83 -1.897326710E-02  1.742189522E-01 -8.035177519E-03  7.527857608E+04  2.000596439E+02  3.259748551E+02  2.646138850E+02  3.659914957E+02  9.936448890E-01 
        84 -1.652827274E-02  1.746780172E-01 -5.688541800E-03  7.309110236E+04  2.068451614E+02  3.246187873E+02  2.624164383E+02  3.724572644E+02  9.837737400E-01 
        85 -1.397929867E-02  1.751251779E-01 -3.446989688E-03  7.252162830E+04  2.097844257E+02  3.242509012E+02  2.618217754E+02  3.742774658E+02  9.775233790E-01 
        86 -1.139011487E-02  1.755573757E-01 -1.256774906E-03  7.418687952E+04  2.085507655E+02  3.252842269E+02  2.634950166E+02  3.699822621E+02  9.728009291E-01 
        87 -8.734274343E-03  1.759085237E-01  8.667805443E-04  7.958950177E+04  2.022648102E+02  3.285387127E+02  2.687989116E+02  3.554231727E+02  9.658757914E-01 
        88 -6.073383534E-03  1.762548475E-01  2.984781313E-03  8.903085706E+04  1.909956788E+02  3.337661381E+02  2.774188721E+02  3.300044341E+02  9.614108824E-01 
        89 -3.359730182E-03  1.765819110E-01  5.053045394E-03  9.840776855E+04  1.755017626E+02  3.384734077E+02  2.852960083E+02  3.040882583E+02  9.807242071E-01 
        90 -6.741955509E-04  1.768270807E-01  7.130208361E-03  9.857060864E+04  1.643938850E+02  3.384695599E+02  2.852895242E+02  3.043624128E+02  1.020487200E+00 
        91  2.027043660E-03  1.770783858E-01  9.208570588E-03  7.917522179E+04  1.923405339E+02  3.281325647E+02  2.681326184E+02  3.580397691E+02  1.004423666E+00 
        92  4.731686997E-03  1.772422585E-01  1.127155269E-02  7.195728482E+04  2.150839482E+02  3.241371576E+02  2.616395260E+02  3.777995746E+02  9.665068863E-01 
        93  7.454465044E-03  1.773874983E-01  1.334309669E-02  7.279811595E+04  2.097981331E+02  3.245714838E+02  2.623412890E+02  3.751161801E+02  9.785813922E-01 
        94  1.015989937E-02  1.775222933E-01  1.545596277E-02  7.041649147E+04  2.167689394E+02  3.228919121E+02  2.596373857E+02  3.820846418E+02  9.697105217E-01 
        95  1.284858280E-02  1.775661421E-01  1.756817794E-02  6.693831723E+04  2.278326218E+02  3.205952106E+02  2.559580195E+02  3.921156387E+02  9.542030166E-01 
        96  1.551966693E-02  1.776138061E-01  1.970369132E-02  6.393880084E+04  2.376594498E+02  3.185150046E+02  2.526468253E+02  4.012432475E+02  9.416028680E-01 
        97  1.817410325E-02  1.776258069E-01  2.186017323E-02  6.156293787E+04  2.457996624E+02  3.168475027E+02  2.500067582E+02  4.084678636E+02  9.308427135E-01 
        98  2.080993586E-02  1.775631240E-01  2.403936301E-02  5.996566565E+04  2.527026925E+02  3.157005396E+02  2.481976876E+02  4.133200588E+02  9.190213308E-01 
        99  2.341570779E-02  1.774969016E-01  2.625394818E-02  5.975729504E+04  2.572409496E+02  3.155494547E+02  2.479608912E+02  4.142839575E+02  9.060576558E-01 
       100  2.600295182E-02  1.773818036E-01  2.848806157E-02  6.203540454E+04  2.576614103E+02  3.171778908E+02  2.505456963E+02  4.085206423E+02  8.915648796E-01 
       101  2.856627515E-02  1.771883875E-01  3.074502562E-02  6.795051416E+04  2.517640314E+02  3.212561646E+02  2.570715723E+02  3.915782833E+02  8.748824261E-01 
       102  3.110662233E-02  1.769811535E-01  3.302644514E-02  7.572989917E+04  2.439714785E+02  3.262636766E+02  2.651374760E+02  3.687862444E+02  8.540733773E-01 
       103  3.362247542E-02  1.767159818E-01  3.532849163E-02  8.091949011E+04  2.431063919E+02  3.292961531E+02  2.700450888E+02  3.545666437E+02  8.288376778E-01 
       104  3.610895472E-02  1.763647845E-01  3.765120331E-02  8.118515479E+04  2.503816762E+02  3.294038658E+02  2.702123590E+02  3.549192810E+02  8.050594963E-01 
       105  3.856497337E-02  1.759966372E-01  4.000321012E-02  7.894503659E+04  2.591397537E+02  3.282542236E+02  2.683287609E+02  3.616582142E+02  7.882371275E-01 
       106  4.103059304E-02  1.755360248E-01  4.234569910E-02  7.770698133E+04  2.647211512E+02  3.277298612E+02  2.674702363E+02  3.649775567E+02  7.757106786E-01 
       107  4.340106546E-02  1.750377176E-01  4.474435622E-02  7.941369969E+04  2.663080541E+02  3.288460705E+02  2.692999302E+02  3.606025317E+02  7.620952004E-01 
       108  4.575540032E-02  1.745445103E-01  4.717695363E-02  8.440921057E+04  2.633124914E+02  3.316454773E+02  2.739111025E+02  3.474546633E+02  7.480767062E-01 
       109  4.807037784E-02  1.739953488E-01  4.963532790E-02  9.067754224E+04  2.590544243E+02  3.348733015E+02  2.792658644E+02  3.304491568E+02  7.327244692E-01 
       110  5.034733117E-02  1.734133857E-01  5.212084081E-02  9.528655078E+04  2.580560513E+02  3.371725445E+02  2.831078434E+02  3.182725716E+02  7.156795673E-01 
       111  5.258765486E-02  1.728405975E-01  5.464144749E-02  9.826979834E+04  2.588882523E+02  3.387454300E+02  2.857544994E+02  3.104761829E+02  7.002982795E-01 
       112  5.479076840E-02  1.722430532E-01  5.718902978E-02  1.011473547E+05  2.588060160E+02  3.402404842E+02  2.882821712E+02  3.024228973E+02  6.881567203E-01 
       113  5.694737683E-02  1.716020731E-01  5.976586917E-02  1.042501849E+05  2.579910553E+02  3.417280881E+02  2.908079994E+02  2.935230250E+02  6.778307124E-01 
       114  5.911848447E-02  1.709340834E-01  6.233872565E-02  1.072516219E+05  2.573403492E+02  3.430854687E+02  2.931220532E+02  2.856203735E+02  6.688528338E-01 
       115  6.119351897E-02  1.703313828E-01  6.496775561E-02  1.099261267E+05  2.566842747E+02  3.442888412E+02  2.951820941E+02  2.784913840E+02  6.617899947E-01 
       116  6.319798910E-02  1.696485115E-01  6.765543605E-02  1.123783480E+05  2.558807521E+02  3.453842354E+02  2.970630674E+02  2.716718550E+02  6.558998050E-01 
       117  6.520189851E-02  1.689621155E-01  7.034628384E-02  1.147885229E+05  2.548570585E+02  3.464078474E+02  2.988264179E+02  2.653637800E+02  6.521020401E-01 
       118  6.717992039E-02  1.682884043E-01  7.305807409E-02  1.174576699E+05  2.529208937E+02  3.475545197E+02  3.008077850E+02  2.584631586E+02  6.517530084E-01 
       119  6.910755662E-02  1.675987334E-01  7.579818779E-02  1.189924305E+05  2.513187320E+02  3.481556330E+02  3.018491983E+02  2.541995449E+02  6.538621276E-01 
       120  7.101404689E-02  1.668389198E-01  7.852135391E-02  1.199704358E+05  2.478169811E+02  3.485966930E+02  3.026146173E+02  2.509546014E+02  6.647692621E-01 
       121  7.286652020E-02  1.661304029E-01  8.130170181E-02  1.201456422E+05  2.445009303E+02  3.487004546E+02  3.027949724E+02  2.501839874E+02  6.779876004E-01 
       122  7.473378469E-02  1.653966549E-01  8.408122010E-02  1.200173491E+05  2.422244720E+02  3.487881126E+02  3.029474716E+02  2.506088505E+02  6.881180219E-01 
       123  7.654776682E-02  1.646234676E-01  8.688218818E-02  1.198968296E+05  2.413898964E+02  3.488505287E+02  3.030560122E+02  2.503504934E+02  6.915831007E-01 
       124  7.830115451E-02  1.638494494E-01  8.971806956E-02  1.198587852E+05  2.403860760E+02  3.490440044E+02  3.033928127E+02  2.494449387E+02  6.953016892E-01 
       125  8.003223315E-02  1.630890187E-01  9.257063461E-02  1.196357219E+05  2.393420696E+02  3.492519045E+02  3.037555895E+02  2.473727188E+02  6.985476222E-01 
       126  8.174167210E-02  1.623344685E-01  9.543869445E-02  1.193757186E+05  2.384542608E+02  3.495312259E+02  3.042436452E+02  2.444645476E+02  7.007321203E-01 
       127  8.339566060E-02  1.615413001E-01  9.829620033E-02  1.192243436E+05  2.375550496E+02  3.499365529E+02  3.049520968E+02  2.406873144E+02  7.023742383E-01 
       128  8.500809507E-02  1.607572746E-01  1.012133408E-01  1.191316926E+05  2.362495600E+02  3.505414109E+02  3.060102305E+02  2.356814537E+02  7.050129324E-01 
       129  8.654116005E-02  1.600133249E-01  1.041766726E-01  1.190294289E+05  2.344478825E+02  3.514303874E+02  3.075674530E+02  2.293761817E+02  7.096789232E-01 
       130  8.807530659E-02  1.592883350E-01  1.071513815E-01  1.189201897E+05  2.326924963E+02  3.523877659E+02  3.092461715E+02  2.232781982E+02  7.151082568E-01 
       131  8.946870181E-02  1.585918917E-01  1.101955952E-01  1.188441334E+05  2.307706097E+02  3.534246119E+02  3.110651314E+02  2.166925534E+02  7.215956924E-01 
       132  9.078169785E-02  1.579398834E-01  1.132895212E-01  1.188243277E+05  2.288045487E+02  3.541886401E+02  3.124057567E+02  2.126959344E+02  7.298505576E-01 
       133  9.193376095E-02  1.573753789E-01  1.164622823E-01  1.187613949E+05  2.275055006E+02  3.541098843E+02  3.122641909E+02  2.130937371E+02  7.362168413E-01 
       134  9.287851211E-02  1.569754829E-01  1.197270904E-01  1.187146754E+05  2.278673949E+02  3.530746744E+02  3.104437982E+02  2.202185621E+02  7.370760012E-01 
       135  9.346963790E-02  1.567893278E-01  1.230899614E-01  1.186540684E+05  2.314188828E+02  3.511592922E+02  3.070881697E+02  2.350045187E+02  7.287091534E-01 
       136  9.376445592E-02  1.568076376E-01  1.265149706E-01  1.186072793E+05  2.372246497E+02  3.491940155E+02  3.036569576E+02  2.506643162E+02  7.147748563E-01 
       137  9.391306034E-02  1.569225935E-01  1.299303306E-01  1.184871753E+05  2.412230902E+02  3.481502962E+02  3.018408165E+02  2.588857889E+02  7.056487817E-01 
       138  9.402896493E-02  1.570765633E-01  1.333445553E-01  1.183248394E+05  2.426655321E+02  3.478321505E+02  3.012885542E+02  2.612005997E+02  7.027221583E-01 
       139  9.417960043E-02  1.572174564E-01  1.367593072E-01  1.181885925E+05  2.430303006E+02  3.478276815E+02  3.012807889E+02  2.614004455E+02  7.022509817E-01 
       140  9.437397158E-02  1.573466446E-01  1.401725853E-01  1.180752458E+05  2.433674259E+02  3.479121699E+02  3.014271755E+02  2.614301078E+02  7.017816035E-01 
       141  9.455826038E-02  1.574868932E-01  1.435861248E-01  1.179761483E+05  2.438158716E+02  3.480437710E+02  3.016552447E+02  2.617476726E+02  7.011674016E-01 
       142  9.468914447E-02  1.576724412E-01  1.470000022E-01  1.179354087E+05  2.442807274E+02  3.481004181E+02  3.017650623E+02  2.622909470E+02  7.007848062E-01 
       143 -2.515044289E-02  2.387134140E-01 -4.211006034E-02  8.401996773E+04  1.786363817E+02  3.310867822E+02  2.729781129E+02  4.390318732E+02  1.151783107E+00 
       144 -2.515073613E-02  2.387267259E-01 -3.821832766E-02  8.574216420E+04  1.744038112E+02  3.319919070E+02  2.744726687E+02  4.353355831E+02  1.158767708E+00 
       145 -2.514274647E-02  2.387409373E-01 -3.433018188E-02  8.618780177E+04  1.737163602E+02  3.322193596E+02  2.748487259E+02  4.343209610E+02  1.159637020E+00 
       146 -2.514933814E-02  2.387615668E-01 -3.043885368E-02  8.509628455E+04  1.769082782E+02  3.316557719E+02  2.739168273E+02  4.366750097E+02  1.154110790E+00 
       147 -2.514205174E-02  2.387863737E-01 -2.655197175E-02  8.339629942E+04  1.815004686E+02  3.307751828E+02  2.724642043E+02  4.403746474E+02  1.146413861E+00 
       148 -2.514801404E-02  2.388163633E-01 -2.268742808E-02  8.189354086E+04  1.851715789E+02  3.299579272E+02  2.711192138E+02  4.436658266E+02  1.140671138E+00 
       149 -2.514603624E-02  2.387984711E-01 -1.877579094E-02  8.077865527E+04  1.877323494E+02  3.293179550E+02  2.700685196E+02  4.459969254E+02  1.136731640E+00 
       150 -2.513833525E-02  2.388756875E-01 -1.487946342E-02  7.983529535E+04  1.898831426E+02  3.287610437E+02  2.691558622E+02  4.481225313E+02  1.133689875E+00 
       151 -2.514495058E-02  2.389300222E-01 -1.098752945E-02  7.958165009E+04  1.902626218E+02  3.286528485E+02  2.689786826E+02  4.490319493E+02  1.133748014E+00 
       152 -2.501801490E-02  2.389948317E-01 -7.101428526E-03  8.219853171E+04  1.833974903E+02  3.302968490E+02  2.716799217E+02  4.435415062E+02  1.144998258E+00 
       153 -2.403359079E-02  2.391541778E-01 -3.362202731E-03  8.876020980E+04  1.674157364E+02  3.336578203E+02  2.772356055E+02  4.290087424E+02  1.170713060E+00 
       154 -2.203079393E-02  2.393877231E-01 -4.501692070E-05  8.888059274E+04  1.678535917E+02  3.335737073E+02  2.770953664E+02  4.284355054E+02  1.168971449E+00 
       155 -1.942355624E-02  2.396357170E-01  2.825132604E-03  8.387194012E+04  1.798012277E+02  3.311056640E+02  2.730103368E+02  4.402168696E+02  1.150191606E+00 
       156 -1.648721574E-02  2.398964014E-01  5.342831758E-03  8.142608234E+04  1.851579170E+02  3.298061097E+02  2.708697977E+02  4.454467587E+02  1.142190094E+00 
       157 -1.330897545E-02  2.400801911E-01  7.594698846E-03  8.096538940E+04  1.851088128E+02  3.293995419E+02  2.702026291E+02  4.458409095E+02  1.142843252E+00 
       158 -1.004552185E-02  2.402353079E-01  9.709455816E-03  8.066039343E+04  1.853464854E+02  3.291067328E+02  2.697229424E+02  4.462792997E+02  1.143010437E+00 
       159 -6.714656287E-03  2.403804415E-01  1.171394437E-02  8.024941130E+04  1.860638949E+02  3.288722458E+02  2.693387625E+02  4.474530897E+02  1.142882269E+00 
       160 -3.322138608E-03  2.404066774E-01  1.362735999E-02  8.000492432E+04  1.858481313E+02  3.288013749E+02  2.692228667E+02  4.481121473E+02  1.144640706E+00 
       161  9.783589121E-05  2.404201762E-01  1.547870720E-02  8.056414465E+04  1.846606650E+02  3.291588597E+02  2.698091030E+02  4.466572928E+02  1.146985754E+00 
       162  3.534439975E-03  2.403949673E-01  1.730379042E-02  8.066413989E+04  1.846371851E+02  3.290963726E+02  2.697094927E+02  4.470874710E+02  1.148734480E+00 
       163  6.969024296E-03  2.402279751E-01  1.908412837E-02  9.241944427E+04  1.522711473E+02  3.358075068E+02  2.808411710E+02  4.193732038E+02  1.204165687E+00 
       164  1.043411823E-02  2.400800089E-01  2.085152946E-02  7.831086962E+04  1.905062698E+02  3.284484459E+02  2.686451604E+02  4.497770404E+02  1.136819734E+00 
       165  1.388371434E-02  2.398652026E-01  2.263181169E-02  7.891974597E+04  1.866578403E+02  3.286861985E+02  2.690335507E+02  4.484567957E+02  1.144259110E+00 
       166  1.734145131E-02  2.394992745E-01  2.440657916E-02  7.889314685E+04  1.867809711E+02  3.285839539E+02  2.688661273E+02  4.482117310E+02  1.143371785E+00 
       167  2.080043859E-02  2.391294908E-01  2.615375350E-02  7.894044838E+04  1.891035937E+02  3.285091518E+02  2.687437753E+02  4.480512583E+02  1.137855596E+00 
       168  2.424052770E-02  2.387186889E-01  2.792040504E-02  7.912685583E+04  1.909604397E+02  3.286447835E+02  2.689656920E+02  4.474121213E+02  1.133011593E+00 
       169  2.766624902E-02  2.381908713E-01  2.968394578E-02  7.889451746E+04  1.936481686E+02  3.286375842E+02  2.689538617E+02  4.476602879E+02  1.126916470E+00 
       170  3.108229850E-02  2.375970478E-01  3.144655572E-02  7.855611115E+04  1.962898256E+02  3.285275259E+02  2.687740889E+02  4.482381737E+02  1.121449322E+00 
       171  3.449726266E-02  2.369314331E-01  3.319569832E-02  7.861124313E+04  1.978875529E+02  3.285809610E+02  2.688627409E+02  4.477057595E+02  1.117920089E+00 
       172  3.787267708E-02  2.362004853E-01  3.498142333E-02  7.904859338E+04  1.991381047E+02  3.288033657E+02  2.692279992E+02  4.461703024E+02  1.114998680E+00 
       173  4.123744789E-02  2.354271843E-01  3.677379579E-02  7.913665222E+04  2.013027575E+02  3.287918558E+02  2.692090397E+02  4.453186812E+02  1.110897811E+00 
       174  4.456263149E-02  2.345133553E-01  3.856958315E-02  7.823025134E+04  2.053789654E+02  3.282714165E+02  2.683567990E+02  4.468557131E+02  1.104201945E+00 
       175  4.789152860E-02  2.335402793E-01  4.034492433E-02  7.666501459E+04  2.106107489E+02  3.273796444E+02  2.669007188E+02  4.500759840E+02  1.095982750E+00 
       176  5.119514426E-02  2.325727211E-01  4.215365701E-02  7.496233180E+04  2.157282441E+02  3.263659997E+02  2.652506257E+02  4.534522941E+02  1.088082927E+00 
       177  5.444737908E-02  2.314873556E-01  4.396264389E-02  7.314458177E+04  2.209530566E+02  3.252354024E+02  2.634161291E+02  4.568623962E+02  1.079846916E+00 
       178  5.771043354E-02  2.303389779E-01  4.576361213E-02  7.105745743E+04  2.273049300E+02  3.238402052E+02  2.611623590E+02  4.613035805E+02  1.070470129E+00 
       179  6.093363739E-02  2.292015055E-01  4.761570799E-02  6.842311963E+04  2.362292733E+02  3.220434418E+02  2.582736363E+02  4.670989990E+02  1.056256937E+00 
       180  6.411569228E-02  2.279427553E-01  4.946832252E-02  6.639916138E+04  2.476949224E+02  3.208673286E+02  2.563896008E+02  4.715761929E+02  1.032851487E+00 
       181  6.728438578E-02  2.267057043E-01  5.135068917E-02  6.854765747E+04  2.600042901E+02  3.226304655E+02  2.592330728E+02  4.663940210E+02  9.931213427E-01 
       182  7.045491472E-02  2.254566135E-01  5.324396322E-02  7.872933984E+04  2.643272724E+02  3.289329491E+02  2.694944739E+02  4.424102221E+02  9.499390358E-01 
       183  7.352398986E-02  2.240979077E-01  5.520813549E-02  9.250421472E+04  2.517062101E+02  3.360404992E+02  2.812461991E+02  4.117917137E+02  9.477587454E-01 
       184  7.654294831E-02  2.227589545E-01  5.724026033E-02  1.025348385E+05  2.360450589E+02  3.408398226E+02  2.893027092E+02  3.901559498E+02  9.682607589E-01 
       185  7.954929441E-02  2.214414527E-01  5.933596166E-02  1.102023962E+05  2.392139401E+02  3.443441029E+02  2.952888913E+02  3.735890465E+02  9.469959363E-01 
       186  8.244157493E-02  2.200232159E-01  6.149679439E-02  1.187945742E+05  2.391207085E+02  3.486934128E+02  3.027836227E+02  3.555012665E+02  9.346027672E-01 
       187  8.531452000E-02  2.186177542E-01  6.372436707E-02  1.217999129E+05  2.381289667E+02  3.500213890E+02  3.050936383E+02  3.476673603E+02  9.332808154E-01 
       188  8.816039266E-02  2.172472440E-01  6.601424901E-02  1.226975249E+05  2.332364802E+02  3.502078266E+02  3.054185009E+02  3.449280052E+02  9.455227852E-01 
       189  9.092008057E-02  2.157826082E-01  6.831794754E-02  1.225662730E+05  2.262367240E+02  3.501641577E+02  3.053421984E+02  3.439284233E+02  9.643952782E-01 
       190  9.367581728E-02  2.143255962E-01  7.064980943E-02  1.229418600E+05  2.212852369E+02  3.502050685E+02  3.054135359E+02  3.438101806E+02  9.779004225E-01 
       191  9.641114101E-02  2.128789625E-01  7.302159977E-02  1.229508323E+05  2.189248017E+02  3.501602263E+02  3.053352380E+02  3.451454396E+02  9.842558564E-01 
       192  9.907895187E-02  2.114028516E-01  7.542603674E-02  1.229962057E+05  2.176680477E+02  3.502584124E+02  3.055065227E+02  3.450365527E+02  9.871939123E-01 
       193  1.016896232E-01  2.099003163E-01  7.789626121E-02  1.230500963E+05  2.171525710E+02  3.505123587E+02  3.059502335E+02  3.434519734E+02  9.877582332E-01 
       194  1.042573666E-01  2.084682280E-01  8.044071344E-02  1.230137408E+05  2.172590361E+02  3.509517572E+02  3.067193062E+02  3.404985914E+02  9.865404828E-01 
       195  1.067132028E-01  2.069758083E-01  8.306726980E-02  1.229467667E+05  2.180381947E+02  3.517065108E+02  3.080432463E+02  3.357370301E+02  9.828750266E-01 
       196  1.091091693E-01  2.055182938E-01  8.576040538E-02  1.229125062E+05  2.192216927E+02  3.529177583E+02  3.101749664E+02  3.284168512E+02  9.781299189E-01 
       197  1.114533399E-01  2.040960959E-01  8.851719904E-02  1.228773094E+05  2.204357837E+02  3.545369031E+02  3.130340302E+02  3.189130149E+02  9.741245745E-01 
       198  1.136946430E-01  2.026973542E-01  9.137514269E-02  1.228060119E+05  2.215230577E+02  3.564431557E+02  3.164096570E+02  3.078586618E+02  9.713797102E-01 
       199  1.158224243E-01  2.012857480E-01  9.431046231E-02  1.227392881E+05  2.228506631E+02  3.581201557E+02  3.193886006E+02  2.975703144E+02  9.686516931E-01 
       200  1.177983438E-01  1.999614296E-01  9.738734661E-02  1.226845784E+05  2.244875814E+02  3.592119014E+02  3.213315440E+02  2.904378188E+02  9.646278941E-01 
       201  1.195376812E-01  1.988013159E-01  1.006637087E-01  1.226519192E+05  2.266928841E+02  3.592421022E+02  3.213842562E+02  2.897421807E+02  9.569347965E-01 
       202  1.207748534E-01  1.979244993E-01  1.042263433E-01  1.226365964E+05  2.293308711E+02  3.576319342E+02  3.185188961E+02  2.999959068E+02  9.454465001E-01 
       203  1.209766187E-01  1.976967879E-01  1.080979692E-01  1.226356360E+05  2.320060264E+02  3.547655335E+02  3.134368716E+02  3.197191944E+02  9.349445915E-01 
       204  1.209415894E-01  1.976147862E-01  1.119887176E-01  1.226518880E+05  2.309756008E+02  3.530738919E+02  3.104519168E+02  3.303570262E+02  9.384254185E-01 
       205  1.209136670E-01  1.975679793E-01  1.158784497E-01  1.226961484E+05  2.280178024E+02  3.522520329E+02  3.090038211E+02  3.333851717E+02  9.473682258E-01 
       206  1.209140530E-01  1.975343277E-01  1.197687765E-01  1.227848802E+05  2.251904428E+02  3.517322732E+02  3.080885895E+02  3.343714897E+02  9.558393691E-01 
       207  1.209033119E-01  1.974945510E-01  1.236620610E-01  1.228502977E+05  2.232626394E+02  3.514569207E+02  3.076042728E+02  3.347753614E+02  9.616452334E-01 
       208  1.208998844E-01  1.975608583E-01  1.275528569E-01  1.228926359E+05  2.223373899E+02  3.516508840E+02  3.079458130E+02  3.334987826E+02  9.646576317E-01 
       209  1.209086196E-01  1.975927695E-01  1.314428594E-01  1.228884398E+05  2.220532091E+02  3.521947896E+02  3.089022897E+02  3.301310055E+02  9.653668433E-01 
       210  1.209261261E-01  1.976437754E-01  1.353324952E-01  1.229423966E+05  2.220997846E+02  3.530754224E+02  3.104525846E+02  3.250597904E+02  9.650343489E-01 
       211  1.209477387E-01  1.976921952E-01  1.392217013E-01  1.230364833E+05  2.216821412E+02  3.541570021E+02  3.123591356E+02  3.192168167E+02  9.663462481E-01 
       212  1.209659901E-01  1.977439656E-01  1.431109690E-01  1.231852781E+05  2.212476440E+02  3.552040046E+02  3.141924917E+02  3.137013163E+02  9.680725418E-01 
       213  1.210017723E-01  1.977818072E-01  1.470000027E-01  1.233121123E+05  2.215193138E+02  3.557130651E+02  3.148674755E+02  3.112331009E+02  9.677521475E-01 
       214 -1.337431699E-02  1.053111530E-01 -4.600000000E-02  8.760325586E+04  1.539384174E+02  3.331064377E+02  2.762950325E+02  2.357129707E+02  8.591547459E-01 
       215 -1.336879354E-02  1.054912688E-01 -4.299898917E-02  8.749715405E+04  1.540002594E+02  3.330529108E+02  2.762290497E+02  2.359645734E+02  8.598019592E-01 
       216 -1.321272523E-02  1.057016208E-01 -4.000664894E-02  8.750254980E+04  1.542119989E+02  3.330192146E+02  2.761730976E+02  2.362294636E+02  8.597544655E-01 
       217 -1.269691607E-02  1.059729593E-01 -3.706120983E-02  8.739545467E+04  1.550199820E+02  3.329440566E+02  2.760484685E+02  2.369364514E+02  8.580651925E-01 
       218 -1.181263769E-02  1.063072321E-01 -3.420969757E-02  8.720582871E+04  1.559478899E+02  3.328511261E+02  2.758944627E+02  2.379295719E+02  8.568415429E-01 
       219 -1.066241908E-02  1.066659143E-01 -3.145726216E-02  8.704959352E+04  1.566898832E+02  3.327958872E+02  2.758028478E+02  2.387944012E+02  8.562431159E-01 
       220 -9.280794463E-03  1.070573859E-01 -2.881758489E-02  8.690638834E+04  1.574496393E+02  3.327302263E+02  2.756940479E+02  2.396364027E+02  8.555176044E-01 
       221 -7.735023178E-03  1.074435380E-01 -2.626912607E-02  8.679611966E+04  1.581626546E+02  3.326870526E+02  2.756225371E+02  2.402917770E+02  8.544363622E-01 
       222 -6.047350445E-03  1.078135440E-01 -2.381048416E-02  8.666560242E+04  1.591550405E+02  3.325647371E+02  2.754198567E+02  2.412192944E+02  8.528030900E-01 
       223 -4.299611852E-03  1.081916589E-01 -2.139379423E-02  8.662023929E+04  1.596345648E+02  3.326476804E+02  2.755573081E+02  2.415675967E+02  8.519565088E-01 
       224 -2.461870607E-03  1.085505379E-01 -1.904289133E-02  8.668091577E+04  1.600429704E+02  3.325626940E+02  2.754165535E+02  2.418831547E+02  8.513439459E-01 
       225 -5.886173328E-04  1.088780789E-01 -1.671486844E-02  8.676023663E+04  1.600217824E+02  3.326788880E+02  2.756090630E+02  2.420522514E+02  8.525758101E-01 
       226  1.337912187E-03  1.092215599E-01 -1.443302686E-02  8.684990648E+04  1.596675060E+02  3.325861270E+02  2.754553031E+02  2.423182604E+02  8.559236014E-01 
       227  3.290030235E-03  1.094941851E-01 -1.216353628E-02  8.666302742E+04  1.594335662E+02  3.324701930E+02  2.752633360E+02  2.437020787E+02  8.625331792E-01 
       228  5.262023684E-03  1.097864070E-01 -9.913643549E-03  8.607591899E+04  1.601213465E+02  3.321026971E+02  2.746553273E+02  2.467935063E+02  8.703097166E-01 
       229  7.256339014E-03  1.100495762E-01 -7.679258903E-03  8.410314924E+04  1.648259051E+02  3.310496368E+02  2.729166831E+02  2.540614724E+02  8.715699532E-01 
       230  9.250945095E-03  1.102792579E-01 -5.441700620E-03  8.159646719E+04  1.729263618E+02  3.298543057E+02  2.709491359E+02  2.621264876E+02  8.581782343E-01 
       231  1.125130268E-02  1.105297001E-01 -3.209862298E-03  8.089269946E+04  1.792342734E+02  3.295119362E+02  2.703867135E+02  2.654912262E+02  8.376045171E-01 
       232  1.324504242E-02  1.107259366E-01 -9.692227629E-04  8.137763159E+04  1.833540678E+02  3.297826157E+02  2.708312368E+02  2.642228365E+02  8.115994111E-01 
       233  1.522818012E-02  1.109344875E-01  1.280794701E-03  8.293059082E+04  1.849097223E+02  3.306369667E+02  2.722370148E+02  2.585574579E+02  7.836015560E-01 
       234  1.717717000E-02  1.111306516E-01  3.565314237E-03  8.504455664E+04  1.847990971E+02  3.317653046E+02  2.740985565E+02  2.507733936E+02  7.578998283E-01 
       235  2.098827574E-02  1.115152878E-01  8.199040730E-03  8.906216846E+04  1.886041088E+02  3.339113350E+02  2.776561909E+02  2.384572964E+02  6.986262091E-01 
       236  2.283804163E-02  1.116790561E-01  1.055952489E-02  9.032474158E+04  1.916155661E+02  3.351804075E+02  2.797696652E+02  2.302497119E+02  6.568193263E-01 
       237  2.632960383E-02  1.121198866E-01  1.543269692E-02  9.095267725E+04  2.070862389E+02  3.350995388E+02  2.796347046E+02  2.320895081E+02  5.806714036E-01 
       238  2.959379811E-02  1.126564718E-01  2.044933110E-02  9.017443298E+04  2.230176911E+02  3.345752897E+02  2.787602034E+02  2.378887358E+02  5.165706538E-01 
       239  3.114059063E-02  1.129278581E-01  2.301118304E-02  8.966644176E+04  2.302685036E+02  3.344860630E+02  2.786115317E+02  2.403507221E+02  4.874460406E-01 
       240  3.264987762E-02  1.132456905E-01  2.559358749E-02  8.911545288E+04  2.375370412E+02  3.340720762E+02  2.779226421E+02  2.436158967E+02  4.614985686E-01 
       241  3.807676132E-02  1.146676712E-01  3.621643154E-02  8.785157435E+04  2.622934016E+02  3.333444983E+02  2.767129340E+02  2.523771797E+02  3.678543029E-01 
       242  3.928374460E-02  1.150413043E-01  3.894926042E-02  8.800215808E+04  2.675796556E+02  3.337789783E+02  2.774356613E+02  2.531605496E+02  3.441266920E-01 
       243  4.044503934E-02  1.154301055E-01  4.169676193E-02  8.842342190E+04  2.713853408E+02  3.341433093E+02  2.780414168E+02  2.523887106E+02  3.228627205E-01 
       244  4.154949506E-02  1.158110833E-01  4.446441861E-02  8.907235352E+04  2.747793922E+02  3.345036926E+02  2.786414948E+02  2.511062984E+02  3.017858565E-01 
       245  4.259018966E-02  1.161595968E-01  4.726780086E-02  8.990787529E+04  2.777100806E+02  3.349202029E+02  2.793360039E+02  2.491498595E+02  2.804081160E-01 
       246  4.357921759E-02  1.165132208E-01  5.008364009E-02  9.091265210E+04  2.798473148E+02  3.354290066E+02  2.801851501E+02  2.462556696E+02  2.598155243E-01 
       247  4.448002582E-02  1.168267471E-01  5.293502673E-02  9.207235143E+04  2.819478506E+02  3.359543340E+02  2.810633745E+02  2.432586650E+02  2.387418818E-01 
       248  4.534234860E-02  1.171711221E-01  5.579536500E-02  9.332814648E+04  2.828798618E+02  3.366179085E+02  2.821751156E+02  2.393923187E+02  2.210863959E-01 
       249  4.612355051E-02  1.174912616E-01  5.867935283E-02  9.453596094E+04  2.840759621E+02  3.372627640E+02  2.832573204E+02  2.357547531E+02  2.024020739E-01 
       250  4.681688670E-02  1.178330389E-01  6.158342338E-02  9.568541406E+04  2.850101852E+02  3.378649521E+02  2.842697296E+02  2.325574913E+02  1.872638576E-01 
       251  4.742483443E-02  1.181684938E-01  6.451168194E-02  9.673661719E+04  2.857605820E+02  3.384421692E+02  2.852417984E+02  2.296276054E+02  1.742753219E-01 
       252  4.796175059E-02  1.184973583E-01  6.744925218E-02  9.765689941E+04  2.866688890E+02  3.389981232E+02  2.861792459E+02  2.268702459E+02  1.607423164E-01 
       253  4.839690646E-02  1.188449776E-01  7.040346354E-02  9.842380698E+04  2.879286408E+02  3.393731282E+02  2.868125237E+02  2.249832517E+02  1.483782278E-01 
       254  4.867844520E-02  1.192029192E-01  7.337369276E-02  9.896775492E+04  2.895342524E+02  3.395981475E+02  2.871930325E+02  2.239282312E+02  1.371704050E-01 
       255  4.889804354E-02  1.195863964E-01  7.634446821E-02  9.941552976E+04  2.910932289E+02  3.397192462E+02  2.873980129E+02  2.228839369E+02  1.261449444E-01 
       256  4.901527392E-02  1.199575346E-01  7.936475415E-02  9.962191901E+04  2.934836273E+02  3.397557507E+02  2.874598928E+02  2.232184260E+02  1.154722378E-01 
       257  4.897414798E-02  1.207471392E-01  8.530893469E-02  9.980491211E+04  2.974596825E+02  3.399798279E+02  2.878388710E+02  2.235432358E+02  9.708788805E-02 
       258  4.879835866E-02  1.211503063E-01  8.827262235E-02  1.001303877E+05  2.984887123E+02  3.400313377E+02  2.879264412E+02  2.231996403E+02  9.136577975E-02 
       259  4.854576088E-02  1.215647590E-01  9.126615169E-02  1.008041897E+05  2.981392801E+02  3.401520548E+02  2.881309050E+02  2.220691359E+02  9.085181247E-02 
       260  4.818457029E-02  1.219712360E-01  9.420996830E-02  1.014438458E+05  2.969386581E+02  3.405270780E+02  2.887664672E+02  2.198551712E+02  9.073650193E-02 
       261  4.782320061E-02  1.224212570E-01  9.713670139E-02  1.021855601E+05  2.955237637E+02  3.408626900E+02  2.893369980E+02  2.173599682E+02  9.114769707E-02 
       262  4.734997920E-02  1.228526278E-01  1.001180955E-01  1.032480781E+05  2.935409775E+02  3.414791145E+02  2.903838272E+02  2.140190735E+02  9.122609068E-02 
       263  4.683890011E-02  1.232935874E-01  1.030087938E-01  1.044822399E+05  2.907190679E+02  3.422741588E+02  2.917380368E+02  2.103636869E+02  9.570451331E-02 
       264  4.566507936E-02  1.242316696E-01  1.088390156E-01  1.061963961E+05  2.849370031E+02  3.425650317E+02  2.922338701E+02  2.036961073E+02  1.088664400E-01 
       265  4.352639189E-02  1.257122811E-01  1.174848542E-01  1.074904122E+05  2.600204816E+02  3.466822766E+02  2.993045970E+02  1.643085051E+02  1.315071230E-01 
       266  4.289440586E-02  1.261798267E-01  1.203730247E-01  1.075298118E+05  2.516542766E+02  3.483051115E+02  3.021129539E+02  1.472785572E+02  1.332042764E-01 
       267  4.242365191E-02  1.265975250E-01  1.232861776E-01  1.075631843E+05  2.462863425E+02  3.494424566E+02  3.040854807E+02  1.375348929E+02  1.414199102E-01 
       268  4.208270049E-02  1.270006734E-01  1.262530889E-01  1.076145039E+05  2.448717117E+02  3.495772476E+02  3.043194695E+02  1.374917412E+02  1.548203509E-01 
       269  4.202415066E-02  1.273246053E-01  1.292418903E-01  1.076039501E+05  2.455075338E+02  3.492955773E+02  3.038293693E+02  1.409927740E+02  1.640352773E-01 
       270  4.218523596E-02  1.275849052E-01  1.322314117E-01  1.074810148E+05  2.472693128E+02  3.488512050E+02  3.030569152E+02  1.458858033E+02  1.696427819E-01 
       271  4.252691668E-02  1.278080741E-01  1.352038484E-01  1.073260388E+05  2.497097745E+02  3.484888430E+02  3.024280655E+02  1.513194297E+02  1.724480061E-01 
       272  4.296344289E-02  1.279984053E-01  1.381664338E-01  1.071870975E+05  2.519567124E+02  3.480545216E+02  3.016755989E+02  1.561403296E+02  1.753318589E-01 
       273  4.347514252E-02  1.281630447E-01  1.411197974E-01  1.069555395E+05  2.541196996E+02  3.476476540E+02  3.009706348E+02  1.606121959E+02  1.777758333E-01 
       274  4.403358971E-02  1.283124551E-01  1.440677535E-01  1.066505215E+05  2.561641313E+02  3.474212122E+02  3.005777273E+02  1.644371236E+02  1.791719157E-01 
       275  4.466583781E-02  1.284644007E-01  1.470000034E-01  1.063747314E+05  2.584078942E+02  3.470507664E+02  2.964032631E+02  1.682448970E+02  1.790001423E-01 
       276 -1.390154712E-02  1.725232616E-01 -4.600000033E-02  8.238593814E+04  1.818747399E+02  3.303199361E+02  2.714077861E+02  3.424126312E+02  1.010712451E+00 
       277 -1.389524734E-02  1.726308379E-01 -4.258575940E-02  8.268398714E+04  1.814850270E+02  3.303621004E+02  2.717836561E+02  3.424047236E+02  1.012034763E+00 
       278 -1.388827040E-02  1.727470810E-01 -3.919459871E-02  8.295282379E+04  1.810318679E+02  3.304254137E+02  2.718878388E+02  3.422476074E+02  1.013306834E+00 
       279 -1.387976982E-02  1.728866868E-01 -3.575874102E-02  8.304091997E+04  1.808247449E+02  3.304473422E+02  2.719239059E+02  3.423354425E+02  1.014177454E+00 
       280 -1.386962822E-02  1.730354599E-01 -3.234598001E-02  8.290662065E+04  1.810717385E+02  3.303669263E+02  2.717915535E+02  3.429595676E+02  1.014459786E+00 
       281 -1.385715910E-02  1.732129765E-01 -2.893478341E-02  8.250335947E+04  1.817672710E+02  3.301502010E+02  2.714351738E+02  3.442408750E+02  1.014396965E+00 
       282 -1.381464856E-02  1.733989484E-01 -2.553958976E-02  8.189181783E+04  1.830226146E+02  3.297886760E+02  2.708412232E+02  3.462057763E+02  1.013685950E+00 
       283 -1.334927366E-02  1.736519924E-01 -2.216152427E-02  8.099404865E+04  1.851278717E+02  3.292808527E+02  2.700078642E+02  3.489110205E+02  1.011476656E+00 
       284 -1.220387625E-02  1.739549638E-01 -1.896956374E-02  7.963691602E+04  1.887244444E+02  3.284785824E+02  2.686944275E+02  3.528125820E+02  1.006526388E+00 
       285 -1.057589609E-02  1.742731966E-01 -1.599005111E-02  7.780770901E+04  1.941524912E+02  3.274399691E+02  2.669983758E+02  3.581177044E+02  9.982353355E-01 
       286 -8.586070527E-03  1.745821273E-01 -1.323108332E-02  7.590489414E+04  1.992236142E+02  3.266583205E+02  2.657240900E+02  3.625004536E+02  9.895214801E-01 
       287 -6.371188279E-03  1.748941133E-01 -1.065117603E-02  7.578204649E+04  2.010165555E+02  3.268074464E+02  2.659672300E+02  3.621684859E+02  9.827380038E-01 
       288 -3.959984913E-03  1.752012559E-01 -8.251810021E-03  7.878015368E+04  1.969377226E+02  3.284988954E+02  2.687334763E+02  3.543643203E+02  9.818495614E-01 
       289 -1.474621790E-03  1.754287438E-01 -5.921768022E-03  8.452102498E+04  1.882573329E+02  3.312941336E+02  2.733283133E+02  3.405841519E+02  9.870717447E-01 
       290  1.096342236E-03  1.756586641E-01 -3.684409899E-03  8.947831137E+04  1.802641318E+02  3.335979035E+02  2.771370460E+02  3.283874477E+02  9.946451530E-01 
       291  3.722457199E-03  1.758529720E-01 -1.512169024E-03  9.156194507E+04  1.754119520E+02  3.343895340E+02  2.784511747E+02  3.248754492E+02  1.005909227E+00 
       292  6.390497491E-03  1.759799744E-01  6.206893580E-04  8.926811377E+04  1.762895184E+02  3.332718544E+02  2.765967293E+02  3.314092102E+02  1.012939274E+00 
       293  1.179759467E-02  1.761809281E-01  4.808741428E-03  7.501940625E+04  2.031945496E+02  3.261208344E+02  2.648570404E+02  3.675789871E+02  9.859754443E-01 
       294  1.450804596E-02  1.762121176E-01  6.883706551E-03  7.191856738E+04  2.111635399E+02  3.240741520E+02  2.615379887E+02  3.776749992E+02  9.793807566E-01 
       295  1.722225861E-02  1.762495216E-01  8.953048646E-03  7.096815723E+04  2.133722572E+02  3.232840424E+02  2.602639847E+02  3.805381241E+02  9.777976871E-01 
       296  1.993233776E-02  1.761597577E-01  1.102855473E-02  6.954083789E+04  2.168921566E+02  3.222419395E+02  2.585900879E+02  3.838447189E+02  9.730233252E-01 
       297  2.263244469E-02  1.760920636E-01  1.311525345E-02  6.737981055E+04  2.235702858E+02  3.207879372E+02  2.562621899E+02  3.905966911E+02  9.651706219E-01 
       298  2.532249661E-02  1.759768902E-01  1.521525865E-02  6.562193140E+04  2.308845806E+02  3.195819530E+02  2.543380728E+02  3.971058960E+02  9.549190067E-01 
       299  2.800116021E-02  1.758008440E-01  1.732596334E-02  6.553151196E+04  2.348015461E+02  3.194873819E+02  2.541877155E+02  3.981418505E+02  9.440086000E-01 
       300  3.066011949E-02  1.756198651E-01  1.946182943E-02  6.841108081E+04  2.347333226E+02  3.212060118E+02  2.569428406E+02  3.908079877E+02  9.283217583E-01 
       301  3.850917716E-02  1.748410184E-01  2.602581626E-02  8.777505786E+04  2.351485491E+02  3.342976332E+02  2.783018961E+02  3.340911188E+02  8.198060449E-01 
       302  4.358739934E-02  1.740919978E-01  3.053362568E-02  8.544576953E+04  2.403280954E+02  3.325942087E+02  2.754690609E+02  3.460520773E+02  8.229379170E-01 
       303  4.609287257E-02  1.736863543E-01  3.281922705E-02  8.419891016E+04  2.428463278E+02  3.321598902E+02  2.747499199E+02  3.482857904E+02  8.186416589E-01 
       304  4.855845708E-02  1.731970535E-01  3.512834265E-02  8.422495679E+04  2.472931428E+02  3.319859581E+02  2.744622335E+02  3.482933159E+02  8.035271205E-01 
       305  5.100043215E-02  1.726458906E-01  3.745772352E-02  8.624635242E+04  2.506388407E+02  3.330176368E+02  2.761735501E+02  3.438291721E+02  7.846022137E-01 
       306  5.340036417E-02  1.720848619E-01  3.982071753E-02  9.066850793E+04  2.499954307E+02  3.354606986E+02  2.802459590E+02  3.325120478E+02  7.679609917E-01 
       307  5.576533568E-02  1.714326002E-01  4.220398857E-02  9.603951160E+04  2.475518591E+02  3.381461630E+02  2.847481189E+02  3.181247219E+02  7.533515636E-01 
       308  5.808130114E-02  1.707532671E-01  4.462162642E-02  9.991488901E+04  2.456519344E+02  3.402105932E+02  2.882335878E+02  3.076164048E+02  7.439748189E-01 
       309  6.913202621E-02  1.670049815E-01  5.708998555E-02  1.115287823E+05  2.423689542E+02  3.459952435E+02  2.981168022E+02  2.755638928E+02  7.130819773E-01 
       310  7.325557335E-02  1.653928843E-01  6.228962682E-02  1.150976407E+05  2.409300135E+02  3.475685129E+02  3.008332589E+02  2.657121592E+02  7.074216148E-01 
       311  7.526114685E-02  1.645964451E-01  6.493668120E-02  1.164616240E+05  2.400282650E+02  3.481209335E+02  3.017902279E+02  2.625602760E+02  7.089576796E-01 
       312  8.099008587E-02  1.620989224E-01  7.305121222E-02  1.189228516E+05  2.379682446E+02  3.491350441E+02  3.035499611E+02  2.551680717E+02  7.093279660E-01 
       313  8.281625202E-02  1.612441772E-01  7.580722199E-02  1.191972529E+05  2.373995895E+02  3.491783257E+02  3.036251793E+02  2.544317513E+02  7.115429863E-01 
       314  8.462318717E-02  1.604029889E-01  7.856519154E-02  1.193779941E+05  2.368210807E+02  3.492273798E+02  3.037104235E+02  2.542899003E+02  7.151956148E-01 
       315  8.638808364E-02  1.595156660E-01  8.135371941E-02  1.194027175E+05  2.364968944E+02  3.492024040E+02  3.036669135E+02  2.541102800E+02  7.171195894E-01 
       316  8.818531781E-02  1.586346563E-01  8.418846896E-02  1.193354158E+05  2.367255778E+02  3.490261650E+02  3.033606131E+02  2.535476175E+02  7.140695902E-01 
       317  9.153487112E-02  1.568453452E-01  8.985396979E-02  1.193152479E+05  2.364064116E+02  3.490586181E+02  3.034175882E+02  2.536490741E+02  7.160786502E-01 
       318  9.319079870E-02  1.559467714E-01  9.269883327E-02  1.193375732E+05  2.364930248E+02  3.491018200E+02  3.034928665E+02  2.534636326E+02  7.157460526E-01 
       319  9.639067810E-02  1.541493463E-01  9.845101971E-02  1.194750938E+05  2.373603840E+02  3.489991665E+02  3.033138275E+02  2.535144138E+02  7.133974023E-01 
       320  9.789700787E-02  1.532238030E-01  1.013752208E-01  1.195014717E+05  2.383264976E+02  3.488996291E+02  3.031406841E+02  2.534553759E+02  7.085081181E-01 
       321  9.939560036E-02  1.523575645E-01  1.043121280E-01  1.194480762E+05  2.388688583E+02  3.487735939E+02  3.029216290E+02  2.538534641E+02  7.073684856E-01 
       322  1.008373928E-01  1.515239935E-01  1.072922639E-01  1.192532871E+05  2.394228764E+02  3.485736866E+02  3.025745335E+02  2.548339310E+02  7.067442387E-01 
       323  1.021925752E-01  1.507164957E-01  1.103173974E-01  1.189911304E+05  2.406139135E+02  3.483427811E+02  3.021741223E+02  2.563892217E+02  7.032308225E-01 
       324  1.063175391E-01  1.486079647E-01  1.265700906E-01  1.182779492E+05  2.422981033E+02  3.489040833E+02  3.031522141E+02  2.544634781E+02  6.974424422E-01 
       325  1.064822206E-01  1.487022474E-01  1.299738775E-01  1.184732871E+05  2.380667458E+02  3.502540817E+02  3.055038223E+02  2.440539246E+02  7.069744319E-01 
       326  1.066476119E-01  1.488146338E-01  1.333799290E-01  1.184857578E+05  2.333311806E+02  3.514626198E+02  3.076132851E+02  2.344014816E+02  7.210704833E-01 
       327  1.068180965E-01  1.489318139E-01  1.367854531E-01  1.183854727E+05  2.304126778E+02  3.519402351E+02  3.084478493E+02  2.309268227E+02  7.324320301E-01 
       328  1.069979625E-01  1.490578552E-01  1.401905319E-01  1.182292373E+05  2.307740040E+02  3.514693718E+02  3.076235733E+02  2.347415733E+02  7.337903231E-01 
       329  1.071817424E-01  1.491887345E-01  1.435955648E-01  1.179940854E+05  2.342740402E+02  3.503033733E+02  3.054238529E+02  2.436108112E+02  7.251094393E-01 
       330  1.073851999E-01  1.493347905E-01  1.470000044E-01  1.178682656E+05  2.403270950E+02  3.487572861E+02  3.017356186E+02  2.555922852E+02  7.097190470E-01 
       331 -5.132010553E-03  2.399711247E-01 -4.600000034E-02  8.410984717E+04  1.735300903E+02  3.308742428E+02  2.732718391E+02  4.398180504E+02  1.165180586E+00 
       332 -5.128125210E-03  2.399809281E-01 -4.210430258E-02  8.367676611E+04  1.756862993E+02  3.304076519E+02  2.718596773E+02  4.416649323E+02  1.161739811E+00 
       333 -5.125201508E-03  2.399922328E-01 -3.820870464E-02  8.171666980E+04  1.789373858E+02  3.297083321E+02  2.707112076E+02  4.443167090E+02  1.156453955E+00 
       334 -5.121813889E-03  2.400095995E-01 -3.431329778E-02  8.010626520E+04  1.831483139E+02  3.287984627E+02  2.692183145E+02  4.477390628E+02  1.149626288E+00 
       335 -5.119016059E-03  2.400291916E-01 -3.041776666E-02  7.880664068E+04  1.861863825E+02  3.281273586E+02  2.681199932E+02  4.502271240E+02  1.144798637E+00 
       336 -5.114574788E-03  2.400538233E-01 -2.652182619E-02  7.788291919E+04  1.876821774E+02  3.279510959E+02  2.678316311E+02  4.511422749E+02  1.142079830E+00 
       337 -5.109553763E-03  2.400828758E-01 -2.262552630E-02  7.820052893E+04  1.864973037E+02  3.284494534E+02  2.686500101E+02  4.497342062E+02  1.143563975E+00 
       338 -5.103895973E-03  2.401152952E-01 -1.872899116E-02  8.182734686E+04  1.801777393E+02  3.301481647E+02  2.714403052E+02  4.431684785E+02  1.152489061E+00 
       339 -4.925504783E-03  2.402473149E-01 -7.056915668E-03  8.349272517E+04  1.743638015E+02  3.312122920E+02  2.731900342E+02  4.391310996E+02  1.162789621E+00 
       340 -3.715119829E-03  2.403023013E-01 -3.373311706E-03  8.057697510E+04  1.818187950E+02  3.297209539E+02  2.707322100E+02  4.455912917E+02  1.150603941E+00 
       341 -1.562012846E-03  2.403581740E-01 -1.360753051E-04  7.987451145E+04  1.850044071E+02  3.289624034E+02  2.694864801E+02  4.483495781E+02  1.145654344E+00 
       342  1.133764527E-03  2.404094608E-01  2.675248428E-03  7.984398779E+04  1.847946095E+02  3.288383236E+02  2.692834940E+02  4.479713268E+02  1.145982187E+00 
       343  4.137632423E-03  2.404197044E-01  5.149238455E-03  7.968704579E+04  1.847636539E+02  3.287124146E+02  2.690771706E+02  4.485627190E+02  1.146975183E+00 
       344  7.316400202E-03  2.403253331E-01  7.399564588E-03  7.950156390E+04  1.852710632E+02  3.286018002E+02  2.688956394E+02  4.490674086E+02  1.146630117E+00 
       345  1.395577155E-02  2.400667001E-01  1.148649181E-02  8.708201074E+04  1.712804880E+02  3.318838043E+02  2.743017797E+02  4.378699703E+02  1.170681607E+00 
       346  1.735065466E-02  2.397965962E-01  1.337576268E-02  8.973428125E+04  1.601704445E+02  3.335486183E+02  2.770564919E+02  4.283834343E+02  1.189671814E+00 
       347  2.419161170E-02  2.391929427E-01  1.704637434E-02  8.021668652E+04  1.844936676E+02  3.296358109E+02  2.705929146E+02  4.472231674E+02  1.146957800E+00 
       348  2.761839379E-02  2.387452844E-01  1.884103948E-02  8.065976074E+04  1.863295670E+02  3.296033707E+02  2.705372581E+02  4.471279984E+02  1.142089382E+00 
       349  3.105226563E-02  2.382885234E-01  2.062260888E-02  8.137931885E+04  1.850898809E+02  3.298947792E+02  2.710155106E+02  4.437273045E+02  1.141672552E+00 
       350  3.788868369E-02  2.371344800E-01  2.417075674E-02  8.021286963E+04  1.875995770E+02  3.293471470E+02  2.701170788E+02  4.469430885E+02  1.139243372E+00 
       351  4.468291751E-02  2.357525484E-01  2.771953789E-02  8.042229004E+04  1.895187511E+02  3.293888321E+02  2.701880455E+02  4.457443047E+02  1.135422565E+00 
       352  4.805699300E-02  2.349490393E-01  2.948953136E-02  8.113334473E+04  1.888140411E+02  3.297237992E+02  2.707377577E+02  4.433810349E+02  1.136668775E+00 
       353  5.140582287E-02  2.340778219E-01  3.127771149E-02  8.085185693E+04  1.901358871E+02  3.294924736E+02  2.703568554E+02  4.436733646E+02  1.135357469E+00 
       354  5.473006301E-02  2.331020583E-01  3.305777180E-02  7.964972461E+04  1.933040104E+02  3.287880554E+02  2.692019119E+02  4.459890060E+02  1.131358773E+00 
       355  5.803984836E-02  2.320923676E-01  3.484458617E-02  7.813648975E+04  1.973492088E+02  3.278103600E+02  2.676037426E+02  4.494967461E+02  1.126671687E+00 
       356  6.132921494E-02  2.310454118E-01  3.665150486E-02  7.642518954E+04  2.019262002E+02  3.267321427E+02  2.658457544E+02  4.528388035E+02  1.120487739E+00 
       357  6.777528194E-02  2.285846393E-01  4.027160278E-02  8.436666211E+04  2.155910530E+02  3.320419998E+02  2.745879402E+02  4.313141174E+02  1.065650120E+00 
       358  7.097972553E-02  2.273472007E-01  4.209367684E-02  9.100726074E+04  2.302590160E+02  3.355659676E+02  2.804212551E+02  4.154608002E+02  1.013132997E+00 
       359  7.412444428E-02  2.259565065E-01  4.393674079E-02  8.966221118E+04  2.363306556E+02  3.343030519E+02  2.783142977E+02  4.215469837E+02  1.004182661E+00 
       360  7.725834663E-02  2.245514312E-01  4.577102978E-02  8.535922266E+04  2.389413128E+02  3.325003128E+02  2.753156147E+02  4.315294762E+02  1.006622169E+00 
       361  8.037011026E-02  2.231435234E-01  4.763983740E-02  8.779457910E+04  2.386597595E+02  3.344078560E+02  2.785046654E+02  4.241276398E+02  1.002629608E+00 
       362  8.343109451E-02  2.215945322E-01  4.950276897E-02  1.019516750E+05  2.289561453E+02  3.412668247E+02  2.900727394E+02  3.948474181E+02  1.008643016E+00 
       363  8.646988642E-02  2.201046420E-01  5.141624103E-02  1.230936382E+05  2.193108377E+02  3.483825865E+02  3.022699742E+02  3.573372192E+02  1.020032007E+00 
       364  9.242245520E-02  2.169732682E-01  5.534503106E-02  1.178680967E+05  2.267329693E+02  3.489042158E+02  3.031651688E+02  3.581304989E+02  9.836263843E-01 
       365  9.533631835E-02  2.153857768E-01  5.738443174E-02  1.178538014E+05  2.263108683E+02  3.491440954E+02  3.035887322E+02  3.573380065E+02  9.813961340E-01 
       366  9.819952312E-02  2.138016843E-01  5.949569436E-02  1.189816826E+05  2.266230373E+02  3.497394295E+02  3.046279221E+02  3.518412418E+02  9.763153642E-01 
       367  1.009694591E-01  2.121295788E-01  6.167326851E-02  1.198858181E+05  2.283273945E+02  3.502736845E+02  3.055620260E+02  3.469165812E+02  9.670541398E-01 
       368  1.037116704E-01  2.105064985E-01  6.390540356E-02  1.205062129E+05  2.304385834E+02  3.507848463E+02  3.064575081E+02  3.437804585E+02  9.575234167E-01 
       369  1.064180189E-01  2.088777679E-01  6.618856681E-02  1.209988872E+05  2.313883543E+02  3.511397476E+02  3.070769405E+02  3.410678864E+02  9.518645033E-01 
       370  1.090480686E-01  2.071800512E-01  6.850700508E-02  1.215175684E+05  2.313002129E+02  3.514827690E+02  3.076777439E+02  3.383006020E+02  9.496385232E-01 
       371  1.116790455E-01  2.055210471E-01  7.084353951E-02  1.220444609E+05  2.312211363E+02  3.519049082E+02  3.084181223E+02  3.358914127E+02  9.482837450E-01 
       372  1.142974452E-01  2.038484190E-01  7.319785208E-02  1.224230471E+05  2.302256203E+02  3.520869265E+02  3.087333555E+02  3.351731987E+02  9.497874677E-01 
       373  1.168416696E-01  2.021295301E-01  7.558130371E-02  1.226943433E+05  2.292579126E+02  3.522792568E+02  3.090720119E+02  3.341855392E+02  9.516235068E-01 
       374  1.193277496E-01  2.004108846E-01  7.805168345E-02  1.228772722E+05  2.279545605E+02  3.523750572E+02  3.092418287E+02  3.333891463E+02  9.546392830E-01 
       375  1.217693779E-01  1.987784452E-01  8.060399866E-02  1.228867207E+05  2.265807199E+02  3.522965183E+02  3.091031504E+02  3.333252745E+02  9.581976421E-01 
       376  1.240793489E-01  1.970470446E-01  8.322373237E-02  1.228302295E+05  2.248886881E+02  3.521933908E+02  3.089225187E+02  3.332792130E+02  9.626387171E-01 
       377  1.263696524E-01  1.953872062E-01  8.590193330E-02  1.230154524E+05  2.223780395E+02  3.524138585E+02  3.093020123E+02  3.322256919E+02  9.691604357E-01 
       378  1.285811840E-01  1.937639536E-01  8.866989816E-02  1.232651028E+05  2.206455560E+02  3.516338129E+02  3.079287453E+02  3.356253757E+02  9.739745948E-01 
       379  1.378530526E-01  1.861918564E-01  1.119425893E-01  1.229507036E+05  2.197770939E+02  3.556808634E+02  3.150485840E+02  3.144213724E+02  9.728743806E-01 
       380  1.378280879E-01  1.861358471E-01  1.158380052E-01  1.231040813E+05  2.226896243E+02  3.569785156E+02  3.173508272E+02  3.037360716E+02  9.644428212E-01 
       381  1.378172244E-01  1.861105784E-01  1.197328496E-01  1.226540081E+05  2.262720480E+02  3.572040348E+02  3.177534742E+02  3.016783915E+02  9.532277621E-01 
       382  1.378137064E-01  1.861013403E-01  1.236281983E-01  1.226380892E+05  2.281777964E+02  3.564393394E+02  3.163990569E+02  3.077486377E+02  9.459507829E-01 
       383  1.378232998E-01  1.861207539E-01  1.275238734E-01  1.227039062E+05  2.281684206E+02  3.551293944E+02  3.140804853E+02  3.172774563E+02  9.456738788E-01 
       384  1.378388478E-01  1.861485149E-01  1.314192119E-01  1.228256273E+05  2.263905325E+02  3.539391116E+02  3.119764786E+02  3.249413273E+02  9.516518328E-01 
       385  1.378667705E-01  1.861922064E-01  1.353144338E-01  1.229753577E+05  2.242420162E+02  3.534102166E+02  3.110441889E+02  3.275570674E+02  9.592648004E-01 
       386  1.378917792E-01  1.862393165E-01  1.392095884E-01  1.231430842E+05  2.229100376E+02  3.530010831E+02  3.103215479E+02  3.288310201E+02  9.633795423E-01 
       387  1.379128913E-01  1.862912877E-01  1.431056120E-01  1.232820588E+05  2.220855233E+02  3.529462011E+02  3.100780518E+02  3.276830829E+02  9.653881850E-01 
       388  1.379274402E-01  1.863453723E-01  1.469999959E-01  1.233440974E+05  2.211728015E+02  3.536208568E+02  3.108283029E+02  3.221869307E+02  9.680697769E-01 
       389 -3.389247132E-02  1.007789921E-01 -4.300551245E-02  8.755088232E+04  1.539464693E+02  3.330600739E+02  2.762409496E+02  2.357977066E+02  8.594859540E-01 
       390 -3.372456358E-02  1.010433636E-01 -4.002223516E-02  8.745989123E+04  1.544634373E+02  3.330220662E+02  2.761778839E+02  2.363900450E+02  8.589227845E-01 
       391 -3.329024078E-02  1.014074167E-01 -3.707963811E-02  8.734087054E+04  1.551586210E+02  3.329570328E+02  2.760700472E+02  2.371208509E+02  8.579745055E-01 
       392 -3.255620303E-02  1.018883264E-01 -3.421559131E-02  8.722333321E+04  1.558876428E+02  3.328822565E+02  2.759460051E+02  2.378802403E+02  8.570183335E-01 
       393 -3.153373485E-02  1.024554568E-01 -3.145384174E-02  8.711232806E+04  1.566088197E+02  3.328091582E+02  2.758248091E+02  2.386179303E+02  8.560937344E-01 
       394 -3.028950121E-02  1.031058036E-01 -2.880322264E-02  8.700495245E+04  1.573109840E+02  3.327443027E+02  2.757173484E+02  2.393493446E+02  8.552958169E-01 
       395 -2.888173412E-02  1.037838005E-01 -2.624318977E-02  8.691461017E+04  1.579496999E+02  3.326944812E+02  2.756347493E+02  2.400043876E+02  8.545999196E-01 
       396 -2.733119538E-02  1.044792183E-01 -2.377110822E-02  8.683910522E+04  1.584878877E+02  3.326565932E+02  2.755720689E+02  2.406338054E+02  8.543875882E-01 
       397 -2.568342124E-02  1.052055751E-01 -2.135968630E-02  8.671595787E+04  1.590330752E+02  3.325945354E+02  2.754691479E+02  2.414548847E+02  8.548228242E-01 
       398 -2.397735570E-02  1.059146334E-01 -1.899049647E-02  8.652004855E+04  1.596520277E+02  3.324894972E+02  2.752952599E+02  2.425523421E+02  8.558431433E-01 
       399 -2.220871387E-02  1.066063154E-01 -1.667396516E-02  8.615745950E+04  1.606776502E+02  3.322926840E+02  2.749694749E+02  2.442915355E+02  8.569439279E-01 
       400 -2.041003203E-02  1.073389070E-01 -1.437512078E-02  8.561236343E+04  1.623931806E+02  3.319930574E+02  2.744738929E+02  2.468357948E+02  8.572286954E-01 
       401 -1.856976066E-02  1.079715131E-01 -1.211630566E-02  8.494772078E+04  1.650003535E+02  3.316315183E+02  2.738764523E+02  2.497314882E+02  8.540964649E-01 
       402 -1.670953655E-02  1.086522831E-01 -9.860640570E-03  8.437860986E+04  1.683395271E+02  3.313263796E+02  2.733725830E+02  2.523077903E+02  8.460004750E-01 
       403 -1.482329113E-02  1.093026603E-01 -7.620995183E-03  8.437989235E+04  1.710396921E+02  3.313409937E+02  2.733967060E+02  2.526785401E+02  8.335196694E-01 
       404 -1.292306254E-02  1.099268373E-01 -5.385291055E-03  8.530991357E+04  1.716065030E+02  3.318601208E+02  2.742542439E+02  2.497888660E+02  8.210969009E-01 
       405 -1.101845801E-02  1.105590611E-01 -3.137660868E-03  8.695353101E+04  1.704251503E+02  3.327529336E+02  2.757322228E+02  2.442359475E+02  8.093022741E-01 
       406 -9.120841472E-03  1.111701815E-01 -8.914052251E-04  8.925989670E+04  1.678098271E+02  3.339818954E+02  2.777728275E+02  2.359971510E+02  7.973794395E-01 
       407 -7.240675928E-03  1.117476218E-01  1.353994698E-03  9.287024358E+04  1.633524529E+02  3.358538098E+02  2.808957641E+02  2.226771292E+02  7.823592503E-01 
       408 -5.370549944E-03  1.123083196E-01  3.627204146E-03  9.646882947E+04  1.635741868E+02  3.376875086E+02  2.839706719E+02  2.083210843E+02  7.411111398E-01 
       409 -3.530590186E-03  1.128981262E-01  5.933484609E-03  9.827783701E+04  1.736580143E+02  3.385914804E+02  2.854932595E+02  2.027571235E+02  6.686326322E-01 
       410 -1.726912218E-03  1.134387153E-01  8.259926622E-03  9.796439600E+04  1.849519491E+02  3.384792519E+02  2.853035626E+02  2.044633493E+02  6.088550445E-01 
       411  3.734044288E-05  1.140039107E-01  1.062617763E-02  9.713998193E+04  1.943176956E+02  3.380440474E+02  2.845703826E+02  2.087708220E+02  5.693468368E-01 
       412  1.740848712E-03  1.145879687E-01  1.302702968E-02  9.629652987E+04  2.019416704E+02  3.376337611E+02  2.838800156E+02  2.129901749E+02  5.409138521E-01 
       413  3.387617433E-03  1.151172021E-01  1.547343878E-02  9.581138406E+04  2.085318257E+02  3.374013143E+02  2.834891688E+02  2.159374589E+02  5.149803835E-01 
       414  4.957112811E-03  1.157081541E-01  1.796238578E-02  9.536114832E+04  2.155195796E+02  3.371518049E+02  2.830702262E+02  2.189823589E+02  4.880055478E-01 
       415  6.462677552E-03  1.163151534E-01  2.048609031E-02  9.459710059E+04  2.224470549E+02  3.367482042E+02  2.823929486E+02  2.230772548E+02  4.654790433E-01 
       416  7.926557233E-03  1.168909271E-01  2.304605918E-02  9.387059985E+04  2.282993376E+02  3.363721588E+02  2.817624371E+02  2.268190339E+02  4.480864904E-01 
       417  9.338612782E-03  1.175119790E-01  2.562398907E-02  9.352058465E+04  2.332481838E+02  3.361737304E+02  2.814300421E+02  2.290831576E+02  4.311759079E-01 
       418  1.068984297E-02  1.181121478E-01  2.822455248E-02  9.339194556E+04  2.379156078E+02  3.360958341E+02  2.812995896E+02  2.305478063E+02  4.131261513E-01 
       419  1.198650266E-02  1.187330819E-01  3.085849659E-02  9.333966440E+04  2.424814611E+02  3.360698007E+02  2.812560652E+02  2.318291941E+02  3.951765603E-01 
       420  1.322982934E-02  1.193430432E-01  3.352159396E-02  9.338616254E+04  2.466783316E+02  3.360910818E+02  2.812917202E+02  2.327228054E+02  3.778421797E-01 
       421  1.439865389E-02  1.199672983E-01  3.621509854E-02  9.359717122E+04  2.503020813E+02  3.362037914E+02  2.814804320E+02  2.330090553E+02  3.615437417E-01 
       422  1.553995729E-02  1.205631245E-01  3.892438234E-02  9.405084012E+04  2.534322332E+02  3.364383140E+02  2.818732396E+02  2.323505471E+02  3.444409651E-01 
       423  1.662952250E-02  1.211745408E-01  4.165332372E-02  9.459568079E+04  2.561886634E+02  3.367020075E+02  2.823153358E+02  2.314163616E+02  3.285279043E-01 
       424  1.764894372E-02  1.217373945E-01  4.441857664E-02  9.530305756E+04  2.582912202E+02  3.370610059E+02  2.829178413E+02  2.298255915E+02  3.135972277E-01 
       425  1.861873940E-02  1.222791769E-01  4.720617614E-02  9.629563284E+04  2.599701577E+02  3.375619872E+02  2.837595308E+02  2.271436543E+02  2.970617797E-01 
       426  1.950820179E-02  1.228336643E-01  5.001741530E-02  9.727108710E+04  2.617912165E+02  3.380406717E+02  2.845648001E+02  2.245727692E+02  2.801176063E-01 
       427  2.036944420E-02  1.233245632E-01  5.285072558E-02  9.821105280E+04  2.635089945E+02  3.385091299E+02  2.853541228E+02  2.220049857E+02  2.634917307E-01 
       428  2.117157025E-02  1.238295963E-01  5.569831964E-02  9.918812842E+04  2.650945988E+02  3.389891582E+02  2.861640387E+02  2.192976017E+02  2.472253793E-01 
       429  2.190592593E-02  1.242947792E-01  5.857026217E-02  1.001252903E+05  2.667408810E+02  3.394434776E+02  2.869316158E+02  2.166554422E+02  2.305523865E-01 
       430  2.257248913E-02  1.247551336E-01  6.145961794E-02  1.009977651E+05  2.685158806E+02  3.398641844E+02  2.876432400E+02  2.142613621E+02  2.140396982E-01 
       431  2.314781749E-02  1.251835029E-01  6.437124902E-02  1.017569565E+05  2.705443602E+02  3.402278881E+02  2.882591591E+02  2.122140212E+02  1.969261114E-01 
       432  2.363318974E-02  1.255957621E-01  6.730774801E-02  1.023970350E+05  2.728063540E+02  3.405380726E+02  2.887849135E+02  2.105963974E+02  1.798596771E-01 
       433  2.402789138E-02  1.260195069E-01  7.025072331E-02  1.029027119E+05  2.753372717E+02  3.407844410E+02  2.892028732E+02  2.095293055E+02  1.631789766E-01 
       434  2.431727977E-02  1.264030352E-01  7.321094069E-02  1.032411445E+05  2.781265488E+02  3.409595432E+02  2.895001659E+02  2.089920959E+02  1.465804446E-01 
       435  2.453016930E-02  1.268032789E-01  7.617447467E-02  1.034312368E+05  2.812475080E+02  3.410566816E+02  2.896650958E+02  2.091240015E+02  1.305171691E-01 
       436  2.462079541E-02  1.271795605E-01  7.915094878E-02  1.033767002E+05  2.846936255E+02  3.410494461E+02  2.896527612E+02  2.100084791E+02  1.151806595E-01 
       437  2.463902970E-02  1.275610820E-01  8.212637731E-02  1.029708062E+05  2.886969366E+02  3.408674016E+02  2.893437095E+02  2.123386517E+02  1.022423793E-01 
       438  2.457492051E-02  1.279220853E-01  8.510260082E-02  1.020188403E+05  2.933892895E+02  3.403856868E+02  2.885264749E+02  2.164748853E+02  9.248396829E-02 
       439  2.441429013E-02  1.282749863E-01  8.807550525E-02  1.012141236E+05  2.963595458E+02  3.400248393E+02  2.879150180E+02  2.203557349E+02  9.235018880E-02 
       440  2.420234297E-02  1.286273229E-01  9.105186832E-02  1.005493613E+05  2.967852606E+02  3.396932722E+02  2.873537822E+02  2.236678724E+02  1.054583655E-01 
       441  2.388558350E-02  1.289647853E-01  9.401845916E-02  1.004631046E+05  2.943523536E+02  3.396469667E+02  2.872754460E+02  2.238078170E+02  1.223704015E-01 
       442  2.351928731E-02  1.293134864E-01  9.696958543E-02  1.010325518E+05  2.902552041E+02  3.399346797E+02  2.877623632E+02  2.212761499E+02  1.386388335E-01 
       443  2.306449285E-02  1.296327241E-01  9.991680403E-02  1.021002322E+05  2.864542837E+02  3.404450703E+02  2.886271629E+02  2.172170358E+02  1.470438037E-01 
       444  2.257188759E-02  1.299515661E-01  1.028605699E-01  1.033692983E+05  2.835412989E+02  3.410496149E+02  2.896531153E+02  2.129494829E+02  1.496081441E-01 
       445  2.201092100E-02  1.302726916E-01  1.057899135E-01  1.045300910E+05  2.816717055E+02  3.416193820E+02  2.906216868E+02  2.094139663E+02  1.489530082E-01 
       446  2.143382683E-02  1.305960230E-01  1.087107054E-01  1.054428370E+05  2.802632747E+02  3.421168578E+02  2.914686906E+02  2.065657037E+02  1.483177929E-01 
       447  2.076802587E-02  1.309307408E-01  1.116221513E-01  1.061028848E+05  2.792900257E+02  3.425310822E+02  2.921749592E+02  2.043116293E+02  1.473486377E-01 
       448  2.010215597E-02  1.312657467E-01  1.145293522E-01  1.066404893E+05  2.786115351E+02  3.428998957E+02  2.928044596E+02  2.026282725E+02  1.468495303E-01 
       449  1.945135245E-02  1.316056955E-01  1.174374795E-01  1.070627328E+05  2.781736073E+02  3.432239017E+02  2.933580434E+02  2.015922320E+02  1.474968751E-01 
       450  1.885387307E-02  1.319548677E-01  1.203553293E-01  1.073581890E+05  2.779441001E+02  3.434482281E+02  2.937415886E+02  2.011763461E+02  1.493331235E-01 
       451  1.837479322E-02  1.322913677E-01  1.233018373E-01  1.075219424E+05  2.778374262E+02  3.435569448E+02  2.939275675E+02  2.012568860E+02  1.523614484E-01 
       452  1.811263581E-02  1.325954541E-01  1.262715907E-01  1.075471953E+05  2.779395723E+02  3.435740585E+02  2.939568615E+02  2.017653036E+02  1.556050284E-01 
       453  1.805653049E-02  1.328847135E-01  1.292554963E-01  1.074883784E+05  2.781648321E+02  3.435433226E+02  2.939043097E+02  2.025248442E+02  1.591639912E-01 
       454  1.819877737E-02  1.331672438E-01  1.322380588E-01  1.073731517E+05  2.784829580E+02  3.434808515E+02  2.937974789E+02  2.034746405E+02  1.629058059E-01 
       455  1.852494771E-02  1.334510277E-01  1.352129826E-01  1.072284221E+05  2.789019460E+02  3.433895492E+02  2.936412165E+02  2.046480730E+02  1.670555895E-01 
       456  1.890761882E-02  1.337081709E-01  1.381756048E-01  1.070417395E+05  2.793699503E+02  3.432775124E+02  2.934497359E+02  2.058745053E+02  1.709188931E-01 
       457  1.937808835E-02  1.339540030E-01  1.411279949E-01  1.068219502E+05  2.799527819E+02  3.431579146E+02  2.932452729E+02  2.072463174E+02  1.745790037E-01 
       458  1.989552602E-02  1.341916383E-01  1.440726902E-01  1.065771897E+05  2.806677666E+02  3.430241144E+02  2.930165617E+02  2.088246439E+02  1.781644013E-01 
       459  2.048114376E-02  1.344526817E-01  1.469999956E-01  1.063238931E+05  2.813551931E+02  3.428747416E+02  2.927594061E+02  2.105255108E+02  1.819864074E-01 
       460 -4.772920012E-02  1.664853148E-01 -4.258181757E-02  8.252665392E+04  1.813297522E+02  3.302748339E+02  2.716400769E+02  3.428963297E+02  1.013458970E+00 
       461 -4.770031945E-02  1.666117663E-01 -3.916302660E-02  8.229010382E+04  1.818607848E+02  3.301370161E+02  2.714134711E+02  3.436943471E+02  1.013087107E+00 
       462 -4.768621633E-02  1.667606858E-01 -3.574527808E-02  8.185187720E+04  1.829894910E+02  3.298726125E+02  2.709789543E+02  3.451302323E+02  1.011841554E+00 
       463 -4.773671611E-02  1.669008759E-01 -3.232563070E-02  8.124025586E+04  1.845675931E+02  3.295135956E+02  2.703894701E+02  3.469864216E+02  1.009858206E+00 
       464 -4.779814392E-02  1.670685917E-01 -2.890641835E-02  8.049806055E+04  1.867213783E+02  3.290663996E+02  2.696560917E+02  3.493542290E+02  1.006895602E+00 
       465 -4.772832030E-02  1.672854950E-01 -2.549705171E-02  7.969590833E+04  1.892338154E+02  3.286013169E+02  2.688944116E+02  3.518607950E+02  1.003023865E+00 
       466 -4.733274936E-02  1.676197526E-01 -2.211766833E-02  7.910977124E+04  1.919301395E+02  3.282745471E+02  2.683598385E+02  3.540955782E+02  9.980575126E-01 
       467 -4.646629434E-02  1.680852894E-01 -1.884685997E-02  7.946138623E+04  1.930372233E+02  3.285368429E+02  2.687892714E+02  3.530706861E+02  9.923428022E-01 
       468 -4.497458874E-02  1.687177674E-01 -1.583913045E-02  8.209283569E+04  1.897018070E+02  3.300456104E+02  2.712661214E+02  3.466433363E+02  9.919897188E-01 
       469 -4.311049959E-02  1.694263862E-01 -1.306511329E-02  8.562810498E+04  1.833395958E+02  3.319237461E+02  2.743611183E+02  3.363892374E+02  9.960229918E-01 
       470 -4.101650432E-02  1.701661907E-01 -1.047820325E-02  8.758720068E+04  1.790771875E+02  3.329005070E+02  2.759763107E+02  3.314982624E+02  1.002571527E+00 
       471 -3.872443978E-02  1.709287414E-01 -8.043812788E-03  8.727793896E+04  1.776547143E+02  3.327769885E+02  2.757718260E+02  3.328401437E+02  1.009664042E+00 
       472 -3.634257562E-02  1.716543837E-01 -5.706210795E-03  8.532238330E+04  1.793085890E+02  3.317710915E+02  2.741080055E+02  3.383250141E+02  1.013055846E+00 
       473 -3.384972842E-02  1.724025179E-01 -3.469956820E-03  8.143985925E+04  1.860004177E+02  3.296392753E+02  2.705993197E+02  3.491717162E+02  1.009278133E+00 
       474 -3.133060076E-02  1.731099844E-01 -1.271304633E-03  7.648170831E+04  1.974954443E+02  3.267829514E+02  2.659296646E+02  3.633746290E+02  9.970695176E-01 
       475 -2.873453975E-02  1.737912906E-01  8.535856133E-04  7.262113379E+04  2.082739444E+02  3.244608698E+02  2.621622353E+02  3.743854446E+02  9.827044792E-01 
       476 -2.611690126E-02  1.744247281E-01  2.958268427E-03  7.120132568E+04  2.124713440E+02  3.234767041E+02  2.605731707E+02  3.784521146E+02  9.769142792E-01 
       477 -2.348835128E-02  1.750433393E-01  5.058280838E-03  7.055835321E+04  2.143829345E+02  3.229023619E+02  2.596488130E+02  3.803959262E+02  9.745498383E-01 
       478 -2.083113736E-02  1.756162102E-01  7.133742148E-03  6.943389307E+04  2.187471728E+02  3.221327715E+02  2.584126234E+02  3.840174456E+02  9.675677158E-01 
       479 -1.816607045E-02  1.761555279E-01  9.209141426E-03  6.928372729E+04  2.226406527E+02  3.221218195E+02  2.583956137E+02  3.850676365E+02  9.566075616E-01 
       480 -1.549262448E-02  1.766467189E-01  1.128626304E-02  7.240444385E+04  2.221848764E+02  3.242499199E+02  2.618293114E+02  3.768173227E+02  9.408692941E-01 
       481 -1.281959455E-02  1.771087169E-01  1.337222607E-02  8.384025354E+04  2.126224005E+02  3.310456886E+02  2.729316797E+02  3.455309775E+02  9.150090469E-01 
       482 -1.015361520E-02  1.775059034E-01  1.547159933E-02  9.873899130E+04  2.064821845E+02  3.386932619E+02  2.856700320E+02  3.055425322E+02  8.757915846E-01 
       483 -7.491200012E-03  1.778633735E-01  1.757589553E-02  9.703602197E+04  2.199302049E+02  3.378784771E+02  2.842954359E+02  3.108489256E+02  8.350615390E-01 
       484 -4.837064878E-03  1.782590199E-01  1.971143984E-02  8.958728613E+04  2.292341614E+02  3.342933903E+02  2.782920246E+02  3.312516651E+02  8.339641057E-01 
       485 -2.188499166E-03  1.785530451E-01  2.185094162E-02  8.827862061E+04  2.303396543E+02  3.337686096E+02  2.774179928E+02  3.350721810E+02  8.368538788E-01 
       486  4.329096806E-04  1.787998193E-01  2.404680664E-02  8.866367432E+04  2.342617435E+02  3.337512455E+02  2.773887959E+02  3.342651615E+02  8.224857226E-01 
       487  3.027224691E-03  1.790317150E-01  2.627094405E-02  8.838505280E+04  2.371629677E+02  3.336580007E+02  2.772337582E+02  3.354686635E+02  8.149204375E-01 
       488  5.626976121E-03  1.792222402E-01  2.847807669E-02  8.946710229E+04  2.386258533E+02  3.343616657E+02  2.784052889E+02  3.335362084E+02  8.071151413E-01 
       489  8.191038637E-03  1.793338257E-01  3.074695743E-02  9.226174182E+04  2.383754067E+02  3.358006775E+02  2.808086052E+02  3.262965000E+02  7.967228806E-01 
       490  1.074058355E-02  1.794129340E-01  3.303046409E-02  9.613068719E+04  2.364963419E+02  3.376122960E+02  2.838476437E+02  3.157826470E+02  7.874507348E-01 
       491  1.325979491E-02  1.793970135E-01  3.532576038E-02  9.999195544E+04  2.341153843E+02  3.394119067E+02  2.868813694E+02  3.052464948E+02  7.806558125E-01 
       492  1.577166567E-02  1.793535417E-01  3.765132951E-02  1.030439303E+05  2.325859609E+02  3.409405370E+02  2.894700909E+02  2.972448215E+02  7.752305316E-01 
       493  1.825553626E-02  1.792503646E-01  4.000403552E-02  1.053678097E+05  2.320994990E+02  3.421309829E+02  2.914942064E+02  2.912235322E+02  7.692576544E-01 
       494  2.071273564E-02  1.790845686E-01  4.238164633E-02  1.074595950E+05  2.317947392E+02  3.431125638E+02  2.931687818E+02  2.855384971E+02  7.633831918E-01 
       495  2.315348782E-02  1.789033294E-01  4.476881837E-02  1.095026754E+05  2.312384310E+02  3.439972997E+02  2.946825848E+02  2.800175862E+02  7.590477169E-01 
       496  2.554611962E-02  1.786610662E-01  4.720294885E-02  1.114137007E+05  2.306871424E+02  3.448200369E+02  2.960938654E+02  2.749928303E+02  7.555521280E-01 
       497  2.790553153E-02  1.783591187E-01  4.966367300E-02  1.131576770E+05  2.303351927E+02  3.455783386E+02  2.973974199E+02  2.704019508E+02  7.519622557E-01 
       498  3.023553076E-02  1.780531658E-01  5.215009418E-02  1.146885402E+05  2.301905251E+02  3.462357600E+02  2.985297732E+02  2.663287604E+02  7.484333534E-01 
       499  3.255140683E-02  1.777481834E-01  5.464573084E-02  1.159765016E+05  2.300778387E+02  3.467924559E+02  2.994903812E+02  2.628788695E+02  7.457291945E-01 
       500  3.480321611E-02  1.773622653E-01  5.719033452E-02  1.170284968E+05  2.301691513E+02  3.472387967E+02  3.002617409E+02  2.599536810E+02  7.426659232E-01 
       501  3.704366447E-02  1.769956776E-01  5.978074099E-02  1.178955519E+05  2.302866819E+02  3.476053994E+02  3.008959844E+02  2.576522589E+02  7.403706317E-01 
       502  3.923116288E-02  1.766153691E-01  6.237867612E-02  1.185879587E+05  2.305183530E+02  3.478944340E+02  3.013965354E+02  2.558431163E+02  7.380917706E-01 
       503  4.136429871E-02  1.761773997E-01  6.501205622E-02  1.190689988E+05  2.309516802E+02  3.480882375E+02  3.017323233E+02  2.546154922E+02  7.354270874E-01 
       504  4.348069858E-02  1.757484529E-01  6.766046190E-02  1.193418140E+05  2.313316178E+02  3.482098503E+02  3.019431772E+02  2.539670405E+02  7.336462177E-01 
       505  4.554226392E-02  1.753162813E-01  7.034950997E-02  1.194809663E+05  2.318477068E+02  3.482643051E+02  3.020376139E+02  2.537781172E+02  7.317504976E-01 
       506  4.756665315E-02  1.748560179E-01  7.306168772E-02  1.194892352E+05  2.323426167E+02  3.482718565E+02  3.020507181E+02  2.538828377E+02  7.301470344E-01 
       507  4.956604909E-02  1.743615796E-01  7.580968578E-02  1.193541591E+05  2.329054543E+02  3.482021561E+02  3.019297908E+02  2.545183816E+02  7.287202708E-01 
       508  5.152654947E-02  1.738670862E-01  7.855886540E-02  1.191155238E+05  2.331067062E+02  3.481050274E+02  3.017613014E+02  2.552352301E+02  7.288824026E-01 
       509  5.347325952E-02  1.733659220E-01  8.131742073E-02  1.190166095E+05  2.327646731E+02  3.480451758E+02  3.016575633E+02  2.558218174E+02  7.312155276E-01 
       510  5.541917190E-02  1.728212690E-01  8.412523757E-02  1.192370992E+05  2.317139795E+02  3.481342354E+02  3.018119541E+02  2.551820519E+02  7.350815405E-01 
       511  5.731737707E-02  1.722438844E-01  8.698058411E-02  1.200183357E+05  2.315521765E+02  3.484437312E+02  3.023489363E+02  2.529071566E+02  7.338802887E-01 
       512  5.917186437E-02  1.716911252E-01  8.979478553E-02  1.202838148E+05  2.322467339E+02  3.485634242E+02  3.025568643E+02  2.517441474E+02  7.303403801E-01 
       513  6.096387184E-02  1.711643945E-01  9.255110888E-02  1.199899614E+05  2.334812471E+02  3.484580669E+02  3.023739496E+02  2.519321191E+02  7.257700849E-01 
       514  6.270700241E-02  1.705757992E-01  9.544380808E-02  1.197723157E+05  2.351989021E+02  3.483391562E+02  3.021674566E+02  2.522247286E+02  7.191314977E-01 
       515  6.442263795E-02  1.699823167E-01  9.834544530E-02  1.196490720E+05  2.367868830E+02  3.482658636E+02  3.020402845E+02  2.530781713E+02  7.136075285E-01 
       516  6.612271722E-02  1.694054111E-01  1.012510921E-01  1.195064868E+05  2.379223278E+02  3.482123358E+02  3.019474769E+02  2.542520411E+02  7.104437123E-01 
       517  6.776083839E-02  1.688452726E-01  1.042003507E-01  1.193327333E+05  2.387735393E+02  3.481542983E+02  3.018467445E+02  2.552401459E+02  7.083116411E-01 
       518  6.936215302E-02  1.682812898E-01  1.071729988E-01  1.191476525E+05  2.395069995E+02  3.481017741E+02  3.017556782E+02  2.560375477E+02  7.064227660E-01 
       519  7.082677073E-02  1.677321085E-01  1.102128146E-01  1.189800353E+05  2.401968116E+02  3.480833683E+02  3.017238457E+02  2.566330073E+02  7.043813393E-01 
       520  7.220712168E-02  1.672497044E-01  1.133584680E-01  1.188568737E+05  2.408444318E+02  3.481284854E+02  3.018020742E+02  2.571559283E+02  7.026252397E-01 
       521  7.342602904E-02  1.668557431E-01  1.165154693E-01  1.187609179E+05  2.414100976E+02  3.482424409E+02  3.019997854E+02  2.575292983E+02  7.011420582E-01 
       522  7.439926912E-02  1.665467988E-01  1.197652411E-01  1.186759800E+05  2.419035349E+02  3.483862538E+02  3.022492828E+02  2.577017879E+02  6.996975476E-01 
       523  7.498839543E-02  1.664581038E-01  1.231239650E-01  1.186199795E+05  2.422284660E+02  3.485202999E+02  3.024818325E+02  2.578344078E+02  6.991469711E-01 
       524  7.530423640E-02  1.665023734E-01  1.265249777E-01  1.185564402E+05  2.425070205E+02  3.485603566E+02  3.025512805E+02  2.580901012E+02  6.989350310E-01 
       525  7.543612494E-02  1.666233331E-01  1.299370256E-01  1.184515020E+05  2.430949421E+02  3.484598255E+02  3.023767815E+02  2.588800411E+02  6.980356649E-01 
       526  7.553122174E-02  1.667952118E-01  1.333496155E-01  1.183064241E+05  2.440779119E+02  3.482921882E+02  3.020859575E+02  2.600967641E+02  6.961719263E-01 
       527  7.566054780E-02  1.669469890E-01  1.367626796E-01  1.181619255E+05  2.445392990E+02  3.482810135E+02  3.020667953E+02  2.599756594E+02  6.950571798E-01 
       528  7.583993244E-02  1.671002891E-01  1.401745263E-01  1.180382633E+05  2.437646242E+02  3.485989850E+02  3.026196165E+02  2.572547449E+02  6.965170372E-01 
       529  7.600645069E-02  1.672586086E-01  1.435869327E-01  1.179404896E+05  2.413744178E+02  3.493493059E+02  3.039254634E+02  2.522274411E+02  7.027442907E-01 
       530  7.611546960E-02  1.674572299E-01  1.470000031E-01  1.179642962E+05  2.376640460E+02  3.502697849E+02  3.056001296E+02  2.455962551E+02  7.133987895E-01 
       531 -5.220359409E-02  2.342994603E-01 -4.210986580E-02  8.154735025E+04  1.839369501E+02  3.296680448E+02  2.707062235E+02  4.449130709E+02  1.144589347E+00 
       532 -5.220192467E-02  2.343108577E-01 -3.821952920E-02  8.107384720E+04  1.858413908E+02  3.294575815E+02  2.702976214E+02  4.457704442E+02  1.140778812E+00 
       533 -5.220302368E-02  2.343278434E-01 -3.432921672E-02  8.170489520E+04  1.851737782E+02  3.298077469E+02  2.708734694E+02  4.444831482E+02  1.141132968E+00 
       534 -5.220531674E-02  2.343446645E-01 -3.043898101E-02  8.347552287E+04  1.808453954E+02  3.308511084E+02  2.725913284E+02  4.407252047E+02  1.148146023E+00 
       535 -5.220735409E-02  2.343651870E-01 -2.654892396E-02  8.537186084E+04  1.756524887E+02  3.318898296E+02  2.743042736E+02  4.364691658E+02  1.156913601E+00 
       536 -5.221355576E-02  2.343966826E-01 -2.266385481E-02  8.586526205E+04  1.729876442E+02  3.321318770E+02  2.747038812E+02  4.347789872E+02  1.161881207E+00 
       537 -5.221196162E-02  2.344309954E-01 -1.877454498E-02  8.455673904E+04  1.753308064E+02  3.314104536E+02  2.735132414E+02  4.375675325E+02  1.158708630E+00 
       538 -5.222596507E-02  2.344687402E-01 -1.488167101E-02  8.267394319E+04  1.797910925E+02  3.304297541E+02  2.718965032E+02  4.422826410E+02  1.152260298E+00 
       539 -5.222923531E-02  2.345160018E-01 -1.099302079E-02  8.109830426E+04  1.833484225E+02  3.296386342E+02  2.705958561E+02  4.457830198E+02  1.147124148E+00 
       540 -5.210275326E-02  2.345957540E-01 -7.104134264E-03  8.028031281E+04  1.854435664E+02  3.290414675E+02  2.696157749E+02  4.473311936E+02  1.143672740E+00 
       541 -5.114101036E-02  2.348545508E-01 -3.375994418E-03  8.014444868E+04  1.855934299E+02  3.289494451E+02  2.694648493E+02  4.478518063E+02  1.144023106E+00 
       542 -4.917766965E-02  2.353023755E-01 -5.047413344E-05  8.035986279E+04  1.863866696E+02  3.290103445E+02  2.695646658E+02  4.475551863E+02  1.142003316E+00 
       543 -4.661414278E-02  2.358651253E-01  2.823323178E-03  8.178659680E+04  1.835265627E+02  3.299958854E+02  2.711836166E+02  4.448634901E+02  1.146526700E+00 
       544 -4.374488282E-02  2.364440537E-01  5.350106892E-03  8.568309399E+04  1.745793300E+02  3.322340393E+02  2.748753796E+02  4.360204949E+02  1.159996794E+00 
       545 -4.059796688E-02  2.370222596E-01  7.583171126E-03  8.872531183E+04  1.660626571E+02  3.335496573E+02  2.770542591E+02  4.289090950E+02  1.174459884E+00 
       546 -3.738701819E-02  2.375676250E-01  9.702642239E-03  8.635139917E+04  1.715652695E+02  3.323783329E+02  2.751138523E+02  4.345976925E+02  1.165894550E+00 
       547 -3.407522408E-02  2.380263225E-01  1.169481074E-02  8.215179993E+04  1.834738767E+02  3.305380235E+02  2.720745044E+02  4.444959359E+02  1.145810133E+00 
       548 -3.073065008E-02  2.384984497E-01  1.361793802E-02  8.132499512E+04  1.861842525E+02  3.300886993E+02  2.713340144E+02  4.457589691E+02  1.140268058E+00 
       549 -2.732884007E-02  2.388770261E-01  1.546643341E-02  8.167164844E+04  1.846474726E+02  3.300148406E+02  2.712128072E+02  4.439928679E+02  1.142314933E+00 
       550 -2.390908864E-02  2.392176502E-01  1.728468609E-02  8.110472881E+04  1.857683457E+02  3.295312458E+02  2.704188453E+02  4.452061011E+02  1.141039418E+00 
       551 -2.044822495E-02  2.394794424E-01  1.908927170E-02  8.049309943E+04  1.880144809E+02  3.291999917E+02  2.698762513E+02  4.468589427E+02  1.137708976E+00 
       552 -1.699643969E-02  2.397114515E-01  2.086461287E-02  8.073664709E+04  1.879942923E+02  3.294099002E+02  2.702217650E+02  4.463847122E+02  1.138111012E+00 
       553 -1.354033893E-02  2.398615604E-01  2.263394957E-02  8.131624951E+04  1.864502230E+02  3.297578011E+02  2.707928638E+02  4.447268734E+02  1.141367540E+00 
       554 -1.007792796E-02  2.399171479E-01  2.439846914E-02  8.149778625E+04  1.857735720E+02  3.298503699E+02  2.709438391E+02  4.437367754E+02  1.143314129E+00 
       555 -6.592279415E-03  2.399646350E-01  2.619220728E-02  8.067106567E+04  1.871321878E+02  3.293848963E+02  2.701792336E+02  4.454468803E+02  1.142648537E+00 
       556 -3.124907716E-03  2.398994093E-01  2.794309000E-02  7.921015771E+04  1.904919682E+02  3.284092388E+02  2.685809460E+02  4.494779758E+02  1.139339320E+00 
       557  3.338943067E-04  2.398017910E-01  2.968583889E-02  1.017155602E+05  2.077371930E+02  3.405229964E+02  2.887816893E+02  4.008626195E+02  1.053506001E+00 
       558  3.794068913E-03  2.396169640E-01  3.144821874E-02  9.919350781E+04  2.115250020E+02  3.394061756E+02  2.868749390E+02  4.049186468E+02  1.048271773E+00 
       559  7.248441593E-03  2.393064044E-01  3.320284907E-02  9.493763965E+04  2.103294411E+02  3.374872017E+02  2.836353579E+02  4.128911304E+02  1.057976235E+00 
       560  1.068879679E-02  2.389885178E-01  3.498866898E-02  9.204020020E+04  2.126127653E+02  3.360340252E+02  2.811973324E+02  4.189379969E+02  1.056756154E+00 
       561  1.412543948E-02  2.386075767E-01  3.676435012E-02  8.906951172E+04  2.144545074E+02  3.345892487E+02  2.787846813E+02  4.246375580E+02  1.056621160E+00 
       562  1.753589177E-02  2.380598424E-01  3.855175648E-02  8.758487402E+04  2.170188198E+02  3.339012756E+02  2.776388626E+02  4.280266685E+02  1.052860059E+00 
       563  2.093820079E-02  2.375000001E-01  4.035454522E-02  9.113342676E+04  2.149117241E+02  3.362367096E+02  2.815516605E+02  4.200987244E+02  1.051758740E+00 
       564  2.432947450E-02  2.368878370E-01  4.215773147E-02  1.059437150E+05  2.061759608E+02  3.436888002E+02  2.941988887E+02  3.877126310E+02  1.055602337E+00 
       565  2.770729830E-02  2.361795572E-01  4.394886350E-02  1.253472717E+05  1.985617614E+02  3.510629516E+02  3.069254594E+02  3.453060098E+02  1.063650655E+00 
       566  3.105826597E-02  2.354459967E-01  4.578622705E-02  1.269826405E+05  1.963471575E+02  3.520767789E+02  3.086884117E+02  3.430293255E+02  1.067180463E+00 
       567  3.438758923E-02  2.346372217E-01  4.762879820E-02  1.207695057E+05  1.982530597E+02  3.506290644E+02  3.061541370E+02  3.575895123E+02  1.059567114E+00 
       568  3.771502906E-02  2.337669833E-01  4.947240569E-02  1.199086394E+05  2.012380059E+02  3.500879948E+02  3.052091837E+02  3.566656728E+02  1.049623362E+00 
       569  4.101460083E-02  2.329246351E-01  5.135281935E-02  1.215696471E+05  2.022238460E+02  3.501715717E+02  3.053548317E+02  3.509039707E+02  1.045375600E+00 
       570  4.428347740E-02  2.319960665E-01  5.324515281E-02  1.225909562E+05  2.026506915E+02  3.504029906E+02  3.057586341E+02  3.488361053E+02  1.043176834E+00 
       571  4.749748393E-02  2.310181580E-01  5.520824782E-02  1.231034382E+05  2.038393111E+02  3.507256079E+02  3.063220077E+02  3.480710335E+02  1.038856111E+00 
       572  5.066691057E-02  2.300652086E-01  5.723980181E-02  1.238719789E+05  2.058207350E+02  3.510377979E+02  3.068674591E+02  3.460164206E+02  1.032424565E+00 
       573  5.379140778E-02  2.290521307E-01  5.932353399E-02  1.244893686E+05  2.084356680E+02  3.512409254E+02  3.072226419E+02  3.435854545E+02  1.023823075E+00 
       574  5.683956615E-02  2.279793322E-01  6.149869556E-02  1.248063955E+05  2.117633123E+02  3.513214130E+02  3.073635511E+02  3.422579231E+02  1.013036255E+00 
       575  5.985072913E-02  2.269370111E-01  6.373374277E-02  1.247963965E+05  2.152612429E+02  3.512830276E+02  3.072964382E+02  3.419588566E+02  1.001950674E+00 
       576  6.280959972E-02  2.258492183E-01  6.601505396E-02  1.244892995E+05  2.187342183E+02  3.511282253E+02  3.070255818E+02  3.422003022E+02  9.907491011E-01 
       577  6.573461678E-02  2.247295145E-01  6.832363097E-02  1.240131694E+05  2.216879969E+02  3.509456949E+02  3.067064519E+02  3.426714950E+02  9.811349036E-01 
       578  6.865501872E-02  2.236625994E-01  7.064894084E-02  1.233517745E+05  2.250879663E+02  3.506178957E+02  3.061337086E+02  3.437488918E+02  9.705457950E-01 
       579  7.151541969E-02  2.224865137E-01  7.302188293E-02  1.219336372E+05  2.270452461E+02  3.501014957E+02  3.052326627E+02  3.454464626E+02  9.642597921E-01 
       580  7.433322259E-02  2.213060150E-01  7.543149031E-02  1.208912988E+05  2.268499398E+02  3.498174057E+02  3.047376685E+02  3.467944422E+02  9.644058663E-01 
       581  7.711325138E-02  2.201536844E-01  7.789825066E-02  1.234143406E+05  2.278361166E+02  3.510066201E+02  3.068132290E+02  3.399479008E+02  9.585175484E-01 
       582  7.981655167E-02  2.189959972E-01  8.044372180E-02  1.240042969E+05  2.305771604E+02  3.515684509E+02  3.077970476E+02  3.367633233E+02  9.478313997E-01 
       583  8.242371870E-02  2.177951216E-01  8.306797326E-02  1.236572202E+05  2.324457512E+02  3.517317924E+02  3.080846062E+02  3.354597988E+02  9.402043782E-01 
       584  8.497819178E-02  2.166305248E-01  8.576177505E-02  1.231558507E+05  2.334393503E+02  3.517768246E+02  3.081651850E+02  3.349153865E+02  9.358155308E-01 
       585  8.747465708E-02  2.155008942E-01  8.852176985E-02  1.228283386E+05  2.333358121E+02  3.518755369E+02  3.083400559E+02  3.347836533E+02  9.351346903E-01 
       586  8.983863293E-02  2.143275504E-01  9.137087988E-02  1.226839465E+05  2.321984875E+02  3.519656472E+02  3.084995594E+02  3.348888798E+02  9.376287907E-01 
       587  9.211779941E-02  2.131724912E-01  9.430579148E-02  1.227042140E+05  2.305264630E+02  3.520105265E+02  3.085788364E+02  3.352290698E+02  9.419337749E-01 
       588  9.424446159E-02  2.121023496E-01  9.738772987E-02  1.228601522E+05  2.283784884E+02  3.520135455E+02  3.085841353E+02  3.354503615E+02  9.479190264E-01 
       589  9.610967173E-02  2.111612431E-01  1.006666829E-01  1.229953481E+05  2.259822470E+02  3.518878844E+02  3.083629169E+02  3.357694031E+02  9.547802798E-01 
       590  9.742401869E-02  2.103903297E-01  1.042235364E-01  1.230845892E+05  2.235049251E+02  3.515279523E+02  3.077307931E+02  3.363329875E+02  9.619113029E-01 
       591  9.764724840E-02  2.101688920E-01  1.080985861E-01  1.230925020E+05  2.214970117E+02  3.509429312E+02  3.067054825E+02  3.373284712E+02  9.679307844E-01 
       592  9.763062643E-02  2.101108570E-01  1.119846410E-01  1.230008420E+05  2.207690352E+02  3.506258935E+02  3.061502722E+02  3.375724761E+02  9.701728867E-01 
       593  9.759894170E-02  2.100363093E-01  1.158782398E-01  1.228478023E+05  2.215049638E+02  3.512439361E+02  3.072321334E+02  3.338484838E+02  9.670572644E-01 
       594  9.760335841E-02  2.100041055E-01  1.197683889E-01  1.227376590E+05  2.225912265E+02  3.526993737E+02  3.097864283E+02  3.262605559E+02  9.625580083E-01 
       595  9.760552297E-02  2.099886023E-01  1.236588659E-01  1.227569171E+05  2.236445138E+02  3.544579552E+02  3.128830382E+02  3.171850428E+02  9.587667602E-01 
       596  9.760989540E-02  2.100145164E-01  1.275491461E-01  1.228787689E+05  2.245341418E+02  3.557098407E+02  3.150955810E+02  3.107853714E+02  9.564034254E-01 
       597  9.760550437E-02  2.100148949E-01  1.314412195E-01  1.230258682E+05  2.251083856E+02  3.561342793E+02  3.158489904E+02  3.090146494E+02  9.548814297E-01 
       598  9.762031038E-02  2.101034915E-01  1.353312483E-01  1.231313042E+05  2.252236385E+02  3.559322853E+02  3.154953955E+02  3.113636000E+02  9.549010664E-01 
       599  9.762506170E-02  2.101609083E-01  1.392228176E-01  1.231491945E+05  2.247960140E+02  3.553522550E+02  3.144705434E+02  3.161900418E+02  9.563559480E-01 
       600  9.764671237E-02  2.102092269E-01  1.431110049E-01  1.231739818E+05  2.238094893E+02  3.546136661E+02  3.131653736E+02  3.209633110E+02  9.597737566E-01 
       601  9.766256924E-02  2.102587391E-01  1.469999989E-01  1.233042202E+05  2.223359165E+02  3.541562386E+02  3.120768900E+02  3.237571173E+02  9.647351429E-01 
