nodenumber     x-coordinate     y-coordinate     z-coordinate         pressure velocity-magnitude      sound-speed      temperature rel-velocity-magnitude relative-velocity-angle 
         1 -2.216901913E-02  1.039879580E-01 -4.300600202E-02  8.756567880E+04  1.536187167E+02  3.330806514E+02  2.762751558E+02  2.354735547E+02  8.601816978E-01 
         2 -2.197401757E-02  1.042260031E-01 -4.002397295E-02  8.748249823E+04  1.544553784E+02  3.330091878E+02  2.761565359E+02  2.364831616E+02  8.593674074E-01 
         3 -2.150271627E-02  1.045375264E-01 -3.708169353E-02  8.739325140E+04  1.550867337E+02  3.329546366E+02  2.760661230E+02  2.370387566E+02  8.581032665E-01 
         4 -2.072290556E-02  1.049359494E-01 -3.421635317E-02  8.726670215E+04  1.557302029E+02  3.328922815E+02  2.759627237E+02  2.376355557E+02  8.570816293E-01 
         5 -1.964621854E-02  1.053757771E-01 -3.145501365E-02  8.711805713E+04  1.564114885E+02  3.328254795E+02  2.758519535E+02  2.385829105E+02  8.571189418E-01 
         6 -1.833909717E-02  1.058829391E-01 -2.880182754E-02  8.695607056E+04  1.571925821E+02  3.327392626E+02  2.757091393E+02  2.393500495E+02  8.560794219E-01 
         7 -1.686396899E-02  1.064019756E-01 -2.624136390E-02  8.676791797E+04  1.580875149E+02  3.326317501E+02  2.755310478E+02  2.403283548E+02  8.551298119E-01 
         8 -1.524276490E-02  1.069101094E-01 -2.376908005E-02  8.658351965E+04  1.590682061E+02  3.325295920E+02  2.753617411E+02  2.415827417E+02  8.546157945E-01 
         9 -1.353040875E-02  1.074492491E-01 -2.136449246E-02  8.635132751E+04  1.601921375E+02  3.324127588E+02  2.751682951E+02  2.428751476E+02  8.535573101E-01 
        10 -1.175719847E-02  1.079385502E-01 -1.899452623E-02  8.613718866E+04  1.615524163E+02  3.322914097E+02  2.749673738E+02  2.441467745E+02  8.512209989E-01 
        11 -9.920451205E-03  1.084473482E-01 -1.667649769E-02  8.603386755E+04  1.627029800E+02  3.322474285E+02  2.748946167E+02  2.448439779E+02  8.480340985E-01 
        12 -8.053093039E-03  1.089314126E-01 -1.437870322E-02  8.621162881E+04  1.634604297E+02  3.323111820E+02  2.750001471E+02  2.445103271E+02  8.432985428E-01 
        13 -6.139911673E-03  1.093816015E-01 -1.211111235E-02  8.672950244E+04  1.625396247E+02  3.326241245E+02  2.755182748E+02  2.430864463E+02  8.439922165E-01 
        14 -4.213714023E-03  1.098625599E-01 -9.853315987E-03  8.753821533E+04  1.604675169E+02  3.330500851E+02  2.762246037E+02  2.404581347E+02  8.469091132E-01 
        15 -2.267252226E-03  1.102821410E-01 -7.616721013E-03  8.849052930E+04  1.565979586E+02  3.335562649E+02  2.770649195E+02  2.372596474E+02  8.578315452E-01 
        16 -3.058463972E-04  1.106716081E-01 -5.380345181E-03  8.940508911E+04  1.499841828E+02  3.339947729E+02  2.777939301E+02  2.344208026E+02  8.853979334E-01 
        17  1.649896870E-03  1.110991589E-01 -3.144821902E-03  8.737766846E+04  1.474151666E+02  3.328494020E+02  2.758936877E+02  2.438652005E+02  9.331779005E-01 
        18  3.605378217E-03  1.114680886E-01 -8.997268064E-04  7.559580151E+04  1.773060844E+02  3.261060462E+02  2.648279948E+02  2.882680330E+02  9.404577855E-01 
        19  5.548952344E-03  1.118349081E-01  1.356589372E-03  6.991948987E+04  2.083274317E+02  3.228428295E+02  2.595555212E+02  3.067367015E+02  8.472068892E-01 
        20  7.472030685E-03  1.121892539E-01  3.633809071E-03  7.297389517E+04  2.121264955E+02  3.247854660E+02  2.626894787E+02  2.984073325E+02  7.920440994E-01 
        21  9.366594022E-03  1.125505666E-01  5.932977735E-03  7.662815887E+04  2.084209064E+02  3.269910393E+02  2.662683711E+02  2.838520823E+02  7.537883762E-01 
        22  1.122147558E-02  1.129077905E-01  8.263617067E-03  7.900434667E+04  2.091926071E+02  3.283362308E+02  2.684629091E+02  2.773789055E+02  7.256029001E-01 
        23  1.303284284E-02  1.132507638E-01  1.062953057E-02  8.062853735E+04  2.113908228E+02  3.293217805E+02  2.700765732E+02  2.723676409E+02  6.964825154E-01 
        24  1.479928419E-02  1.136234762E-01  1.303021626E-02  8.177439014E+04  2.154363288E+02  3.299610772E+02  2.711259559E+02  2.681868000E+02  6.610077131E-01 
        25  1.649617427E-02  1.139938279E-01  1.547769530E-02  8.274587585E+04  2.205882506E+02  3.304226940E+02  2.718850081E+02  2.652994909E+02  6.247895728E-01 
        26  1.811807173E-02  1.143837002E-01  1.797032872E-02  8.344441541E+04  2.261078722E+02  3.307526612E+02  2.724277663E+02  2.633811879E+02  5.901349941E-01 
        27  1.968166241E-02  1.148013513E-01  2.049621310E-02  8.357525769E+04  2.328142543E+02  3.307975204E+02  2.725016541E+02  2.632681754E+02  5.554564930E-01 
        28  2.119101764E-02  1.152299366E-01  2.305322148E-02  8.308712984E+04  2.414616818E+02  3.304789317E+02  2.719770996E+02  2.659709232E+02  5.210149696E-01 
        29  2.266338778E-02  1.156643914E-01  2.563116057E-02  8.245158441E+04  2.505337405E+02  3.300588844E+02  2.712861398E+02  2.698975875E+02  4.888098000E-01 
        30  2.408077791E-02  1.161159634E-01  2.823658064E-02  8.188297949E+04  2.585478256E+02  3.298003521E+02  2.708611159E+02  2.728390884E+02  4.587432100E-01 
        31  2.544088325E-02  1.165921105E-01  3.086849856E-02  8.131633582E+04  2.665385675E+02  3.295232978E+02  2.704064488E+02  2.751955972E+02  4.271613904E-01 
        32  2.674433127E-02  1.170738851E-01  3.352942364E-02  8.073684851E+04  2.749294324E+02  3.291747575E+02  2.698347707E+02  2.777623284E+02  3.944394742E-01 
        33  2.797950643E-02  1.175445507E-01  3.622298897E-02  8.018875723E+04  2.833305734E+02  3.288256280E+02  2.692625332E+02  2.805073987E+02  3.623286124E-01 
        34  2.916313541E-02  1.180056499E-01  3.893937175E-02  7.986660501E+04  2.907131379E+02  3.286454748E+02  2.689676359E+02  2.824193649E+02  3.325468134E-01 
        35  3.031249539E-02  1.184785399E-01  4.167042727E-02  7.999047549E+04  2.963476812E+02  3.287464936E+02  2.691328256E+02  2.827396843E+02  3.058617151E-01 
        36  3.139929926E-02  1.189405785E-01  4.442941843E-02  8.028034930E+04  3.016097760E+02  3.289398389E+02  2.694493158E+02  2.827080804E+02  2.797088939E-01 
        37  3.242013936E-02  1.193808800E-01  4.721660669E-02  8.080198516E+04  3.066361714E+02  3.292755539E+02  2.699998191E+02  2.819483905E+02  2.515863417E-01 
        38  3.340677803E-02  1.198011670E-01  5.002067675E-02  8.205312637E+04  3.093928124E+02  3.300072678E+02  2.712013079E+02  2.786602317E+02  2.253855970E-01 
        39  3.430413654E-02  1.201853153E-01  5.285529857E-02  8.372607788E+04  3.107568121E+02  3.309325123E+02  2.727245998E+02  2.737970018E+02  2.002437897E-01 
        40  3.515433510E-02  1.205874318E-01  5.570324370E-02  8.582495605E+04  3.106325817E+02  3.320658512E+02  2.745965347E+02  2.674404125E+02  1.772201229E-01 
        41  3.592907297E-02  1.209644065E-01  5.857535950E-02  8.821628833E+04  3.088591628E+02  3.333704796E+02  2.767591314E+02  2.600352297E+02  1.592340167E-01 
        42  3.664355424E-02  1.213334730E-01  6.146049591E-02  9.068466040E+04  3.056762476E+02  3.346625051E+02  2.789082518E+02  2.522383361E+02  1.479471186E-01 
        43  3.727845098E-02  1.217084379E-01  6.437276718E-02  9.295094312E+04  3.019120598E+02  3.357824793E+02  2.807770920E+02  2.450156279E+02  1.428337819E-01 
        44  3.781448665E-02  1.220744111E-01  6.730672953E-02  9.474715283E+04  2.984597883E+02  3.366709032E+02  2.822642231E+02  2.393910980E+02  1.429898436E-01 
        45  3.826762164E-02  1.224563704E-01  7.025293559E-02  9.594760193E+04  2.957673485E+02  3.373413582E+02  2.833891079E+02  2.357303731E+02  1.471214506E-01 
        46  3.856443464E-02  1.228195695E-01  7.317567491E-02  9.662117188E+04  2.938959045E+02  3.378490143E+02  2.842429352E+02  2.337026062E+02  1.530065276E-01 
        47  3.882754171E-02  1.231963568E-01  7.616928387E-02  9.689454022E+04  2.924817337E+02  3.384819176E+02  2.853102318E+02  2.320648337E+02  1.582778660E-01 
        48  3.896508106E-02  1.235573809E-01  7.913505459E-02  9.686620508E+04  2.889167519E+02  3.394925308E+02  2.870299416E+02  2.259375954E+02  1.614704393E-01 
        49  3.903512947E-02  1.239238609E-01  8.213137167E-02  9.663372791E+04  2.793978770E+02  3.414816790E+02  2.904279580E+02  2.093119857E+02  1.699511160E-01 
        50  3.900153017E-02  1.243001337E-01  8.510504302E-02  9.630087500E+04  2.635881700E+02  3.446158365E+02  2.957968372E+02  1.797416068E+02  1.767572134E-01 
        51  3.889299026E-02  1.246700891E-01  8.806950082E-02  9.606921179E+04  2.469866960E+02  3.480732725E+02  3.017572381E+02  1.354670725E+02  1.524742375E-01 
        52  3.870303970E-02  1.250405990E-01  9.105247242E-02  9.615929810E+04  2.382495999E+02  3.509282422E+02  3.066977324E+02  9.205999362E+01  1.624350518E-02 
        53  3.847530202E-02  1.253810613E-01  9.402032493E-02  9.689592627E+04  2.404884492E+02  3.521886415E+02  3.089001468E+02  5.657839777E+01 -5.503257136E-01 
        54  3.809583015E-02  1.257752167E-01  9.695318516E-02  9.797492871E+04  2.339722023E+02  3.536067238E+02  3.113807182E+02  3.703620839E+01 -1.469113439E+00 
        55  3.767199372E-02  1.261489404E-01  9.992435767E-02  9.838240991E+04  2.424127560E+02  3.524704657E+02  3.093817492E+02  4.491278124E+01 -1.479567733E+00 
        56  3.723780727E-02  1.265196365E-01  1.028569506E-01  1.001460900E+05  2.441081954E+02  3.510403118E+02  3.068751667E+02  6.263093099E+01 -1.124423139E+00 
        57  3.672955052E-02  1.269046997E-01  1.057947981E-01  1.029800514E+05  2.306425335E+02  3.501181660E+02  3.052655249E+02  9.807708454E+01  5.701763555E-03 
        58  3.615520807E-02  1.273091289E-01  1.087154776E-01  1.060295408E+05  2.325962005E+02  3.484182863E+02  3.023122320E+02  1.411071968E+02  2.473787041E-01 
        59  3.556812424E-02  1.277144368E-01  1.116309472E-01  1.075791520E+05  2.492808192E+02  3.464055414E+02  2.988306525E+02  1.734020869E+02  2.322405626E-01 
        60  3.495651588E-02  1.281329458E-01  1.145394580E-01  1.077122500E+05  2.628625560E+02  3.444351931E+02  2.954362626E+02  1.923449936E+02  2.090907251E-01 
        61  3.433795015E-02  1.285471243E-01  1.174457346E-01  1.077706604E+05  2.659213946E+02  3.434420838E+02  2.937322559E+02  1.968417263E+02  2.068442528E-01 
        62  3.376061330E-02  1.289460490E-01  1.203607660E-01  1.080154098E+05  2.643832116E+02  3.433157587E+02  2.935154846E+02  1.932013540E+02  2.050818275E-01 
        63  3.331803132E-02  1.293309423E-01  1.232882868E-01  1.082189525E+05  2.656496498E+02  3.432381108E+02  2.933825763E+02  1.938618865E+02  2.011604949E-01 
        64  3.310586596E-02  1.296649637E-01  1.262581306E-01  1.082209524E+05  2.691341045E+02  3.430533035E+02  2.930667973E+02  1.974819015E+02  1.940934566E-01 
        65  3.306639982E-02  1.299493947E-01  1.292495641E-01  1.080542169E+05  2.719522724E+02  3.429480101E+02  2.928867998E+02  2.006449531E+02  1.898503603E-01 
        66  3.322486525E-02  1.302097713E-01  1.322380794E-01  1.078323413E+05  2.737898639E+02  3.428903156E+02  2.927882426E+02  2.026714577E+02  1.878960395E-01 
        67  3.356462385E-02  1.304573038E-01  1.352130229E-01  1.076017261E+05  2.753027269E+02  3.428120242E+02  2.926544946E+02  2.045246587E+02  1.876339672E-01 
        68  3.400410102E-02  1.306751199E-01  1.381765647E-01  1.073357476E+05  2.764584038E+02  3.427227592E+02  2.925020931E+02  2.059262521E+02  1.878349702E-01 
        69  3.451963359E-02  1.308741206E-01  1.411278790E-01  1.070474399E+05  2.775380042E+02  3.426261854E+02  2.923372746E+02  2.074609735E+02  1.890363044E-01 
        70  3.508991352E-02  1.310576265E-01  1.440660380E-01  1.067281018E+05  2.786407940E+02  3.425193214E+02  2.921548722E+02  2.090260274E+02  1.902421007E-01 
        71  3.570211579E-02  1.312503676E-01  1.470000000E-01  1.063052168E+05  2.800147285E+02  3.423542976E+02  2.918729095E+02  2.108722000E+02  1.905813869E-01 
        72 -2.843361623E-02  1.708417341E-01 -4.258217492E-02  8.205691016E+04  1.838531823E+02  3.299751215E+02  2.711474676E+02  3.443494883E+02  1.007516861E+00 
        73 -2.838826984E-02  1.709653765E-01 -3.916427879E-02  8.211313733E+04  1.843109195E+02  3.299816310E+02  2.711583118E+02  3.449498138E+02  1.007101171E+00 
        74 -2.835908450E-02  1.711140563E-01 -3.574649433E-02  8.235957501E+04  1.834735553E+02  3.301753254E+02  2.714771380E+02  3.433762934E+02  1.007300688E+00 
        75 -2.838361088E-02  1.712589164E-01 -3.232950605E-02  8.285689136E+04  1.830566602E+02  3.304260397E+02  2.718894501E+02  3.430126085E+02  1.008154001E+00 
        76 -2.841360827E-02  1.714319125E-01 -2.891476756E-02  8.344376038E+04  1.823551435E+02  3.307596145E+02  2.724383578E+02  3.414989638E+02  1.007804353E+00 
        77 -2.833774301E-02  1.716334782E-01 -2.549995819E-02  8.394979395E+04  1.805254531E+02  3.311161691E+02  2.730260386E+02  3.398041323E+02  1.010992015E+00 
        78 -2.791452343E-02  1.719215161E-01 -2.212016887E-02  8.428416309E+04  1.799937391E+02  3.312685909E+02  2.732775192E+02  3.387637501E+02  1.011085637E+00 
        79 -2.700703325E-02  1.722886754E-01 -1.884820631E-02  8.420900293E+04  1.802672276E+02  3.311508846E+02  2.730834389E+02  3.408427629E+02  1.013825908E+00 
        80 -2.544395246E-02  1.727209334E-01 -1.584518523E-02  8.331986102E+04  1.808859721E+02  3.307055686E+02  2.723496220E+02  3.425819325E+02  1.014878184E+00 
        81 -2.351536464E-02  1.732363399E-01 -1.306823492E-02  8.138558199E+04  1.849516328E+02  3.295536407E+02  2.704559497E+02  3.485082393E+02  1.011598184E+00 
        82 -2.134527601E-02  1.737374909E-01 -1.047435973E-02  7.871149408E+04  1.911222034E+02  3.279670653E+02  2.678594556E+02  3.558132124E+02  1.004461055E+00 
        83 -1.897326710E-02  1.742189522E-01 -8.035177519E-03  7.584736252E+04  1.985008032E+02  3.262731526E+02  2.650989797E+02  3.647078607E+02  9.967493028E-01 
        84 -1.652827274E-02  1.746780172E-01 -5.688541800E-03  7.364565698E+04  2.054199002E+02  3.249108458E+02  2.628898358E+02  3.716696606E+02  9.874684084E-01 
        85 -1.397929867E-02  1.751251779E-01 -3.446989688E-03  7.268066040E+04  2.104127431E+02  3.242446795E+02  2.618131199E+02  3.731038299E+02  9.732080549E-01 
        86 -1.139011487E-02  1.755573757E-01 -1.256774906E-03  7.367851160E+04  2.101340387E+02  3.249730496E+02  2.629915471E+02  3.722392612E+02  9.726356380E-01 
        87 -8.734274343E-03  1.759085237E-01  8.667805443E-04  7.847138733E+04  2.036889029E+02  3.278859653E+02  2.677352147E+02  3.577469270E+02  9.661380043E-01 
        88 -6.073383534E-03  1.762548475E-01  2.984781313E-03  8.844627917E+04  1.915006924E+02  3.333968873E+02  2.768100213E+02  3.311409461E+02  9.622544339E-01 
        89 -3.359730182E-03  1.765819110E-01  5.053045394E-03  9.802311572E+04  1.771049999E+02  3.381285403E+02  2.847148621E+02  3.059743664E+02  9.773604735E-01 
        90 -6.741955509E-04  1.768270807E-01  7.130208361E-03  9.758478086E+04  1.661267183E+02  3.381228031E+02  2.847062061E+02  3.130631672E+02  1.024615225E+00 
        91  2.027043660E-03  1.770783858E-01  9.208570588E-03  7.872714090E+04  1.962011663E+02  3.276557887E+02  2.673576323E+02  3.618089498E+02  9.997989032E-01 
        92  4.731686997E-03  1.772422585E-01  1.127155269E-02  7.313881218E+04  2.136870387E+02  3.245527427E+02  2.623127583E+02  3.763930184E+02  9.689419009E-01 
        93  7.454465044E-03  1.773874983E-01  1.334309669E-02  7.355572340E+04  2.116223730E+02  3.246344895E+02  2.624446098E+02  3.753757880E+02  9.735302113E-01 
        94  1.015989937E-02  1.775222933E-01  1.545596277E-02  7.088278456E+04  2.183606695E+02  3.230100699E+02  2.598284906E+02  3.817033881E+02  9.643073655E-01 
        95  1.284858280E-02  1.775661421E-01  1.756817794E-02  6.743759238E+04  2.285719793E+02  3.208167260E+02  2.563130220E+02  3.925701575E+02  9.533603531E-01 
        96  1.551966693E-02  1.776138061E-01  1.970369132E-02  6.431428687E+04  2.369928792E+02  3.187503083E+02  2.530213804E+02  4.007542963E+02  9.430873347E-01 
        97  1.817410325E-02  1.776258069E-01  2.186017323E-02  6.173765833E+04  2.454771485E+02  3.168812399E+02  2.500616436E+02  4.087759175E+02  9.329543458E-01 
        98  2.080993586E-02  1.775631240E-01  2.403936301E-02  5.988739612E+04  2.533614531E+02  3.155639830E+02  2.479848337E+02  4.146013002E+02  9.198368639E-01 
        99  2.341570779E-02  1.774969016E-01  2.625394818E-02  5.928844019E+04  2.587200203E+02  3.152330675E+02  2.474650249E+02  4.161371956E+02  9.055593759E-01 
       100  2.600295182E-02  1.773818036E-01  2.848806157E-02  6.105303882E+04  2.604570513E+02  3.165067310E+02  2.494825296E+02  4.118550501E+02  8.902547210E-01 
       101  2.856627515E-02  1.771883875E-01  3.074502562E-02  6.660058496E+04  2.555279837E+02  3.204277916E+02  2.557507591E+02  3.951852922E+02  8.711735643E-01 
       102  3.110662233E-02  1.769811535E-01  3.302644514E-02  7.507056836E+04  2.468896627E+02  3.260007992E+02  2.647284632E+02  3.704618721E+02  8.491979428E-01 
       103  3.362247542E-02  1.767159818E-01  3.532849163E-02  8.189924927E+04  2.428135934E+02  3.301019535E+02  2.713793774E+02  3.518875313E+02  8.260949925E-01 
       104  3.610895472E-02  1.763647845E-01  3.765120331E-02  8.324344568E+04  2.466706905E+02  3.309071350E+02  2.726858602E+02  3.479447036E+02  8.057097429E-01 
       105  3.856497337E-02  1.759966372E-01  4.000321012E-02  8.064596198E+04  2.541394346E+02  3.297449960E+02  2.707732176E+02  3.535813169E+02  7.906905701E-01 
       106  4.103059304E-02  1.755360248E-01  4.234569910E-02  7.829987728E+04  2.621086172E+02  3.284492798E+02  2.686483656E+02  3.606191926E+02  7.766425080E-01 
       107  4.340106546E-02  1.750377176E-01  4.474435622E-02  7.882780858E+04  2.672978977E+02  3.285142569E+02  2.687552677E+02  3.612845768E+02  7.603188260E-01 
       108  4.575540032E-02  1.745445103E-01  4.717695363E-02  8.243924084E+04  2.674561453E+02  3.304558191E+02  2.719473763E+02  3.524538884E+02  7.433999730E-01 
       109  4.807037784E-02  1.739953488E-01  4.963532790E-02  8.861502661E+04  2.626842670E+02  3.338398676E+02  2.775511408E+02  3.355805178E+02  7.296597399E-01 
       110  5.034733117E-02  1.734133857E-01  5.212084081E-02  9.486385010E+04  2.582366962E+02  3.371122799E+02  2.830114841E+02  3.176601601E+02  7.146966010E-01 
       111  5.258765486E-02  1.728405975E-01  5.464144749E-02  9.916968213E+04  2.572407284E+02  3.392621975E+02  2.866280136E+02  3.070256767E+02  7.010145970E-01 
       112  5.479076840E-02  1.722430532E-01  5.718902978E-02  1.020226836E+05  2.574454670E+02  3.407509775E+02  2.891477699E+02  3.004087610E+02  6.901664250E-01 
       113  5.694737683E-02  1.716020731E-01  5.976586917E-02  1.049597353E+05  2.571681778E+02  3.421025085E+02  2.914459496E+02  2.921457999E+02  6.790756858E-01 
       114  5.911848447E-02  1.709340834E-01  6.233872565E-02  1.082844297E+05  2.552239731E+02  3.436308914E+02  2.940553024E+02  2.831799113E+02  6.733863802E-01 
       115  6.119351897E-02  1.703313828E-01  6.496775561E-02  1.110026169E+05  2.545138707E+02  3.447823076E+02  2.960287876E+02  2.762745757E+02  6.671564039E-01 
       116  6.319798910E-02  1.696485115E-01  6.765543605E-02  1.132183503E+05  2.536788425E+02  3.457555356E+02  2.977022309E+02  2.696356888E+02  6.619614055E-01 
       117  6.520189851E-02  1.689621155E-01  7.034628384E-02  1.154595767E+05  2.524714975E+02  3.466146183E+02  2.991833649E+02  2.640064449E+02  6.600277498E-01 
       118  6.717992039E-02  1.682884043E-01  7.305807409E-02  1.171670396E+05  2.500590343E+02  3.473697424E+02  3.004884710E+02  2.602905655E+02  6.654295586E-01 
       119  6.910755662E-02  1.675987334E-01  7.579818779E-02  1.185796189E+05  2.489218071E+02  3.478158937E+02  3.012607431E+02  2.563005884E+02  6.659724126E-01 
       120  7.101404689E-02  1.668389198E-01  7.852135391E-02  1.196522964E+05  2.462164435E+02  3.483219097E+02  3.021376851E+02  2.543744659E+02  6.750050737E-01 
       121  7.286652020E-02  1.661304029E-01  8.130170181E-02  1.198336725E+05  2.457018017E+02  3.484358180E+02  3.023353352E+02  2.548963001E+02  6.779062445E-01 
       122  7.473378469E-02  1.653966549E-01  8.408122010E-02  1.199344878E+05  2.450299091E+02  3.485673218E+02  3.025635147E+02  2.545437489E+02  6.804889552E-01 
       123  7.654776682E-02  1.646234676E-01  8.688218818E-02  1.199488308E+05  2.434302926E+02  3.488203964E+02  3.030035858E+02  2.538591008E+02  6.864897590E-01 
       124  7.830115451E-02  1.638494494E-01  8.971806956E-02  1.197563286E+05  2.428421898E+02  3.489974136E+02  3.033124104E+02  2.536059322E+02  6.889597103E-01 
       125  8.003223315E-02  1.630890187E-01  9.257063461E-02  1.194484937E+05  2.430840306E+02  3.491487312E+02  3.035772104E+02  2.531501870E+02  6.879687402E-01 
       126  8.174167210E-02  1.623344685E-01  9.543869445E-02  1.192885464E+05  2.427486303E+02  3.493534975E+02  3.039346225E+02  2.512112892E+02  6.879879702E-01 
       127  8.339566060E-02  1.615413001E-01  9.829620033E-02  1.192947200E+05  2.399766978E+02  3.499920779E+02  3.050502297E+02  2.470995678E+02  6.968135230E-01 
       128  8.500809507E-02  1.607572746E-01  1.012133408E-01  1.190872459E+05  2.371150932E+02  3.510299656E+02  3.068669558E+02  2.442385851E+02  7.078889874E-01 
       129  8.654116005E-02  1.600133249E-01  1.041766726E-01  1.187415776E+05  2.389510280E+02  3.513059559E+02  3.073486326E+02  2.402278600E+02  6.978455922E-01 
       130  8.807530659E-02  1.592883350E-01  1.071513815E-01  1.186908215E+05  2.397727556E+02  3.514764872E+02  3.076438565E+02  2.317386608E+02  6.890396560E-01 
       131  8.946870181E-02  1.585918917E-01  1.101955952E-01  1.186997199E+05  2.349269404E+02  3.526328379E+02  3.096690298E+02  2.210882043E+02  7.057972723E-01 
       132  9.078169785E-02  1.579398834E-01  1.132895212E-01  1.186262897E+05  2.296855791E+02  3.536796222E+02  3.115065507E+02  2.141413327E+02  7.279328220E-01 
       133  9.193376095E-02  1.573753789E-01  1.164622823E-01  1.186091776E+05  2.278165240E+02  3.538484001E+02  3.118023217E+02  2.129095137E+02  7.364980849E-01 
       134  9.287851211E-02  1.569754829E-01  1.197270904E-01  1.185843912E+05  2.286481900E+02  3.531507299E+02  3.105767099E+02  2.213081365E+02  7.362298495E-01 
       135  9.346963790E-02  1.567893278E-01  1.230899614E-01  1.185418657E+05  2.336669042E+02  3.512209933E+02  3.071983382E+02  2.407978852E+02  7.252405775E-01 
       136  9.376445592E-02  1.568076376E-01  1.265149706E-01  1.185474440E+05  2.406771927E+02  3.489477391E+02  3.032309299E+02  2.580460286E+02  7.077418203E-01 
       137  9.391306034E-02  1.569225935E-01  1.299303306E-01  1.184548428E+05  2.432807245E+02  3.478510532E+02  3.013224669E+02  2.617807102E+02  7.004874051E-01 
       138  9.402896493E-02  1.570765633E-01  1.333445553E-01  1.182638687E+05  2.427007580E+02  3.476928806E+02  3.010475006E+02  2.600811443E+02  7.016672082E-01 
       139  9.417960043E-02  1.572174564E-01  1.367593072E-01  1.181047212E+05  2.429500299E+02  3.477043648E+02  3.010673285E+02  2.605492153E+02  7.018610816E-01 
       140  9.437397158E-02  1.573466446E-01  1.401725853E-01  1.179866974E+05  2.436662927E+02  3.477704449E+02  3.011819482E+02  2.617863083E+02  7.010857165E-01 
       141  9.455826038E-02  1.574868932E-01  1.435861248E-01  1.179233833E+05  2.438415527E+02  3.479808463E+02  3.015463454E+02  2.617326137E+02  7.011010274E-01 
       142  9.468914447E-02  1.576724412E-01  1.470000022E-01  1.178929844E+05  2.439943466E+02  3.481035900E+02  3.017725029E+02  2.618274479E+02  7.014503442E-01 
       143 -2.515044289E-02  2.387134140E-01 -4.211006034E-02  8.313201209E+04  1.812587206E+02  3.305587171E+02  2.721077330E+02  4.409079785E+02  1.147163381E+00 
       144 -2.515073613E-02  2.387267259E-01 -3.821832766E-02  8.469558701E+04  1.777625720E+02  3.313998036E+02  2.734948107E+02  4.387598048E+02  1.153771544E+00 
       145 -2.514274647E-02  2.387409373E-01 -3.433018188E-02  8.594326566E+04  1.734886036E+02  3.322324540E+02  2.748706814E+02  4.335957873E+02  1.159620469E+00 
       146 -2.514933814E-02  2.387615668E-01 -3.043885368E-02  8.590339355E+04  1.750121410E+02  3.320851369E+02  2.746265721E+02  4.351328804E+02  1.157567717E+00 
       147 -2.514205174E-02  2.387863737E-01 -2.655197175E-02  8.455261681E+04  1.782861053E+02  3.313589332E+02  2.734269965E+02  4.383847168E+02  1.152757075E+00 
       148 -2.514801404E-02  2.388163633E-01 -2.268742808E-02  8.250879163E+04  1.831817728E+02  3.302711546E+02  2.716351269E+02  4.416130999E+02  1.143846808E+00 
       149 -2.514603624E-02  2.387984711E-01 -1.877579094E-02  8.051241602E+04  1.886885719E+02  3.290679207E+02  2.696591415E+02  4.474736099E+02  1.136138499E+00 
       150 -2.513833525E-02  2.388756875E-01 -1.487946342E-02  7.928204160E+04  1.914672472E+02  3.283744090E+02  2.685233252E+02  4.502242193E+02  1.132209386E+00 
       151 -2.514495058E-02  2.389300222E-01 -1.098752945E-02  7.933763257E+04  1.903516663E+02  3.284342945E+02  2.686217629E+02  4.483751376E+02  1.132927830E+00 
       152 -2.501801490E-02  2.389948317E-01 -7.101428526E-03  8.088813812E+04  1.853448637E+02  3.294321318E+02  2.702570618E+02  4.458131486E+02  1.142593061E+00 
       153 -2.403359079E-02  2.391541778E-01 -3.362202731E-03  8.569654521E+04  1.736022005E+02  3.319811743E+02  2.744570934E+02  4.368152628E+02  1.162633851E+00 
       154 -2.203079393E-02  2.393877231E-01 -4.501692070E-05  8.960457455E+04  1.649054592E+02  3.340018072E+02  2.778065684E+02  4.274416769E+02  1.175663916E+00 
       155 -1.942355624E-02  2.396357170E-01  2.825132604E-03  8.665327014E+04  1.739716456E+02  3.323076138E+02  2.749994329E+02  4.322425469E+02  1.157517214E+00 
       156 -1.648721574E-02  2.398964014E-01  5.342831758E-03  8.134150323E+04  1.862920920E+02  3.295410719E+02  2.704377766E+02  4.451339707E+02  1.139118758E+00 
       157 -1.330897545E-02  2.400801911E-01  7.594698846E-03  7.969042419E+04  1.894178400E+02  3.285991426E+02  2.688919368E+02  4.488944211E+02  1.135613199E+00 
       158 -1.004552185E-02  2.402353079E-01  9.709455816E-03  8.028926074E+04  1.854461527E+02  3.289513712E+02  2.694701719E+02  4.476217937E+02  1.144186083E+00 
       159 -6.714656287E-03  2.403804415E-01  1.171394437E-02  8.060914272E+04  1.860970022E+02  3.289660341E+02  2.694942043E+02  4.463212144E+02  1.141747261E+00 
       160 -3.322138608E-03  2.404066774E-01  1.362735999E-02  7.984457907E+04  1.855151347E+02  3.287554874E+02  2.691477450E+02  4.493575435E+02  1.146953556E+00 
       161  9.783589121E-05  2.404201762E-01  1.547870720E-02  7.985435730E+04  1.861025727E+02  3.287165394E+02  2.690855947E+02  4.489843736E+02  1.145681802E+00 
       162  3.534439975E-03  2.403949673E-01  1.730379042E-02  8.063808130E+04  1.820941372E+02  3.295518761E+02  2.704605999E+02  4.427709084E+02  1.150748402E+00 
       163  6.969024296E-03  2.402279751E-01  1.908412837E-02  9.142623956E+04  1.534699464E+02  3.355798559E+02  2.804676657E+02  4.210571425E+02  1.204412544E+00 
       164  1.043411823E-02  2.400800089E-01  2.085152946E-02  7.927548250E+04  1.876718428E+02  3.291449162E+02  2.697878589E+02  4.429864333E+02  1.137366658E+00 
       165  1.388371434E-02  2.398652026E-01  2.263181169E-02  7.949288153E+04  1.851150925E+02  3.291882501E+02  2.698569865E+02  4.440620613E+02  1.144386262E+00 
       166  1.734145131E-02  2.394992745E-01  2.440657916E-02  7.883644543E+04  1.849972849E+02  3.290561776E+02  2.696402156E+02  4.464788480E+02  1.147182146E+00 
       167  2.080043859E-02  2.391294908E-01  2.615375350E-02  7.871306961E+04  1.891863844E+02  3.287673805E+02  2.691682365E+02  4.474952071E+02  1.138811232E+00 
       168  2.424052770E-02  2.387186889E-01  2.792040504E-02  7.885708667E+04  1.914450264E+02  3.286801319E+02  2.690247369E+02  4.463046393E+02  1.132076431E+00 
       169  2.766624902E-02  2.381908713E-01  2.968394578E-02  7.880911035E+04  1.924818392E+02  3.287222042E+02  2.690935178E+02  4.436997614E+02  1.126952825E+00 
       170  3.108229850E-02  2.375970478E-01  3.144655572E-02  7.863385126E+04  1.942026898E+02  3.287116537E+02  2.690771403E+02  4.425335236E+02  1.122163828E+00 
       171  3.449726266E-02  2.369314331E-01  3.319569832E-02  7.862957010E+04  1.973195015E+02  3.285163702E+02  2.687584540E+02  4.434649088E+02  1.115784136E+00 
       172  3.787267708E-02  2.362004853E-01  3.498142333E-02  7.902554163E+04  1.980318105E+02  3.287814217E+02  2.691930370E+02  4.418390589E+02  1.113264527E+00 
       173  4.123744789E-02  2.354271843E-01  3.677379579E-02  7.931365686E+04  1.990560272E+02  3.290567164E+02  2.696443090E+02  4.390933766E+02  1.110342123E+00 
       174  4.456263149E-02  2.345133553E-01  3.856958315E-02  7.874402191E+04  2.037053544E+02  3.286597133E+02  2.689934306E+02  4.415795859E+02  1.103346217E+00 
       175  4.789152860E-02  2.335402793E-01  4.034492433E-02  7.707726947E+04  2.115585916E+02  3.273802960E+02  2.669030083E+02  4.492206347E+02  1.092807361E+00 
       176  5.119514426E-02  2.325727211E-01  4.215365701E-02  7.511281833E+04  2.169640267E+02  3.262322768E+02  2.650346376E+02  4.564013535E+02  1.088946205E+00 
       177  5.444737908E-02  2.314873556E-01  4.396264389E-02  7.318523586E+04  2.212369494E+02  3.251697458E+02  2.633111281E+02  4.582332586E+02  1.081894202E+00 
       178  5.771043354E-02  2.303389779E-01  4.576361213E-02  7.111091296E+04  2.261125476E+02  3.240132049E+02  2.614426059E+02  4.598839660E+02  1.072711626E+00 
       179  6.093363739E-02  2.292015055E-01  4.761570799E-02  6.871698706E+04  2.345981016E+02  3.224244204E+02  2.588843794E+02  4.614911432E+02  1.053785635E+00 
       180  6.411569228E-02  2.279427553E-01  4.946832252E-02  6.689827783E+04  2.442676506E+02  3.214377813E+02  2.573015699E+02  4.638160133E+02  1.031492408E+00 
       181  6.728438578E-02  2.267057043E-01  5.135068917E-02  6.894171863E+04  2.573041368E+02  3.229950829E+02  2.598146472E+02  4.606545620E+02  9.925394729E-01 
       182  7.045491472E-02  2.254566135E-01  5.324396322E-02  7.999020337E+04  2.634471979E+02  3.296776004E+02  2.707248702E+02  4.363300185E+02  9.465583321E-01 
       183  7.352398986E-02  2.240979077E-01  5.520813549E-02  9.581102637E+04  2.497073436E+02  3.377402329E+02  2.841043100E+02  4.033160057E+02  9.473705906E-01 
       184  7.654294831E-02  2.227589545E-01  5.724026033E-02  1.045526769E+05  2.351064836E+02  3.420814440E+02  2.914131200E+02  3.842544481E+02  9.683713297E-01 
       185  7.954929441E-02  2.214414527E-01  5.933596166E-02  1.083514961E+05  2.414482760E+02  3.439389992E+02  2.945927105E+02  3.767504873E+02  9.441270921E-01 
       186  8.244157493E-02  2.200232159E-01  6.149679439E-02  1.250729980E+05  2.371767082E+02  3.514193878E+02  3.075431519E+02  3.432154694E+02  9.376302958E-01 
       187  8.531452000E-02  2.186177542E-01  6.372436707E-02  1.198929217E+05  2.412260880E+02  3.488694384E+02  3.030910323E+02  3.534470310E+02  9.278204720E-01 
       188  8.816039266E-02  2.172472440E-01  6.601424901E-02  1.219907571E+05  2.321995673E+02  3.501447878E+02  3.053090210E+02  3.467671680E+02  9.492883850E-01 
       189  9.092008057E-02  2.157826082E-01  6.831794754E-02  1.218126311E+05  2.284162688E+02  3.495936481E+02  3.043488629E+02  3.490456989E+02  9.599858731E-01 
       190  9.367581728E-02  2.143255962E-01  7.064980943E-02  1.219803810E+05  2.234782067E+02  3.497666289E+02  3.046510554E+02  3.471417585E+02  9.725486077E-01 
       191  9.641114101E-02  2.128789625E-01  7.302159977E-02  1.224520912E+05  2.209776025E+02  3.501123140E+02  3.052522559E+02  3.467407565E+02  9.789147265E-01 
       192  9.907895187E-02  2.114028516E-01  7.542603674E-02  1.225211847E+05  2.205395749E+02  3.500951021E+02  3.052217352E+02  3.464427316E+02  9.794962574E-01 
       193  1.016896232E-01  2.099003163E-01  7.789626121E-02  1.224177108E+05  2.191995325E+02  3.504133425E+02  3.057770016E+02  3.464778781E+02  9.826889001E-01 
       194  1.042573666E-01  2.084682280E-01  8.044071344E-02  1.224442361E+05  2.200062389E+02  3.508083682E+02  3.064684844E+02  3.449453275E+02  9.793762206E-01 
       195  1.067132028E-01  2.069758083E-01  8.306726980E-02  1.225522575E+05  2.204858998E+02  3.516911700E+02  3.080158534E+02  3.410515423E+02  9.765788485E-01 
       196  1.091091693E-01  2.055182938E-01  8.576040538E-02  1.224567097E+05  2.214249499E+02  3.529244040E+02  3.101849031E+02  3.377736070E+02  9.721840576E-01 
       197  1.114533399E-01  2.040960959E-01  8.851719904E-02  1.224192539E+05  2.243181114E+02  3.538148893E+02  3.117551038E+02  3.312455069E+02  9.621373386E-01 
       198  1.136946430E-01  2.026973542E-01  9.137514269E-02  1.224406109E+05  2.243696330E+02  3.553741426E+02  3.145088432E+02  3.186910851E+02  9.616487657E-01 
       199  1.158224243E-01  2.012857480E-01  9.431046231E-02  1.224263503E+05  2.241327503E+02  3.571598981E+02  3.176742839E+02  3.032664502E+02  9.650531946E-01 
       200  1.177983438E-01  1.999614296E-01  9.738734661E-02  1.222760432E+05  2.273898742E+02  3.578800048E+02  3.189523699E+02  2.909616694E+02  9.580198729E-01 
       201  1.195376812E-01  1.988013159E-01  1.006637087E-01  1.223193427E+05  2.296337414E+02  3.578930370E+02  3.189741337E+02  2.874051465E+02  9.500709867E-01 
       202  1.207748534E-01  1.979244993E-01  1.042263433E-01  1.222628708E+05  2.311449381E+02  3.567422600E+02  3.169320745E+02  3.000990279E+02  9.429990617E-01 
       203  1.209766187E-01  1.976967879E-01  1.080979692E-01  1.225484124E+05  2.326190795E+02  3.541101874E+02  3.122765214E+02  3.288938664E+02  9.367717225E-01 
       204  1.209415894E-01  1.976147862E-01  1.119887176E-01  1.228257036E+05  2.313066754E+02  3.521962384E+02  3.089039868E+02  3.340542821E+02  9.386521329E-01 
       205  1.209136670E-01  1.975679793E-01  1.158784497E-01  1.229118498E+05  2.288436065E+02  3.514997972E+02  3.076799845E+02  3.352030873E+02  9.453393819E-01 
       206  1.209140530E-01  1.975343277E-01  1.197687765E-01  1.229527512E+05  2.248317545E+02  3.514871124E+02  3.076573673E+02  3.374009087E+02  9.577494807E-01 
       207  1.209033119E-01  1.974945510E-01  1.236620610E-01  1.228792184E+05  2.213130187E+02  3.516081723E+02  3.078699555E+02  3.357930806E+02  9.677725644E-01 
       208  1.208998844E-01  1.975608583E-01  1.275528569E-01  1.228146974E+05  2.214030471E+02  3.517632372E+02  3.081449547E+02  3.359753060E+02  9.681932098E-01 
       209  1.209086196E-01  1.975927695E-01  1.314428594E-01  1.227637535E+05  2.212060798E+02  3.522661583E+02  3.090291714E+02  3.362350176E+02  9.691683077E-01 
       210  1.209261261E-01  1.976437754E-01  1.353324952E-01  1.228126525E+05  2.221102186E+02  3.529175544E+02  3.101749873E+02  3.319424786E+02  9.660990650E-01 
       211  1.209477387E-01  1.976921952E-01  1.392217013E-01  1.228028638E+05  2.214567471E+02  3.538510410E+02  3.118192292E+02  3.227617974E+02  9.682565415E-01 
       212  1.209659901E-01  1.977439656E-01  1.431109690E-01  1.230092743E+05  2.199869913E+02  3.550119123E+02  3.138529817E+02  3.099295211E+02  9.735741417E-01 
       213  1.210017723E-01  1.977818072E-01  1.470000027E-01  1.232410801E+05  2.209387484E+02  3.555447798E+02  3.146064386E+02  3.039614668E+02  9.718266688E-01 
       214 -1.337431699E-02  1.053111530E-01 -4.600000000E-02  8.769344922E+04  1.547703800E+02  3.330501633E+02  2.765264206E+02  2.357850266E+02  8.547585011E-01 
       215 -1.336879354E-02  1.054912688E-01 -4.299898917E-02  8.750357178E+04  1.536894746E+02  3.330985279E+02  2.763047528E+02  2.356259890E+02  8.603162151E-01 
       216 -1.321272523E-02  1.057016208E-01 -4.000664894E-02  8.753816992E+04  1.541658115E+02  3.330318851E+02  2.761941986E+02  2.363619452E+02  8.605199419E-01 
       217 -1.269691607E-02  1.059729593E-01 -3.706120983E-02  8.742281733E+04  1.550241438E+02  3.329346852E+02  2.760330623E+02  2.370064250E+02  8.583709823E-01 
       218 -1.181263769E-02  1.063072321E-01 -3.420969757E-02  8.722908751E+04  1.559742948E+02  3.328442615E+02  2.758830768E+02  2.378104619E+02  8.563124028E-01 
       219 -1.066241908E-02  1.066659143E-01 -3.145726216E-02  8.703713444E+04  1.566623423E+02  3.327910274E+02  2.757948293E+02  2.387697220E+02  8.562500879E-01 
       220 -9.280794463E-03  1.070573859E-01 -2.881758489E-02  8.687100088E+04  1.575821999E+02  3.327056189E+02  2.756533123E+02  2.398954379E+02  8.556635829E-01 
       221 -7.735023178E-03  1.074435380E-01 -2.626912607E-02  8.674654346E+04  1.585673161E+02  3.326265415E+02  2.755222875E+02  2.407121817E+02  8.537195260E-01 
       222 -6.047350445E-03  1.078135440E-01 -2.381048416E-02  8.663322435E+04  1.593268295E+02  3.325293372E+02  2.753612669E+02  2.412978269E+02  8.521228624E-01 
       223 -4.299611852E-03  1.081916589E-01 -2.139379423E-02  8.657690743E+04  1.597472993E+02  3.326106191E+02  2.754959046E+02  2.417245354E+02  8.519114111E-01 
       224 -2.461870607E-03  1.085505379E-01 -1.904289133E-02  8.664637068E+04  1.603564883E+02  3.325127077E+02  2.753337882E+02  2.422475978E+02  8.509329865E-01 
       225 -5.886173328E-04  1.088780789E-01 -1.671486844E-02  8.673731501E+04  1.602161956E+02  3.326522810E+02  2.755649291E+02  2.420747005E+02  8.516728047E-01 
       226  1.337912187E-03  1.092215599E-01 -1.443302686E-02  8.683091311E+04  1.597963886E+02  3.325746719E+02  2.754363495E+02  2.424714860E+02  8.557158777E-01 
       227  3.290030235E-03  1.094941851E-01 -1.216353628E-02  8.667231086E+04  1.595146825E+02  3.324677548E+02  2.752592820E+02  2.437156630E+02  8.622496517E-01 
       228  5.262023684E-03  1.097864070E-01 -9.913643549E-03  8.599315955E+04  1.605282564E+02  3.320353464E+02  2.745442012E+02  2.473401564E+02  8.700187353E-01 
       229  7.256339014E-03  1.100495762E-01 -7.679258903E-03  8.399464935E+04  1.651020799E+02  3.309766342E+02  2.727963883E+02  2.540926288E+02  8.702715354E-01 
       230  9.250945095E-03  1.102792579E-01 -5.441700620E-03  8.187368800E+04  1.726727352E+02  3.298519648E+02  2.709453412E+02  2.621464502E+02  8.598339559E-01 
       231  1.125130268E-02  1.105297001E-01 -3.209862298E-03  8.047578589E+04  1.801978312E+02  3.292847366E+02  2.700141287E+02  2.661657724E+02  8.348844796E-01 
       232  1.324504242E-02  1.107259366E-01 -9.692227629E-04  8.132879224E+04  1.834254489E+02  3.297443495E+02  2.707686977E+02  2.637829914E+02  8.098397572E-01 
       233  1.522818012E-02  1.109344875E-01  1.280794701E-03  8.327511719E+04  1.845412598E+02  3.307597752E+02  2.724396811E+02  2.585601616E+02  7.858877182E-01 
       234  1.717717000E-02  1.111306516E-01  3.565314237E-03  8.541732422E+04  1.830495777E+02  3.321099968E+02  2.746682549E+02  2.494220886E+02  7.627698034E-01 
       235  2.098827574E-02  1.115152878E-01  8.199040730E-03  8.926784717E+04  1.865992031E+02  3.342048454E+02  2.781447296E+02  2.369000225E+02  7.047692873E-01 
       236  2.283804163E-02  1.116790561E-01  1.055952489E-02  9.055265100E+04  1.899778571E+02  3.353436735E+02  2.800427201E+02  2.298121474E+02  6.650684569E-01 
       237  2.632960383E-02  1.121198866E-01  1.543269692E-02  9.114290527E+04  2.050008602E+02  3.354556198E+02  2.802294121E+02  2.310105629E+02  5.890435688E-01 
       238  2.959379811E-02  1.126564718E-01  2.044933110E-02  9.021745935E+04  2.212621412E+02  3.349027362E+02  2.793062353E+02  2.368584642E+02  5.227711853E-01 
       239  3.114059063E-02  1.129278581E-01  2.301118304E-02  8.969078143E+04  2.287005217E+02  3.347873938E+02  2.791138747E+02  2.394497899E+02  4.933128484E-01 
       240  3.264987762E-02  1.132456905E-01  2.559358749E-02  8.916240887E+04  2.352117720E+02  3.344968560E+02  2.786296422E+02  2.418943516E+02  4.681242276E-01 
       241  3.807676132E-02  1.146676712E-01  3.621643154E-02  8.790256106E+04  2.599151587E+02  3.338206275E+02  2.775041983E+02  2.504020533E+02  3.734120410E-01 
       242  3.928374460E-02  1.150413043E-01  3.894926042E-02  8.801754028E+04  2.656053190E+02  3.341379640E+02  2.780325117E+02  2.520222030E+02  3.508179849E-01 
       243  4.044503934E-02  1.154301055E-01  4.169676193E-02  8.838850616E+04  2.696095325E+02  3.344568322E+02  2.785633667E+02  2.514925633E+02  3.293613261E-01 
       244  4.154949506E-02  1.158110833E-01  4.446441861E-02  8.899613232E+04  2.734072971E+02  3.347314720E+02  2.790213413E+02  2.503186970E+02  3.064284194E-01 
       245  4.259018966E-02  1.161595968E-01  4.726780086E-02  8.980350808E+04  2.767995326E+02  3.350521189E+02  2.795567420E+02  2.486124339E+02  2.834458301E-01 
       246  4.357921759E-02  1.165132208E-01  5.008364009E-02  9.080579224E+04  2.791306829E+02  3.355322285E+02  2.803584995E+02  2.460408087E+02  2.630394576E-01 
       247  4.448002582E-02  1.168267471E-01  5.293502673E-02  9.202481637E+04  2.807729166E+02  3.361612556E+02  2.814100826E+02  2.426063900E+02  2.430226033E-01 
       248  4.534234860E-02  1.171711221E-01  5.579536500E-02  9.342787842E+04  2.816709805E+02  3.368434048E+02  2.825538445E+02  2.386702709E+02  2.252634056E-01 
       249  4.612355051E-02  1.174912616E-01  5.867935283E-02  9.478474023E+04  2.825688705E+02  3.375323601E+02  2.837106628E+02  2.347143326E+02  2.071155775E-01 
       250  4.681688670E-02  1.178330389E-01  6.158342338E-02  9.605792383E+04  2.833084908E+02  3.381494789E+02  2.847488251E+02  2.313878174E+02  1.926938146E-01 
       251  4.742483443E-02  1.181684938E-01  6.451168194E-02  9.721337207E+04  2.839538727E+02  3.387135201E+02  2.856994743E+02  2.283463097E+02  1.799504831E-01 
       252  4.796175059E-02  1.184973583E-01  6.744925218E-02  9.822031201E+04  2.846963453E+02  3.392633457E+02  2.866271772E+02  2.251542969E+02  1.656907024E-01 
       253  4.839690646E-02  1.188449776E-01  7.040346354E-02  9.899490738E+04  2.859505997E+02  3.396489650E+02  2.872791862E+02  2.228627740E+02  1.518078138E-01 
       254  4.867844520E-02  1.192029192E-01  7.337369276E-02  9.942568751E+04  2.877708375E+02  3.399011837E+02  2.877063156E+02  2.228752072E+02  1.437317541E-01 
       255  4.889804354E-02  1.195863964E-01  7.634446821E-02  9.980348054E+04  2.899720592E+02  3.398971995E+02  2.876999112E+02  2.221421340E+02  1.300331704E-01 
       256  4.901527392E-02  1.199575346E-01  7.936475415E-02  9.985844122E+04  2.927740859E+02  3.398703808E+02  2.876546288E+02  2.228398004E+02  1.183735759E-01 
       257  4.897414798E-02  1.207471392E-01  8.530893469E-02  9.977918750E+04  2.967742043E+02  3.401053848E+02  2.880517273E+02  2.236852112E+02  1.019432489E-01 
       258  4.879835866E-02  1.211503063E-01  8.827262235E-02  9.978634277E+04  2.991352425E+02  3.399294548E+02  2.877538033E+02  2.245243301E+02  9.302737098E-02 
       259  4.854576088E-02  1.215647590E-01  9.126615169E-02  9.991046254E+04  3.004197196E+02  3.398090230E+02  2.875497081E+02  2.247287443E+02  8.801842320E-02 
       260  4.818457029E-02  1.219712360E-01  9.420996830E-02  1.003501807E+05  3.009174654E+02  3.399561745E+02  2.877989579E+02  2.239318142E+02  8.329119686E-02 
       261  4.782320061E-02  1.224212570E-01  9.713670139E-02  1.008396758E+05  3.002489681E+02  3.402081871E+02  2.882268105E+02  2.223542519E+02  8.279605815E-02 
       262  4.734997920E-02  1.228526278E-01  1.001180955E-01  1.016991074E+05  2.997069397E+02  3.406744995E+02  2.890169258E+02  2.202362289E+02  7.879179530E-02 
       263  4.683890011E-02  1.232935874E-01  1.030087938E-01  1.030618906E+05  2.972216170E+02  3.415605480E+02  2.905232345E+02  2.158243336E+02  7.753298409E-02 
       264  4.566507936E-02  1.242316696E-01  1.088390156E-01  1.055553669E+05  2.914642360E+02  3.421994707E+02  2.916105699E+02  2.068148359E+02  7.978288314E-02 
       265  4.352639189E-02  1.257122811E-01  1.174848542E-01  1.082661564E+05  2.725429302E+02  3.442770494E+02  2.951656579E+02  1.875346733E+02  1.330875630E-01 
       266  4.289440586E-02  1.261798267E-01  1.203730247E-01  1.079499395E+05  2.588965516E+02  3.466262413E+02  2.992132532E+02  1.635210489E+02  1.429492313E-01 
       267  4.242365191E-02  1.265975250E-01  1.232861776E-01  1.078122385E+05  2.468334784E+02  3.490066995E+02  3.033316096E+02  1.355094512E+02  1.350536114E-01 
       268  4.208270049E-02  1.270006734E-01  1.262530889E-01  1.079163965E+05  2.418982544E+02  3.498100243E+02  3.047268219E+02  1.291291466E+02  1.550724488E-01 
       269  4.202415066E-02  1.273246053E-01  1.292418903E-01  1.077615409E+05  2.419916623E+02  3.498525966E+02  3.048006819E+02  1.320026775E+02  1.643575831E-01 
       270  4.218523596E-02  1.275849052E-01  1.322314117E-01  1.074380134E+05  2.435004978E+02  3.495040903E+02  3.041958966E+02  1.384633813E+02  1.764437560E-01 
       271  4.252691668E-02  1.278080741E-01  1.352038484E-01  1.071487100E+05  2.465486722E+02  3.491136065E+02  3.035179502E+02  1.472054300E+02  1.847159018E-01 
       272  4.296344289E-02  1.279984053E-01  1.381664338E-01  1.069465797E+05  2.496321733E+02  3.485294614E+02  3.025049790E+02  1.544173924E+02  1.887656824E-01 
       273  4.347514252E-02  1.281630447E-01  1.411197974E-01  1.067183204E+05  2.525198756E+02  3.480156320E+02  3.016128332E+02  1.602607550E+02  1.897803615E-01 
       274  4.403358971E-02  1.283124551E-01  1.440677535E-01  1.065003551E+05  2.550840642E+02  3.478179773E+02  3.012662547E+02  1.646084736E+02  1.882649894E-01 
       275  4.466583781E-02  1.284644007E-01  1.470000034E-01  1.063286599E+05  2.579665980E+02  3.474258345E+02  2.946887110E+02  1.684403318E+02  1.832193348E-01 
       276 -1.390154712E-02  1.725232616E-01 -4.600000033E-02  8.222150925E+04  1.810696634E+02  3.303873058E+02  2.709668238E+02  3.409705093E+02  1.010861495E+00 
       277 -1.389524734E-02  1.726308379E-01 -4.258575940E-02  8.265788302E+04  1.814099645E+02  3.303395894E+02  2.717466301E+02  3.419613514E+02  1.011510586E+00 
       278 -1.388827040E-02  1.727470810E-01 -3.919459871E-02  8.278972997E+04  1.817014175E+02  3.303204858E+02  2.717151575E+02  3.428863921E+02  1.012182140E+00 
       279 -1.387976982E-02  1.728866868E-01 -3.575874102E-02  8.285915869E+04  1.814516264E+02  3.303557892E+02  2.717732236E+02  3.430907956E+02  1.013417138E+00 
       280 -1.386962822E-02  1.730354599E-01 -3.234598001E-02  8.286236070E+04  1.811903919E+02  3.303553752E+02  2.717726237E+02  3.431016927E+02  1.014360419E+00 
       281 -1.385715910E-02  1.732129765E-01 -2.893478341E-02  8.260586395E+04  1.821269111E+02  3.301530797E+02  2.714400232E+02  3.445724410E+02  1.013826583E+00 
       282 -1.381464856E-02  1.733989484E-01 -2.553958976E-02  8.196399692E+04  1.831390525E+02  3.298402755E+02  2.709258667E+02  3.468348532E+02  1.014437206E+00 
       283 -1.334927366E-02  1.736519924E-01 -2.216152427E-02  8.121953448E+04  1.842720389E+02  3.294603380E+02  2.703022455E+02  3.480455028E+02  1.012805072E+00 
       284 -1.220387625E-02  1.739549638E-01 -1.896956374E-02  8.010073975E+04  1.880610695E+02  3.286816978E+02  2.690267792E+02  3.518389931E+02  1.007007018E+00 
       285 -1.057589609E-02  1.742731966E-01 -1.599005111E-02  7.820657037E+04  1.922514173E+02  3.278069065E+02  2.675965953E+02  3.558383080E+02  1.000342592E+00 
       286 -8.586070527E-03  1.745821273E-01 -1.323108332E-02  7.653939619E+04  1.972196235E+02  3.270022625E+02  2.662842853E+02  3.610536879E+02  9.937729343E-01 
       287 -6.371188279E-03  1.748941133E-01 -1.065117603E-02  7.593914017E+04  2.000077802E+02  3.268985160E+02  2.661154100E+02  3.621077097E+02  9.863531002E-01 
       288 -3.959984913E-03  1.752012559E-01 -8.251810021E-03  7.801050843E+04  1.988508723E+02  3.279916539E+02  2.679007033E+02  3.572059800E+02  9.806267900E-01 
       289 -1.474621790E-03  1.754287438E-01 -5.921768022E-03  8.284215695E+04  1.923143426E+02  3.304025392E+02  2.718599337E+02  3.460639547E+02  9.834090399E-01 
       290  1.096342236E-03  1.756586641E-01 -3.684409899E-03  8.898142598E+04  1.812577305E+02  3.332447587E+02  2.765533987E+02  3.295092194E+02  9.934327371E-01 
       291  3.722457199E-03  1.758529720E-01 -1.512169024E-03  9.168545361E+04  1.752170410E+02  3.343958912E+02  2.784620552E+02  3.239382553E+02  1.005423360E+00 
       292  6.390497491E-03  1.759799744E-01  6.206893580E-04  8.861416797E+04  1.776247778E+02  3.331841259E+02  2.764514465E+02  3.316757526E+02  1.009088032E+00 
       293  1.179759467E-02  1.761809281E-01  4.808741428E-03  7.648687500E+04  1.999171410E+02  3.269047775E+02  2.661309700E+02  3.648667755E+02  9.916476905E-01 
       294  1.450804596E-02  1.762121176E-01  6.883706551E-03  7.260319971E+04  2.094844704E+02  3.244233398E+02  2.621035671E+02  3.747417698E+02  9.791032076E-01 
       295  1.722225861E-02  1.762495216E-01  8.953048646E-03  7.054064746E+04  2.146836090E+02  3.230227852E+02  2.598436241E+02  3.816003571E+02  9.756853282E-01 
       296  1.993233776E-02  1.761597577E-01  1.102855473E-02  6.910462891E+04  2.175859833E+02  3.221828384E+02  2.584941635E+02  3.857123795E+02  9.746498764E-01 
       297  2.263244469E-02  1.760920636E-01  1.311525345E-02  6.737300928E+04  2.223088112E+02  3.210653648E+02  2.567047844E+02  3.904588127E+02  9.690578878E-01 
       298  2.532249661E-02  1.759768902E-01  1.521525865E-02  6.585786060E+04  2.287701368E+02  3.199180794E+02  2.548725500E+02  3.949861603E+02  9.572786093E-01 
       299  2.800116021E-02  1.758008440E-01  1.732596334E-02  6.565878638E+04  2.338482466E+02  3.196225433E+02  2.544019308E+02  3.973904276E+02  9.454860091E-01 
       300  3.066011949E-02  1.756198651E-01  1.946182943E-02  6.814789099E+04  2.355319991E+02  3.209940772E+02  2.565990434E+02  3.940688701E+02  9.325433932E-01 
       301  3.850917716E-02  1.748410184E-01  2.602581626E-02  8.719582349E+04  2.339519472E+02  3.339910030E+02  2.777910309E+02  3.357609768E+02  8.266595211E-01 
       302  4.358739934E-02  1.740919978E-01  3.053362568E-02  8.634470557E+04  2.386418848E+02  3.330759401E+02  2.762684021E+02  3.417857447E+02  8.214769401E-01 
       303  4.609287257E-02  1.736863543E-01  3.281922705E-02  8.540200708E+04  2.418125134E+02  3.327590675E+02  2.757424564E+02  3.440150995E+02  8.149227574E-01 
       304  4.855845708E-02  1.731970535E-01  3.512834265E-02  8.501424829E+04  2.470235090E+02  3.323979053E+02  2.751441193E+02  3.463541822E+02  8.012333885E-01 
       305  5.100043215E-02  1.726458906E-01  3.745772352E-02  8.578729456E+04  2.503226762E+02  3.328755860E+02  2.759360147E+02  3.444979987E+02  7.869303748E-01 
       306  5.340036417E-02  1.720848619E-01  3.982071753E-02  8.859479321E+04  2.506240008E+02  3.345102143E+02  2.786571081E+02  3.364723992E+02  7.724716570E-01 
       307  5.576533568E-02  1.714326002E-01  4.220398857E-02  9.365487384E+04  2.482967353E+02  3.372367579E+02  2.832213652E+02  3.221989069E+02  7.574505564E-01 
       308  5.808130114E-02  1.707532671E-01  4.462162642E-02  9.934610507E+04  2.457689562E+02  3.401164845E+02  2.880786513E+02  3.075155206E+02  7.438091684E-01 
       309  6.913202621E-02  1.670049815E-01  5.708998555E-02  1.124313071E+05  2.415222259E+02  3.467272086E+02  2.993798370E+02  2.748368168E+02  7.154930634E-01 
       310  7.325557335E-02  1.653928843E-01  6.228962682E-02  1.154434115E+05  2.409411438E+02  3.482717197E+02  3.020520449E+02  2.671420722E+02  7.088999157E-01 
       311  7.526114685E-02  1.645964451E-01  6.493668120E-02  1.168087500E+05  2.407850761E+02  3.487984543E+02  3.029665642E+02  2.640066452E+02  7.074035518E-01 
       312  8.099008587E-02  1.620989224E-01  7.305121222E-02  1.188701396E+05  2.388281174E+02  3.495561600E+02  3.042828102E+02  2.567878799E+02  7.074602544E-01 
       313  8.281625202E-02  1.612441772E-01  7.580722199E-02  1.191753652E+05  2.380603752E+02  3.495534286E+02  3.042780304E+02  2.562950897E+02  7.106499448E-01 
       314  8.462318717E-02  1.604029889E-01  7.856519154E-02  1.194197927E+05  2.377107372E+02  3.495354309E+02  3.042466316E+02  2.557124491E+02  7.129416075E-01 
       315  8.638808364E-02  1.595156660E-01  8.135371941E-02  1.194865723E+05  2.378306637E+02  3.493972807E+02  3.040060596E+02  2.551864405E+02  7.127810810E-01 
       316  8.818531781E-02  1.586346563E-01  8.418846896E-02  1.193900279E+05  2.381840941E+02  3.490801013E+02  3.034544592E+02  2.545678581E+02  7.091974363E-01 
       317  9.153487112E-02  1.568453452E-01  8.985396979E-02  1.192524310E+05  2.371595252E+02  3.491162386E+02  3.035177422E+02  2.543596287E+02  7.137215026E-01 
       318  9.319079870E-02  1.559467714E-01  9.269883327E-02  1.192150654E+05  2.370748596E+02  3.491350842E+02  3.035508175E+02  2.539431610E+02  7.138669789E-01 
       319  9.639067810E-02  1.541493463E-01  9.845101971E-02  1.191962373E+05  2.374649410E+02  3.489374924E+02  3.032066765E+02  2.538476124E+02  7.133045159E-01 
       320  9.789700787E-02  1.532238030E-01  1.013752208E-01  1.191748915E+05  2.379438398E+02  3.488378596E+02  3.030333714E+02  2.535054510E+02  7.101438837E-01 
       321  9.939560036E-02  1.523575645E-01  1.043121280E-01  1.191146914E+05  2.384920502E+02  3.486555099E+02  3.027165928E+02  2.539512901E+02  7.090132982E-01 
       322  1.008373928E-01  1.515239935E-01  1.072922639E-01  1.189463955E+05  2.389899292E+02  3.484052029E+02  3.022820740E+02  2.549088764E+02  7.085894793E-01 
       323  1.021925752E-01  1.507164957E-01  1.103173974E-01  1.187518081E+05  2.400797205E+02  3.481146183E+02  3.017783070E+02  2.563498406E+02  7.053663917E-01 
       324  1.063175391E-01  1.486079647E-01  1.265700906E-01  1.181519395E+05  2.421927490E+02  3.487058487E+02  3.028076210E+02  2.565769424E+02  6.997624636E-01 
       325  1.064822206E-01  1.487022474E-01  1.299738775E-01  1.182962012E+05  2.382399063E+02  3.500378799E+02  3.051274872E+02  2.453979797E+02  7.081975788E-01 
       326  1.066476119E-01  1.488146338E-01  1.333799290E-01  1.182585449E+05  2.322259827E+02  3.514489594E+02  3.075908813E+02  2.289602623E+02  7.257946283E-01 
       327  1.068180965E-01  1.489318139E-01  1.367854531E-01  1.180718828E+05  2.276375313E+02  3.522721710E+02  3.090307388E+02  2.194410172E+02  7.443853393E-01 
       328  1.069979625E-01  1.490578552E-01  1.401905319E-01  1.179127432E+05  2.281471920E+02  3.519536133E+02  3.084729252E+02  2.261015644E+02  7.464901507E-01 
       329  1.071817424E-01  1.491887345E-01  1.435955648E-01  1.179327031E+05  2.349403133E+02  3.504579411E+02  3.056958008E+02  2.448347168E+02  7.258450501E-01 
       330  1.073851999E-01  1.493347905E-01  1.470000044E-01  1.179928477E+05  2.433763046E+02  3.484666061E+02  3.012563782E+02  2.626981354E+02  7.045825869E-01 
       331 -5.132010553E-03  2.399711247E-01 -4.600000034E-02  8.398956689E+04  1.740030708E+02  3.310533924E+02  2.729658432E+02  4.396494751E+02  1.163853206E+00 
       332 -5.128125210E-03  2.399809281E-01 -4.210430258E-02  8.420130420E+04  1.747484570E+02  3.307743874E+02  2.724628510E+02  4.400341511E+02  1.162410554E+00 
       333 -5.125201508E-03  2.399922328E-01 -3.820870464E-02  8.299305499E+04  1.772410454E+02  3.301972799E+02  2.715143759E+02  4.422575984E+02  1.158617463E+00 
       334 -5.121813889E-03  2.400095995E-01 -3.431329778E-02  8.130318387E+04  1.815354133E+02  3.293145497E+02  2.700651184E+02  4.464013395E+02  1.152420214E+00 
       335 -5.119016059E-03  2.400291916E-01 -3.041776666E-02  7.938707133E+04  1.863505833E+02  3.283965477E+02  2.685611171E+02  4.500328879E+02  1.144317919E+00 
       336 -5.114574788E-03  2.400538233E-01 -2.652182619E-02  7.793781207E+04  1.887719460E+02  3.279839254E+02  2.678853363E+02  4.509669143E+02  1.139238557E+00 
       337 -5.109553763E-03  2.400828758E-01 -2.262552630E-02  7.828844238E+04  1.882844994E+02  3.282217369E+02  2.682757034E+02  4.497594891E+02  1.139109330E+00 
       338 -5.103895973E-03  2.401152952E-01 -1.872899116E-02  8.058203699E+04  1.835615845E+02  3.295137658E+02  2.703950369E+02  4.452020733E+02  1.146054260E+00 
       339 -4.925504783E-03  2.402473149E-01 -7.056915668E-03  8.732883659E+04  1.703347383E+02  3.323279250E+02  2.750334364E+02  4.348676431E+02  1.168748441E+00 
       340 -3.715119829E-03  2.403023013E-01 -3.373311706E-03  8.180216858E+04  1.791026328E+02  3.303566113E+02  2.717857196E+02  4.425039191E+02  1.154543331E+00 
       341 -1.562012846E-03  2.403581740E-01 -1.360753051E-04  7.847276130E+04  1.889714819E+02  3.283238026E+02  2.684461579E+02  4.507624577E+02  1.138628572E+00 
       342  1.133764527E-03  2.404094608E-01  2.675248428E-03  7.834545947E+04  1.901100130E+02  3.278940039E+02  2.677406282E+02  4.519895000E+02  1.137372006E+00 
       343  4.137632423E-03  2.404197044E-01  5.149238455E-03  7.994338928E+04  1.862843973E+02  3.285223380E+02  2.687660424E+02  4.496966038E+02  1.144553715E+00 
       344  7.316400202E-03  2.403253331E-01  7.399564588E-03  8.015078346E+04  1.841285471E+02  3.288900951E+02  2.693675119E+02  4.458894939E+02  1.146407238E+00 
       345  1.395577155E-02  2.400667001E-01  1.148649181E-02  8.630649854E+04  1.720320797E+02  3.316824169E+02  2.739697266E+02  4.358726292E+02  1.167460307E+00 
       346  1.735065466E-02  2.397965962E-01  1.337576268E-02  8.966481055E+04  1.604029369E+02  3.335549049E+02  2.770668335E+02  4.241562653E+02  1.185813203E+00 
       347  2.419161170E-02  2.391929427E-01  1.704637434E-02  7.968301855E+04  1.861804161E+02  3.288730545E+02  2.693470497E+02  4.475678101E+02  1.143514648E+00 
       348  2.761839379E-02  2.387452844E-01  1.884103948E-02  7.982634375E+04  1.884766331E+02  3.287289581E+02  2.691061287E+02  4.486533661E+02  1.138632700E+00 
       349  3.105226563E-02  2.382885234E-01  2.062260888E-02  8.100664258E+04  1.859765501E+02  3.296277275E+02  2.705782919E+02  4.449493752E+02  1.140986413E+00 
       350  3.788868369E-02  2.371344800E-01  2.417075674E-02  8.057485498E+04  1.866149883E+02  3.297569771E+02  2.707898941E+02  4.464136505E+02  1.141485773E+00 
       351  4.468291751E-02  2.357525484E-01  2.771953789E-02  8.011888184E+04  1.898821201E+02  3.292678452E+02  2.699889889E+02  4.465721283E+02  1.135025702E+00 
       352  4.805699300E-02  2.349490393E-01  2.948953136E-02  8.054590784E+04  1.892977247E+02  3.294599733E+02  2.703056521E+02  4.441242352E+02  1.135894280E+00 
       353  5.140582287E-02  2.340778219E-01  3.127771149E-02  8.064274658E+04  1.896651564E+02  3.294153042E+02  2.702318630E+02  4.436579514E+02  1.136806190E+00 
       354  5.473006301E-02  2.331020583E-01  3.305777180E-02  7.981172656E+04  1.919971695E+02  3.289038124E+02  2.693928490E+02  4.443959503E+02  1.133985445E+00 
       355  5.803984836E-02  2.320923676E-01  3.484458617E-02  7.831567041E+04  1.951731167E+02  3.280053596E+02  2.679229088E+02  4.479650612E+02  1.131359749E+00 
       356  6.132921494E-02  2.310454118E-01  3.665150486E-02  7.659182901E+04  2.003390583E+02  3.269166183E+02  2.661483083E+02  4.516218908E+02  1.123678499E+00 
       357  6.777528194E-02  2.285846393E-01  4.027160278E-02  8.481529199E+04  2.152183990E+02  3.322099037E+02  2.748630028E+02  4.302238274E+02  1.066024855E+00 
       358  7.097972553E-02  2.273472007E-01  4.209367684E-02  9.187090723E+04  2.309467411E+02  3.356424217E+02  2.805488529E+02  4.138015251E+02  1.011017345E+00 
       359  7.412444428E-02  2.259565065E-01  4.393674079E-02  9.089300781E+04  2.340339065E+02  3.346928816E+02  2.789623241E+02  4.182294350E+02  1.008356066E+00 
       360  7.725834663E-02  2.245514312E-01  4.577102978E-02  8.698397900E+04  2.316489820E+02  3.332422504E+02  2.765452671E+02  4.268449020E+02  1.022637822E+00 
       361  8.037011026E-02  2.231435234E-01  4.763983740E-02  8.945604785E+04  2.318776855E+02  3.348379135E+02  2.792164726E+02  4.218510704E+02  1.020160154E+00 
       362  8.343109451E-02  2.215945322E-01  4.950276897E-02  1.027411580E+05  2.253103679E+02  3.408944485E+02  2.894308600E+02  3.938563144E+02  1.020811711E+00 
       363  8.646988642E-02  2.201046420E-01  5.141624103E-02  1.223788811E+05  2.123825803E+02  3.483727922E+02  3.022690187E+02  3.569728413E+02  1.043788804E+00 
       364  9.242245520E-02  2.169732682E-01  5.534503106E-02  1.183139385E+05  2.203129735E+02  3.498184614E+02  3.047702570E+02  3.523273954E+02  1.004098732E+00 
       365  9.533631835E-02  2.153857768E-01  5.738443174E-02  1.164906243E+05  2.227222531E+02  3.492528844E+02  3.037943273E+02  3.560494671E+02  9.936081264E-01 
       366  9.819952312E-02  2.138016843E-01  5.949569436E-02  1.170899434E+05  2.237388802E+02  3.501005802E+02  3.052748165E+02  3.505627537E+02  9.869873896E-01 
       367  1.009694591E-01  2.121295788E-01  6.167326851E-02  1.190687319E+05  2.264002657E+02  3.513449793E+02  3.074502068E+02  3.410690403E+02  9.734254796E-01 
       368  1.037116704E-01  2.105064985E-01  6.390540356E-02  1.202410303E+05  2.294270725E+02  3.526469564E+02  3.097360535E+02  3.348684921E+02  9.592479356E-01 
       369  1.064180189E-01  2.088777679E-01  6.618856681E-02  1.206291851E+05  2.333404207E+02  3.535696201E+02  3.113632221E+02  3.333822212E+02  9.443840384E-01 
       370  1.090480686E-01  2.071800512E-01  6.850700508E-02  1.207351470E+05  2.376386023E+02  3.542143459E+02  3.125107346E+02  3.318615799E+02  9.289977886E-01 
       371  1.116790455E-01  2.055210471E-01  7.084353951E-02  1.210368643E+05  2.392278638E+02  3.549142423E+02  3.137524028E+02  3.282712584E+02  9.216379952E-01 
       372  1.142974452E-01  2.038484190E-01  7.319785208E-02  1.215386064E+05  2.383328505E+02  3.547248955E+02  3.134120245E+02  3.278685751E+02  9.224676359E-01 
       373  1.168416696E-01  2.021295301E-01  7.558130371E-02  1.220553979E+05  2.357869015E+02  3.543439827E+02  3.127306061E+02  3.287780838E+02  9.292718396E-01 
       374  1.193277496E-01  2.004108846E-01  7.805168345E-02  1.225425099E+05  2.321206944E+02  3.538362217E+02  3.118253837E+02  3.301097670E+02  9.398416625E-01 
       375  1.217693779E-01  1.987784452E-01  8.060399866E-02  1.228344116E+05  2.294747210E+02  3.531134033E+02  3.105433187E+02  3.320804405E+02  9.478690960E-01 
       376  1.240793489E-01  1.970470446E-01  8.322373237E-02  1.230548828E+05  2.253732986E+02  3.525475187E+02  3.095415077E+02  3.339652290E+02  9.600884914E-01 
       377  1.263696524E-01  1.953872062E-01  8.590193330E-02  1.235393849E+05  2.213276451E+02  3.525076650E+02  3.094616548E+02  3.328463992E+02  9.712735023E-01 
       378  1.285811840E-01  1.937639536E-01  8.866989816E-02  1.235456067E+05  2.186577408E+02  3.510880537E+02  3.069656854E+02  3.385856652E+02  9.794749124E-01 
       379  1.378530526E-01  1.861918564E-01  1.119425893E-01  1.226112979E+05  2.184106340E+02  3.554859619E+02  3.147032461E+02  3.152747583E+02  9.800328277E-01 
       380  1.378280879E-01  1.861358471E-01  1.158380052E-01  1.220150508E+05  2.201639853E+02  3.563241606E+02  3.161892824E+02  3.022097311E+02  9.757072031E-01 
       381  1.378172244E-01  1.861105784E-01  1.197328496E-01  1.214200488E+05  2.265270143E+02  3.564642410E+02  3.164384036E+02  2.990361419E+02  9.552281387E-01 
       382  1.378137064E-01  1.861013403E-01  1.236281983E-01  1.219584066E+05  2.318006916E+02  3.558897054E+02  3.154212036E+02  3.101223187E+02  9.346262850E-01 
       383  1.378232998E-01  1.861207539E-01  1.275238734E-01  1.227118810E+05  2.313528818E+02  3.549373029E+02  3.137400903E+02  3.230909510E+02  9.374999957E-01 
       384  1.378388478E-01  1.861485149E-01  1.314192119E-01  1.230624579E+05  2.268381801E+02  3.537575504E+02  3.116596859E+02  3.333319400E+02  9.525409234E-01 
       385  1.378667705E-01  1.861922064E-01  1.353144338E-01  1.230884260E+05  2.227098292E+02  3.531132288E+02  3.105230460E+02  3.325901961E+02  9.645380168E-01 
       386  1.378917792E-01  1.862393165E-01  1.392095884E-01  1.230986689E+05  2.215040225E+02  3.527173383E+02  3.098233349E+02  3.315670723E+02  9.678109814E-01 
       387  1.379128913E-01  1.862912877E-01  1.431056120E-01  1.231566837E+05  2.217460753E+02  3.527793158E+02  3.097772160E+02  3.290136957E+02  9.668860966E-01 
       388  1.379274402E-01  1.863453723E-01  1.469999959E-01  1.232659426E+05  2.213015375E+02  3.535865111E+02  3.107288566E+02  3.215672975E+02  9.681479558E-01 
       389 -3.389247132E-02  1.007789921E-01 -4.300551245E-02  8.757073438E+04  1.538677673E+02  3.330749340E+02  2.762655907E+02  2.357014046E+02  8.595958985E-01 
       390 -3.372456358E-02  1.010433636E-01 -4.002223516E-02  8.745939682E+04  1.546943796E+02  3.330001278E+02  2.761415528E+02  2.365505774E+02  8.582086997E-01 
       391 -3.329024078E-02  1.014074167E-01 -3.707963811E-02  8.734693430E+04  1.551696605E+02  3.329538103E+02  2.760647023E+02  2.371412935E+02  8.580502220E-01 
       392 -3.255620303E-02  1.018883264E-01 -3.421559131E-02  8.721816710E+04  1.559601277E+02  3.328701324E+02  2.759259096E+02  2.381169644E+02  8.575425908E-01 
       393 -3.153373485E-02  1.024554568E-01 -3.145384174E-02  8.708530978E+04  1.567403817E+02  3.327809232E+02  2.757780932E+02  2.388025557E+02  8.560703333E-01 
       394 -3.028950121E-02  1.031058036E-01 -2.880322264E-02  8.696123715E+04  1.574202953E+02  3.327084529E+02  2.756580268E+02  2.395296538E+02  8.553150903E-01 
       395 -2.888173412E-02  1.037838005E-01 -2.624318977E-02  8.688213940E+04  1.580308099E+02  3.326684453E+02  2.755916371E+02  2.400675781E+02  8.543716352E-01 
       396 -2.733119538E-02  1.044792183E-01 -2.377110822E-02  8.681361820E+04  1.585935181E+02  3.326304629E+02  2.755287378E+02  2.407770848E+02  8.543563890E-01 
       397 -2.568342124E-02  1.052055751E-01 -2.135968630E-02  8.673299984E+04  1.590780920E+02  3.325983819E+02  2.754755961E+02  2.413953467E+02  8.543796716E-01 
       398 -2.397735570E-02  1.059146334E-01 -1.899049647E-02  8.650385593E+04  1.595707637E+02  3.324896078E+02  2.752954429E+02  2.423623257E+02  8.556946868E-01 
       399 -2.220871387E-02  1.066063154E-01 -1.667396516E-02  8.611975861E+04  1.608137261E+02  3.322642655E+02  2.749224643E+02  2.443461504E+02  8.564080289E-01 
       400 -2.041003203E-02  1.073389070E-01 -1.437512078E-02  8.558315692E+04  1.623890474E+02  3.319893348E+02  2.744677280E+02  2.468709378E+02  8.574975682E-01 
       401 -1.856976066E-02  1.079715131E-01 -1.211630566E-02  8.489750553E+04  1.649539549E+02  3.316218069E+02  2.738603654E+02  2.497500495E+02  8.543059591E-01 
       402 -1.670953655E-02  1.086522831E-01 -9.860640570E-03  8.433206399E+04  1.686463822E+02  3.312836903E+02  2.733022520E+02  2.526315516E+02  8.454320514E-01 
       403 -1.482329113E-02  1.093026603E-01 -7.620995183E-03  8.441918367E+04  1.711036148E+02  3.313500793E+02  2.734117984E+02  2.527455212E+02  8.335767157E-01 
       404 -1.292306254E-02  1.099268373E-01 -5.385291055E-03  8.526040991E+04  1.718493133E+02  3.318140240E+02  2.741780958E+02  2.501695709E+02  8.210638184E-01 
       405 -1.101845801E-02  1.105590611E-01 -3.137660868E-03  8.697758176E+04  1.706543219E+02  3.327504438E+02  2.757278986E+02  2.441784363E+02  8.078880038E-01 
       406 -9.120841472E-03  1.111701815E-01 -8.914052251E-04  8.951085529E+04  1.673373352E+02  3.341348450E+02  2.780272849E+02  2.356185856E+02  7.988017316E-01 
       407 -7.240675928E-03  1.117476218E-01  1.353994698E-03  9.290671478E+04  1.638405820E+02  3.358640270E+02  2.809125663E+02  2.227417424E+02  7.795348515E-01 
       408 -5.370549944E-03  1.123083196E-01  3.627204146E-03  9.663804797E+04  1.623871443E+02  3.378549180E+02  2.842525098E+02  2.083397355E+02  7.482952075E-01 
       409 -3.530590186E-03  1.128981262E-01  5.933484609E-03  9.841870967E+04  1.721045817E+02  3.386873041E+02  2.856559882E+02  2.000964119E+02  6.708592911E-01 
       410 -1.726912218E-03  1.134387153E-01  8.259926622E-03  9.815532227E+04  1.850811515E+02  3.385308623E+02  2.853908916E+02  2.049246435E+02  6.098926254E-01 
       411  3.734044288E-05  1.140039107E-01  1.062617763E-02  9.736550684E+04  1.940267892E+02  3.381754808E+02  2.847919803E+02  2.080597191E+02  5.690437602E-01 
       412  1.740848712E-03  1.145879687E-01  1.302702968E-02  9.652184519E+04  2.018960782E+02  3.377436949E+02  2.840654577E+02  2.127272961E+02  5.408225119E-01 
       413  3.387617433E-03  1.151172021E-01  1.547343878E-02  9.595517523E+04  2.081596023E+02  3.375058542E+02  2.836653051E+02  2.150125030E+02  5.144549035E-01 
       414  4.957112811E-03  1.157081541E-01  1.796238578E-02  9.539359705E+04  2.156432326E+02  3.371254320E+02  2.830265198E+02  2.188916783E+02  4.872284001E-01 
       415  6.462677552E-03  1.163151534E-01  2.048609031E-02  9.458130615E+04  2.226806626E+02  3.366691504E+02  2.822607880E+02  2.233340707E+02  4.652050706E-01 
       416  7.926557233E-03  1.168909271E-01  2.304605918E-02  9.389229620E+04  2.280672638E+02  3.363814330E+02  2.817781813E+02  2.262820392E+02  4.475254207E-01 
       417  9.338612782E-03  1.175119790E-01  2.562398907E-02  9.360664895E+04  2.329370490E+02  3.362284426E+02  2.815217470E+02  2.280125246E+02  4.292053935E-01 
       418  1.068984297E-02  1.181121478E-01  2.822455248E-02  9.350006927E+04  2.374736484E+02  3.361886455E+02  2.814551577E+02  2.292384130E+02  4.109581131E-01 
       419  1.198650266E-02  1.187330819E-01  3.085849659E-02  9.344079663E+04  2.424695462E+02  3.360804073E+02  2.812741356E+02  2.309457490E+02  3.920781480E-01 
       420  1.322982934E-02  1.193430432E-01  3.352159396E-02  9.347653365E+04  2.467013982E+02  3.360454472E+02  2.812156689E+02  2.326469964E+02  3.773666091E-01 
       421  1.439865389E-02  1.199672983E-01  3.621509854E-02  9.366146727E+04  2.501630943E+02  3.361540575E+02  2.813974620E+02  2.327086377E+02  3.613468293E-01 
       422  1.553995729E-02  1.205631245E-01  3.892438234E-02  9.404170712E+04  2.533518887E+02  3.363626043E+02  2.817467356E+02  2.318436785E+02  3.431968599E-01 
       423  1.662952250E-02  1.211745408E-01  4.165332372E-02  9.455686890E+04  2.560215703E+02  3.366366765E+02  2.822060479E+02  2.308188965E+02  3.275375749E-01 
       424  1.764894372E-02  1.217373945E-01  4.441857664E-02  9.524430606E+04  2.581917766E+02  3.369825225E+02  2.827864121E+02  2.293153969E+02  3.125409445E-01 
       425  1.861873940E-02  1.222791769E-01  4.720617614E-02  9.618279010E+04  2.600536841E+02  3.374331481E+02  2.835429992E+02  2.272548974E+02  2.971430862E-01 
       426  1.950820179E-02  1.228336643E-01  5.001741530E-02  9.716113773E+04  2.621712166E+02  3.378518677E+02  2.842472914E+02  2.252722497E+02  2.806286043E-01 
       427  2.036944420E-02  1.233245632E-01  5.285072558E-02  9.818047546E+04  2.637899921E+02  3.383758861E+02  2.851297358E+02  2.225238549E+02  2.638328802E-01 
       428  2.117157025E-02  1.238295963E-01  5.569831964E-02  9.927760742E+04  2.652061749E+02  3.389201913E+02  2.860478835E+02  2.196441779E+02  2.479463299E-01 
       429  2.190592593E-02  1.242947792E-01  5.857026217E-02  1.003618342E+05  2.666340075E+02  3.394439039E+02  2.869326286E+02  2.165920477E+02  2.310119998E-01 
       430  2.257248913E-02  1.247551336E-01  6.145961794E-02  1.014096899E+05  2.680488367E+02  3.399563475E+02  2.877995462E+02  2.136322050E+02  2.145568691E-01 
       431  2.314781749E-02  1.251835029E-01  6.437124902E-02  1.023183845E+05  2.698136997E+02  3.403803806E+02  2.885178218E+02  2.112615538E+02  1.977862446E-01 
       432  2.363318974E-02  1.255957621E-01  6.730774801E-02  1.030336910E+05  2.720141757E+02  3.406979148E+02  2.890561142E+02  2.095121810E+02  1.805903650E-01 
       433  2.402789138E-02  1.260195069E-01  7.025072331E-02  1.034874043E+05  2.746077795E+02  3.409308720E+02  2.894515457E+02  2.086644459E+02  1.643656967E-01 
       434  2.431727977E-02  1.264030352E-01  7.321094069E-02  1.037027559E+05  2.775900421E+02  3.410565910E+02  2.896650333E+02  2.084803238E+02  1.479630014E-01 
       435  2.453016930E-02  1.268032789E-01  7.617447467E-02  1.037412307E+05  2.808009605E+02  3.411123171E+02  2.897596622E+02  2.088715229E+02  1.323935459E-01 
       436  2.462079541E-02  1.271795605E-01  7.915094878E-02  1.036185903E+05  2.842104688E+02  3.411307154E+02  2.897909608E+02  2.097471021E+02  1.171810683E-01 
       437  2.463902970E-02  1.275610820E-01  8.212637731E-02  1.031143232E+05  2.887586832E+02  3.408539615E+02  2.893211093E+02  2.123908272E+02  1.022081807E-01 
       438  2.457492051E-02  1.279220853E-01  8.510260082E-02  1.021673938E+05  2.930676559E+02  3.404574947E+02  2.886485588E+02  2.159623128E+02  9.246491810E-02 
       439  2.441429013E-02  1.282749863E-01  8.807550525E-02  1.009474828E+05  2.972283792E+02  3.398575405E+02  2.876318249E+02  2.211264862E+02  9.029828908E-02 
       440  2.420234297E-02  1.286273229E-01  9.105186832E-02  1.001670616E+05  2.977416332E+02  3.395280175E+02  2.870743773E+02  2.243119820E+02  1.023904810E-01 
       441  2.388558350E-02  1.289647853E-01  9.401845916E-02  1.000903215E+05  2.962728365E+02  3.395074018E+02  2.870394176E+02  2.249581053E+02  1.155994977E-01 
       442  2.351928731E-02  1.293134864E-01  9.696958543E-02  1.005068418E+05  2.938204687E+02  3.396867067E+02  2.873427145E+02  2.239388792E+02  1.279827299E-01 
       443  2.306449285E-02  1.296327241E-01  9.991680403E-02  1.012333601E+05  2.910337553E+02  3.400230398E+02  2.879120588E+02  2.213178811E+02  1.357257725E-01 
       444  2.257188759E-02  1.299515661E-01  1.028605699E-01  1.022274668E+05  2.880877428E+02  3.404800940E+02  2.886866417E+02  2.179953938E+02  1.417887341E-01 
       445  2.201092100E-02  1.302726916E-01  1.057899135E-01  1.033043114E+05  2.853410157E+02  3.409941792E+02  2.895589795E+02  2.141067864E+02  1.447206310E-01 
       446  2.143382683E-02  1.305960230E-01  1.087107054E-01  1.043975624E+05  2.827421204E+02  3.415984408E+02  2.905860552E+02  2.101646333E+02  1.468564185E-01 
       447  2.076802587E-02  1.309307408E-01  1.116221513E-01  1.053314443E+05  2.802684841E+02  3.421538296E+02  2.915318432E+02  2.061496058E+02  1.482114587E-01 
       448  2.010215597E-02  1.312657467E-01  1.145293522E-01  1.061578833E+05  2.778004036E+02  3.426935530E+02  2.924522104E+02  2.021952209E+02  1.501545315E-01 
       449  1.945135245E-02  1.316056955E-01  1.174374795E-01  1.068588070E+05  2.763891342E+02  3.430658264E+02  2.930879796E+02  1.998789692E+02  1.520586254E-01 
       450  1.885387307E-02  1.319548677E-01  1.203553293E-01  1.073907828E+05  2.758015318E+02  3.433073928E+02  2.935008063E+02  1.992014769E+02  1.552137253E-01 
       451  1.837479322E-02  1.322913677E-01  1.233018373E-01  1.077074067E+05  2.754917850E+02  3.434728565E+02  2.937839069E+02  1.986131334E+02  1.571086072E-01 
       452  1.811263581E-02  1.325954541E-01  1.262715907E-01  1.077777710E+05  2.755404606E+02  3.435422993E+02  2.939027071E+02  1.987492514E+02  1.593686491E-01 
       453  1.805653049E-02  1.328847135E-01  1.292554963E-01  1.077156963E+05  2.756924257E+02  3.435704465E+02  2.939508448E+02  1.995131674E+02  1.634282907E-01 
       454  1.819877737E-02  1.331672438E-01  1.322380588E-01  1.075743702E+05  2.761615479E+02  3.435483440E+02  2.939130129E+02  2.007545276E+02  1.672898788E-01 
       455  1.852494771E-02  1.334510277E-01  1.352129826E-01  1.074147644E+05  2.768270611E+02  3.435000217E+02  2.938303973E+02  2.024385720E+02  1.717754276E-01 
       456  1.890761882E-02  1.337081709E-01  1.381756048E-01  1.072045229E+05  2.778397069E+02  3.433825959E+02  2.936294597E+02  2.043365005E+02  1.747136383E-01 
       457  1.937808835E-02  1.339540030E-01  1.411279949E-01  1.069383193E+05  2.790661621E+02  3.432237225E+02  2.933577819E+02  2.063367686E+02  1.766941128E-01 
       458  1.989552602E-02  1.341916383E-01  1.440726902E-01  1.066425445E+05  2.801416180E+02  3.430854410E+02  2.931214024E+02  2.082620127E+02  1.793240327E-01 
       459  2.048114376E-02  1.344526817E-01  1.469999956E-01  1.063078076E+05  2.814134207E+02  3.428834553E+02  2.927789335E+02  2.104556179E+02  1.813968932E-01 
       460 -4.772920012E-02  1.664853148E-01 -4.258181757E-02  8.243886671E+04  1.819842135E+02  3.301854508E+02  2.714931234E+02  3.432479455E+02  1.011913994E+00 
       461 -4.770031945E-02  1.666117663E-01 -3.916302660E-02  8.222554987E+04  1.815491555E+02  3.301443386E+02  2.714256206E+02  3.431492620E+02  1.013301172E+00 
       462 -4.768621633E-02  1.667606858E-01 -3.574527808E-02  8.187667004E+04  1.826234150E+02  3.299143643E+02  2.710478034E+02  3.447027073E+02  1.012460623E+00 
       463 -4.773671611E-02  1.669008759E-01 -3.232563070E-02  8.146145557E+04  1.848977456E+02  3.295593576E+02  2.704646263E+02  3.474233322E+02  1.009663228E+00 
       464 -4.779814392E-02  1.670685917E-01 -2.890641835E-02  8.093445630E+04  1.856263103E+02  3.293460760E+02  2.701146860E+02  3.480902271E+02  1.008372571E+00 
       465 -4.772832030E-02  1.672854950E-01 -2.549705171E-02  8.022738281E+04  1.878011823E+02  3.289482098E+02  2.694626579E+02  3.501940398E+02  1.004910083E+00 
       466 -4.733274936E-02  1.676197526E-01 -2.211766833E-02  7.953242200E+04  1.912347710E+02  3.284565024E+02  2.686577210E+02  3.536183062E+02  9.996608626E-01 
       467 -4.646629434E-02  1.680852894E-01 -1.884685997E-02  7.943021527E+04  1.938554736E+02  3.283324068E+02  2.684547179E+02  3.546241202E+02  9.926264859E-01 
       468 -4.497458874E-02  1.687177674E-01 -1.583913045E-02  8.114210840E+04  1.911022663E+02  3.294755449E+02  2.703293347E+02  3.489675760E+02  9.915857408E-01 
       469 -4.311049959E-02  1.694263862E-01 -1.306511329E-02  8.443731665E+04  1.853897991E+02  3.313747187E+02  2.734555392E+02  3.390283394E+02  9.938344490E-01 
       470 -4.101650432E-02  1.701661907E-01 -1.047820325E-02  8.749748438E+04  1.790862274E+02  3.330015926E+02  2.761443844E+02  3.302874527E+02  1.000882849E+00 
       471 -3.872443978E-02  1.709287414E-01 -8.043812788E-03  8.757430139E+04  1.765611498E+02  3.330684023E+02  2.762554038E+02  3.309104857E+02  1.010702917E+00 
       472 -3.634257562E-02  1.716543837E-01 -5.706210795E-03  8.539924609E+04  1.789210854E+02  3.318195915E+02  2.741890659E+02  3.375216980E+02  1.013411298E+00 
       473 -3.384972842E-02  1.724025179E-01 -3.469956820E-03  8.154258148E+04  1.862405205E+02  3.296085882E+02  2.705487406E+02  3.487658167E+02  1.008427532E+00 
       474 -3.133060076E-02  1.731099844E-01 -1.271304633E-03  7.707911520E+04  1.969656072E+02  3.270111651E+02  2.663016313E+02  3.629957714E+02  9.986723233E-01 
       475 -2.873453975E-02  1.737912906E-01  8.535856133E-04  7.351607056E+04  2.056973248E+02  3.248976059E+02  2.628683548E+02  3.718458385E+02  9.865040071E-01 
       476 -2.611690126E-02  1.744247281E-01  2.958268427E-03  7.097785352E+04  2.126340508E+02  3.232693143E+02  2.602414584E+02  3.789628944E+02  9.779998939E-01 
       477 -2.348835128E-02  1.750433393E-01  5.058280838E-03  6.964954074E+04  2.172342359E+02  3.222788019E+02  2.586482794E+02  3.825603563E+02  9.704909152E-01 
       478 -2.083113736E-02  1.756162102E-01  7.133742148E-03  6.955778027E+04  2.180366850E+02  3.223683977E+02  2.587923317E+02  3.836239376E+02  9.694908876E-01 
       479 -1.816607045E-02  1.761555279E-01  9.209141426E-03  6.985729395E+04  2.207364120E+02  3.224761009E+02  2.589656677E+02  3.824039097E+02  9.579854384E-01 
       480 -1.549262448E-02  1.766467189E-01  1.128626304E-02  7.269631030E+04  2.208436527E+02  3.243171864E+02  2.619396467E+02  3.762745962E+02  9.449257068E-01 
       481 -1.281959455E-02  1.771087169E-01  1.337222607E-02  8.267909521E+04  2.138809304E+02  3.302895129E+02  2.716835415E+02  3.496413682E+02  9.180133455E-01 
       482 -1.015361520E-02  1.775059034E-01  1.547159933E-02  9.800301695E+04  2.046779660E+02  3.385803947E+02  2.854817791E+02  3.042676100E+02  8.819906740E-01 
       483 -7.491200012E-03  1.778633735E-01  1.757589553E-02  9.584540625E+04  2.207267795E+02  3.371705484E+02  2.831064377E+02  3.120087690E+02  8.344309106E-01 
       484 -4.837064878E-03  1.782590199E-01  1.971143984E-02  8.951761377E+04  2.295237160E+02  3.342746506E+02  2.782611370E+02  3.284112339E+02  8.288263232E-01 
       485 -2.188499166E-03  1.785530451E-01  2.185094162E-02  8.854894556E+04  2.301345525E+02  3.339388041E+02  2.777024648E+02  3.325348111E+02  8.339338780E-01 
       486  4.329096806E-04  1.787998193E-01  2.404680664E-02  8.915614697E+04  2.340756836E+02  3.340025253E+02  2.778080654E+02  3.327862282E+02  8.211239353E-01 
       487  3.027224691E-03  1.790317150E-01  2.627094405E-02  8.926116833E+04  2.374863894E+02  3.339631515E+02  2.777417934E+02  3.334958363E+02  8.108131923E-01 
       488  5.626976121E-03  1.792222402E-01  2.847807669E-02  8.992762268E+04  2.390064728E+02  3.343822370E+02  2.784390645E+02  3.329746330E+02  8.051448427E-01 
       489  8.191038637E-03  1.793338257E-01  3.074695743E-02  9.187448840E+04  2.400862617E+02  3.353201933E+02  2.800054467E+02  3.298408558E+02  7.967241267E-01 
       490  1.074058355E-02  1.794129340E-01  3.303046409E-02  9.527866985E+04  2.390203158E+02  3.370114765E+02  2.828391410E+02  3.212251429E+02  7.871169031E-01 
       491  1.325979491E-02  1.793970135E-01  3.532576038E-02  9.939835132E+04  2.370007834E+02  3.389747152E+02  2.861447473E+02  3.090141425E+02  7.762824753E-01 
       492  1.577166567E-02  1.793535417E-01  3.765132951E-02  1.031209052E+05  2.345251875E+02  3.407747436E+02  2.891899023E+02  2.973178291E+02  7.688484294E-01 
       493  1.825553626E-02  1.792503646E-01  4.000403552E-02  1.056389335E+05  2.329739680E+02  3.420844889E+02  2.914154444E+02  2.909053211E+02  7.660836298E-01 
       494  2.071273564E-02  1.790845686E-01  4.238164633E-02  1.074602845E+05  2.327559608E+02  3.429544326E+02  2.928993312E+02  2.868570616E+02  7.620026676E-01 
       495  2.315348782E-02  1.789033294E-01  4.476881837E-02  1.094332489E+05  2.318460040E+02  3.438363986E+02  2.944074001E+02  2.808224845E+02  7.582796719E-01 
       496  2.554611962E-02  1.786610662E-01  4.720294885E-02  1.117655767E+05  2.304921064E+02  3.448708229E+02  2.961821070E+02  2.747071915E+02  7.565596569E-01 
       497  2.790553153E-02  1.783591187E-01  4.966367300E-02  1.137992422E+05  2.300847425E+02  3.457177916E+02  2.976380148E+02  2.702945347E+02  7.531233504E-01 
       498  3.023553076E-02  1.780531658E-01  5.215009418E-02  1.153625548E+05  2.302674899E+02  3.463381033E+02  2.987066379E+02  2.660693061E+02  7.480789954E-01 
       499  3.255140683E-02  1.777481834E-01  5.464573084E-02  1.165589537E+05  2.307062389E+02  3.468044064E+02  2.995113066E+02  2.621334900E+02  7.427480654E-01 
       500  3.480321611E-02  1.773622653E-01  5.719033452E-02  1.173794042E+05  2.306033418E+02  3.471848426E+02  3.001687083E+02  2.600718057E+02  7.411430771E-01 
       501  3.704366447E-02  1.769956776E-01  5.978074099E-02  1.180895765E+05  2.306263199E+02  3.475473952E+02  3.007957397E+02  2.588257926E+02  7.401363296E-01 
       502  3.923116288E-02  1.766153691E-01  6.237867612E-02  1.187461018E+05  2.310657711E+02  3.478882499E+02  3.013858304E+02  2.567803230E+02  7.367940284E-01 
       503  4.136429871E-02  1.761773997E-01  6.501205622E-02  1.191848933E+05  2.314602494E+02  3.481652890E+02  3.018660238E+02  2.549985747E+02  7.337818446E-01 
       504  4.348069858E-02  1.757484529E-01  6.766046190E-02  1.195230967E+05  2.319164081E+02  3.483106499E+02  3.021180887E+02  2.540394330E+02  7.314124014E-01 
       505  4.554226392E-02  1.753162813E-01  7.034950997E-02  1.197027085E+05  2.323520689E+02  3.483558817E+02  3.021965704E+02  2.539020033E+02  7.298861444E-01 
       506  4.756665315E-02  1.748560179E-01  7.306168772E-02  1.196939855E+05  2.327841130E+02  3.483409114E+02  3.021705048E+02  2.540157117E+02  7.285535196E-01 
       507  4.956604909E-02  1.743615796E-01  7.580968578E-02  1.195271171E+05  2.333877317E+02  3.482741162E+02  3.020545949E+02  2.544087376E+02  7.267503075E-01 
       508  5.152654947E-02  1.738670862E-01  7.855886540E-02  1.192625052E+05  2.339556857E+02  3.481636136E+02  3.018629102E+02  2.553275456E+02  7.256146651E-01 
       509  5.347325952E-02  1.733659220E-01  8.131742073E-02  1.190206006E+05  2.338727854E+02  3.480897506E+02  3.017348741E+02  2.561227252E+02  7.270704464E-01 
       510  5.541917190E-02  1.728212690E-01  8.412523757E-02  1.190649946E+05  2.333994426E+02  3.480943698E+02  3.017428733E+02  2.556951782E+02  7.288164811E-01 
       511  5.731737707E-02  1.722438844E-01  8.698058411E-02  1.194935095E+05  2.334278549E+02  3.482409528E+02  3.019972212E+02  2.543562170E+02  7.276081441E-01 
       512  5.917186437E-02  1.716911252E-01  8.979478553E-02  1.197904477E+05  2.338097810E+02  3.483691091E+02  3.022195697E+02  2.535988881E+02  7.256833529E-01 
       513  6.096387184E-02  1.711643945E-01  9.255110888E-02  1.198654500E+05  2.346024152E+02  3.484026811E+02  3.022779545E+02  2.535059284E+02  7.226839790E-01 
       514  6.270700241E-02  1.705757992E-01  9.544380808E-02  1.197547546E+05  2.358150048E+02  3.483342438E+02  3.021591444E+02  2.538365660E+02  7.181656007E-01 
       515  6.442263795E-02  1.699823167E-01  9.834544530E-02  1.195422567E+05  2.368553611E+02  3.482269684E+02  3.019730030E+02  2.543694293E+02  7.146640114E-01 
       516  6.612271722E-02  1.694054111E-01  1.012510921E-01  1.193709977E+05  2.376376607E+02  3.481550286E+02  3.018482904E+02  2.549564412E+02  7.124840808E-01 
       517  6.776083839E-02  1.688452726E-01  1.042003507E-01  1.192667513E+05  2.383458484E+02  3.480984567E+02  3.017502698E+02  2.556255292E+02  7.107325220E-01 
       518  6.936215302E-02  1.682812898E-01  1.071729988E-01  1.191360176E+05  2.388502339E+02  3.480567164E+02  3.016777776E+02  2.565020385E+02  7.099325573E-01 
       519  7.082677073E-02  1.677321085E-01  1.102128146E-01  1.189393445E+05  2.393706105E+02  3.480120111E+02  3.016003275E+02  2.574911720E+02  7.090719924E-01 
       520  7.220712168E-02  1.672497044E-01  1.133584680E-01  1.187163096E+05  2.403065780E+02  3.479641186E+02  3.015177500E+02  2.584705074E+02  7.068981616E-01 
       521  7.342602904E-02  1.668557431E-01  1.165154693E-01  1.185523439E+05  2.409715594E+02  3.480302577E+02  3.016330762E+02  2.585818188E+02  7.051206315E-01 
       522  7.439926912E-02  1.665467988E-01  1.197652411E-01  1.184845463E+05  2.413699679E+02  3.481940560E+02  3.019167514E+02  2.577652879E+02  7.030690350E-01 
       523  7.498839543E-02  1.664581038E-01  1.231239650E-01  1.184455898E+05  2.413445778E+02  3.484325848E+02  3.023299561E+02  2.561828785E+02  7.017923295E-01 
       524  7.530423640E-02  1.665023734E-01  1.265249777E-01  1.184522957E+05  2.409589753E+02  3.486058769E+02  3.026307206E+02  2.561127129E+02  7.036778675E-01 
       525  7.543612494E-02  1.666233331E-01  1.299370256E-01  1.182795215E+05  2.424699001E+02  3.483849545E+02  3.022472343E+02  2.589841251E+02  7.010853030E-01 
       526  7.553122174E-02  1.667952118E-01  1.333496155E-01  1.181582961E+05  2.444309325E+02  3.480622149E+02  3.016876330E+02  2.614397035E+02  6.966555100E-01 
       527  7.566054780E-02  1.669469890E-01  1.367626796E-01  1.180561226E+05  2.446606436E+02  3.481284523E+02  3.018024530E+02  2.607254577E+02  6.954961475E-01 
       528  7.583993244E-02  1.671002891E-01  1.401745263E-01  1.179641024E+05  2.445976731E+02  3.484100518E+02  3.022916898E+02  2.596581968E+02  6.955878767E-01 
       529  7.600645069E-02  1.672586086E-01  1.435869327E-01  1.178511549E+05  2.440049610E+02  3.489271398E+02  3.031923347E+02  2.573114750E+02  6.975741526E-01 
       530  7.611546960E-02  1.674572299E-01  1.470000031E-01  1.179216121E+05  2.385161476E+02  3.500593402E+02  3.052554436E+02  2.472142756E+02  7.126449300E-01 
       531 -5.220359409E-02  2.342994603E-01 -4.210986580E-02  8.164097430E+04  1.827650077E+02  3.296272928E+02  2.706714265E+02  4.445328748E+02  1.147120873E+00 
       532 -5.220192467E-02  2.343108577E-01 -3.821952920E-02  8.088366666E+04  1.857362924E+02  3.292447003E+02  2.699485345E+02  4.462445092E+02  1.141586398E+00 
       533 -5.220302368E-02  2.343278434E-01 -3.432921672E-02  8.092620212E+04  1.856140636E+02  3.293932028E+02  2.701923886E+02  4.458687315E+02  1.141533764E+00 
       534 -5.220531674E-02  2.343446645E-01 -3.043898101E-02  8.205169395E+04  1.822040188E+02  3.301400014E+02  2.714200375E+02  4.423578304E+02  1.146489035E+00 
       535 -5.220735409E-02  2.343651870E-01 -2.654892396E-02  8.390479395E+04  1.782304049E+02  3.311310635E+02  2.730520134E+02  4.384918671E+02  1.152537458E+00 
       536 -5.221355576E-02  2.343966826E-01 -2.266385481E-02  8.543131793E+04  1.753154720E+02  3.318510194E+02  2.742397180E+02  4.364138479E+02  1.157743030E+00 
       537 -5.221196162E-02  2.344309954E-01 -1.877454498E-02  8.566109465E+04  1.740160938E+02  3.318770136E+02  2.742827366E+02  4.363313866E+02  1.160843354E+00 
       538 -5.222596507E-02  2.344687402E-01 -1.488167101E-02  8.428295044E+04  1.755669241E+02  3.311028804E+02  2.730057176E+02  4.389808765E+02  1.159521056E+00 
       539 -5.222923531E-02  2.345160018E-01 -1.099302079E-02  8.191254327E+04  1.815911461E+02  3.297260094E+02  2.707413294E+02  4.441021738E+02  1.149811398E+00 
       540 -5.210275326E-02  2.345957540E-01 -7.104134264E-03  7.964517078E+04  1.878953549E+02  3.286453063E+02  2.689674404E+02  4.489781518E+02  1.139509833E+00 
       541 -5.114101036E-02  2.348545508E-01 -3.375994418E-03  7.895256212E+04  1.893180060E+02  3.285506039E+02  2.688119528E+02  4.498896174E+02  1.137294557E+00 
       542 -4.917766965E-02  2.353023755E-01 -5.047413344E-05  8.008887769E+04  1.877701740E+02  3.290594425E+02  2.696456137E+02  4.483691063E+02  1.140018348E+00 
       543 -4.661414278E-02  2.358651253E-01  2.823323178E-03  8.157050391E+04  1.839420793E+02  3.299434805E+02  2.710964818E+02  4.464076538E+02  1.147875756E+00 
       544 -4.374488282E-02  2.364440537E-01  5.350106892E-03  8.435296527E+04  1.775314050E+02  3.315097487E+02  2.736776299E+02  4.384672060E+02  1.156249547E+00 
       545 -4.059796688E-02  2.370222596E-01  7.583171126E-03  8.839109283E+04  1.657550187E+02  3.335811062E+02  2.771076617E+02  4.290429380E+02  1.176423535E+00 
       546 -3.738701819E-02  2.375676250E-01  9.702642239E-03  8.726837415E+04  1.679935281E+02  3.329502990E+02  2.760631807E+02  4.315139985E+02  1.172767060E+00 
       547 -3.407522408E-02  2.380263225E-01  1.169481074E-02  8.197846179E+04  1.833133271E+02  3.301180592E+02  2.713869438E+02  4.423726845E+02  1.144832505E+00 
       548 -3.073065008E-02  2.384984497E-01  1.361793802E-02  7.992231635E+04  1.890071294E+02  3.291448412E+02  2.697856603E+02  4.466485996E+02  1.134872992E+00 
       549 -2.732884007E-02  2.388770261E-01  1.546643341E-02  8.131003491E+04  1.856623843E+02  3.297987213E+02  2.708587813E+02  4.438624840E+02  1.140048465E+00 
       550 -2.390908864E-02  2.392176502E-01  1.728468609E-02  8.183078230E+04  1.830850530E+02  3.300680053E+02  2.713013078E+02  4.424725349E+02  1.145134449E+00 
       551 -2.044822495E-02  2.394794424E-01  1.908927170E-02  8.109938190E+04  1.864900941E+02  3.295574558E+02  2.704633816E+02  4.446335731E+02  1.139369117E+00 
       552 -1.699643969E-02  2.397114515E-01  2.086461287E-02  8.054771887E+04  1.880808241E+02  3.291495605E+02  2.697959642E+02  4.462200375E+02  1.137918921E+00 
       553 -1.354033893E-02  2.398615604E-01  2.263394957E-02  8.057808154E+04  1.876073608E+02  3.292400284E+02  2.699457130E+02  4.463165302E+02  1.140193336E+00 
       554 -1.007792796E-02  2.399171479E-01  2.439846914E-02  8.086979126E+04  1.887414200E+02  3.292207098E+02  2.699131200E+02  4.460610728E+02  1.138681922E+00 
       555 -6.592279415E-03  2.399646350E-01  2.619220728E-02  8.015879028E+04  1.895741963E+02  3.288428183E+02  2.692929173E+02  4.467692862E+02  1.138585903E+00 
       556 -3.124907716E-03  2.398994093E-01  2.794309000E-02  7.940146289E+04  1.901594858E+02  3.283030262E+02  2.684090118E+02  4.529295235E+02  1.144984439E+00 
       557  3.338943067E-04  2.398017910E-01  2.968583889E-02  1.024532316E+05  2.044137528E+02  3.408543783E+02  2.893435916E+02  3.989420419E+02  1.061063402E+00 
       558  3.794068913E-03  2.396169640E-01  3.144821874E-02  9.987417993E+04  2.123926048E+02  3.397262421E+02  2.874146233E+02  4.024059420E+02  1.043676503E+00 
       559  7.248441593E-03  2.393064044E-01  3.320284907E-02  9.510212109E+04  2.099643717E+02  3.378044491E+02  2.841727896E+02  4.114756794E+02  1.058543649E+00 
       560  1.068879679E-02  2.389885178E-01  3.498866898E-02  9.233137451E+04  2.147479572E+02  3.360167999E+02  2.811741400E+02  4.172505035E+02  1.052681379E+00 
       561  1.412543948E-02  2.386075767E-01  3.676435012E-02  8.999105786E+04  2.167931118E+02  3.346791239E+02  2.789356489E+02  4.251343174E+02  1.052063979E+00 
       562  1.753589177E-02  2.380598424E-01  3.855175648E-02  8.900281445E+04  2.161743336E+02  3.344808369E+02  2.786068592E+02  4.269294090E+02  1.056087531E+00 
       563  2.093820079E-02  2.375000001E-01  4.035454522E-02  9.169265381E+04  2.136043930E+02  3.362150269E+02  2.815072784E+02  4.207902222E+02  1.057720184E+00 
       564  2.432947450E-02  2.368878370E-01  4.215773147E-02  1.026180395E+05  2.083288794E+02  3.415830740E+02  2.905973842E+02  3.968563672E+02  1.056414504E+00 
       565  2.770729830E-02  2.361795572E-01  4.394886350E-02  1.233325249E+05  1.977666540E+02  3.500869703E+02  3.052402501E+02  3.533000517E+02  1.067075679E+00 
       566  3.105826597E-02  2.354459967E-01  4.578622705E-02  1.310018019E+05  1.952685385E+02  3.530110354E+02  3.103293185E+02  3.371834841E+02  1.071472075E+00 
       567  3.438758923E-02  2.346372217E-01  4.762879820E-02  1.241158609E+05  1.978942956E+02  3.510191109E+02  3.068395549E+02  3.475861818E+02  1.059814263E+00 
       568  3.771502906E-02  2.337669833E-01  4.947240569E-02  1.181660375E+05  2.028433530E+02  3.489173503E+02  3.031728852E+02  3.614124794E+02  1.047472543E+00 
       569  4.101460083E-02  2.329246351E-01  5.135281935E-02  1.193475328E+05  2.018861995E+02  3.494129710E+02  3.040350976E+02  3.577049613E+02  1.048541694E+00 
       570  4.428347740E-02  2.319960665E-01  5.324515281E-02  1.231675333E+05  2.012855705E+02  3.507580898E+02  3.063800294E+02  3.460207181E+02  1.046784391E+00 
       571  4.749748393E-02  2.310181580E-01  5.520824782E-02  1.245971587E+05  2.042115321E+02  3.511774092E+02  3.071121478E+02  3.413396978E+02  1.038247876E+00 
       572  5.066691057E-02  2.300652086E-01  5.723980181E-02  1.245170766E+05  2.076482929E+02  3.510474526E+02  3.068849586E+02  3.425949821E+02  1.030178786E+00 
       573  5.379140778E-02  2.290521307E-01  5.932353399E-02  1.246886373E+05  2.087561842E+02  3.511144683E+02  3.070030986E+02  3.462031084E+02  1.028533983E+00 
       574  5.683956615E-02  2.279793322E-01  6.149869556E-02  1.251210337E+05  2.094991884E+02  3.513381042E+02  3.073938904E+02  3.471800823E+02  1.024130076E+00 
       575  5.985072913E-02  2.269370111E-01  6.373374277E-02  1.251655859E+05  2.131297388E+02  3.513135834E+02  3.073503418E+02  3.441711922E+02  1.010277607E+00 
       576  6.280959972E-02  2.258492183E-01  6.601505396E-02  1.246710612E+05  2.184564976E+02  3.511521433E+02  3.070677930E+02  3.422072005E+02  9.926698294E-01 
       577  6.573461678E-02  2.247295145E-01  6.832363097E-02  1.241174310E+05  2.234157772E+02  3.510728550E+02  3.069290223E+02  3.427590055E+02  9.774871254E-01 
       578  6.865501872E-02  2.236625994E-01  7.064894084E-02  1.233727347E+05  2.278519521E+02  3.509254112E+02  3.066713711E+02  3.445241357E+02  9.644062195E-01 
       579  7.151541969E-02  2.224865137E-01  7.302188293E-02  1.218398936E+05  2.311416769E+02  3.504294167E+02  3.058048596E+02  3.471811795E+02  9.533020351E-01 
       580  7.433322259E-02  2.213060150E-01  7.543149031E-02  1.213130334E+05  2.306442719E+02  3.505721159E+02  3.060548463E+02  3.462221937E+02  9.529994540E-01 
       581  7.711325138E-02  2.201536844E-01  7.789825066E-02  1.232731166E+05  2.325055531E+02  3.512761327E+02  3.072849854E+02  3.403508933E+02  9.435191800E-01 
       582  7.981655167E-02  2.189959972E-01  8.044372180E-02  1.238593323E+05  2.337396395E+02  3.518334613E+02  3.082610288E+02  3.377498164E+02  9.376651114E-01 
       583  8.242371870E-02  2.177951216E-01  8.306797326E-02  1.232740122E+05  2.349057436E+02  3.519179821E+02  3.084105492E+02  3.377845268E+02  9.328178242E-01 
       584  8.497819178E-02  2.166305248E-01  8.576177505E-02  1.227318378E+05  2.350879231E+02  3.518243808E+02  3.082466684E+02  3.394856885E+02  9.315801244E-01 
       585  8.747465708E-02  2.155008942E-01  8.852176985E-02  1.223768616E+05  2.337761827E+02  3.515720406E+02  3.078053565E+02  3.398839073E+02  9.346264843E-01 
       586  8.983863293E-02  2.143275504E-01  9.137087988E-02  1.222922686E+05  2.311817615E+02  3.512882047E+02  3.073080301E+02  3.396810503E+02  9.413892515E-01 
       587  9.211779941E-02  2.131724912E-01  9.430579148E-02  1.224236815E+05  2.282700397E+02  3.511004237E+02  3.069785709E+02  3.398964307E+02  9.495841694E-01 
       588  9.424446159E-02  2.121023496E-01  9.738772987E-02  1.226731692E+05  2.257695295E+02  3.510003201E+02  3.068033288E+02  3.404219777E+02  9.571597506E-01 
       589  9.610967173E-02  2.111612431E-01  1.006666829E-01  1.228441600E+05  2.234421228E+02  3.509446202E+02  3.067062272E+02  3.403180110E+02  9.638073635E-01 
       590  9.742401869E-02  2.103903297E-01  1.042235364E-01  1.228692725E+05  2.213061233E+02  3.508880889E+02  3.066081239E+02  3.401908979E+02  9.698105536E-01 
       591  9.764724840E-02  2.101688920E-01  1.080985861E-01  1.228592236E+05  2.196733952E+02  3.508352919E+02  3.065174413E+02  3.405422325E+02  9.745191243E-01 
       592  9.763062643E-02  2.101108570E-01  1.119846410E-01  1.227507181E+05  2.191429304E+02  3.508860838E+02  3.066068387E+02  3.411555940E+02  9.759376831E-01 
       593  9.759894170E-02  2.100363093E-01  1.158782398E-01  1.225786849E+05  2.209129521E+02  3.513521726E+02  3.074220386E+02  3.407677417E+02  9.706529807E-01 
       594  9.760335841E-02  2.100041055E-01  1.197683889E-01  1.225417925E+05  2.223788469E+02  3.524935215E+02  3.094239462E+02  3.321582537E+02  9.652691614E-01 
       595  9.760552297E-02  2.099886023E-01  1.236588659E-01  1.225186037E+05  2.232039066E+02  3.540352197E+02  3.121359961E+02  3.144263695E+02  9.636071153E-01 
       596  9.760989540E-02  2.100145164E-01  1.275491461E-01  1.226340665E+05  2.248245364E+02  3.552918816E+02  3.143542976E+02  2.988461049E+02  9.607905791E-01 
       597  9.760550437E-02  2.100148949E-01  1.314412195E-01  1.228966099E+05  2.270680494E+02  3.559378605E+02  3.155002346E+02  2.966574564E+02  9.533605501E-01 
       598  9.762031038E-02  2.101034915E-01  1.353312483E-01  1.230134715E+05  2.281050631E+02  3.560574352E+02  3.157178949E+02  3.087962402E+02  9.469278161E-01 
       599  9.762506170E-02  2.101609083E-01  1.392228176E-01  1.230374992E+05  2.276529961E+02  3.554515251E+02  3.146488503E+02  3.190119773E+02  9.478573445E-01 
       600  9.764671237E-02  2.102092269E-01  1.431110049E-01  1.231132113E+05  2.246437764E+02  3.544160378E+02  3.128180373E+02  3.246408165E+02  9.575263662E-01 
       601  9.766256924E-02  2.102587391E-01  1.469999989E-01  1.232332642E+05  2.212060075E+02  3.537868204E+02  3.114325495E+02  3.292474489E+02  9.685324617E-01 
