nodenumber     x-coordinate     y-coordinate     z-coordinate         pressure velocity-magnitude      sound-speed      temperature rel-velocity-magnitude relative-velocity-angle 
         1 -2.216901913E-02  1.039879580E-01 -4.300600202E-02  8.753536327E+04  1.538530393E+02  3.330544670E+02  2.762317006E+02  2.356035841E+02  8.593858551E-01 
         2 -2.197401757E-02  1.042260031E-01 -4.002397295E-02  8.746693832E+04  1.545416325E+02  3.329933943E+02  2.761303762E+02  2.363792315E+02  8.585076411E-01 
         3 -2.150271627E-02  1.045375264E-01 -3.708169353E-02  8.734269775E+04  1.550777320E+02  3.329397151E+02  2.760413830E+02  2.370633864E+02  8.582679639E-01 
         4 -2.072290556E-02  1.049359494E-01 -3.421635317E-02  8.724076465E+04  1.554427061E+02  3.329141679E+02  2.759991150E+02  2.376832218E+02  8.589033661E-01 
         5 -1.964621854E-02  1.053757771E-01 -3.145501365E-02  8.709116406E+04  1.563653522E+02  3.328158159E+02  2.758359857E+02  2.382819300E+02  8.564245068E-01 
         6 -1.833909717E-02  1.058829391E-01 -2.880182754E-02  8.692047241E+04  1.571643782E+02  3.327232180E+02  2.756825190E+02  2.394682999E+02  8.566709775E-01 
         7 -1.686396899E-02  1.064019756E-01 -2.624136390E-02  8.678211450E+04  1.582231245E+02  3.326225758E+02  2.755157166E+02  2.405924616E+02  8.552043233E-01 
         8 -1.524276490E-02  1.069101094E-01 -2.376908005E-02  8.659943250E+04  1.591662354E+02  3.325271950E+02  2.753577871E+02  2.415604725E+02  8.540443368E-01 
         9 -1.353040875E-02  1.074492491E-01 -2.136449246E-02  8.636050720E+04  1.602315583E+02  3.324072275E+02  2.751591403E+02  2.426716754E+02  8.527824860E-01 
        10 -1.175719847E-02  1.079385502E-01 -1.899452623E-02  8.615079169E+04  1.613298707E+02  3.323152876E+02  2.750069191E+02  2.437293003E+02  8.509739088E-01 
        11 -9.920451205E-03  1.084473482E-01 -1.667649769E-02  8.608504379E+04  1.624701421E+02  3.322721144E+02  2.749354609E+02  2.445663406E+02  8.483266141E-01 
        12 -8.053093039E-03  1.089314126E-01 -1.437870322E-02  8.626317642E+04  1.628622442E+02  3.323927087E+02  2.751350281E+02  2.445706254E+02  8.468653569E-01 
        13 -6.139911673E-03  1.093816015E-01 -1.211111235E-02  8.678570361E+04  1.623038878E+02  3.326480312E+02  2.755579381E+02  2.429487309E+02  8.446886577E-01 
        14 -4.213714023E-03  1.098625599E-01 -9.853315987E-03  8.764268018E+04  1.606458836E+02  3.330608826E+02  2.762425728E+02  2.405506182E+02  8.461961523E-01 
        15 -2.267252226E-03  1.102821410E-01 -7.616721013E-03  8.857995166E+04  1.562994909E+02  3.336084576E+02  2.771516352E+02  2.372612810E+02  8.596405275E-01 
        16 -3.058463972E-04  1.106716081E-01 -5.380345181E-03  8.950424854E+04  1.493685017E+02  3.340831289E+02  2.779410114E+02  2.342891040E+02  8.887137044E-01 
        17  1.649896870E-03  1.110991589E-01 -3.144821902E-03  8.723601709E+04  1.454757615E+02  3.329807510E+02  2.761116736E+02  2.418502734E+02  9.360558270E-01 
        18  3.605378217E-03  1.114680886E-01 -8.997268064E-04  7.558705566E+04  1.753361392E+02  3.262544174E+02  2.650685425E+02  2.856655359E+02  9.415003695E-01 
        19  5.548952344E-03  1.118349081E-01  1.356589372E-03  6.996338788E+04  2.091111504E+02  3.228178113E+02  2.595142989E+02  3.075482960E+02  8.463717126E-01 
        20  7.472030685E-03  1.121892539E-01  3.633809071E-03  7.301180667E+04  2.100282050E+02  3.249191381E+02  2.629106400E+02  2.932396531E+02  7.825694643E-01 
        21  9.366594022E-03  1.125505666E-01  5.932977735E-03  7.665268250E+04  2.048328607E+02  3.274193461E+02  2.669683287E+02  2.803768847E+02  7.587219672E-01 
        22  1.122147558E-02  1.129077905E-01  8.263617067E-03  7.895883009E+04  2.058657300E+02  3.287057605E+02  2.690682776E+02  2.738694446E+02  7.297848706E-01 
        23  1.303284284E-02  1.132507638E-01  1.062953057E-02  8.047538068E+04  2.093289481E+02  3.294733756E+02  2.703254674E+02  2.682143948E+02  6.926269398E-01 
        24  1.479928419E-02  1.136234762E-01  1.303021626E-02  8.166920869E+04  2.139549749E+02  3.300591182E+02  2.712875948E+02  2.651990837E+02  6.583727105E-01 
        25  1.649617427E-02  1.139938279E-01  1.547769530E-02  8.275242737E+04  2.189296749E+02  3.305850608E+02  2.721523781E+02  2.629980977E+02  6.252224701E-01 
        26  1.811807173E-02  1.143837002E-01  1.797032872E-02  8.349869348E+04  2.247971005E+02  3.309072700E+02  2.726824918E+02  2.619008484E+02  5.915693305E-01 
        27  1.968166241E-02  1.148013513E-01  2.049621310E-02  8.359920856E+04  2.320567684E+02  3.309083564E+02  2.726842115E+02  2.625973694E+02  5.568730813E-01 
        28  2.119101764E-02  1.152299366E-01  2.305322148E-02  8.307814806E+04  2.404915674E+02  3.306001624E+02  2.721767675E+02  2.646970407E+02  5.214752914E-01 
        29  2.266338778E-02  1.156643914E-01  2.563116057E-02  8.245233112E+04  2.492092661E+02  3.301949463E+02  2.715099753E+02  2.675525512E+02  4.875948078E-01 
        30  2.408077791E-02  1.161159634E-01  2.823658064E-02  8.189301636E+04  2.577290218E+02  3.298125451E+02  2.708813641E+02  2.710223801E+02  4.567696485E-01 
        31  2.544088325E-02  1.165921105E-01  3.086849856E-02  8.130972314E+04  2.654206769E+02  3.295483575E+02  2.704474487E+02  2.736075258E+02  4.272992602E-01 
        32  2.674433127E-02  1.170738851E-01  3.352942364E-02  8.071018811E+04  2.729526055E+02  3.293142562E+02  2.700632427E+02  2.757340624E+02  3.972962014E-01 
        33  2.797950643E-02  1.175445507E-01  3.622298897E-02  8.015290704E+04  2.813422539E+02  3.289528292E+02  2.694710085E+02  2.785516235E+02  3.656547001E-01 
        34  2.916313541E-02  1.180056499E-01  3.893937175E-02  7.982075314E+04  2.898760968E+02  3.285970431E+02  2.688887143E+02  2.816532772E+02  3.344196503E-01 
        35  3.031249539E-02  1.184785399E-01  4.167042727E-02  7.993114435E+04  2.956682322E+02  3.287481320E+02  2.691358471E+02  2.822662437E+02  3.078590326E-01 
        36  3.139929926E-02  1.189405785E-01  4.442941843E-02  8.021581934E+04  3.006503363E+02  3.290819483E+02  2.696821705E+02  2.819672327E+02  2.819506417E-01 
        37  3.242013936E-02  1.193808800E-01  4.721660669E-02  8.075675607E+04  3.060662699E+02  3.294056280E+02  2.702132124E+02  2.813449056E+02  2.522433325E-01 
        38  3.340677803E-02  1.198011670E-01  5.002067675E-02  8.208268140E+04  3.090210427E+02  3.302126513E+02  2.715398521E+02  2.780616763E+02  2.249926546E-01 
        39  3.430413654E-02  1.201853153E-01  5.285529857E-02  8.385558374E+04  3.105237942E+02  3.312385750E+02  2.732297716E+02  2.732585163E+02  1.992664346E-01 
        40  3.515433510E-02  1.205874318E-01  5.570324370E-02  8.596885840E+04  3.108107643E+02  3.323432980E+02  2.750554047E+02  2.674661427E+02  1.762145916E-01 
        41  3.592907297E-02  1.209644065E-01  5.857535950E-02  8.834161230E+04  3.093104019E+02  3.335960999E+02  2.771335020E+02  2.606593637E+02  1.590968515E-01 
        42  3.664355424E-02  1.213334730E-01  6.146049591E-02  9.081221069E+04  3.061524963E+02  3.348636808E+02  2.792433486E+02  2.529762869E+02  1.480745701E-01 
        43  3.727845098E-02  1.217084379E-01  6.437276718E-02  9.308008057E+04  3.022885351E+02  3.359371061E+02  2.810357046E+02  2.456624136E+02  1.432394227E-01 
        44  3.781448665E-02  1.220744111E-01  6.730672953E-02  9.482721143E+04  2.984930534E+02  3.367676525E+02  2.824261618E+02  2.397509809E+02  1.443246058E-01 
        45  3.826762164E-02  1.224563704E-01  7.025293559E-02  9.592732410E+04  2.957414722E+02  3.372769606E+02  2.832805567E+02  2.359170352E+02  1.481568877E-01 
        46  3.856443464E-02  1.228195695E-01  7.317567491E-02  9.644540625E+04  2.937370148E+02  3.375984802E+02  2.838211975E+02  2.339025955E+02  1.549728177E-01 
        47  3.882754171E-02  1.231963568E-01  7.616928387E-02  9.661995224E+04  2.917143483E+02  3.381445357E+02  2.847418807E+02  2.318750318E+02  1.623512452E-01 
        48  3.896508106E-02  1.235573809E-01  7.913505459E-02  9.668454883E+04  2.870526009E+02  3.393339462E+02  2.867643623E+02  2.242224236E+02  1.670592874E-01 
        49  3.903512947E-02  1.239238609E-01  8.213137167E-02  9.663153027E+04  2.753441238E+02  3.418021891E+02  2.909789064E+02  2.042134986E+02  1.807401807E-01 
        50  3.900153017E-02  1.243001337E-01  8.510504302E-02  9.648353137E+04  2.579914252E+02  3.453937310E+02  2.971345679E+02  1.697283772E+02  1.811741305E-01 
        51  3.889299026E-02  1.246700891E-01  8.806950082E-02  9.628273517E+04  2.398054576E+02  3.493635707E+02  3.039918637E+02  1.214578228E+02  1.713705553E-01 
        52  3.870303970E-02  1.250405990E-01  9.105247242E-02  9.612941919E+04  2.321952462E+02  3.520641212E+02  3.086787467E+02  7.904107249E+01  5.112539721E-02 
        53  3.847530202E-02  1.253810613E-01  9.402032493E-02  9.671717850E+04  2.334688324E+02  3.529074417E+02  3.101541682E+02  4.646350801E+01 -3.906293104E-01 
        54  3.809583015E-02  1.257752167E-01  9.695318516E-02  9.674329004E+04  2.304435196E+02  3.529807281E+02  3.102772179E+02  4.072431898E+01 -1.009795282E+00 
        55  3.767199372E-02  1.261489404E-01  9.992435767E-02  9.793511694E+04  2.455736136E+02  3.524390955E+02  3.093243065E+02  4.817859221E+01 -1.621279344E+00 
        56  3.723780727E-02  1.265196365E-01  1.028569506E-01  9.998347324E+04  2.546892950E+02  3.519585710E+02  3.084818549E+02  6.542461912E+01 -1.168110783E+00 
        57  3.672955052E-02  1.269046997E-01  1.057947981E-01  1.013389634E+05  2.460801644E+02  3.504244084E+02  3.057982268E+02  1.096899090E+02 -9.199848061E-02 
        58  3.615520807E-02  1.273091289E-01  1.087154776E-01  1.030265322E+05  2.380617146E+02  3.478570080E+02  3.013367376E+02  1.508064904E+02  2.485830877E-01 
        59  3.556812424E-02  1.277144368E-01  1.116309472E-01  1.052086391E+05  2.439361839E+02  3.449626575E+02  2.963430631E+02  1.798411903E+02  2.926158851E-01 
        60  3.495651588E-02  1.281329458E-01  1.145394580E-01  1.070051868E+05  2.509630437E+02  3.435193195E+02  2.938664064E+02  1.895375838E+02  2.755016703E-01 
        61  3.433795015E-02  1.285471243E-01  1.174457346E-01  1.079640122E+05  2.562181470E+02  3.433041372E+02  2.934960871E+02  1.912179346E+02  2.480639797E-01 
        62  3.376061330E-02  1.289460490E-01  1.203607660E-01  1.082409513E+05  2.617813630E+02  3.435834839E+02  2.939736264E+02  1.926991816E+02  2.194335454E-01 
        63  3.331803132E-02  1.293309423E-01  1.232882868E-01  1.081687715E+05  2.672496430E+02  3.435881618E+02  2.939816135E+02  1.959257450E+02  1.985127851E-01 
        64  3.310586596E-02  1.296649637E-01  1.262581306E-01  1.080669714E+05  2.702178531E+02  3.434093258E+02  2.936756589E+02  1.981498585E+02  1.900085445E-01 
        65  3.306639982E-02  1.299493947E-01  1.292495641E-01  1.079622001E+05  2.724914684E+02  3.429539598E+02  2.928973285E+02  1.998636784E+02  1.839343467E-01 
        66  3.322486525E-02  1.302097713E-01  1.322380794E-01  1.077635390E+05  2.725443742E+02  3.428273653E+02  2.926809924E+02  2.018382654E+02  1.924588236E-01 
        67  3.356462385E-02  1.304573038E-01  1.352130229E-01  1.075250685E+05  2.735430255E+02  3.426612300E+02  2.923973395E+02  2.026500343E+02  1.915357194E-01 
        68  3.400410102E-02  1.306751199E-01  1.381765647E-01  1.072202681E+05  2.744124594E+02  3.426073074E+02  2.923053916E+02  2.030638111E+02  1.899893638E-01 
        69  3.451963359E-02  1.308741206E-01  1.411278790E-01  1.069078687E+05  2.756093380E+02  3.425473108E+02  2.922029700E+02  2.040190260E+02  1.884886583E-01 
        70  3.508991352E-02  1.310576265E-01  1.440660380E-01  1.066133103E+05  2.770637503E+02  3.424664841E+02  2.920649364E+02  2.060089850E+02  1.890912335E-01 
        71  3.570211579E-02  1.312503676E-01  1.470000000E-01  1.063032910E+05  2.786944695E+02  3.423559036E+02  2.918736649E+02  2.087291260E+02  1.909426600E-01 
        72 -2.843361623E-02  1.708417341E-01 -4.258217492E-02  8.213568066E+04  1.835190949E+02  3.300378590E+02  2.712505789E+02  3.441425104E+02  1.008326728E+00 
        73 -2.838826984E-02  1.709653765E-01 -3.916427879E-02  8.216430176E+04  1.835618417E+02  3.300797269E+02  2.713194652E+02  3.443459525E+02  1.008636470E+00 
        74 -2.835908450E-02  1.711140563E-01 -3.574649433E-02  8.236117773E+04  1.833099988E+02  3.301927125E+02  2.715055399E+02  3.426611850E+02  1.006487376E+00 
        75 -2.838361088E-02  1.712589164E-01 -3.232950605E-02  8.271793286E+04  1.840726500E+02  3.302729454E+02  2.716374969E+02  3.439261274E+02  1.006554909E+00 
        76 -2.841360827E-02  1.714319125E-01 -2.891476756E-02  8.326367871E+04  1.826024561E+02  3.306832595E+02  2.723126841E+02  3.411774511E+02  1.006571844E+00 
        77 -2.833774301E-02  1.716334782E-01 -2.549995819E-02  8.382982031E+04  1.812451524E+02  3.310268021E+02  2.728790892E+02  3.392032748E+02  1.007803007E+00 
        78 -2.791452343E-02  1.719215161E-01 -2.212016887E-02  8.415399805E+04  1.812886286E+02  3.311097755E+02  2.730157423E+02  3.404388943E+02  1.009917971E+00 
        79 -2.700703325E-02  1.722886754E-01 -1.884820631E-02  8.412591968E+04  1.810426016E+02  3.310313702E+02  2.728863659E+02  3.402821226E+02  1.010399126E+00 
        80 -2.544395246E-02  1.727209334E-01 -1.584518523E-02  8.323008789E+04  1.816361310E+02  3.305861459E+02  2.721530218E+02  3.436520717E+02  1.014397339E+00 
        81 -2.351536464E-02  1.732363399E-01 -1.306823492E-02  8.140507260E+04  1.842562176E+02  3.296680725E+02  2.706440687E+02  3.480228977E+02  1.013238158E+00 
        82 -2.134527601E-02  1.737374909E-01 -1.047435973E-02  7.874634174E+04  1.918317801E+02  3.279383553E+02  2.678131494E+02  3.565311939E+02  1.003812063E+00 
        83 -1.897326710E-02  1.742189522E-01 -8.035177519E-03  7.583616418E+04  1.980182045E+02  3.263567190E+02  2.652365998E+02  3.628973641E+02  9.951147004E-01 
        84 -1.652827274E-02  1.746780172E-01 -5.688541800E-03  7.380506598E+04  2.049916351E+02  3.249863753E+02  2.630120783E+02  3.696582260E+02  9.849198842E-01 
        85 -1.397929867E-02  1.751251779E-01 -3.446989688E-03  7.290933838E+04  2.077176828E+02  3.245650926E+02  2.623303747E+02  3.717026472E+02  9.798085652E-01 
        86 -1.139011487E-02  1.755573757E-01 -1.256774906E-03  7.364936902E+04  2.104216287E+02  3.248816266E+02  2.628445463E+02  3.714088187E+02  9.700063039E-01 
        87 -8.734274343E-03  1.759085237E-01  8.667805443E-04  7.817493756E+04  2.047527179E+02  3.277158456E+02  2.674574709E+02  3.582482512E+02  9.637664193E-01 
        88 -6.073383534E-03  1.762548475E-01  2.984781313E-03  8.809824933E+04  1.916987921E+02  3.332010701E+02  2.764848084E+02  3.324819510E+02  9.642407927E-01 
        89 -3.359730182E-03  1.765819110E-01  5.053045394E-03  9.787904724E+04  1.743742393E+02  3.383852787E+02  2.851501955E+02  3.063762994E+02  9.881367027E-01 
        90 -6.741955509E-04  1.768270807E-01  7.130208361E-03  9.647782233E+04  1.711902884E+02  3.372169307E+02  2.831814357E+02  3.103525665E+02  1.003898268E+00 
        91  2.027043660E-03  1.770783858E-01  9.208570588E-03  7.913540376E+04  1.937471365E+02  3.281449454E+02  2.681543066E+02  3.597813712E+02  1.003845193E+00 
        92  4.731686997E-03  1.772422585E-01  1.127155269E-02  7.416087503E+04  2.108589494E+02  3.251498734E+02  2.632780278E+02  3.735071824E+02  9.726671554E-01 
        93  7.454465044E-03  1.773874983E-01  1.334309669E-02  7.396024324E+04  2.111752332E+02  3.247322672E+02  2.626030752E+02  3.746146470E+02  9.738431124E-01 
        94  1.015989937E-02  1.775222933E-01  1.545596277E-02  7.089351893E+04  2.186526563E+02  3.229107848E+02  2.596712121E+02  3.812262115E+02  9.629139993E-01 
        95  1.284858280E-02  1.775661421E-01  1.756817794E-02  6.728553302E+04  2.270697461E+02  3.208297659E+02  2.563327571E+02  3.906040914E+02  9.545771116E-01 
        96  1.551966693E-02  1.776138061E-01  1.970369132E-02  6.423128522E+04  2.358727250E+02  3.187938092E+02  2.530967572E+02  4.004201517E+02  9.467136944E-01 
        97  1.817410325E-02  1.776258069E-01  2.186017323E-02  6.168352783E+04  2.459039488E+02  3.168381491E+02  2.499984689E+02  4.098156977E+02  9.343876084E-01 
        98  2.080993586E-02  1.775631240E-01  2.403936301E-02  5.984410486E+04  2.526440988E+02  3.157451949E+02  2.482719612E+02  4.131095390E+02  9.194596503E-01 
        99  2.341570779E-02  1.774969016E-01  2.625394818E-02  5.920390308E+04  2.575824351E+02  3.153955774E+02  2.477222886E+02  4.136090279E+02  9.041934516E-01 
       100  2.600295182E-02  1.773818036E-01  2.848806157E-02  6.093066357E+04  2.592587280E+02  3.165887728E+02  2.496172829E+02  4.099500399E+02  8.902061433E-01 
       101  2.856627515E-02  1.771883875E-01  3.074502562E-02  6.651292432E+04  2.546490059E+02  3.204326878E+02  2.557666769E+02  3.946747074E+02  8.735370226E-01 
       102  3.110662233E-02  1.769811535E-01  3.302644514E-02  7.491610376E+04  2.462615805E+02  3.259820967E+02  2.646991682E+02  3.707406883E+02  8.521996308E-01 
       103  3.362247542E-02  1.767159818E-01  3.532849163E-02  8.167364075E+04  2.426313152E+02  3.300203304E+02  2.712422814E+02  3.526260128E+02  8.283484802E-01 
       104  3.610895472E-02  1.763647845E-01  3.765120331E-02  8.301580579E+04  2.473963139E+02  3.306113205E+02  2.722013912E+02  3.495906720E+02  8.067675577E-01 
       105  3.856497337E-02  1.759966372E-01  4.000321012E-02  8.048266464E+04  2.561957473E+02  3.292270033E+02  2.699263079E+02  3.582378500E+02  7.925095479E-01 
       106  4.103059304E-02  1.755360248E-01  4.234569910E-02  7.811768584E+04  2.631533655E+02  3.281022618E+02  2.680800432E+02  3.628670225E+02  7.772505449E-01 
       107  4.340106546E-02  1.750377176E-01  4.474435622E-02  7.841212186E+04  2.685628753E+02  3.281014352E+02  2.680795154E+02  3.631548197E+02  7.596309956E-01 
       108  4.575540032E-02  1.745445103E-01  4.717695363E-02  8.191602783E+04  2.673407860E+02  3.301802297E+02  2.714954700E+02  3.535583968E+02  7.459577853E-01 
       109  4.807037784E-02  1.739953488E-01  4.963532790E-02  8.832068506E+04  2.622334614E+02  3.337237873E+02  2.773586273E+02  3.356034298E+02  7.312064711E-01 
       110  5.034733117E-02  1.734133857E-01  5.212084081E-02  9.517727051E+04  2.577502174E+02  3.372383671E+02  2.832258587E+02  3.179465275E+02  7.169198953E-01 
       111  5.258765486E-02  1.728405975E-01  5.464144749E-02  9.961995508E+04  2.566203575E+02  3.395779133E+02  2.871617470E+02  3.050192394E+02  7.002432309E-01 
       112  5.479076840E-02  1.722430532E-01  5.718902978E-02  1.023437449E+05  2.577953444E+02  3.409527035E+02  2.894900599E+02  2.976077385E+02  6.848402061E-01 
       113  5.694737683E-02  1.716020731E-01  5.976586917E-02  1.052453052E+05  2.576773312E+02  3.422614579E+02  2.917166846E+02  2.914872420E+02  6.763052880E-01 
       114  5.911848447E-02  1.709340834E-01  6.233872565E-02  1.086096688E+05  2.566471125E+02  3.436368593E+02  2.940655290E+02  2.846314718E+02  6.701493988E-01 
       115  6.119351897E-02  1.703313828E-01  6.496775561E-02  1.114826978E+05  2.559328194E+02  3.448099737E+02  2.960772219E+02  2.770001326E+02  6.628339496E-01 
       116  6.319798910E-02  1.696485115E-01  6.765543605E-02  1.137068588E+05  2.547082996E+02  3.458577981E+02  2.978789716E+02  2.693625660E+02  6.577977790E-01 
       117  6.520189851E-02  1.689621155E-01  7.034628384E-02  1.158273418E+05  2.522422485E+02  3.469351492E+02  2.997374039E+02  2.629046640E+02  6.596300807E-01 
       118  6.717992039E-02  1.682884043E-01  7.305807409E-02  1.174903516E+05  2.509805212E+02  3.475711193E+02  3.008366585E+02  2.590872498E+02  6.604799554E-01 
       119  6.910755662E-02  1.675987334E-01  7.579818779E-02  1.187548037E+05  2.494140306E+02  3.480224414E+02  3.016182201E+02  2.567879636E+02  6.646056972E-01 
       120  7.101404689E-02  1.668389198E-01  7.852135391E-02  1.196914226E+05  2.463454161E+02  3.485139120E+02  3.024711268E+02  2.551506560E+02  6.751415948E-01 
       121  7.286652020E-02  1.661304029E-01  8.130170181E-02  1.197628738E+05  2.452660677E+02  3.485873749E+02  3.025985126E+02  2.542182295E+02  6.789420948E-01 
       122  7.473378469E-02  1.653966549E-01  8.408122010E-02  1.197563203E+05  2.443923512E+02  3.486556358E+02  3.027171021E+02  2.535270004E+02  6.822137721E-01 
       123  7.654776682E-02  1.646234676E-01  8.688218818E-02  1.197550144E+05  2.428032494E+02  3.487977715E+02  3.029646959E+02  2.534647851E+02  6.888359580E-01 
       124  7.830115451E-02  1.638494494E-01  8.971806956E-02  1.195673452E+05  2.411722584E+02  3.490754776E+02  3.034492664E+02  2.536264782E+02  6.958084218E-01 
       125  8.003223315E-02  1.630890187E-01  9.257063461E-02  1.192781077E+05  2.409561396E+02  3.493719225E+02  3.039673109E+02  2.528640556E+02  6.964523103E-01 
       126  8.174167210E-02  1.623344685E-01  9.543869445E-02  1.190456183E+05  2.415677621E+02  3.495426078E+02  3.042661252E+02  2.507839773E+02  6.928214240E-01 
       127  8.339566060E-02  1.615413001E-01  9.829620033E-02  1.189873920E+05  2.404547309E+02  3.499158911E+02  3.049182078E+02  2.473764383E+02  6.956250203E-01 
       128  8.500809507E-02  1.607572746E-01  1.012133408E-01  1.188684384E+05  2.375741141E+02  3.507883606E+02  3.064441252E+02  2.431235313E+02  7.057387447E-01 
       129  8.654116005E-02  1.600133249E-01  1.041766726E-01  1.186247684E+05  2.360955317E+02  3.516527964E+02  3.079575229E+02  2.371860082E+02  7.096078908E-01 
       130  8.807530659E-02  1.592883350E-01  1.071513815E-01  1.184828337E+05  2.368561363E+02  3.519583645E+02  3.084907551E+02  2.300412073E+02  7.027678015E-01 
       131  8.946870181E-02  1.585918917E-01  1.101955952E-01  1.185621497E+05  2.365153066E+02  3.524314051E+02  3.093153341E+02  2.183570696E+02  6.994438132E-01 
       132  9.078169785E-02  1.579398834E-01  1.132895212E-01  1.186876327E+05  2.279060104E+02  3.536639800E+02  3.114784989E+02  2.097965212E+02  7.367867138E-01 
       133  9.193376095E-02  1.573753789E-01  1.164622823E-01  1.185887013E+05  2.222433405E+02  3.538028255E+02  3.117219510E+02  2.100643313E+02  7.620801190E-01 
       134  9.287851211E-02  1.569754829E-01  1.197270904E-01  1.185127849E+05  2.257624178E+02  3.527459968E+02  3.098640149E+02  2.165076366E+02  7.470885259E-01 
       135  9.346963790E-02  1.567893278E-01  1.230899614E-01  1.184058450E+05  2.332171656E+02  3.509324958E+02  3.066910262E+02  2.351072625E+02  7.237794099E-01 
       136  9.376445592E-02  1.568076376E-01  1.265149706E-01  1.184086843E+05  2.398781579E+02  3.488706665E+02  3.030953784E+02  2.556808143E+02  7.090679836E-01 
       137  9.391306034E-02  1.569225935E-01  1.299303306E-01  1.183014956E+05  2.416555624E+02  3.478885832E+02  3.013873482E+02  2.610900307E+02  7.063214127E-01 
       138  9.402896493E-02  1.570765633E-01  1.333445553E-01  1.181388213E+05  2.409751091E+02  3.477681484E+02  3.011781368E+02  2.591790495E+02  7.079273853E-01 
       139  9.417960043E-02  1.572174564E-01  1.367593072E-01  1.180309517E+05  2.418522549E+02  3.477305851E+02  3.011130519E+02  2.600133829E+02  7.059504222E-01 
       140  9.437397158E-02  1.573466446E-01  1.401725853E-01  1.179440773E+05  2.429056897E+02  3.477766585E+02  3.011928763E+02  2.615565236E+02  7.039670432E-01 
       141  9.455826038E-02  1.574868932E-01  1.435861248E-01  1.179206498E+05  2.435152353E+02  3.479464678E+02  3.014867159E+02  2.619001699E+02  7.025868336E-01 
       142  9.468914447E-02  1.576724412E-01  1.470000022E-01  1.178331099E+05  2.439778528E+02  3.480307598E+02  3.016441898E+02  2.622274981E+02  7.019623592E-01 
       143 -2.515044289E-02  2.387134140E-01 -4.211006034E-02  8.305481443E+04  1.816796944E+02  3.305086216E+02  2.720249832E+02  4.420558860E+02  1.147294626E+00 
       144 -2.515073613E-02  2.387267259E-01 -3.821832766E-02  8.441070338E+04  1.783313186E+02  3.312661911E+02  2.732741348E+02  4.389104504E+02  1.152620864E+00 
       145 -2.514274647E-02  2.387409373E-01 -3.433018188E-02  8.569183385E+04  1.742583040E+02  3.320806107E+02  2.746194348E+02  4.332332663E+02  1.157746431E+00 
       146 -2.514933814E-02  2.387615668E-01 -3.043885368E-02  8.602828249E+04  1.751464297E+02  3.320796188E+02  2.746179792E+02  4.350431976E+02  1.157440296E+00 
       147 -2.514205174E-02  2.387863737E-01 -2.655197175E-02  8.495313155E+04  1.781463895E+02  3.314761462E+02  2.736209918E+02  4.385886894E+02  1.153614058E+00 
       148 -2.514801404E-02  2.388163633E-01 -2.268742808E-02  8.278536975E+04  1.815774915E+02  3.305220859E+02  2.720480482E+02  4.372249586E+02  1.143937175E+00 
       149 -2.514603624E-02  2.387984711E-01 -1.877579094E-02  8.053881348E+04  1.875475368E+02  3.291780357E+02  2.698397331E+02  4.469058914E+02  1.138435185E+00 
       150 -2.513833525E-02  2.388756875E-01 -1.487946342E-02  7.906057370E+04  1.905715193E+02  3.284473325E+02  2.686425029E+02  4.484090563E+02  1.132738570E+00 
       151 -2.514495058E-02  2.389300222E-01 -1.098752945E-02  7.907197742E+04  1.924677831E+02  3.281808347E+02  2.682073170E+02  4.510942743E+02  1.130832585E+00 
       152 -2.501801490E-02  2.389948317E-01 -7.101428526E-03  8.114490192E+04  1.859747916E+02  3.295177541E+02  2.703979976E+02  4.454522822E+02  1.140610912E+00 
       153 -2.403359079E-02  2.391541778E-01 -3.362202731E-03  8.578558087E+04  1.747097898E+02  3.319646907E+02  2.744292826E+02  4.356638985E+02  1.158762496E+00 
       154 -2.203079393E-02  2.393877231E-01 -4.501692070E-05  8.932786246E+04  1.664049014E+02  3.338689799E+02  2.775855543E+02  4.293066586E+02  1.173619285E+00 
       155 -1.942355624E-02  2.396357170E-01  2.825132604E-03  8.683603351E+04  1.727811140E+02  3.324927429E+02  2.753042378E+02  4.340325952E+02  1.162039687E+00 
       156 -1.648721574E-02  2.398964014E-01  5.342831758E-03  8.188879968E+04  1.882165121E+02  3.294800222E+02  2.703379211E+02  4.442221191E+02  1.133410870E+00 
       157 -1.330897545E-02  2.400801911E-01  7.594698846E-03  8.033190869E+04  1.873950188E+02  3.290156789E+02  2.695747232E+02  4.484550834E+02  1.140074451E+00 
       158 -1.004552185E-02  2.402353079E-01  9.709455816E-03  8.087031885E+04  1.855019617E+02  3.291797442E+02  2.698436294E+02  4.459652214E+02  1.142338311E+00 
       159 -6.714656287E-03  2.403804415E-01  1.171394437E-02  8.081445679E+04  1.847514902E+02  3.290957326E+02  2.697055783E+02  4.456248229E+02  1.144116128E+00 
       160 -3.322138608E-03  2.404066774E-01  1.362735999E-02  7.995635291E+04  1.857289164E+02  3.287520797E+02  2.691424458E+02  4.485060050E+02  1.145327502E+00 
       161  9.783589121E-05  2.404201762E-01  1.547870720E-02  7.987516284E+04  1.849083643E+02  3.287628369E+02  2.691618972E+02  4.467593246E+02  1.146705020E+00 
       162  3.534439975E-03  2.403949673E-01  1.730379042E-02  8.225846118E+04  1.804645090E+02  3.302266874E+02  2.715900211E+02  4.442502003E+02  1.157699335E+00 
       163  6.969024296E-03  2.402279751E-01  1.908412837E-02  9.229280066E+04  1.559768398E+02  3.356629813E+02  2.806031296E+02  4.232278421E+02  1.199136560E+00 
       164  1.043411823E-02  2.400800089E-01  2.085152946E-02  7.965586996E+04  1.884987828E+02  3.291982030E+02  2.698749941E+02  4.506418569E+02  1.143791682E+00 
       165  1.388371434E-02  2.398652026E-01  2.263181169E-02  7.947785608E+04  1.857160320E+02  3.290365064E+02  2.696093616E+02  4.459479790E+02  1.146154702E+00 
       166  1.734145131E-02  2.394992745E-01  2.440657916E-02  7.913905200E+04  1.888983836E+02  3.286074491E+02  2.689060254E+02  4.494909711E+02  1.140215453E+00 
       167  2.080043859E-02  2.391294908E-01  2.615375350E-02  7.905656279E+04  1.888178843E+02  3.289100258E+02  2.694008330E+02  4.462172619E+02  1.137624784E+00 
       168  2.424052770E-02  2.387186889E-01  2.792040504E-02  7.899667444E+04  1.891038823E+02  3.290176835E+02  2.695776634E+02  4.416022959E+02  1.133256671E+00 
       169  2.766624902E-02  2.381908713E-01  2.968394578E-02  7.878386462E+04  1.924705431E+02  3.287279725E+02  2.691029458E+02  4.439681382E+02  1.127429994E+00 
       170  3.108229850E-02  2.375970478E-01  3.144655572E-02  7.846744391E+04  1.950880731E+02  3.285672333E+02  2.688407838E+02  4.445724387E+02  1.122201129E+00 
       171  3.449726266E-02  2.369314331E-01  3.319569832E-02  7.849278177E+04  1.972595681E+02  3.285997401E+02  2.688945240E+02  4.433568816E+02  1.116182233E+00 
       172  3.787267708E-02  2.362004853E-01  3.498142333E-02  7.893248804E+04  1.983395982E+02  3.289115968E+02  2.694059033E+02  4.422043934E+02  1.113274273E+00 
       173  4.123744789E-02  2.354271843E-01  3.677379579E-02  7.923166565E+04  1.994570398E+02  3.291518707E+02  2.697999334E+02  4.412128987E+02  1.111391744E+00 
       174  4.456263149E-02  2.345133553E-01  3.856958315E-02  7.871607619E+04  2.009950370E+02  3.291389278E+02  2.697784783E+02  4.405127678E+02  1.109132061E+00 
       175  4.789152860E-02  2.335402793E-01  4.034492433E-02  7.710357565E+04  2.067005147E+02  3.281084166E+02  2.680933996E+02  4.417976165E+02  1.098223553E+00 
       176  5.119514426E-02  2.325727211E-01  4.215365701E-02  7.512072650E+04  2.126286830E+02  3.267416189E+02  2.658641819E+02  4.453574585E+02  1.087985796E+00 
       177  5.444737908E-02  2.314873556E-01  4.396264389E-02  7.311080580E+04  2.177734663E+02  3.254891573E+02  2.638281469E+02  4.478517938E+02  1.077965547E+00 
       178  5.771043354E-02  2.303389779E-01  4.576361213E-02  7.101247012E+04  2.258500723E+02  3.239515892E+02  2.613456528E+02  4.556823354E+02  1.067837058E+00 
       179  6.093363739E-02  2.292015055E-01  4.761570799E-02  6.852740454E+04  2.358978043E+02  3.220969343E+02  2.583652306E+02  4.629504776E+02  1.052682647E+00 
       180  6.411569228E-02  2.279427553E-01  4.946832252E-02  6.677171899E+04  2.475994711E+02  3.208197069E+02  2.563223028E+02  4.687972984E+02  1.030571289E+00 
       181  6.728438578E-02  2.267057043E-01  5.135068917E-02  6.917741211E+04  2.564181223E+02  3.232884836E+02  2.602853355E+02  4.607448282E+02  9.966364410E-01 
       182  7.045491472E-02  2.254566135E-01  5.324396322E-02  8.079208411E+04  2.657992182E+02  3.297775173E+02  2.708971620E+02  4.407093396E+02  9.468319416E-01 
       183  7.352398986E-02  2.240979077E-01  5.520813549E-02  9.651242261E+04  2.498961306E+02  3.380503778E+02  2.846291337E+02  4.001286154E+02  9.455679543E-01 
       184  7.654294831E-02  2.227589545E-01  5.724026033E-02  1.042863744E+05  2.393233694E+02  3.415694056E+02  2.905419818E+02  3.888227527E+02  9.610903027E-01 
       185  7.954929441E-02  2.214414527E-01  5.933596166E-02  1.085323972E+05  2.413834763E+02  3.444289722E+02  2.954391823E+02  3.773262510E+02  9.461854007E-01 
       186  8.244157493E-02  2.200232159E-01  6.149679439E-02  1.247357324E+05  2.383872833E+02  3.514251862E+02  3.075531998E+02  3.405069427E+02  9.346810430E-01 
       187  8.531452000E-02  2.186177542E-01  6.372436707E-02  1.192167001E+05  2.457855613E+02  3.480153825E+02  3.016091189E+02  3.576828926E+02  9.171274258E-01 
       188  8.816039266E-02  2.172472440E-01  6.601424901E-02  1.214820813E+05  2.332401881E+02  3.500641661E+02  3.051699271E+02  3.477689776E+02  9.467496891E-01 
       189  9.092008057E-02  2.157826082E-01  6.831794754E-02  1.215211633E+05  2.270782611E+02  3.498011556E+02  3.047096727E+02  3.483314621E+02  9.642153231E-01 
       190  9.367581728E-02  2.143255962E-01  7.064980943E-02  1.218663299E+05  2.231792709E+02  3.498441686E+02  3.047851572E+02  3.480085686E+02  9.737926543E-01 
       191  9.641114101E-02  2.128789625E-01  7.302159977E-02  1.223967366E+05  2.234411932E+02  3.498501754E+02  3.047957891E+02  3.457167165E+02  9.714955622E-01 
       192  9.907895187E-02  2.114028516E-01  7.542603674E-02  1.226998658E+05  2.191327932E+02  3.504452059E+02  3.058331773E+02  3.450211253E+02  9.828932649E-01 
       193  1.016896232E-01  2.099003163E-01  7.789626121E-02  1.228675630E+05  2.215930400E+02  3.502238555E+02  3.054471231E+02  3.442839580E+02  9.751007622E-01 
       194  1.042573666E-01  2.084682280E-01  8.044071344E-02  1.228963318E+05  2.199367524E+02  3.508787484E+02  3.065911665E+02  3.430684440E+02  9.799257712E-01 
       195  1.067132028E-01  2.069758083E-01  8.306726980E-02  1.226988751E+05  2.214036694E+02  3.515566972E+02  3.077814401E+02  3.421349202E+02  9.745748010E-01 
       196  1.091091693E-01  2.055182938E-01  8.576040538E-02  1.226878230E+05  2.234285102E+02  3.524040729E+02  3.092699049E+02  3.386469179E+02  9.668684853E-01 
       197  1.114533399E-01  2.040960959E-01  8.851719904E-02  1.226909185E+05  2.242112439E+02  3.538881742E+02  3.118858682E+02  3.321866296E+02  9.630306994E-01 
       198  1.136946430E-01  2.026973542E-01  9.137514269E-02  1.225187607E+05  2.237420088E+02  3.557865601E+02  3.152426117E+02  3.222851805E+02  9.637618164E-01 
       199  1.158224243E-01  2.012857480E-01  9.431046231E-02  1.223595618E+05  2.257448610E+02  3.570879145E+02  3.175463828E+02  3.084008898E+02  9.594129837E-01 
       200  1.177983438E-01  1.999614296E-01  9.738734661E-02  1.223681232E+05  2.292788624E+02  3.578748683E+02  3.189412599E+02  2.930000398E+02  9.515069125E-01 
       201  1.195376812E-01  1.988013159E-01  1.006637087E-01  1.224035360E+05  2.312546096E+02  3.581417552E+02  3.194158882E+02  2.838406811E+02  9.479109113E-01 
       202  1.207748534E-01  1.979244993E-01  1.042263433E-01  1.222843588E+05  2.330804762E+02  3.568631194E+02  3.171458635E+02  2.937750194E+02  9.400172955E-01 
       203  1.209766187E-01  1.976967879E-01  1.080979692E-01  1.223918920E+05  2.330472590E+02  3.541391004E+02  3.123277116E+02  3.252846069E+02  9.364255597E-01 
       204  1.209415894E-01  1.976147862E-01  1.119887176E-01  1.225933418E+05  2.298288673E+02  3.519862015E+02  3.085356829E+02  3.351343768E+02  9.439670765E-01 
       205  1.209136670E-01  1.975679793E-01  1.158784497E-01  1.226794634E+05  2.267461578E+02  3.510708102E+02  3.069281031E+02  3.402128928E+02  9.531862776E-01 
       206  1.209140530E-01  1.975343277E-01  1.197687765E-01  1.226983867E+05  2.230700846E+02  3.510841217E+02  3.069512223E+02  3.401418355E+02  9.639455125E-01 
       207  1.209033119E-01  1.974945510E-01  1.236620610E-01  1.227170489E+05  2.203911396E+02  3.514788992E+02  3.076436359E+02  3.351899315E+02  9.707805025E-01 
       208  1.208998844E-01  1.975608583E-01  1.275528569E-01  1.226184272E+05  2.207789459E+02  3.518982843E+02  3.083835842E+02  3.372280266E+02  9.709286536E-01 
       209  1.209086196E-01  1.975927695E-01  1.314428594E-01  1.225828155E+05  2.203500981E+02  3.525080678E+02  3.094552715E+02  3.370740453E+02  9.723185704E-01 
       210  1.209261261E-01  1.976437754E-01  1.353324952E-01  1.226592190E+05  2.217211460E+02  3.530678835E+02  3.104404116E+02  3.314925806E+02  9.677459144E-01 
       211  1.209477387E-01  1.976921952E-01  1.392217013E-01  1.227085816E+05  2.210967016E+02  3.538652399E+02  3.118449282E+02  3.218622860E+02  9.701840507E-01 
       212  1.209659901E-01  1.977439656E-01  1.431109690E-01  1.229659676E+05  2.195910563E+02  3.549131122E+02  3.136789484E+02  3.082403639E+02  9.756463470E-01 
       213  1.210017723E-01  1.977818072E-01  1.470000027E-01  1.231491182E+05  2.210102301E+02  3.553720551E+02  3.143180065E+02  3.020202818E+02  9.725669920E-01 
       214 -1.337431699E-02  1.053111530E-01 -4.600000000E-02  8.756980664E+04  1.540387516E+02  3.330862617E+02  2.762864952E+02  2.353190098E+02  8.571790680E-01 
       215 -1.336879354E-02  1.054912688E-01 -4.299898917E-02  8.748269019E+04  1.540041633E+02  3.330467463E+02  2.762188206E+02  2.358702564E+02  8.594214525E-01 
       216 -1.321272523E-02  1.057016208E-01 -4.000664894E-02  8.747476074E+04  1.542276659E+02  3.330070038E+02  2.761529484E+02  2.363561859E+02  8.601360172E-01 
       217 -1.269691607E-02  1.059729593E-01 -3.706120983E-02  8.737594156E+04  1.547547528E+02  3.329554536E+02  2.760674786E+02  2.365534708E+02  8.581955174E-01 
       218 -1.181263769E-02  1.063072321E-01 -3.420969757E-02  8.714883011E+04  1.559534184E+02  3.328420966E+02  2.758794576E+02  2.383295581E+02  8.582727729E-01 
       219 -1.066241908E-02  1.066659143E-01 -3.145726216E-02  8.706317749E+04  1.567898179E+02  3.327844970E+02  2.757840332E+02  2.390875257E+02  8.568130231E-01 
       220 -9.280794463E-03  1.070573859E-01 -2.881758489E-02  8.689960264E+04  1.572102280E+02  3.327471823E+02  2.757221989E+02  2.395601745E+02  8.565551721E-01 
       221 -7.735023178E-03  1.074435380E-01 -2.626912607E-02  8.683132605E+04  1.579077982E+02  3.327128590E+02  2.756653398E+02  2.399507799E+02  8.546099318E-01 
       222 -6.047350445E-03  1.078135440E-01 -2.381048416E-02  8.668853525E+04  1.588623435E+02  3.325941444E+02  2.754686392E+02  2.407081176E+02  8.525825928E-01 
       223 -4.299611852E-03  1.081916589E-01 -2.139379423E-02  8.661310370E+04  1.595599473E+02  3.326402859E+02  2.755450382E+02  2.415164804E+02  8.523101622E-01 
       224 -2.461870607E-03  1.085505379E-01 -1.904289133E-02  8.668996989E+04  1.599290770E+02  3.325663895E+02  2.754225783E+02  2.416307696E+02  8.512575938E-01 
       225 -5.886173328E-04  1.088780789E-01 -1.671486844E-02  8.679862280E+04  1.595225445E+02  3.327325506E+02  2.756980404E+02  2.415501272E+02  8.535023502E-01 
       226  1.337912187E-03  1.092215599E-01 -1.443302686E-02  8.690891947E+04  1.597117742E+02  3.326015307E+02  2.754808675E+02  2.423465828E+02  8.558607377E-01 
       227  3.290030235E-03  1.094941851E-01 -1.216353628E-02  8.677709904E+04  1.592113458E+02  3.325297359E+02  2.753619767E+02  2.433838817E+02  8.626827305E-01 
       228  5.262023684E-03  1.097864070E-01 -9.913643549E-03  8.604714320E+04  1.602361596E+02  3.320812197E+02  2.746199387E+02  2.472538125E+02  8.714704141E-01 
       229  7.256339014E-03  1.100495762E-01 -7.679258903E-03  8.416262239E+04  1.645812510E+02  3.310656676E+02  2.729432836E+02  2.538824445E+02  8.725246741E-01 
       230  9.250945095E-03  1.102792579E-01 -5.441700620E-03  8.179579578E+04  1.724191439E+02  3.299082310E+02  2.710379372E+02  2.619651025E+02  8.603832274E-01 
       231  1.125130268E-02  1.105297001E-01 -3.209862298E-03  8.059992432E+04  1.800521002E+02  3.293251600E+02  2.700805864E+02  2.658556137E+02  8.347706608E-01 
       232  1.324504242E-02  1.107259366E-01 -9.692227629E-04  8.137433887E+04  1.831152873E+02  3.297921581E+02  2.708474407E+02  2.639085093E+02  8.117097300E-01 
       233  1.522818012E-02  1.109344875E-01  1.280794701E-03  8.327737695E+04  1.843118639E+02  3.307921486E+02  2.724931326E+02  2.584157705E+02  7.864964344E-01 
       234  1.717717000E-02  1.111306516E-01  3.565314237E-03  8.538771680E+04  1.832672691E+02  3.320725403E+02  2.746063042E+02  2.497602501E+02  7.628186420E-01 
       235  2.098827574E-02  1.115152878E-01  8.199040730E-03  8.921110938E+04  1.862787275E+02  3.341996937E+02  2.781356983E+02  2.372073479E+02  7.073229924E-01 
       236  2.283804163E-02  1.116790561E-01  1.055952489E-02  9.047370905E+04  1.901404217E+02  3.352493825E+02  2.798846521E+02  2.303290271E+02  6.653408129E-01 
       237  2.632960383E-02  1.121198866E-01  1.543269692E-02  9.113880566E+04  2.047693558E+02  3.353945789E+02  2.801273098E+02  2.306837807E+02  5.888427310E-01 
       238  2.959379811E-02  1.126564718E-01  2.044933110E-02  9.026026624E+04  2.209373989E+02  3.349112926E+02  2.793203444E+02  2.366388841E+02  5.239238329E-01 
       239  3.114059063E-02  1.129278581E-01  2.301118304E-02  8.974134946E+04  2.281602585E+02  3.348757880E+02  2.792612115E+02  2.387703021E+02  4.936668703E-01 
       240  3.264987762E-02  1.132456905E-01  2.559358749E-02  8.917760806E+04  2.355797105E+02  3.344629834E+02  2.785733747E+02  2.419909506E+02  4.665935411E-01 
       241  3.807676132E-02  1.146676712E-01  3.621643154E-02  8.776918124E+04  2.603063031E+02  3.337404228E+02  2.773708560E+02  2.510181014E+02  3.739079877E-01 
       242  3.928374460E-02  1.150413043E-01  3.894926042E-02  8.790342548E+04  2.655834172E+02  3.341818497E+02  2.781059430E+02  2.511554315E+02  3.475087597E-01 
       243  4.044503934E-02  1.154301055E-01  4.169676193E-02  8.834268067E+04  2.700477458E+02  3.344270177E+02  2.785139645E+02  2.513202165E+02  3.263447324E-01 
       244  4.154949506E-02  1.158110833E-01  4.446441861E-02  8.902974707E+04  2.728966274E+02  3.348751106E+02  2.792620564E+02  2.497900219E+02  3.075314946E-01 
       245  4.259018966E-02  1.161595968E-01  4.726780086E-02  8.992670440E+04  2.753471982E+02  3.353845615E+02  2.801133771E+02  2.472366624E+02  2.865626868E-01 
       246  4.357921759E-02  1.165132208E-01  5.008364009E-02  9.103119507E+04  2.783093843E+02  3.357834711E+02  2.807801991E+02  2.446422348E+02  2.624348560E-01 
       247  4.448002582E-02  1.168267471E-01  5.293502673E-02  9.235826087E+04  2.793663574E+02  3.365063502E+02  2.819887501E+02  2.399415350E+02  2.406752076E-01 
       248  4.534234860E-02  1.171711221E-01  5.579536500E-02  9.381566211E+04  2.800551281E+02  3.371793842E+02  2.831185760E+02  2.363949203E+02  2.258063909E-01 
       249  4.612355051E-02  1.174912616E-01  5.867935283E-02  9.512042383E+04  2.814269943E+02  3.377929802E+02  2.841507492E+02  2.327894554E+02  2.063993793E-01 
       250  4.681688670E-02  1.178330389E-01  6.158342338E-02  9.628632617E+04  2.823148117E+02  3.384042778E+02  2.851794319E+02  2.295677223E+02  1.914692447E-01 
       251  4.742483443E-02  1.181684938E-01  6.451168194E-02  9.730485938E+04  2.830477448E+02  3.389683418E+02  2.861294899E+02  2.268360596E+02  1.793350950E-01 
       252  4.796175059E-02  1.184973583E-01  6.744925218E-02  9.816023438E+04  2.844481115E+02  3.394019508E+02  2.868617344E+02  2.246948318E+02  1.654360089E-01 
       253  4.839690646E-02  1.188449776E-01  7.040346354E-02  9.879837888E+04  2.862162170E+02  3.396412297E+02  2.872661209E+02  2.236419455E+02  1.534638095E-01 
       254  4.867844520E-02  1.192029192E-01  7.337369276E-02  9.915537076E+04  2.882650612E+02  3.397741062E+02  2.874914518E+02  2.232661157E+02  1.422535729E-01 
       255  4.889804354E-02  1.195863964E-01  7.634446821E-02  9.949372473E+04  2.897455567E+02  3.399001716E+02  2.877049170E+02  2.224536270E+02  1.327775122E-01 
       256  4.901527392E-02  1.199575346E-01  7.936475415E-02  9.955868903E+04  2.923519356E+02  3.398756090E+02  2.876634424E+02  2.230795884E+02  1.219578934E-01 
       257  4.897414798E-02  1.207471392E-01  8.530893469E-02  9.946870703E+04  2.966512566E+02  3.399818344E+02  2.878425331E+02  2.242555695E+02  1.051407009E-01 
       258  4.879835866E-02  1.211503063E-01  8.827262235E-02  9.951150977E+04  2.988651848E+02  3.398680496E+02  2.876498222E+02  2.253527527E+02  9.820547793E-02 
       259  4.854576088E-02  1.215647590E-01  9.126615169E-02  9.960974448E+04  3.006126849E+02  3.396537532E+02  2.872873514E+02  2.254019867E+02  8.970704103E-02 
       260  4.818457029E-02  1.219712360E-01  9.420996830E-02  9.999162171E+04  3.007712682E+02  3.398884268E+02  2.876843363E+02  2.249808712E+02  8.871190172E-02 
       261  4.782320061E-02  1.224212570E-01  9.713670139E-02  1.004583164E+05  3.011034927E+02  3.400517139E+02  2.879614353E+02  2.235556517E+02  8.260876872E-02 
       262  4.734997920E-02  1.228526278E-01  1.001180955E-01  1.013978828E+05  2.997754478E+02  3.406978989E+02  2.890562172E+02  2.208842125E+02  8.110874612E-02 
       263  4.683890011E-02  1.232935874E-01  1.030087938E-01  1.028945681E+05  2.975271132E+02  3.415331415E+02  2.904762920E+02  2.168439680E+02  7.993214271E-02 
       264  4.566507936E-02  1.242316696E-01  1.088390156E-01  1.050602574E+05  2.925848834E+02  3.419835716E+02  2.912425141E+02  2.095957052E+02  8.430953810E-02 
       265  4.352639189E-02  1.257122811E-01  1.174848542E-01  1.079868748E+05  2.627370852E+02  3.456967542E+02  2.976080265E+02  1.782555887E+02  1.661074302E-01 
       266  4.289440586E-02  1.261798267E-01  1.203730247E-01  1.082091019E+05  2.481289361E+02  3.477014749E+02  3.010674316E+02  1.581925434E+02  1.972624945E-01 
       267  4.242365191E-02  1.265975250E-01  1.232861776E-01  1.083857556E+05  2.518552179E+02  3.478937526E+02  3.013965365E+02  1.551905615E+02  1.589570678E-01 
       268  4.208270049E-02  1.270006734E-01  1.262530889E-01  1.078436074E+05  2.619388275E+02  3.473446007E+02  3.004467468E+02  1.501019669E+02  6.462217355E-02 
       269  4.202415066E-02  1.273246053E-01  1.292418903E-01  1.070268965E+05  2.582997533E+02  3.475031813E+02  3.007209181E+02  1.422602952E+02  7.003635384E-02 
       270  4.218523596E-02  1.275849052E-01  1.322314117E-01  1.067103804E+05  2.486404670E+02  3.478496994E+02  3.013214066E+02  1.397985335E+02  1.385534817E-01 
       271  4.252691668E-02  1.278080741E-01  1.352038484E-01  1.068698741E+05  2.445944693E+02  3.481782164E+02  3.018951730E+02  1.485001758E+02  2.030307503E-01 
       272  4.296344289E-02  1.279984053E-01  1.381664338E-01  1.070041148E+05  2.481598639E+02  3.480714501E+02  3.017134120E+02  1.566977953E+02  2.068107494E-01 
       273  4.347514252E-02  1.281630447E-01  1.411197974E-01  1.068760500E+05  2.523381903E+02  3.480518515E+02  3.016780947E+02  1.618680209E+02  1.966135874E-01 
       274  4.403358971E-02  1.283124551E-01  1.440677535E-01  1.065772045E+05  2.556168811E+02  3.480544023E+02  3.016770106E+02  1.656829829E+02  1.885543300E-01 
       275  4.466583781E-02  1.284644007E-01  1.470000034E-01  1.063151893E+05  2.583222960E+02  3.475564920E+02  2.944036972E+02  1.692347522E+02  1.840060022E-01 
       276 -1.390154712E-02  1.725232616E-01 -4.600000033E-02  8.231115729E+04  1.821039810E+02  3.302314406E+02  2.716690906E+02  3.425360349E+02  1.010180402E+00 
       277 -1.389524734E-02  1.726308379E-01 -4.258575940E-02  8.261250533E+04  1.819426823E+02  3.302499692E+02  2.715992129E+02  3.421866333E+02  1.010121107E+00 
       278 -1.388827040E-02  1.727470810E-01 -3.919459871E-02  8.286992712E+04  1.816061175E+02  3.303115914E+02  2.717006258E+02  3.424505310E+02  1.011833539E+00 
       279 -1.387976982E-02  1.728866868E-01 -3.575874102E-02  8.277135828E+04  1.816424655E+02  3.303246547E+02  2.717221057E+02  3.428717051E+02  1.012521399E+00 
       280 -1.386962822E-02  1.730354599E-01 -3.234598001E-02  8.288611609E+04  1.819247254E+02  3.302694310E+02  2.716312201E+02  3.434280853E+02  1.012691468E+00 
       281 -1.385715910E-02  1.732129765E-01 -2.893478341E-02  8.242473363E+04  1.819797196E+02  3.301623298E+02  2.714550210E+02  3.447128782E+02  1.015222798E+00 
       282 -1.381464856E-02  1.733989484E-01 -2.553958976E-02  8.202563649E+04  1.820952106E+02  3.299588439E+02  2.711207678E+02  3.449522012E+02  1.015580357E+00 
       283 -1.334927366E-02  1.736519924E-01 -2.216152427E-02  8.128229314E+04  1.848543087E+02  3.294011876E+02  2.702055698E+02  3.474487148E+02  1.010916733E+00 
       284 -1.220387625E-02  1.739549638E-01 -1.896956374E-02  7.991426221E+04  1.890895319E+02  3.285650864E+02  2.688361340E+02  3.534898796E+02  1.007388324E+00 
       285 -1.057589609E-02  1.742731966E-01 -1.599005111E-02  7.839703808E+04  1.928228376E+02  3.277896282E+02  2.675681734E+02  3.566449023E+02  1.000052621E+00 
       286 -8.586070527E-03  1.745821273E-01 -1.323108332E-02  7.679729166E+04  1.977065395E+02  3.269958268E+02  2.662740471E+02  3.605315394E+02  9.909377701E-01 
       287 -6.371188279E-03  1.748941133E-01 -1.065117603E-02  7.595932967E+04  2.003539767E+02  3.267789370E+02  2.659208332E+02  3.609757230E+02  9.827882139E-01 
       288 -3.959984913E-03  1.752012559E-01 -8.251810021E-03  7.757261220E+04  1.985932393E+02  3.278586297E+02  2.676841814E+02  3.555903759E+02  9.786100072E-01 
       289 -1.474621790E-03  1.754287438E-01 -5.921768022E-03  8.228174384E+04  1.915416293E+02  3.304129116E+02  2.718803813E+02  3.433323869E+02  9.816118573E-01 
       290  1.096342236E-03  1.756586641E-01 -3.684409899E-03  8.876189814E+04  1.806154913E+02  3.332978946E+02  2.766409435E+02  3.302869193E+02  9.968690357E-01 
       291  3.722457199E-03  1.758529720E-01 -1.512169024E-03  9.171237549E+04  1.757618756E+02  3.342569895E+02  2.782306795E+02  3.279165716E+02  1.009507615E+00 
       292  6.390497491E-03  1.759799744E-01  6.206893580E-04  8.796480420E+04  1.794006081E+02  3.328219185E+02  2.758522835E+02  3.339171696E+02  1.007245928E+00 
       293  1.179759467E-02  1.761809281E-01  4.808741428E-03  7.622471289E+04  1.996056824E+02  3.267255630E+02  2.658394508E+02  3.657580185E+02  9.947315007E-01 
       294  1.450804596E-02  1.762121176E-01  6.883706551E-03  7.253851611E+04  2.099832535E+02  3.241713638E+02  2.616975384E+02  3.765314903E+02  9.810540527E-01 
       295  1.722225861E-02  1.762495216E-01  8.953048646E-03  7.067738477E+04  2.144994316E+02  3.228728638E+02  2.596021233E+02  3.813132019E+02  9.757208973E-01 
       296  1.993233776E-02  1.761597577E-01  1.102855473E-02  6.921285645E+04  2.155316048E+02  3.222249260E+02  2.585617027E+02  3.839484673E+02  9.777739793E-01 
       297  2.263244469E-02  1.760920636E-01  1.311525345E-02  6.745484326E+04  2.218017731E+02  3.210175323E+02  2.566293201E+02  3.892799416E+02  9.681768566E-01 
       298  2.532249661E-02  1.759768902E-01  1.521525865E-02  6.580877441E+04  2.299276714E+02  3.197240391E+02  2.545650377E+02  3.952694187E+02  9.539533928E-01 
       299  2.800116021E-02  1.758008440E-01  1.732596334E-02  6.544334131E+04  2.351449442E+02  3.193332300E+02  2.539422703E+02  3.989337721E+02  9.446054921E-01 
       300  3.066011949E-02  1.756198651E-01  1.946182943E-02  6.782477393E+04  2.359270287E+02  3.207448463E+02  2.562008166E+02  3.932930527E+02  9.295430630E-01 
       301  3.850917716E-02  1.748410184E-01  2.602581626E-02  8.681124170E+04  2.352234516E+02  3.335517635E+02  2.770619764E+02  3.360865793E+02  8.230913952E-01 
       302  4.358739934E-02  1.740919978E-01  3.053362568E-02  8.609083813E+04  2.371616964E+02  3.330530605E+02  2.762319183E+02  3.415493727E+02  8.262482844E-01 
       303  4.609287257E-02  1.736863543E-01  3.281922705E-02  8.524373657E+04  2.392971764E+02  3.326215620E+02  2.755149670E+02  3.427418833E+02  8.213943094E-01 
       304  4.855845708E-02  1.731970535E-01  3.512834265E-02  8.490011743E+04  2.424934402E+02  3.325598154E+02  2.754120283E+02  3.438145819E+02  8.123433422E-01 
       305  5.100043215E-02  1.726458906E-01  3.745772352E-02  8.560750928E+04  2.475409636E+02  3.328953204E+02  2.759685116E+02  3.433300266E+02  7.945708856E-01 
       306  5.340036417E-02  1.720848619E-01  3.982071753E-02  8.865196570E+04  2.491613972E+02  3.345497289E+02  2.787244890E+02  3.357486296E+02  7.764321696E-01 
       307  5.576533568E-02  1.714326002E-01  4.220398857E-02  9.408049472E+04  2.467075400E+02  3.375479012E+02  2.837457234E+02  3.217729980E+02  7.625369942E-01 
       308  5.808130114E-02  1.707532671E-01  4.462162642E-02  9.987120547E+04  2.443413939E+02  3.405852667E+02  2.888720919E+02  3.073482276E+02  7.488331359E-01 
       309  6.913202621E-02  1.670049815E-01  5.708998555E-02  1.128437107E+05  2.434847560E+02  3.469244981E+02  2.997208886E+02  2.728781128E+02  7.055766005E-01 
       310  7.325557335E-02  1.653928843E-01  6.228962682E-02  1.155594297E+05  2.410035337E+02  3.483152092E+02  3.021273510E+02  2.664909751E+02  7.080333098E-01 
       311  7.526114685E-02  1.645964451E-01  6.493668120E-02  1.165241348E+05  2.400371895E+02  3.487748451E+02  3.029252548E+02  2.640791931E+02  7.104705833E-01 
       312  8.099008587E-02  1.620989224E-01  7.305121222E-02  1.186555557E+05  2.379279861E+02  3.494239235E+02  3.040526695E+02  2.580937099E+02  7.123472542E-01 
       313  8.281625202E-02  1.612441772E-01  7.580722199E-02  1.189037314E+05  2.379177933E+02  3.493971329E+02  3.040060959E+02  2.574785271E+02  7.122556269E-01 
       314  8.462318717E-02  1.604029889E-01  7.856519154E-02  1.190817017E+05  2.379737530E+02  3.493409233E+02  3.039082184E+02  2.568380051E+02  7.128686309E-01 
       315  8.638808364E-02  1.595156660E-01  8.135371941E-02  1.191814165E+05  2.381238098E+02  3.492178917E+02  3.036940784E+02  2.562708468E+02  7.125663329E-01 
       316  8.818531781E-02  1.586346563E-01  8.418846896E-02  1.191788188E+05  2.385669446E+02  3.489773183E+02  3.032757565E+02  2.560589586E+02  7.090597912E-01 
       317  9.153487112E-02  1.568453452E-01  8.985396979E-02  1.189460582E+05  2.373913898E+02  3.489422421E+02  3.032152824E+02  2.565200329E+02  7.148424825E-01 
       318  9.319079870E-02  1.559467714E-01  9.269883327E-02  1.188775117E+05  2.377335739E+02  3.489456329E+02  3.032214088E+02  2.550868282E+02  7.122250274E-01 
       319  9.639067810E-02  1.541493463E-01  9.845101971E-02  1.188851406E+05  2.389585800E+02  3.486252842E+02  3.026643047E+02  2.546662025E+02  7.080731019E-01 
       320  9.789700787E-02  1.532238030E-01  1.013752208E-01  1.188949220E+05  2.397438116E+02  3.484710636E+02  3.023965058E+02  2.547737331E+02  7.041041031E-01 
       321  9.939560036E-02  1.523575645E-01  1.043121280E-01  1.188848301E+05  2.400271454E+02  3.483884125E+02  3.022529850E+02  2.551894264E+02  7.039914504E-01 
       322  1.008373928E-01  1.515239935E-01  1.072922639E-01  1.187457607E+05  2.405555077E+02  3.481998138E+02  3.019257259E+02  2.559344730E+02  7.032407597E-01 
       323  1.021925752E-01  1.507164957E-01  1.103173974E-01  1.185782349E+05  2.413785419E+02  3.480330639E+02  3.016368680E+02  2.566532850E+02  7.004308309E-01 
       324  1.063175391E-01  1.486079647E-01  1.265700906E-01  1.181984805E+05  2.415181694E+02  3.487899323E+02  3.029536247E+02  2.556952934E+02  7.013665885E-01 
       325  1.064822206E-01  1.487022474E-01  1.299738775E-01  1.183844844E+05  2.373653450E+02  3.502946014E+02  3.055757866E+02  2.464779549E+02  7.122958004E-01 
       326  1.066476119E-01  1.488146338E-01  1.333799290E-01  1.182735586E+05  2.315335236E+02  3.517972565E+02  3.082004814E+02  2.301537399E+02  7.296890914E-01 
       327  1.068180965E-01  1.489318139E-01  1.367854531E-01  1.180066953E+05  2.280585175E+02  3.524519844E+02  3.093459511E+02  2.186992226E+02  7.431897894E-01 
       328  1.069979625E-01  1.490578552E-01  1.401905319E-01  1.179285703E+05  2.289582157E+02  3.520242348E+02  3.085968590E+02  2.252366371E+02  7.438587472E-01 
       329  1.071817424E-01  1.491887345E-01  1.435955648E-01  1.180561367E+05  2.357604046E+02  3.504307652E+02  3.057132683E+02  2.458884249E+02  7.235821635E-01 
       330  1.073851999E-01  1.493347905E-01  1.470000044E-01  1.180266563E+05  2.451504288E+02  3.482142868E+02  3.012863007E+02  2.654813614E+02  7.005429715E-01 
       331 -5.132010553E-03  2.399711247E-01 -4.600000034E-02  8.369912158E+04  1.730334206E+02  3.312011299E+02  2.725380478E+02  4.378349915E+02  1.164435357E+00 
       332 -5.128125210E-03  2.399809281E-01 -4.210430258E-02  8.444079297E+04  1.744333258E+02  3.309090691E+02  2.726848731E+02  4.393186102E+02  1.162512474E+00 
       333 -5.125201508E-03  2.399922328E-01 -3.820870464E-02  8.352001849E+04  1.773263125E+02  3.303314352E+02  2.717350371E+02  4.418048577E+02  1.157951373E+00 
       334 -5.121813889E-03  2.400095995E-01 -3.431329778E-02  8.177056400E+04  1.817733251E+02  3.294544914E+02  2.702944111E+02  4.455056207E+02  1.150827934E+00 
       335 -5.119016059E-03  2.400291916E-01 -3.041776666E-02  7.978736574E+04  1.866948657E+02  3.284824421E+02  2.687017758E+02  4.496537853E+02  1.143069017E+00 
       336 -5.114574788E-03  2.400538233E-01 -2.652182619E-02  7.820592595E+04  1.890747784E+02  3.280273855E+02  2.679565246E+02  4.512972540E+02  1.138896693E+00 
       337 -5.109553763E-03  2.400828758E-01 -2.262552630E-02  7.805743384E+04  1.887387605E+02  3.281976776E+02  2.682359629E+02  4.504727688E+02  1.138831744E+00 
       338 -5.103895973E-03  2.401152952E-01 -1.872899116E-02  8.026891083E+04  1.849393653E+02  3.293358529E+02  2.701017556E+02  4.459617937E+02  1.143607683E+00 
       339 -4.925504783E-03  2.402473149E-01 -7.056915668E-03  8.764852775E+04  1.703068763E+02  3.323789696E+02  2.751191642E+02  4.320380355E+02  1.169569515E+00 
       340 -3.715119829E-03  2.403023013E-01 -3.373311706E-03  8.232430780E+04  1.804294260E+02  3.303059564E+02  2.717039444E+02  4.433165200E+02  1.154752461E+00 
       341 -1.562012846E-03  2.403581740E-01 -1.360753051E-04  7.835467536E+04  1.909264008E+02  3.281755148E+02  2.682022913E+02  4.552047093E+02  1.139160597E+00 
       342  1.133764527E-03  2.404094608E-01  2.675248428E-03  7.841482642E+04  1.910515375E+02  3.277731133E+02  2.675430193E+02  4.534385853E+02  1.136933748E+00 
       343  4.137632423E-03  2.404197044E-01  5.149238455E-03  7.991841469E+04  1.870256989E+02  3.283852455E+02  2.685426481E+02  4.452479075E+02  1.138565608E+00 
       344  7.316400202E-03  2.403253331E-01  7.399564588E-03  8.001714838E+04  1.842186693E+02  3.287506088E+02  2.691395477E+02  4.434105272E+02  1.143804940E+00 
       345  1.395577155E-02  2.400667001E-01  1.148649181E-02  8.657099854E+04  1.711914454E+02  3.318728256E+02  2.742844744E+02  4.345091763E+02  1.167897664E+00 
       346  1.735065466E-02  2.397965962E-01  1.337576268E-02  9.022467480E+04  1.598801746E+02  3.338332062E+02  2.775310936E+02  4.283412895E+02  1.190384418E+00 
       347  2.419161170E-02  2.391929427E-01  1.704637434E-02  7.971354492E+04  1.843004494E+02  3.290624008E+02  2.696555481E+02  4.490371399E+02  1.149523839E+00 
       348  2.761839379E-02  2.387452844E-01  1.884103948E-02  7.969553418E+04  1.883510818E+02  3.286287804E+02  2.689411964E+02  4.489693985E+02  1.139144778E+00 
       349  3.105226563E-02  2.382885234E-01  2.062260888E-02  8.081089795E+04  1.847652950E+02  3.295490303E+02  2.704492722E+02  4.446091099E+02  1.143843561E+00 
       350  3.788868369E-02  2.371344800E-01  2.417075674E-02  8.062925195E+04  1.862531910E+02  3.296349812E+02  2.705898876E+02  4.461955261E+02  1.142416604E+00 
       351  4.468291751E-02  2.357525484E-01  2.771953789E-02  8.021439355E+04  1.895205479E+02  3.291763992E+02  2.698398438E+02  4.452303848E+02  1.134710461E+00 
       352  4.805699300E-02  2.349490393E-01  2.948953136E-02  8.073654565E+04  1.894260035E+02  3.294735894E+02  2.703286619E+02  4.443842592E+02  1.135689339E+00 
       353  5.140582287E-02  2.340778219E-01  3.127771149E-02  8.082897314E+04  1.908823357E+02  3.293744297E+02  2.701662922E+02  4.474246311E+02  1.137287520E+00 
       354  5.473006301E-02  2.331020583E-01  3.305777180E-02  8.000639844E+04  1.936963062E+02  3.289217796E+02  2.694218254E+02  4.480183945E+02  1.132988513E+00 
       355  5.803984836E-02  2.320923676E-01  3.484458617E-02  7.851871240E+04  1.985186176E+02  3.278648872E+02  2.676935291E+02  4.516618576E+02  1.126275182E+00 
       356  6.132921494E-02  2.310454118E-01  3.665150486E-02  7.677343069E+04  2.019016545E+02  3.268745228E+02  2.660777255E+02  4.546283044E+02  1.123615383E+00 
       357  6.777528194E-02  2.285846393E-01  4.027160278E-02  8.556560840E+04  2.156412849E+02  3.329558640E+02  2.761046982E+02  4.293996735E+02  1.064690530E+00 
       358  7.097972553E-02  2.273472007E-01  4.209367684E-02  9.245499023E+04  2.294856567E+02  3.364836998E+02  2.819603214E+02  4.148292580E+02  1.015610717E+00 
       359  7.412444428E-02  2.259565065E-01  4.393674079E-02  9.122737061E+04  2.349112787E+02  3.350011225E+02  2.794787579E+02  4.201703272E+02  1.008007104E+00 
       360  7.725834663E-02  2.245514312E-01  4.577102978E-02  8.748153809E+04  2.341255169E+02  3.332371559E+02  2.765373688E+02  4.260976849E+02  1.017107364E+00 
       361  8.037011026E-02  2.231435234E-01  4.763983740E-02  8.994983496E+04  2.318365974E+02  3.349808350E+02  2.794555588E+02  4.187071800E+02  1.019647673E+00 
       362  8.343109451E-02  2.215945322E-01  4.950276897E-02  1.032388080E+05  2.216796149E+02  3.412216747E+02  2.899910550E+02  3.943391721E+02  1.032721885E+00 
       363  8.646988642E-02  2.201046420E-01  5.141624103E-02  1.216561628E+05  2.086170402E+02  3.481644669E+02  3.018959603E+02  3.603958254E+02  1.057429913E+00 
       364  9.242245520E-02  2.169732682E-01  5.534503106E-02  1.186970583E+05  2.222688093E+02  3.496200457E+02  3.044193392E+02  3.519231234E+02  9.976228140E-01 
       365  9.533631835E-02  2.153857768E-01  5.738443174E-02  1.165182627E+05  2.243625791E+02  3.492087083E+02  3.037154641E+02  3.561699104E+02  9.904874461E-01 
       366  9.819952312E-02  2.138016843E-01  5.949569436E-02  1.164753838E+05  2.242894058E+02  3.499220085E+02  3.049608650E+02  3.534040680E+02  9.873874113E-01 
       367  1.009694591E-01  2.121295788E-01  6.167326851E-02  1.188162983E+05  2.277703428E+02  3.510628281E+02  3.069509974E+02  3.457742233E+02  9.705409836E-01 
       368  1.037116704E-01  2.105064985E-01  6.390540356E-02  1.202358232E+05  2.324296427E+02  3.522468882E+02  3.090250511E+02  3.383557863E+02  9.512129277E-01 
       369  1.064180189E-01  2.088777679E-01  6.618856681E-02  1.207730269E+05  2.358368778E+02  3.525948639E+02  3.096298580E+02  3.374179020E+02  9.373228662E-01 
       370  1.090480686E-01  2.071800512E-01  6.850700508E-02  1.211197910E+05  2.351483479E+02  3.527196293E+02  3.098495827E+02  3.356217766E+02  9.364755601E-01 
       371  1.116790455E-01  2.055210471E-01  7.084353951E-02  1.215066877E+05  2.351020377E+02  3.530567780E+02  3.104431911E+02  3.358205342E+02  9.354796223E-01 
       372  1.142974452E-01  2.038484190E-01  7.319785208E-02  1.219229597E+05  2.371719742E+02  3.530504551E+02  3.104306374E+02  3.344229927E+02  9.276821055E-01 
       373  1.168416696E-01  2.021295301E-01  7.558130371E-02  1.222630361E+05  2.379191332E+02  3.532480450E+02  3.107841797E+02  3.314618473E+02  9.237925746E-01 
       374  1.193277496E-01  2.004108846E-01  7.805168345E-02  1.224830927E+05  2.362653081E+02  3.536633844E+02  3.115224760E+02  3.302928295E+02  9.273916595E-01 
       375  1.217693779E-01  1.987784452E-01  8.060399866E-02  1.225129109E+05  2.345653811E+02  3.540558157E+02  3.122192564E+02  3.302368612E+02  9.321800321E-01 
       376  1.240793489E-01  1.970470446E-01  8.322373237E-02  1.226685508E+05  2.315840626E+02  3.541902552E+02  3.124604597E+02  3.290416803E+02  9.410886690E-01 
       377  1.263696524E-01  1.953872062E-01  8.590193330E-02  1.230737849E+05  2.259346904E+02  3.548785721E+02  3.136726512E+02  3.238696322E+02  9.582210272E-01 
       378  1.285811840E-01  1.937639536E-01  8.866989816E-02  1.233132134E+05  2.209107368E+02  3.536657810E+02  3.115209699E+02  3.296433797E+02  9.734266410E-01 
       379  1.378530526E-01  1.861918564E-01  1.119425893E-01  1.223522349E+05  2.227235737E+02  3.546645403E+02  3.132511110E+02  3.209647465E+02  9.654980078E-01 
       380  1.378280879E-01  1.861358471E-01  1.158380052E-01  1.221477410E+05  2.242072577E+02  3.553712769E+02  3.144999514E+02  3.067178125E+02  9.610038064E-01 
       381  1.378172244E-01  1.861105784E-01  1.197328496E-01  1.218342178E+05  2.282906284E+02  3.555934830E+02  3.148912783E+02  3.011862278E+02  9.487477913E-01 
       382  1.378137064E-01  1.861013403E-01  1.236281983E-01  1.223878378E+05  2.297660785E+02  3.553336921E+02  3.144319358E+02  3.124056389E+02  9.409815660E-01 
       383  1.378232998E-01  1.861207539E-01  1.275238734E-01  1.229751343E+05  2.292485754E+02  3.543606769E+02  3.127151904E+02  3.254855512E+02  9.433649794E-01 
       384  1.378388478E-01  1.861485149E-01  1.314192119E-01  1.231072784E+05  2.269999698E+02  3.531417756E+02  3.105708448E+02  3.366270934E+02  9.525094437E-01 
       385  1.378667705E-01  1.861922064E-01  1.353144338E-01  1.229783713E+05  2.229603355E+02  3.528260355E+02  3.100174028E+02  3.347948661E+02  9.640775165E-01 
       386  1.378917792E-01  1.862393165E-01  1.392095884E-01  1.229243012E+05  2.215199049E+02  3.527280957E+02  3.098434179E+02  3.323287855E+02  9.678698746E-01 
       387  1.379128913E-01  1.862912877E-01  1.431056120E-01  1.229912131E+05  2.215020295E+02  3.529502169E+02  3.101178599E+02  3.301492918E+02  9.677345898E-01 
       388  1.379274402E-01  1.863453723E-01  1.469999959E-01  1.231585737E+05  2.206727304E+02  3.537536697E+02  3.111835470E+02  3.267488661E+02  9.703740906E-01 
       389 -3.389247132E-02  1.007789921E-01 -4.300551245E-02  8.752869775E+04  1.543951254E+02  3.330126438E+02  2.761622696E+02  2.361348858E+02  8.582425863E-01 
       390 -3.372456358E-02  1.010433636E-01 -4.002223516E-02  8.744611972E+04  1.545242104E+02  3.330108613E+02  2.761593347E+02  2.364377969E+02  8.587768533E-01 
       391 -3.329024078E-02  1.014074167E-01 -3.707963811E-02  8.734860333E+04  1.546630786E+02  3.330061440E+02  2.761515436E+02  2.367244895E+02  8.593229009E-01 
       392 -3.255620303E-02  1.018883264E-01 -3.421559131E-02  8.721144411E+04  1.558500132E+02  3.328885494E+02  2.759565136E+02  2.376792279E+02  8.565752017E-01 
       393 -3.153373485E-02  1.024554568E-01 -3.145384174E-02  8.707884441E+04  1.566057142E+02  3.327953697E+02  2.758020507E+02  2.384202092E+02  8.554528820E-01 
       394 -3.028950121E-02  1.031058036E-01 -2.880322264E-02  8.697874524E+04  1.575906116E+02  3.327080620E+02  2.756573420E+02  2.397434737E+02  8.551865973E-01 
       395 -2.888173412E-02  1.037838005E-01 -2.624318977E-02  8.690532430E+04  1.582650030E+02  3.326503227E+02  2.755616612E+02  2.407987956E+02  8.556328955E-01 
       396 -2.733119538E-02  1.044792183E-01 -2.377110822E-02  8.683561182E+04  1.586088785E+02  3.326303409E+02  2.755286053E+02  2.410309882E+02  8.551283824E-01 
       397 -2.568342124E-02  1.052055751E-01 -2.135968630E-02  8.672832522E+04  1.592078314E+02  3.325750800E+02  2.754369925E+02  2.415808066E+02  8.542804633E-01 
       398 -2.397735570E-02  1.059146334E-01 -1.899049647E-02  8.657062079E+04  1.596478598E+02  3.325009698E+02  2.753142726E+02  2.425728905E+02  8.559807611E-01 
       399 -2.220871387E-02  1.066063154E-01 -1.667396516E-02  8.626280963E+04  1.602822183E+02  3.323639514E+02  2.750875041E+02  2.440475968E+02  8.583000000E-01 
       400 -2.041003203E-02  1.073389070E-01 -1.437512078E-02  8.568596741E+04  1.625584122E+02  3.319967834E+02  2.744800709E+02  2.468371022E+02  8.564333830E-01 
       401 -1.856976066E-02  1.079715131E-01 -1.211630566E-02  8.490349547E+04  1.648361505E+02  3.316361127E+02  2.738841147E+02  2.496428557E+02  8.546597004E-01 
       402 -1.670953655E-02  1.086522831E-01 -9.860640570E-03  8.433570016E+04  1.681569542E+02  3.313205779E+02  2.733630200E+02  2.519965194E+02  8.459754970E-01 
       403 -1.482329113E-02  1.093026603E-01 -7.620995183E-03  8.442137936E+04  1.711123705E+02  3.313515545E+02  2.734143069E+02  2.529704118E+02  8.340700128E-01 
       404 -1.292306254E-02  1.099268373E-01 -5.385291055E-03  8.527225659E+04  1.718937821E+02  3.318088274E+02  2.741695633E+02  2.497636194E+02  8.194612227E-01 
       405 -1.101845801E-02  1.105590611E-01 -3.137660868E-03  8.704729843E+04  1.700602638E+02  3.328262563E+02  2.758536259E+02  2.440481765E+02  8.106077970E-01 
       406 -9.120841472E-03  1.111701815E-01 -8.914052251E-04  8.946359052E+04  1.673384914E+02  3.341013926E+02  2.779718857E+02  2.354519028E+02  7.980036323E-01 
       407 -7.240675928E-03  1.117476218E-01  1.353994698E-03  9.283435214E+04  1.629351367E+02  3.359220383E+02  2.810099011E+02  2.233308702E+02  7.870492959E-01 
       408 -5.370549944E-03  1.123083196E-01  3.627204146E-03  9.660942041E+04  1.623701184E+02  3.378805351E+02  2.842955003E+02  2.077747538E+02  7.466510246E-01 
       409 -3.530590186E-03  1.128981262E-01  5.933484609E-03  9.850302684E+04  1.750162726E+02  3.386115453E+02  2.855271912E+02  2.019730995E+02  6.600438332E-01 
       410 -1.726912218E-03  1.134387153E-01  8.259926622E-03  9.804939258E+04  1.867567792E+02  3.383022127E+02  2.850065765E+02  2.062970138E+02  6.040082248E-01 
       411  3.734044288E-05  1.140039107E-01  1.062617763E-02  9.732548950E+04  1.941793261E+02  3.381412849E+02  2.847347345E+02  2.084907126E+02  5.692508630E-01 
       412  1.740848712E-03  1.145879687E-01  1.302702968E-02  9.657462411E+04  2.019617576E+02  3.377573669E+02  2.840882025E+02  2.131627982E+02  5.411708576E-01 
       413  3.387617433E-03  1.151172021E-01  1.547343878E-02  9.604144174E+04  2.081691007E+02  3.375769300E+02  2.837846865E+02  2.155854587E+02  5.160561728E-01 
       414  4.957112811E-03  1.157081541E-01  1.796238578E-02  9.545940173E+04  2.149199748E+02  3.372583270E+02  2.832494316E+02  2.179911435E+02  4.881970212E-01 
       415  6.462677552E-03  1.163151534E-01  2.048609031E-02  9.468138037E+04  2.220557299E+02  3.367810497E+02  2.824482293E+02  2.219506340E+02  4.638744453E-01 
       416  7.926557233E-03  1.168909271E-01  2.304605918E-02  9.400376166E+04  2.277219882E+02  3.364510489E+02  2.818947246E+02  2.255524375E+02  4.468989950E-01 
       417  9.338612782E-03  1.175119790E-01  2.562398907E-02  9.363004192E+04  2.328122486E+02  3.362390698E+02  2.815396442E+02  2.285310218E+02  4.315661184E-01 
       418  1.068984297E-02  1.181121478E-01  2.822455248E-02  9.342187717E+04  2.374553647E+02  3.361486335E+02  2.813882434E+02  2.305213675E+02  4.157101655E-01 
       419  1.198650266E-02  1.187330819E-01  3.085849659E-02  9.333253098E+04  2.427365461E+02  3.359829180E+02  2.811111618E+02  2.321991110E+02  3.951471524E-01 
       420  1.322982934E-02  1.193430432E-01  3.352159396E-02  9.329675374E+04  2.472470042E+02  3.359353896E+02  2.810317338E+02  2.330254313E+02  3.758226272E-01 
       421  1.439865389E-02  1.199672983E-01  3.621509854E-02  9.347651938E+04  2.506497132E+02  3.360665558E+02  2.812512375E+02  2.327932513E+02  3.590594796E-01 
       422  1.553995729E-02  1.205631245E-01  3.892438234E-02  9.393266492E+04  2.536157916E+02  3.363298523E+02  2.816919416E+02  2.320417818E+02  3.427059021E-01 
       423  1.662952250E-02  1.211745408E-01  4.165332372E-02  9.451076569E+04  2.562442023E+02  3.366397969E+02  2.822114983E+02  2.309205536E+02  3.266471904E-01 
       424  1.764894372E-02  1.217373945E-01  4.441857664E-02  9.532956442E+04  2.584185905E+02  3.370160077E+02  2.828428049E+02  2.291860465E+02  3.107475499E-01 
       425  1.861873940E-02  1.222791769E-01  4.720617614E-02  9.643737032E+04  2.601481283E+02  3.375115164E+02  2.836749135E+02  2.265386903E+02  2.939756358E-01 
       426  1.950820179E-02  1.228336643E-01  5.001741530E-02  9.759668851E+04  2.613348808E+02  3.380703641E+02  2.846157037E+02  2.235615770E+02  2.794016018E-01 
       427  2.036944420E-02  1.233245632E-01  5.285072558E-02  9.875754593E+04  2.621283605E+02  3.387195234E+02  2.857094446E+02  2.201267479E+02  2.649109059E-01 
       428  2.117157025E-02  1.238295963E-01  5.569831964E-02  9.986505310E+04  2.635859485E+02  3.392592726E+02  2.866206961E+02  2.170454962E+02  2.479803071E-01 
       429  2.190592593E-02  1.242947792E-01  5.857026217E-02  1.008107224E+05  2.654202394E+02  3.396922865E+02  2.873527689E+02  2.145124245E+02  2.305551330E-01 
       430  2.257248913E-02  1.247551336E-01  6.145961794E-02  1.016119854E+05  2.676694050E+02  3.400028419E+02  2.878783989E+02  2.128257046E+02  2.138869334E-01 
       431  2.314781749E-02  1.251835029E-01  6.437124902E-02  1.022360002E+05  2.699275360E+02  3.402812386E+02  2.883498378E+02  2.115707684E+02  1.983401957E-01 
       432  2.363318974E-02  1.255957621E-01  6.730774801E-02  1.027271011E+05  2.724030704E+02  3.405153384E+02  2.887464671E+02  2.104689250E+02  1.819439547E-01 
       433  2.402789138E-02  1.260195069E-01  7.025072331E-02  1.031052466E+05  2.750225964E+02  3.407358170E+02  2.891204758E+02  2.095738049E+02  1.654175110E-01 
       434  2.431727977E-02  1.264030352E-01  7.321094069E-02  1.033544961E+05  2.779820938E+02  3.408963871E+02  2.893930664E+02  2.092259789E+02  1.485235253E-01 
       435  2.453016930E-02  1.268032789E-01  7.617447467E-02  1.034363040E+05  2.812101316E+02  3.409719934E+02  2.895214767E+02  2.094619479E+02  1.322474126E-01 
       436  2.462079541E-02  1.271795605E-01  7.915094878E-02  1.033346553E+05  2.846396363E+02  3.409912033E+02  2.895541050E+02  2.104390671E+02  1.173648190E-01 
       437  2.463902970E-02  1.275610820E-01  8.212637731E-02  1.028452090E+05  2.890442247E+02  3.407603908E+02  2.891622872E+02  2.129694629E+02  1.028251470E-01 
       438  2.457492051E-02  1.279220853E-01  8.510260082E-02  1.019474827E+05  2.934755020E+02  3.403649393E+02  2.884916084E+02  2.168198217E+02  9.351247583E-02 
       439  2.441429013E-02  1.282749863E-01  8.807550525E-02  1.007041835E+05  2.977169665E+02  3.396931486E+02  2.873538269E+02  2.217505002E+02  8.994259559E-02 
       440  2.420234297E-02  1.286273229E-01  9.105186832E-02  9.980291312E+04  2.985179750E+02  3.393002424E+02  2.866893568E+02  2.253326203E+02  1.019195134E-01 
       441  2.388558350E-02  1.289647853E-01  9.401845916E-02  9.974340265E+04  2.968042862E+02  3.392994868E+02  2.866879941E+02  2.260159032E+02  1.167123981E-01 
       442  2.351928731E-02  1.293134864E-01  9.696958543E-02  1.002467982E+05  2.939156918E+02  3.395524989E+02  2.871157923E+02  2.241385432E+02  1.282603529E-01 
       443  2.306449285E-02  1.296327241E-01  9.991680403E-02  1.010865537E+05  2.916557589E+02  3.399245615E+02  2.877452850E+02  2.218632293E+02  1.342111481E-01 
       444  2.257188759E-02  1.299515661E-01  1.028605699E-01  1.021028921E+05  2.891094675E+02  3.404100094E+02  2.885677395E+02  2.189038954E+02  1.392816678E-01 
       445  2.201092100E-02  1.302726916E-01  1.057899135E-01  1.030332773E+05  2.867646822E+02  3.408629251E+02  2.893360475E+02  2.160896955E+02  1.438813211E-01 
       446  2.143382683E-02  1.305960230E-01  1.087107054E-01  1.040156816E+05  2.842279196E+02  3.413458411E+02  2.901565787E+02  2.129371188E+02  1.485170939E-01 
       447  2.076802587E-02  1.309307408E-01  1.116221513E-01  1.048555771E+05  2.815546150E+02  3.418858757E+02  2.910754395E+02  2.088320160E+02  1.505695432E-01 
       448  2.010215597E-02  1.312657467E-01  1.145293522E-01  1.057196807E+05  2.793288689E+02  3.424367924E+02  2.920143394E+02  2.041910834E+02  1.482335585E-01 
       449  1.945135245E-02  1.316056955E-01  1.174374795E-01  1.064185223E+05  2.780152395E+02  3.428644364E+02  2.927439644E+02  2.016894095E+02  1.487216752E-01 
       450  1.885387307E-02  1.319548677E-01  1.203553293E-01  1.069748102E+05  2.769237893E+02  3.432014740E+02  2.933197958E+02  2.000828215E+02  1.514663436E-01 
       451  1.837479322E-02  1.322913677E-01  1.233018373E-01  1.074194167E+05  2.760152712E+02  3.434353132E+02  2.937197037E+02  1.986073751E+02  1.537236492E-01 
       452  1.811263581E-02  1.325954541E-01  1.262715907E-01  1.076414844E+05  2.753989410E+02  3.435510054E+02  2.939177322E+02  1.980228901E+02  1.574583370E-01 
       453  1.805653049E-02  1.328847135E-01  1.292554963E-01  1.077026267E+05  2.751178899E+02  3.436026845E+02  2.940062447E+02  1.977601223E+02  1.605144779E-01 
       454  1.819877737E-02  1.331672438E-01  1.322380588E-01  1.076143829E+05  2.754243791E+02  3.435467361E+02  2.939104995E+02  1.983547131E+02  1.630887592E-01 
       455  1.852494771E-02  1.334510277E-01  1.352129826E-01  1.074564884E+05  2.760932183E+02  3.434508476E+02  2.937464885E+02  1.999024291E+02  1.671077089E-01 
       456  1.890761882E-02  1.337081709E-01  1.381756048E-01  1.072325278E+05  2.771034918E+02  3.433130236E+02  2.935105640E+02  2.021481373E+02  1.713282693E-01 
       457  1.937808835E-02  1.339540030E-01  1.411279949E-01  1.069768708E+05  2.778134708E+02  3.432306411E+02  2.933696401E+02  2.043843074E+02  1.773088931E-01 
       458  1.989552602E-02  1.341916383E-01  1.440726902E-01  1.066725732E+05  2.784101281E+02  3.431547963E+02  2.932399669E+02  2.063667360E+02  1.830320163E-01 
       459  2.048114376E-02  1.344526817E-01  1.469999956E-01  1.063058687E+05  2.795658970E+02  3.429714003E+02  2.929286308E+02  2.085168715E+02  1.855739728E-01 
       460 -4.772920012E-02  1.664853148E-01 -4.258181757E-02  8.254237281E+04  1.816905992E+02  3.302829485E+02  2.716535091E+02  3.429276087E+02  1.012333957E+00 
       461 -4.770031945E-02  1.666117663E-01 -3.916302660E-02  8.233096246E+04  1.807461075E+02  3.302920802E+02  2.716686177E+02  3.425343671E+02  1.014951514E+00 
       462 -4.768621633E-02  1.667606858E-01 -3.574527808E-02  8.194792761E+04  1.831509156E+02  3.298830667E+02  2.709965796E+02  3.449181333E+02  1.011164203E+00 
       463 -4.773671611E-02  1.669008759E-01 -3.232563070E-02  8.146818091E+04  1.848080935E+02  3.295601158E+02  2.704660692E+02  3.471496449E+02  1.009644739E+00 
       464 -4.779814392E-02  1.670685917E-01 -2.890641835E-02  8.088977515E+04  1.858392859E+02  3.293083563E+02  2.700531483E+02  3.479712543E+02  1.007618703E+00 
       465 -4.772832030E-02  1.672854950E-01 -2.549705171E-02  8.023634106E+04  1.885222945E+02  3.288802290E+02  2.693514256E+02  3.506549091E+02  1.003722200E+00 
       466 -4.733274936E-02  1.676197526E-01 -2.211766833E-02  7.955528809E+04  1.909094861E+02  3.285011182E+02  2.687319026E+02  3.531123004E+02  1.000899132E+00 
       467 -4.646629434E-02  1.680852894E-01 -1.884685997E-02  7.915848926E+04  1.961247458E+02  3.279597210E+02  2.678475509E+02  3.548047037E+02  9.914507656E-01 
       468 -4.497458874E-02  1.687177674E-01 -1.583913045E-02  8.075273730E+04  1.967910271E+02  3.286215200E+02  2.689331112E+02  3.528084583E+02  9.921728224E-01 
       469 -4.311049959E-02  1.694263862E-01 -1.306511329E-02  8.390288086E+04  1.919107604E+02  3.303389988E+02  2.717514133E+02  3.439824600E+02  9.947659764E-01 
       470 -4.101650432E-02  1.701661907E-01 -1.047820325E-02  8.679571045E+04  1.858993378E+02  3.319125233E+02  2.743443069E+02  3.374157372E+02  1.004438847E+00 
       471 -3.872443978E-02  1.709287414E-01 -8.043812788E-03  8.726391492E+04  1.813200037E+02  3.323066354E+02  2.749947498E+02  3.340191154E+02  1.010672691E+00 
       472 -3.634257562E-02  1.716543837E-01 -5.706210795E-03  8.518043848E+04  1.816245098E+02  3.313484993E+02  2.734121571E+02  3.392929630E+02  1.015987523E+00 
       473 -3.384972842E-02  1.724025179E-01 -3.469956820E-03  8.139531165E+04  1.883653500E+02  3.292001576E+02  2.698820028E+02  3.520721786E+02  1.012888139E+00 
       474 -3.133060076E-02  1.731099844E-01 -1.271304633E-03  7.697551965E+04  1.985927835E+02  3.267067270E+02  2.658091942E+02  3.627347782E+02  9.956422318E-01 
       475 -2.873453975E-02  1.737912906E-01  8.535856133E-04  7.353082520E+04  2.070799356E+02  3.246474466E+02  2.624684248E+02  3.728198776E+02  9.856515899E-01 
       476 -2.611690126E-02  1.744247281E-01  2.958268427E-03  7.123262402E+04  2.136282430E+02  3.232330232E+02  2.601847310E+02  3.792527466E+02  9.762167800E-01 
       477 -2.348835128E-02  1.750433393E-01  5.058280838E-03  6.984278885E+04  2.184739068E+02  3.222484108E+02  2.586046891E+02  3.833420545E+02  9.683846622E-01 
       478 -2.083113736E-02  1.756162102E-01  7.133742148E-03  6.973086694E+04  2.181325049E+02  3.224429064E+02  2.589178886E+02  3.833763247E+02  9.692507293E-01 
       479 -1.816607045E-02  1.761555279E-01  9.209141426E-03  6.998059058E+04  2.224706535E+02  3.223743925E+02  2.588052721E+02  3.834630661E+02  9.546941854E-01 
       480 -1.549262448E-02  1.766467189E-01  1.128626304E-02  7.240923120E+04  2.219680929E+02  3.241036348E+02  2.615941267E+02  3.767201939E+02  9.420705512E-01 
       481 -1.281959455E-02  1.771087169E-01  1.337222607E-02  8.229785699E+04  2.125921972E+02  3.302863078E+02  2.716781869E+02  3.509976666E+02  9.248257242E-01 
       482 -1.015361520E-02  1.775059034E-01  1.547159933E-02  9.767435056E+04  2.079070673E+02  3.381646529E+02  2.847807148E+02  3.041232802E+02  8.705381684E-01 
       483 -7.491200012E-03  1.778633735E-01  1.757589553E-02  9.459742603E+04  2.200139232E+02  3.367861443E+02  2.824619541E+02  3.155140009E+02  8.446027301E-01 
       484 -4.837064878E-03  1.782590199E-01  1.971143984E-02  8.974129785E+04  2.291068287E+02  3.345592051E+02  2.787359533E+02  3.270892019E+02  8.311807774E-01 
       485 -2.188499166E-03  1.785530451E-01  2.185094162E-02  8.877090332E+04  2.310390895E+02  3.339243451E+02  2.776789103E+02  3.330275420E+02  8.336985153E-01 
       486  4.329096806E-04  1.787998193E-01  2.404680664E-02  8.898097070E+04  2.352795372E+02  3.338343964E+02  2.775289516E+02  3.371214752E+02  8.264927268E-01 
       487  3.027224691E-03  1.790317150E-01  2.627094405E-02  8.884051953E+04  2.386245542E+02  3.335174472E+02  2.770015004E+02  3.389544256E+02  8.178989734E-01 
       488  5.626976121E-03  1.792222402E-01  2.847807669E-02  8.953005457E+04  2.395406568E+02  3.339208531E+02  2.776717358E+02  3.375792849E+02  8.116531940E-01 
       489  8.191038637E-03  1.793338257E-01  3.074695743E-02  9.143589319E+04  2.397944703E+02  3.350180585E+02  2.795018616E+02  3.325505371E+02  8.021942908E-01 
       490  1.074058355E-02  1.794129340E-01  3.303046409E-02  9.482301398E+04  2.389117045E+02  3.368607547E+02  2.825867403E+02  3.225896529E+02  7.891389149E-01 
       491  1.325979491E-02  1.793970135E-01  3.532576038E-02  9.928178882E+04  2.380905299E+02  3.389694333E+02  2.861363246E+02  3.098585060E+02  7.726847436E-01 
       492  1.577166567E-02  1.793535417E-01  3.765132951E-02  1.033892697E+05  2.369772639E+02  3.408540850E+02  2.893248997E+02  2.998296514E+02  7.624631822E-01 
       493  1.825553626E-02  1.792503646E-01  4.000403552E-02  1.062846884E+05  2.365217600E+02  3.421799498E+02  2.915779743E+02  2.926818929E+02  7.546059648E-01 
       494  2.071273564E-02  1.790845686E-01  4.238164633E-02  1.084196765E+05  2.366398193E+02  3.431735816E+02  2.932731456E+02  2.864377862E+02  7.464207835E-01 
       495  2.315348782E-02  1.789033294E-01  4.476881837E-02  1.107170188E+05  2.352391715E+02  3.442608051E+02  2.951346674E+02  2.812490048E+02  7.454738477E-01 
       496  2.554611962E-02  1.786610662E-01  4.720294885E-02  1.129428853E+05  2.330023785E+02  3.452512407E+02  2.968354864E+02  2.775271902E+02  7.497406062E-01 
       497  2.790553153E-02  1.783591187E-01  4.966367300E-02  1.144405081E+05  2.316108637E+02  3.459054546E+02  2.979608316E+02  2.717219791E+02  7.486856095E-01 
       498  3.023553076E-02  1.780531658E-01  5.215009418E-02  1.154046946E+05  2.310360639E+02  3.464198093E+02  2.988473737E+02  2.659222491E+02  7.448877487E-01 
       499  3.255140683E-02  1.777481834E-01  5.464573084E-02  1.163316138E+05  2.309848492E+02  3.468787410E+02  2.996397429E+02  2.640806645E+02  7.436135649E-01 
       500  3.480321611E-02  1.773622653E-01  5.719033452E-02  1.171607607E+05  2.314187621E+02  3.471874385E+02  3.001735125E+02  2.612561185E+02  7.395387432E-01 
       501  3.704366447E-02  1.769956776E-01  5.978074099E-02  1.178551387E+05  2.310938036E+02  3.474816666E+02  3.006821272E+02  2.589483440E+02  7.388493437E-01 
       502  3.923116288E-02  1.766153691E-01  6.237867612E-02  1.184827050E+05  2.308355129E+02  3.478000550E+02  3.012333298E+02  2.584243255E+02  7.394538047E-01 
       503  4.136429871E-02  1.761773997E-01  6.501205622E-02  1.189888134E+05  2.315764236E+02  3.479624028E+02  3.015145798E+02  2.570067394E+02  7.352963795E-01 
       504  4.348069858E-02  1.757484529E-01  6.766046190E-02  1.192430203E+05  2.319840698E+02  3.480559788E+02  3.016766109E+02  2.549383979E+02  7.320331689E-01 
       505  4.554226392E-02  1.753162813E-01  7.034950997E-02  1.193547319E+05  2.324415255E+02  3.481193428E+02  3.017864485E+02  2.548494682E+02  7.304566391E-01 
       506  4.756665315E-02  1.748560179E-01  7.306168772E-02  1.193757872E+05  2.329245017E+02  3.481785800E+02  3.018891273E+02  2.551918473E+02  7.291228608E-01 
       507  4.956604909E-02  1.743615796E-01  7.580968578E-02  1.192821299E+05  2.337672902E+02  3.481778383E+02  3.018876961E+02  2.553462306E+02  7.261252836E-01 
       508  5.152654947E-02  1.738670862E-01  7.855886540E-02  1.192740474E+05  2.341290651E+02  3.482306330E+02  3.019793142E+02  2.553032373E+02  7.249932676E-01 
       509  5.347325952E-02  1.733659220E-01  8.131742073E-02  1.192269194E+05  2.343284225E+02  3.482216260E+02  3.019636518E+02  2.556591308E+02  7.249059700E-01 
       510  5.541917190E-02  1.728212690E-01  8.412523757E-02  1.192790073E+05  2.343223994E+02  3.481466693E+02  3.018336954E+02  2.558033842E+02  7.252526070E-01 
       511  5.731737707E-02  1.722438844E-01  8.698058411E-02  1.196803367E+05  2.343592910E+02  3.482706544E+02  3.020488127E+02  2.544621375E+02  7.240097199E-01 
       512  5.917186437E-02  1.716911252E-01  8.979478553E-02  1.198325587E+05  2.348900308E+02  3.483250099E+02  3.021432448E+02  2.541737864E+02  7.218810684E-01 
       513  6.096387184E-02  1.711643945E-01  9.255110888E-02  1.197685762E+05  2.357967652E+02  3.483027664E+02  3.021047106E+02  2.545437499E+02  7.188656649E-01 
       514  6.270700241E-02  1.705757992E-01  9.544380808E-02  1.195847759E+05  2.366982598E+02  3.482580514E+02  3.020270233E+02  2.548922129E+02  7.156226486E-01 
       515  6.442263795E-02  1.699823167E-01  9.834544530E-02  1.194062267E+05  2.373002753E+02  3.482035138E+02  3.019323471E+02  2.551572501E+02  7.136655227E-01 
       516  6.612271722E-02  1.694054111E-01  1.012510921E-01  1.192174954E+05  2.381021450E+02  3.481058421E+02  3.017630441E+02  2.556213012E+02  7.112690299E-01 
       517  6.776083839E-02  1.688452726E-01  1.042003507E-01  1.190332951E+05  2.386391958E+02  3.480218620E+02  3.016175476E+02  2.561609966E+02  7.100973120E-01 
       518  6.936215302E-02  1.682812898E-01  1.071729988E-01  1.188623647E+05  2.391175015E+02  3.479606711E+02  3.015114746E+02  2.568982164E+02  7.092811235E-01 
       519  7.082677073E-02  1.677321085E-01  1.102128146E-01  1.187291211E+05  2.398289657E+02  3.479142840E+02  3.014310508E+02  2.576936857E+02  7.074309890E-01 
       520  7.220712168E-02  1.672497044E-01  1.133584680E-01  1.186464920E+05  2.404009093E+02  3.479415339E+02  3.014783716E+02  2.586610974E+02  7.066276877E-01 
       521  7.342602904E-02  1.668557431E-01  1.165154693E-01  1.185673118E+05  2.407790751E+02  3.480473511E+02  3.016621292E+02  2.585035269E+02  7.056853115E-01 
       522  7.439926912E-02  1.665467988E-01  1.197652411E-01  1.185418756E+05  2.406489341E+02  3.482548761E+02  3.020221877E+02  2.574816861E+02  7.057022844E-01 
       523  7.498839543E-02  1.664581038E-01  1.231239650E-01  1.183883564E+05  2.406680908E+02  3.484121609E+02  3.022946682E+02  2.560127926E+02  7.044871897E-01 
       524  7.530423640E-02  1.665023734E-01  1.265249777E-01  1.182559724E+05  2.406235743E+02  3.484667473E+02  3.023892488E+02  2.557013140E+02  7.049310030E-01 
       525  7.543612494E-02  1.666233331E-01  1.299370256E-01  1.180813691E+05  2.417671242E+02  3.482631397E+02  3.020364380E+02  2.589087677E+02  7.043985538E-01 
       526  7.553122174E-02  1.667952118E-01  1.333496155E-01  1.179078259E+05  2.438682318E+02  3.478837838E+02  3.013792105E+02  2.627179542E+02  7.012463566E-01 
       527  7.566054780E-02  1.669469890E-01  1.367626796E-01  1.178515300E+05  2.438799977E+02  3.479866037E+02  3.015566692E+02  2.592858005E+02  6.974897422E-01 
       528  7.583993244E-02  1.671002891E-01  1.401745263E-01  1.177668720E+05  2.439366186E+02  3.482526088E+02  3.020184906E+02  2.595917170E+02  6.982440585E-01 
       529  7.600645069E-02  1.672586086E-01  1.435869327E-01  1.176797798E+05  2.440713968E+02  3.487204285E+02  3.028338819E+02  2.590708280E+02  6.996305306E-01 
       530  7.611546960E-02  1.674572299E-01  1.470000031E-01  1.178617436E+05  2.378629797E+02  3.500082328E+02  3.051788781E+02  2.475418487E+02  7.163506993E-01 
       531 -5.220359409E-02  2.342994603E-01 -4.210986580E-02  8.179845700E+04  1.817817194E+02  3.297466174E+02  2.708527409E+02  4.439827499E+02  1.148986363E+00 
       532 -5.220192467E-02  2.343108577E-01 -3.821952920E-02  8.073539761E+04  1.850073689E+02  3.292193485E+02  2.699072267E+02  4.465372744E+02  1.143712696E+00 
       533 -5.220302368E-02  2.343278434E-01 -3.432921672E-02  8.049891962E+04  1.865302764E+02  3.290969223E+02  2.697061535E+02  4.473181585E+02  1.140815150E+00 
       534 -5.220531674E-02  2.343446645E-01 -3.043898101E-02  8.157366705E+04  1.838511238E+02  3.297660393E+02  2.708060863E+02  4.440493808E+02  1.144163032E+00 
       535 -5.220735409E-02  2.343651870E-01 -2.654892396E-02  8.359456543E+04  1.781989899E+02  3.310115166E+02  2.728560886E+02  4.394894867E+02  1.153643019E+00 
       536 -5.221355576E-02  2.343966826E-01 -2.266385481E-02  8.531441067E+04  1.738233901E+02  3.319499525E+02  2.744035318E+02  4.361003019E+02  1.161280635E+00 
       537 -5.221196162E-02  2.344309954E-01 -1.877454498E-02  8.562566199E+04  1.730824006E+02  3.319299935E+02  2.743708531E+02  4.357244139E+02  1.162715840E+00 
       538 -5.222596507E-02  2.344687402E-01 -1.488167101E-02  8.415508333E+04  1.761009874E+02  3.309744075E+02  2.727945102E+02  4.388522462E+02  1.158359299E+00 
       539 -5.222923531E-02  2.345160018E-01 -1.099302079E-02  8.146687170E+04  1.818762412E+02  3.294773445E+02  2.703344012E+02  4.465259306E+02  1.153032240E+00 
       540 -5.210275326E-02  2.345957540E-01 -7.104134264E-03  7.904187820E+04  1.888854523E+02  3.282117014E+02  2.682592331E+02  4.484071810E+02  1.139831374E+00 
       541 -5.114101036E-02  2.348545508E-01 -3.375994418E-03  7.850352061E+04  1.929193674E+02  3.278593448E+02  2.676843562E+02  4.501826975E+02  1.133514288E+00 
       542 -4.917766965E-02  2.353023755E-01 -5.047413344E-05  7.977664722E+04  1.911234088E+02  3.284264421E+02  2.686113071E+02  4.532355537E+02  1.140728269E+00 
       543 -4.661414278E-02  2.358651253E-01  2.823323178E-03  8.136834888E+04  1.865908465E+02  3.295042577E+02  2.703765416E+02  4.493889284E+02  1.147386599E+00 
       544 -4.374488282E-02  2.364440537E-01  5.350106892E-03  8.425340057E+04  1.797307713E+02  3.313330865E+02  2.733856091E+02  4.414601254E+02  1.154270748E+00 
       545 -4.059796688E-02  2.370222596E-01  7.583171126E-03  8.830494720E+04  1.668580569E+02  3.335415232E+02  2.770430765E+02  4.291023793E+02  1.174090463E+00 
       546 -3.738701819E-02  2.375676250E-01  9.702642239E-03  8.732565741E+04  1.674143492E+02  3.331066334E+02  2.763213077E+02  4.315936084E+02  1.174271415E+00 
       547 -3.407522408E-02  2.380263225E-01  1.169481074E-02  8.235421716E+04  1.818714912E+02  3.305067821E+02  2.720269294E+02  4.441978726E+02  1.150514232E+00 
       548 -3.073065008E-02  2.384984497E-01  1.361793802E-02  8.021895056E+04  1.902006831E+02  3.291367455E+02  2.697724049E+02  4.475921345E+02  1.132779460E+00 
       549 -2.732884007E-02  2.388770261E-01  1.546643341E-02  8.157932434E+04  1.857060587E+02  3.299249268E+02  2.710667100E+02  4.445195737E+02  1.140955871E+00 
       550 -2.390908864E-02  2.392176502E-01  1.728468609E-02  8.219612299E+04  1.851585850E+02  3.301579813E+02  2.714492900E+02  4.420809906E+02  1.139949431E+00 
       551 -2.044822495E-02  2.394794424E-01  1.908927170E-02  8.148150815E+04  1.867185435E+02  3.297627425E+02  2.707997222E+02  4.423155138E+02  1.136135305E+00 
       552 -1.699643969E-02  2.397114515E-01  2.086461287E-02  8.080732068E+04  1.883066258E+02  3.293392725E+02  2.701054316E+02  4.458756380E+02  1.136922121E+00 
       553 -1.354033893E-02  2.398615604E-01  2.263394957E-02  8.079171582E+04  1.865225163E+02  3.294596424E+02  2.703040028E+02  4.449607830E+02  1.141305767E+00 
       554 -1.007792796E-02  2.399171479E-01  2.439846914E-02  8.115036780E+04  1.879144266E+02  3.294530339E+02  2.702941220E+02  4.440309391E+02  1.137682103E+00 
       555 -6.592279415E-03  2.399646350E-01  2.619220728E-02  8.080553247E+04  1.875748129E+02  3.293024158E+02  2.700464253E+02  4.442592421E+02  1.140642449E+00 
       556 -3.124907716E-03  2.398994093E-01  2.794309000E-02  7.963143359E+04  1.898492041E+02  3.287111073E+02  2.690753479E+02  4.466354866E+02  1.137928560E+00 
       557  3.338943067E-04  2.398017910E-01  2.968583889E-02  1.049173137E+05  2.091645548E+02  3.419487406E+02  2.911963888E+02  3.940585699E+02  1.044703420E+00 
       558  3.794068913E-03  2.396169640E-01  3.144821874E-02  1.004618354E+05  2.130485482E+02  3.400752511E+02  2.880107927E+02  4.038986111E+02  1.043984074E+00 
       559  7.248441593E-03  2.393064044E-01  3.320284907E-02  9.603040381E+04  2.133473520E+02  3.380040321E+02  2.845074930E+02  4.103032455E+02  1.048732061E+00 
       560  1.068879679E-02  2.389885178E-01  3.498866898E-02  9.273233521E+04  2.149235740E+02  3.364836664E+02  2.819574909E+02  4.172750254E+02  1.051529773E+00 
       561  1.412543948E-02  2.386075767E-01  3.676435012E-02  8.977630469E+04  2.187642226E+02  3.346942797E+02  2.789629717E+02  4.277148371E+02  1.050322361E+00 
       562  1.753589177E-02  2.380598424E-01  3.855175648E-02  8.885741553E+04  2.181358261E+02  3.343800659E+02  2.784397640E+02  4.256579742E+02  1.050296612E+00 
       563  2.093820079E-02  2.375000001E-01  4.035454522E-02  9.178728320E+04  2.147345114E+02  3.363897095E+02  2.818027048E+02  4.170114536E+02  1.052594192E+00 
       564  2.432947450E-02  2.368878370E-01  4.215773147E-02  1.034540094E+05  2.087705563E+02  3.422203058E+02  2.916802549E+02  3.924312904E+02  1.053980799E+00 
       565  2.770729830E-02  2.361795572E-01  4.394886350E-02  1.245035828E+05  1.989003992E+02  3.509960356E+02  3.068338003E+02  3.482783732E+02  1.065699743E+00 
       566  3.105826597E-02  2.354459967E-01  4.578622705E-02  1.316863148E+05  1.973478944E+02  3.534557467E+02  3.111141505E+02  3.392892132E+02  1.067067798E+00 
       567  3.438758923E-02  2.346372217E-01  4.762879820E-02  1.239036152E+05  2.028059158E+02  3.505651470E+02  3.060493775E+02  3.552802401E+02  1.049347707E+00 
       568  3.771502906E-02  2.337669833E-01  4.947240569E-02  1.172304918E+05  2.052896152E+02  3.482123015E+02  3.019491215E+02  3.650773079E+02  1.043165295E+00 
       569  4.101460083E-02  2.329246351E-01  5.135281935E-02  1.183547429E+05  2.025213926E+02  3.489127922E+02  3.031658392E+02  3.595014029E+02  1.049322140E+00 
       570  4.428347740E-02  2.319960665E-01  5.324515281E-02  1.228962250E+05  2.019799683E+02  3.505725200E+02  3.060555842E+02  3.489969261E+02  1.046616951E+00 
       571  4.749748393E-02  2.310181580E-01  5.520824782E-02  1.249810034E+05  2.044069629E+02  3.510909243E+02  3.069607286E+02  3.470677190E+02  1.039209444E+00 
       572  5.066691057E-02  2.300652086E-01  5.723980181E-02  1.248577500E+05  2.053068413E+02  3.511806874E+02  3.071178662E+02  3.462238034E+02  1.036128864E+00 
       573  5.379140778E-02  2.290521307E-01  5.932353399E-02  1.246700566E+05  2.073658315E+02  3.513481625E+02  3.074111379E+02  3.441256777E+02  1.028259738E+00 
       574  5.683956615E-02  2.279793322E-01  6.149869556E-02  1.253189980E+05  2.117989235E+02  3.515689507E+02  3.077973471E+02  3.416052208E+02  1.014891345E+00 
       575  5.985072913E-02  2.269370111E-01  6.373374277E-02  1.256328936E+05  2.147563219E+02  3.517160816E+02  3.080549774E+02  3.405106735E+02  1.005963437E+00 
       576  6.280959972E-02  2.258492183E-01  6.601505396E-02  1.253309422E+05  2.171295990E+02  3.516233388E+02  3.078924219E+02  3.386236822E+02  9.971421875E-01 
       577  6.573461678E-02  2.247295145E-01  6.832363097E-02  1.248450975E+05  2.208446407E+02  3.513226380E+02  3.073658195E+02  3.363196669E+02  9.842808861E-01 
       578  6.865501872E-02  2.236625994E-01  7.064894084E-02  1.242087354E+05  2.251366213E+02  3.510614183E+02  3.069091705E+02  3.403876532E+02  9.734038708E-01 
       579  7.151541969E-02  2.224865137E-01  7.302188293E-02  1.225116130E+05  2.299300184E+02  3.504502316E+02  3.058418779E+02  3.506363907E+02  9.623339493E-01 
       580  7.433322259E-02  2.213060150E-01  7.543149031E-02  1.208465994E+05  2.295126486E+02  3.503263206E+02  3.056265302E+02  3.541212883E+02  9.624782056E-01 
       581  7.711325138E-02  2.201536844E-01  7.789825066E-02  1.222994716E+05  2.315027802E+02  3.511209712E+02  3.070159955E+02  3.452523852E+02  9.505217529E-01 
       582  7.981655167E-02  2.189959972E-01  8.044372180E-02  1.227202482E+05  2.356728709E+02  3.514784055E+02  3.076421337E+02  3.407262340E+02  9.334550770E-01 
       583  8.242371870E-02  2.177951216E-01  8.306797326E-02  1.223931782E+05  2.383250008E+02  3.516913300E+02  3.080171547E+02  3.390356331E+02  9.231329449E-01 
       584  8.497819178E-02  2.166305248E-01  8.576177505E-02  1.220437431E+05  2.388512515E+02  3.517149563E+02  3.080587677E+02  3.397177323E+02  9.202549772E-01 
       585  8.747465708E-02  2.155008942E-01  8.852176985E-02  1.219510681E+05  2.386091976E+02  3.513447762E+02  3.074081268E+02  3.404202595E+02  9.202504419E-01 
       586  8.983863293E-02  2.143275504E-01  9.137087988E-02  1.221025271E+05  2.342450802E+02  3.512243562E+02  3.071961598E+02  3.395774040E+02  9.322612733E-01 
       587  9.211779941E-02  2.131724912E-01  9.430579148E-02  1.224360397E+05  2.302024164E+02  3.510827208E+02  3.069475308E+02  3.384845258E+02  9.434075060E-01 
       588  9.424446159E-02  2.121023496E-01  9.738772987E-02  1.226215431E+05  2.267489951E+02  3.509825257E+02  3.067720142E+02  3.394001022E+02  9.538774305E-01 
       589  9.610967173E-02  2.111612431E-01  1.006666829E-01  1.227839827E+05  2.230281844E+02  3.509043527E+02  3.066353597E+02  3.401249595E+02  9.649018653E-01 
       590  9.742401869E-02  2.103903297E-01  1.042235364E-01  1.229106753E+05  2.186843438E+02  3.508979073E+02  3.066246263E+02  3.411278614E+02  9.776953854E-01 
       591  9.764724840E-02  2.101688920E-01  1.080985861E-01  1.229361260E+05  2.177714875E+02  3.507644935E+02  3.063919811E+02  3.413432655E+02  9.804610796E-01 
       592  9.763062643E-02  2.101108570E-01  1.119846410E-01  1.228385728E+05  2.198006196E+02  3.507889957E+02  3.064363568E+02  3.395706552E+02  9.742506455E-01 
       593  9.759894170E-02  2.100363093E-01  1.158782398E-01  1.226919378E+05  2.217687322E+02  3.516346400E+02  3.079187961E+02  3.373831995E+02  9.679865907E-01 
       594  9.760335841E-02  2.100041055E-01  1.197683889E-01  1.226023520E+05  2.225421992E+02  3.530414952E+02  3.103892004E+02  3.306272895E+02  9.647421062E-01 
       595  9.760552297E-02  2.099886023E-01  1.236588659E-01  1.225380547E+05  2.228299669E+02  3.544206720E+02  3.128162646E+02  3.169403286E+02  9.644104569E-01 
       596  9.760989540E-02  2.100145164E-01  1.275491461E-01  1.226308799E+05  2.250681865E+02  3.551401265E+02  3.140848008E+02  3.029183317E+02  9.594342478E-01 
       597  9.760550437E-02  2.100148949E-01  1.314412195E-01  1.227212524E+05  2.267958121E+02  3.555187407E+02  3.147555904E+02  3.009228258E+02  9.535949789E-01 
       598  9.762031038E-02  2.101034915E-01  1.353312483E-01  1.228588658E+05  2.284416741E+02  3.556299320E+02  3.149573302E+02  3.104819238E+02  9.458054369E-01 
       599  9.762506170E-02  2.101609083E-01  1.392228176E-01  1.229969293E+05  2.285115773E+02  3.552319437E+02  3.142579213E+02  3.185630315E+02  9.450857076E-01 
       600  9.764671237E-02  2.102092269E-01  1.431110049E-01  1.230944548E+05  2.255595992E+02  3.544263239E+02  3.128362310E+02  3.242139792E+02  9.547795849E-01 
       601  9.766256924E-02  2.102587391E-01  1.469999989E-01  1.231413271E+05  2.217005649E+02  3.539006453E+02  3.116245594E+02  3.301928177E+02  9.672210366E-01 
