nodenumber     x-coordinate     y-coordinate     z-coordinate         pressure velocity-magnitude      sound-speed      temperature rel-velocity-magnitude relative-velocity-angle 
         1 -2.216901913E-02  1.039879580E-01 -4.300600202E-02  8.753445898E+04  1.538101282E+02  3.330610652E+02  2.762426527E+02  2.354722884E+02  8.591411995E-01 
         2 -2.197401757E-02  1.042260031E-01 -4.002397295E-02  8.746199072E+04  1.544440673E+02  3.330039691E+02  2.761478826E+02  2.362931533E+02  8.587192725E-01 
         3 -2.150271627E-02  1.045375264E-01 -3.708169353E-02  8.733558234E+04  1.551760681E+02  3.329307871E+02  2.760265427E+02  2.375379524E+02  8.594583478E-01 
         4 -2.072290556E-02  1.049359494E-01 -3.421635317E-02  8.720140076E+04  1.555458007E+02  3.328888903E+02  2.759571133E+02  2.372706225E+02  8.569897320E-01 
         5 -1.964621854E-02  1.053757771E-01 -3.145501365E-02  8.708308936E+04  1.563627014E+02  3.328173161E+02  2.758384514E+02  2.384099798E+02  8.568824921E-01 
         6 -1.833909717E-02  1.058829391E-01 -2.880182754E-02  8.698129419E+04  1.571654749E+02  3.327516193E+02  2.757296395E+02  2.394754453E+02  8.567842245E-01 
         7 -1.686396899E-02  1.064019756E-01 -2.624136390E-02  8.681021118E+04  1.580759635E+02  3.326510487E+02  2.755630026E+02  2.404376693E+02  8.556296881E-01 
         8 -1.524276490E-02  1.069101094E-01 -2.376908005E-02  8.662787598E+04  1.591030157E+02  3.325412111E+02  2.753809824E+02  2.416488743E+02  8.546014354E-01 
         9 -1.353040875E-02  1.074492491E-01 -2.136449246E-02  8.643753857E+04  1.601811888E+02  3.324416504E+02  2.752160733E+02  2.428126533E+02  8.534554094E-01 
        10 -1.175719847E-02  1.079385502E-01 -1.899452623E-02  8.623898608E+04  1.614193164E+02  3.323321626E+02  2.750347910E+02  2.439731297E+02  8.513196735E-01 
        11 -9.920451205E-03  1.084473482E-01 -1.667649769E-02  8.611681882E+04  1.626072335E+02  3.322673826E+02  2.749276830E+02  2.445819962E+02  8.475809994E-01 
        12 -8.053093039E-03  1.089314126E-01 -1.437870322E-02  8.628008505E+04  1.629441664E+02  3.323877622E+02  2.751270024E+02  2.442641730E+02  8.453866872E-01 
        13 -6.139911673E-03  1.093816015E-01 -1.211111235E-02  8.671696436E+04  1.621955428E+02  3.326407652E+02  2.755458822E+02  2.430183663E+02  8.456758242E-01 
        14 -4.213714023E-03  1.098625599E-01 -9.853315987E-03  8.755190430E+04  1.604643784E+02  3.330486717E+02  2.762222309E+02  2.404817152E+02  8.468535393E-01 
        15 -2.267252226E-03  1.102821410E-01 -7.616721013E-03  8.857613232E+04  1.563416147E+02  3.335817356E+02  2.771071978E+02  2.369861612E+02  8.583959490E-01 
        16 -3.058463972E-04  1.106716081E-01 -5.380345181E-03  8.922604932E+04  1.504994850E+02  3.338917599E+02  2.776227112E+02  2.350865808E+02  8.853644338E-01 
        17  1.649896870E-03  1.110991589E-01 -3.144821902E-03  8.754187903E+04  1.452324145E+02  3.330720925E+02  2.762625582E+02  2.407772288E+02  9.341968494E-01 
        18  3.605378217E-03  1.114680886E-01 -8.997268064E-04  7.566440430E+04  1.764711277E+02  3.260878453E+02  2.647976336E+02  2.873202257E+02  9.405142181E-01 
        19  5.548952344E-03  1.118349081E-01  1.356589372E-03  7.004969946E+04  2.118507683E+02  3.224973624E+02  2.590015132E+02  3.102598696E+02  8.431304921E-01 
        20  7.472030685E-03  1.121892539E-01  3.633809071E-03  7.300206519E+04  2.127487313E+02  3.246114252E+02  2.624124119E+02  2.980200976E+02  7.869978601E-01 
        21  9.366594022E-03  1.125505666E-01  5.932977735E-03  7.661413672E+04  2.068031113E+02  3.271979663E+02  2.666065898E+02  2.817582059E+02  7.544661290E-01 
        22  1.122147558E-02  1.129077905E-01  8.263617067E-03  7.897056776E+04  2.058831097E+02  3.287096310E+02  2.690748132E+02  2.717039968E+02  7.215066596E-01 
        23  1.303284284E-02  1.132507638E-01  1.062953057E-02  8.054039359E+04  2.084843046E+02  3.296025564E+02  2.705386364E+02  2.682606518E+02  6.961068215E-01 
        24  1.479928419E-02  1.136234762E-01  1.303021626E-02  8.174136696E+04  2.138785840E+02  3.301376575E+02  2.714177310E+02  2.658639851E+02  6.611509046E-01 
        25  1.649617427E-02  1.139938279E-01  1.547769530E-02  8.281080121E+04  2.192337613E+02  3.305864983E+02  2.721556764E+02  2.629339733E+02  6.238492071E-01 
        26  1.811807173E-02  1.143837002E-01  1.797032872E-02  8.353752026E+04  2.247139790E+02  3.308779764E+02  2.726348324E+02  2.613960271E+02  5.906258272E-01 
        27  1.968166241E-02  1.148013513E-01  2.049621310E-02  8.360766724E+04  2.316506488E+02  3.308796155E+02  2.726369765E+02  2.622596912E+02  5.584456529E-01 
        28  2.119101764E-02  1.152299366E-01  2.305322148E-02  8.304362127E+04  2.408797561E+02  3.305006618E+02  2.720129745E+02  2.657774747E+02  5.232893927E-01 
        29  2.266338778E-02  1.156643914E-01  2.563116057E-02  8.241380194E+04  2.495017427E+02  3.301664996E+02  2.714630401E+02  2.685071696E+02  4.890380192E-01 
        30  2.408077791E-02  1.161159634E-01  2.823658064E-02  8.187856604E+04  2.572744172E+02  3.299157062E+02  2.710507116E+02  2.703906062E+02  4.566846644E-01 
        31  2.544088325E-02  1.165921105E-01  3.086849856E-02  8.130916040E+04  2.658509309E+02  3.294695358E+02  2.703190536E+02  2.736983838E+02  4.257173813E-01 
        32  2.674433127E-02  1.170738851E-01  3.352942364E-02  8.071299744E+04  2.741354227E+02  3.290800695E+02  2.696805036E+02  2.772235765E+02  3.970656712E-01 
        33  2.797950643E-02  1.175445507E-01  3.622298897E-02  8.017644485E+04  2.813223612E+02  3.289321157E+02  2.694373047E+02  2.794813342E+02  3.692911672E-01 
        34  2.916313541E-02  1.180056499E-01  3.893937175E-02  7.988663451E+04  2.880841626E+02  3.289051771E+02  2.693923583E+02  2.807029073E+02  3.398731785E-01 
        35  3.031249539E-02  1.184785399E-01  4.167042727E-02  8.000761118E+04  2.950144575E+02  3.288371222E+02  2.692809455E+02  2.821278245E+02  3.105888824E-01 
        36  3.139929926E-02  1.189405785E-01  4.442941843E-02  8.026672232E+04  3.007470211E+02  3.290122672E+02  2.695681192E+02  2.822387782E+02  2.825903997E-01 
        37  3.242013936E-02  1.193808800E-01  4.721660669E-02  8.081112206E+04  3.058211764E+02  3.294152440E+02  2.702288129E+02  2.810887102E+02  2.526578636E-01 
        38  3.340677803E-02  1.198011670E-01  5.002067675E-02  8.214110696E+04  3.086933872E+02  3.302266893E+02  2.715628045E+02  2.773362269E+02  2.238815655E-01 
        39  3.430413654E-02  1.201853153E-01  5.285529857E-02  8.391541455E+04  3.098878622E+02  3.313195877E+02  2.733639793E+02  2.720573301E+02  1.979757911E-01 
        40  3.515433510E-02  1.205874318E-01  5.570324370E-02  8.607303076E+04  3.098776989E+02  3.325582809E+02  2.754119701E+02  2.657076054E+02  1.743306024E-01 
        41  3.592907297E-02  1.209644065E-01  5.857535950E-02  8.848789624E+04  3.085731707E+02  3.338555040E+02  2.775647039E+02  2.587963314E+02  1.557201627E-01 
        42  3.664355424E-02  1.213334730E-01  6.146049591E-02  9.095514307E+04  3.061297235E+02  3.350357342E+02  2.795301504E+02  2.519223475E+02  1.439219883E-01 
        43  3.727845098E-02  1.217084379E-01  6.437276718E-02  9.316432935E+04  3.027887497E+02  3.360182676E+02  2.811712894E+02  2.453839302E+02  1.391067579E-01 
        44  3.781448665E-02  1.220744111E-01  6.730672953E-02  9.482510693E+04  2.991133995E+02  3.367928448E+02  2.824685898E+02  2.402521806E+02  1.426619380E-01 
        45  3.826762164E-02  1.224563704E-01  7.025293559E-02  9.587865942E+04  2.957701340E+02  3.373524992E+02  2.834075968E+02  2.365982101E+02  1.507280433E-01 
        46  3.856443464E-02  1.228195695E-01  7.317567491E-02  9.647467188E+04  2.936109695E+02  3.376752167E+02  2.839500580E+02  2.343543396E+02  1.574696079E-01 
        47  3.882754171E-02  1.231963568E-01  7.616928387E-02  9.672046848E+04  2.914434438E+02  3.382066598E+02  2.848464459E+02  2.317068294E+02  1.633318711E-01 
        48  3.896508106E-02  1.235573809E-01  7.913505459E-02  9.667048438E+04  2.863747025E+02  3.393635025E+02  2.868138466E+02  2.235528984E+02  1.689713076E-01 
        49  3.903512947E-02  1.239238609E-01  8.213137167E-02  9.657359680E+04  2.747546031E+02  3.417133272E+02  2.908302391E+02  2.031242152E+02  1.817723201E-01 
        50  3.900153017E-02  1.243001337E-01  8.510504302E-02  9.640293240E+04  2.562019560E+02  3.454673189E+02  2.972625486E+02  1.675396442E+02  1.908810826E-01 
        51  3.889299026E-02  1.246700891E-01  8.806950082E-02  9.638365076E+04  2.398522980E+02  3.493078334E+02  3.038928940E+02  1.200879401E+02  1.554022810E-01 
        52  3.870303970E-02  1.250405990E-01  9.105247242E-02  9.643938013E+04  2.336425891E+02  3.520687513E+02  3.086856933E+02  7.838344741E+01  1.292921905E-02 
        53  3.847530202E-02  1.253810613E-01  9.402032493E-02  9.717648630E+04  2.337965225E+02  3.533778183E+02  3.109792424E+02  4.482872328E+01 -4.371460802E-01 
        54  3.809583015E-02  1.257752167E-01  9.695318516E-02  9.723338184E+04  2.272843437E+02  3.534291153E+02  3.110655327E+02  4.035732555E+01 -4.962534150E-01 
        55  3.767199372E-02  1.261489404E-01  9.992435767E-02  9.786473975E+04  2.386611109E+02  3.525957012E+02  3.095992837E+02  4.791677296E+01 -1.728899542E+00 
        56  3.723780727E-02  1.265196365E-01  1.028569506E-01  1.002928426E+05  2.497521520E+02  3.524337567E+02  3.093144106E+02  5.984237716E+01 -1.353241252E+00 
        57  3.672955052E-02  1.269046997E-01  1.057947981E-01  1.019482990E+05  2.492825716E+02  3.513427796E+02  3.074030418E+02  1.033252344E+02 -2.030672267E-01 
        58  3.615520807E-02  1.273091289E-01  1.087154776E-01  1.028969233E+05  2.401548834E+02  3.489292269E+02  3.031979122E+02  1.511425838E+02  2.285239198E-01 
        59  3.556812424E-02  1.277144368E-01  1.116309472E-01  1.044027142E+05  2.458117363E+02  3.452778826E+02  2.968864710E+02  1.848752620E+02  2.951919416E-01 
        60  3.495651588E-02  1.281329458E-01  1.145394580E-01  1.061011506E+05  2.541799173E+02  3.430759025E+02  2.931084123E+02  1.972296758E+02  2.811735007E-01 
        61  3.433795015E-02  1.285471243E-01  1.174457346E-01  1.074602479E+05  2.569827960E+02  3.427321496E+02  2.925189595E+02  1.949306474E+02  2.565261815E-01 
        62  3.376061330E-02  1.289460490E-01  1.203607660E-01  1.081408297E+05  2.592481768E+02  3.430776670E+02  2.931083939E+02  1.903514183E+02  2.275176460E-01 
        63  3.331803132E-02  1.293309423E-01  1.232882868E-01  1.082331478E+05  2.645997332E+02  3.432696542E+02  2.934363986E+02  1.928593379E+02  2.041507094E-01 
        64  3.310586596E-02  1.296649637E-01  1.262581306E-01  1.080873193E+05  2.692784414E+02  3.433190308E+02  2.935210323E+02  1.984169390E+02  1.965746874E-01 
        65  3.306639982E-02  1.299493947E-01  1.292495641E-01  1.079339325E+05  2.714319523E+02  3.432771195E+02  2.934492989E+02  2.010729073E+02  1.946269712E-01 
        66  3.322486525E-02  1.302097713E-01  1.322380794E-01  1.078152651E+05  2.739361606E+02  3.428719667E+02  2.927572569E+02  2.018218661E+02  1.841200617E-01 
        67  3.356462385E-02  1.304573038E-01  1.352130229E-01  1.076854143E+05  2.738921481E+02  3.428048704E+02  2.926426690E+02  2.029547774E+02  1.906756085E-01 
        68  3.400410102E-02  1.306751199E-01  1.381765647E-01  1.075345421E+05  2.746348088E+02  3.426725082E+02  2.924166384E+02  2.037012341E+02  1.909129438E-01 
        69  3.451963359E-02  1.308741206E-01  1.411278790E-01  1.072821675E+05  2.752854724E+02  3.426327806E+02  2.923487990E+02  2.041172040E+02  1.906977710E-01 
        70  3.508991352E-02  1.310576265E-01  1.440660380E-01  1.069155796E+05  2.760727630E+02  3.425975790E+02  2.922887623E+02  2.052481303E+02  1.922991790E-01 
        71  3.570211579E-02  1.312503676E-01  1.470000000E-01  1.063070684E+05  2.780628128E+02  3.423566360E+02  2.918748207E+02  2.077618999E+02  1.912658736E-01 
        72 -2.843361623E-02  1.708417341E-01 -4.258217492E-02  8.217083838E+04  1.832229481E+02  3.300739212E+02  2.713098164E+02  3.437760134E+02  1.008701943E+00 
        73 -2.838826984E-02  1.709653765E-01 -3.916427879E-02  8.217350415E+04  1.840878322E+02  3.299947445E+02  2.711797276E+02  3.447834516E+02  1.007651553E+00 
        74 -2.835908450E-02  1.711140563E-01 -3.574649433E-02  8.230925763E+04  1.837895792E+02  3.301348560E+02  2.714102876E+02  3.433065927E+02  1.006105167E+00 
        75 -2.838361088E-02  1.712589164E-01 -3.232950605E-02  8.269893799E+04  1.844909878E+02  3.302417774E+02  2.715862875E+02  3.447109814E+02  1.006668583E+00 
        76 -2.841360827E-02  1.714319125E-01 -2.891476756E-02  8.316155798E+04  1.824723792E+02  3.306449451E+02  2.722496266E+02  3.404090395E+02  1.005804319E+00 
        77 -2.833774301E-02  1.716334782E-01 -2.549995819E-02  8.367309909E+04  1.814714444E+02  3.309756994E+02  2.727947316E+02  3.385077027E+02  1.006039621E+00 
        78 -2.791452343E-02  1.719215161E-01 -2.212016887E-02  8.403533496E+04  1.816807375E+02  3.310023098E+02  2.728385897E+02  3.412796326E+02  1.009987496E+00 
        79 -2.700703325E-02  1.722886754E-01 -1.884820631E-02  8.408866431E+04  1.805292192E+02  3.310743170E+02  2.729573574E+02  3.406394129E+02  1.012874745E+00 
        80 -2.544395246E-02  1.727209334E-01 -1.584518523E-02  8.330453839E+04  1.813125710E+02  3.306829770E+02  2.723125982E+02  3.421965687E+02  1.012777298E+00 
        81 -2.351536464E-02  1.732363399E-01 -1.306823492E-02  8.137610149E+04  1.849446594E+02  3.295868053E+02  2.705101314E+02  3.474455048E+02  1.009896867E+00 
        82 -2.134527601E-02  1.737374909E-01 -1.047435973E-02  7.882381512E+04  1.909385040E+02  3.280886136E+02  2.680573487E+02  3.553003958E+02  1.004166942E+00 
        83 -1.897326710E-02  1.742189522E-01 -8.035177519E-03  7.609679150E+04  1.979056496E+02  3.264630742E+02  2.654086112E+02  3.640100347E+02  9.979012166E-01 
        84 -1.652827274E-02  1.746780172E-01 -5.688541800E-03  7.399023456E+04  2.042897649E+02  3.251086688E+02  2.632111390E+02  3.693284798E+02  9.870726150E-01 
        85 -1.397929867E-02  1.751251779E-01 -3.446989688E-03  7.299375281E+04  2.082067771E+02  3.245582223E+02  2.623208947E+02  3.724648285E+02  9.801657479E-01 
        86 -1.139011487E-02  1.755573757E-01 -1.256774906E-03  7.363120581E+04  2.111008565E+02  3.247819123E+02  2.626836286E+02  3.710547447E+02  9.672223348E-01 
        87 -8.734274343E-03  1.759085237E-01  8.667805443E-04  7.783704486E+04  2.047760545E+02  3.275410852E+02  2.671721210E+02  3.590048892E+02  9.653057531E-01 
        88 -6.073383534E-03  1.762548475E-01  2.984781313E-03  8.799320392E+04  1.914326565E+02  3.331844964E+02  2.764585427E+02  3.322362998E+02  9.653072963E-01 
        89 -3.359730182E-03  1.765819110E-01  5.053045394E-03  9.785084399E+04  1.754891338E+02  3.382486169E+02  2.849181474E+02  3.054914937E+02  9.833820076E-01 
        90 -6.741955509E-04  1.768270807E-01  7.130208361E-03  9.695479177E+04  1.694644485E+02  3.375281887E+02  2.837053192E+02  3.119548004E+02  1.012908011E+00 
        91  2.027043660E-03  1.770783858E-01  9.208570588E-03  7.913340807E+04  1.914467582E+02  3.283391032E+02  2.684706907E+02  3.584522707E+02  1.009775150E+00 
        92  4.731686997E-03  1.772422585E-01  1.127155269E-02  7.414829536E+04  2.095377386E+02  3.251613008E+02  2.632980693E+02  3.710841046E+02  9.723867027E-01 
        93  7.454465044E-03  1.773874983E-01  1.334309669E-02  7.399671346E+04  2.088531218E+02  3.249790243E+02  2.630039948E+02  3.718333422E+02  9.764235606E-01 
        94  1.015989937E-02  1.775222933E-01  1.545596277E-02  7.084352981E+04  2.175562644E+02  3.230712419E+02  2.599306910E+02  3.821623437E+02  9.683076875E-01 
        95  1.284858280E-02  1.775661421E-01  1.756817794E-02  6.729958304E+04  2.299073937E+02  3.205297558E+02  2.558580039E+02  3.942106447E+02  9.526095157E-01 
        96  1.551966693E-02  1.776138061E-01  1.970369132E-02  6.432662860E+04  2.390390997E+02  3.184658222E+02  2.525717063E+02  4.023645315E+02  9.400878847E-01 
        97  1.817410325E-02  1.776258069E-01  2.186017323E-02  6.171289819E+04  2.456621683E+02  3.169179158E+02  2.501202097E+02  4.082167630E+02  9.313096590E-01 
        98  2.080993586E-02  1.775631240E-01  2.403936301E-02  5.979604517E+04  2.540621967E+02  3.154582834E+02  2.478242826E+02  4.157306662E+02  9.208073635E-01 
        99  2.341570779E-02  1.774969016E-01  2.625394818E-02  5.929716272E+04  2.591238227E+02  3.151754637E+02  2.473849940E+02  4.174319048E+02  9.080966227E-01 
       100  2.600295182E-02  1.773818036E-01  2.848806157E-02  6.095137939E+04  2.596389923E+02  3.166968918E+02  2.497854958E+02  4.109728241E+02  8.914388716E-01 
       101  2.856627515E-02  1.771883875E-01  3.074502562E-02  6.624745288E+04  2.554994383E+02  3.203512115E+02  2.556300211E+02  3.954721041E+02  8.726014420E-01 
       102  3.110662233E-02  1.769811535E-01  3.302644514E-02  7.480163647E+04  2.451923418E+02  3.260106401E+02  2.647553425E+02  3.688687305E+02  8.529113606E-01 
       103  3.362247542E-02  1.767159818E-01  3.532849163E-02  8.170068970E+04  2.410763268E+02  3.301523151E+02  2.714627786E+02  3.505270891E+02  8.294785339E-01 
       104  3.610895472E-02  1.763647845E-01  3.765120331E-02  8.282060120E+04  2.465830660E+02  3.306449184E+02  2.722558494E+02  3.491959515E+02  8.082262091E-01 
       105  3.856497337E-02  1.759966372E-01  4.000321012E-02  8.017394638E+04  2.558518728E+02  3.290693069E+02  2.696677195E+02  3.565565736E+02  7.906694002E-01 
       106  4.103059304E-02  1.755360248E-01  4.234569910E-02  7.790034058E+04  2.645271561E+02  3.276458384E+02  2.673352267E+02  3.650841383E+02  7.771128242E-01 
       107  4.340106546E-02  1.750377176E-01  4.474435622E-02  7.836674463E+04  2.672990563E+02  3.281927344E+02  2.682299762E+02  3.628686470E+02  7.634277930E-01 
       108  4.575540032E-02  1.745445103E-01  4.717695363E-02  8.188256860E+04  2.669445114E+02  3.302849917E+02  2.716664062E+02  3.528669329E+02  7.458270472E-01 
       109  4.807037784E-02  1.739953488E-01  4.963532790E-02  8.826036670E+04  2.628154001E+02  3.336989231E+02  2.773182764E+02  3.362091780E+02  7.302913442E-01 
       110  5.034733117E-02  1.734133857E-01  5.212084081E-02  9.507678271E+04  2.583876228E+02  3.371556034E+02  2.830862846E+02  3.170282459E+02  7.133390754E-01 
       111  5.258765486E-02  1.728405975E-01  5.464144749E-02  9.963431396E+04  2.572672386E+02  3.394069653E+02  2.868728390E+02  3.053962097E+02  6.985618621E-01 
       112  5.479076840E-02  1.722430532E-01  5.718902978E-02  1.024912969E+05  2.573966894E+02  3.408848267E+02  2.893751478E+02  2.988600702E+02  6.880169548E-01 
       113  5.694737683E-02  1.716020731E-01  5.976586917E-02  1.054063615E+05  2.570293117E+02  3.423569708E+02  2.918804266E+02  2.902174499E+02  6.768905432E-01 
       114  5.911848447E-02  1.709340834E-01  6.233872565E-02  1.088636189E+05  2.563134102E+02  3.438830612E+02  2.944870903E+02  2.813228834E+02  6.669974789E-01 
       115  6.119351897E-02  1.703313828E-01  6.496775561E-02  1.117078391E+05  2.549699883E+02  3.451468420E+02  2.966555367E+02  2.747883077E+02  6.636191513E-01 
       116  6.319798910E-02  1.696485115E-01  6.765543605E-02  1.137612386E+05  2.546397271E+02  3.459180999E+02  2.979823332E+02  2.704567895E+02  6.592372004E-01 
       117  6.520189851E-02  1.689621155E-01  7.034628384E-02  1.157377227E+05  2.541046009E+02  3.466674061E+02  2.992746239E+02  2.653081598E+02  6.551297083E-01 
       118  6.717992039E-02  1.682884043E-01  7.305807409E-02  1.173014360E+05  2.518246584E+02  3.474129915E+02  3.005635614E+02  2.594737387E+02  6.576212179E-01 
       119  6.910755662E-02  1.675987334E-01  7.579818779E-02  1.184753198E+05  2.490828907E+02  3.480355856E+02  3.016410983E+02  2.560971379E+02  6.653211163E-01 
       120  7.101404689E-02  1.668389198E-01  7.852135391E-02  1.194627071E+05  2.466912992E+02  3.484379456E+02  3.023391030E+02  2.545497298E+02  6.733343983E-01 
       121  7.286652020E-02  1.661304029E-01  8.130170181E-02  1.196115486E+05  2.445443296E+02  3.485850899E+02  3.025945444E+02  2.548608596E+02  6.825281555E-01 
       122  7.473378469E-02  1.653966549E-01  8.408122010E-02  1.196600967E+05  2.439611511E+02  3.486565342E+02  3.027188644E+02  2.550290718E+02  6.852794550E-01 
       123  7.654776682E-02  1.646234676E-01  8.688218818E-02  1.196296736E+05  2.433599911E+02  3.488032551E+02  3.029739304E+02  2.535930901E+02  6.866261065E-01 
       124  7.830115451E-02  1.638494494E-01  8.971806956E-02  1.195176475E+05  2.424609070E+02  3.489547157E+02  3.032384109E+02  2.524082241E+02  6.894732378E-01 
       125  8.003223315E-02  1.630890187E-01  9.257063461E-02  1.193064722E+05  2.401571383E+02  3.494268589E+02  3.040633850E+02  2.523161111E+02  6.994258780E-01 
       126  8.174167210E-02  1.623344685E-01  9.543869445E-02  1.190149670E+05  2.394579654E+02  3.498935022E+02  3.048795676E+02  2.507861366E+02  7.017353079E-01 
       127  8.339566060E-02  1.615413001E-01  9.829620033E-02  1.187595625E+05  2.400481690E+02  3.501877081E+02  3.053943637E+02  2.477047818E+02  6.975407208E-01 
       128  8.500809507E-02  1.607572746E-01  1.012133408E-01  1.186828958E+05  2.394960873E+02  3.504963562E+02  3.059330575E+02  2.421512026E+02  6.967463489E-01 
       129  8.654116005E-02  1.600133249E-01  1.041766726E-01  1.186595182E+05  2.359209502E+02  3.514716587E+02  3.076386024E+02  2.350388737E+02  7.093562069E-01 
       130  8.807530659E-02  1.592883350E-01  1.071513815E-01  1.185369470E+05  2.324777813E+02  3.525296669E+02  3.094925475E+02  2.275330186E+02  7.224593842E-01 
       131  8.946870181E-02  1.585918917E-01  1.101955952E-01  1.183593086E+05  2.314129373E+02  3.531329666E+02  3.105496304E+02  2.194046106E+02  7.240887005E-01 
       132  9.078169785E-02  1.579398834E-01  1.132895212E-01  1.183812014E+05  2.336539737E+02  3.530432212E+02  3.103875171E+02  2.101682639E+02  7.108520316E-01 
       133  9.193376095E-02  1.573753789E-01  1.164622823E-01  1.184826403E+05  2.298596072E+02  3.531389370E+02  3.105536475E+02  2.087327139E+02  7.268104227E-01 
       134  9.287851211E-02  1.569754829E-01  1.197270904E-01  1.184719961E+05  2.243732794E+02  3.526169619E+02  3.096390704E+02  2.195055178E+02  7.541261469E-01 
       135  9.346963790E-02  1.567893278E-01  1.230899614E-01  1.185446949E+05  2.289157227E+02  3.508752075E+02  3.065930656E+02  2.365933528E+02  7.430692499E-01 
       136  9.376445592E-02  1.568076376E-01  1.265149706E-01  1.185197653E+05  2.383409088E+02  3.488379412E+02  3.030398269E+02  2.544326982E+02  7.144765370E-01 
       137  9.391306034E-02  1.569225935E-01  1.299303306E-01  1.182778662E+05  2.425422907E+02  3.477668648E+02  3.011770115E+02  2.608191652E+02  7.026039977E-01 
       138  9.402896493E-02  1.570765633E-01  1.333445553E-01  1.180919341E+05  2.422410021E+02  3.476080904E+02  3.009010630E+02  2.597694645E+02  7.035205904E-01 
       139  9.417960043E-02  1.572174564E-01  1.367593072E-01  1.180135957E+05  2.424875798E+02  3.476250296E+02  3.009303441E+02  2.604194021E+02  7.038828414E-01 
       140  9.437397158E-02  1.573466446E-01  1.401725853E-01  1.179469968E+05  2.429908381E+02  3.477337937E+02  3.011185179E+02  2.616503553E+02  7.037586030E-01 
       141  9.455826038E-02  1.574868932E-01  1.435861248E-01  1.178916223E+05  2.433804397E+02  3.479154197E+02  3.014328113E+02  2.620673138E+02  7.033229489E-01 
       142  9.468914447E-02  1.576724412E-01  1.470000022E-01  1.178209019E+05  2.438148117E+02  3.479841557E+02  3.015638294E+02  2.624437189E+02  7.028652318E-01 
       143 -2.515044289E-02  2.387134140E-01 -4.211006034E-02  8.299404205E+04  1.815172510E+02  3.305300519E+02  2.720603453E+02  4.417670535E+02  1.147457475E+00 
       144 -2.515073613E-02  2.387267259E-01 -3.821832766E-02  8.439939605E+04  1.783083397E+02  3.312947372E+02  2.733212422E+02  4.394634835E+02  1.153189093E+00 
       145 -2.514274647E-02  2.387409373E-01 -3.433018188E-02  8.580437247E+04  1.743421469E+02  3.321065324E+02  2.746624248E+02  4.340842760E+02  1.158320664E+00 
       146 -2.514933814E-02  2.387615668E-01 -3.043885368E-02  8.617363864E+04  1.741269254E+02  3.322234143E+02  2.748559341E+02  4.346905434E+02  1.159611048E+00 
       147 -2.514205174E-02  2.387863737E-01 -2.655197175E-02  8.498573184E+04  1.783979572E+02  3.314601389E+02  2.735949718E+02  4.381413175E+02  1.152433888E+00 
       148 -2.514801404E-02  2.388163633E-01 -2.268742808E-02  8.294441768E+04  1.807291603E+02  3.306124645E+02  2.721965153E+02  4.395541281E+02  1.148295257E+00 
       149 -2.514603624E-02  2.387984711E-01 -1.877579094E-02  8.050680469E+04  1.884072247E+02  3.291192627E+02  2.697436295E+02  4.459993248E+02  1.135352939E+00 
       150 -2.513833525E-02  2.388756875E-01 -1.487946342E-02  7.911577597E+04  1.928086496E+02  3.282925860E+02  2.683895354E+02  4.514965057E+02  1.130570152E+00 
       151 -2.514495058E-02  2.389300222E-01 -1.098752945E-02  7.910829880E+04  1.910758873E+02  3.283616143E+02  2.685024503E+02  4.486502156E+02  1.131459110E+00 
       152 -2.501801490E-02  2.389948317E-01 -7.101428526E-03  8.112980939E+04  1.867750528E+02  3.293616904E+02  2.701423464E+02  4.475616630E+02  1.140944974E+00 
       153 -2.403359079E-02  2.391541778E-01 -3.362202731E-03  8.579135786E+04  1.741309251E+02  3.320535325E+02  2.745761758E+02  4.342854994E+02  1.159133857E+00 
       154 -2.203079393E-02  2.393877231E-01 -4.501692070E-05  8.925275066E+04  1.649466276E+02  3.339389530E+02  2.777019795E+02  4.273028757E+02  1.175410241E+00 
       155 -1.942355624E-02  2.396357170E-01  2.825132604E-03  8.674333411E+04  1.729946849E+02  3.324432635E+02  2.752232417E+02  4.336618004E+02  1.161184011E+00 
       156 -1.648721574E-02  2.398964014E-01  5.342831758E-03  8.191390137E+04  1.831371881E+02  3.299791908E+02  2.711563849E+02  4.435610912E+02  1.145341202E+00 
       157 -1.330897545E-02  2.400801911E-01  7.594698846E-03  8.033053711E+04  1.883479984E+02  3.288230596E+02  2.692583199E+02  4.480911322E+02  1.137247423E+00 
       158 -1.004552185E-02  2.402353079E-01  9.709455816E-03  8.064973315E+04  1.865278511E+02  3.289318304E+02  2.694369564E+02  4.451886520E+02  1.139071310E+00 
       159 -6.714656287E-03  2.403804415E-01  1.171394437E-02  8.068330185E+04  1.846635624E+02  3.290647934E+02  2.696546718E+02  4.464153759E+02  1.145204933E+00 
       160 -3.322138608E-03  2.404066774E-01  1.362735999E-02  7.989114960E+04  1.845981548E+02  3.287974653E+02  2.692174616E+02  4.481251214E+02  1.147944646E+00 
       161  9.783589121E-05  2.404201762E-01  1.547870720E-02  7.966945984E+04  1.879938159E+02  3.283376460E+02  2.684670134E+02  4.466870117E+02  1.139400648E+00 
       162  3.534439975E-03  2.403949673E-01  1.730379042E-02  8.202701953E+04  1.803316669E+02  3.301072159E+02  2.713825951E+02  4.462461281E+02  1.160577409E+00 
       163  6.969024296E-03  2.402279751E-01  1.908412837E-02  9.185626929E+04  1.550168716E+02  3.357166715E+02  2.807001228E+02  4.184249125E+02  1.198789380E+00 
       164  1.043411823E-02  2.400800089E-01  2.085152946E-02  7.889710151E+04  1.877276330E+02  3.289048960E+02  2.693956113E+02  4.469145854E+02  1.141623936E+00 
       165  1.388371434E-02  2.398652026E-01  2.263181169E-02  7.947039380E+04  1.870171499E+02  3.288823373E+02  2.693589039E+02  4.478699818E+02  1.143844802E+00 
       166  1.734145131E-02  2.394992745E-01  2.440657916E-02  7.899347498E+04  1.892746284E+02  3.284945908E+02  2.687222250E+02  4.502364020E+02  1.140987122E+00 
       167  2.080043859E-02  2.391294908E-01  2.615375350E-02  7.884291699E+04  1.872019365E+02  3.288580881E+02  2.693167897E+02  4.427980521E+02  1.138744653E+00 
       168  2.424052770E-02  2.387186889E-01  2.792040504E-02  7.898828748E+04  1.898388295E+02  3.287855930E+02  2.691978643E+02  4.462565475E+02  1.135784634E+00 
       169  2.766624902E-02  2.381908713E-01  2.968394578E-02  7.881326367E+04  1.921507316E+02  3.287447572E+02  2.691302185E+02  4.470342164E+02  1.130770540E+00 
       170  3.108229850E-02  2.375970478E-01  3.144655572E-02  7.845155695E+04  1.940449082E+02  3.287066233E+02  2.690676355E+02  4.425258641E+02  1.122044486E+00 
       171  3.449726266E-02  2.369314331E-01  3.319569832E-02  7.848378754E+04  1.959123098E+02  3.287625231E+02  2.691603602E+02  4.428402181E+02  1.118603458E+00 
       172  3.787267708E-02  2.362004853E-01  3.498142333E-02  7.891340540E+04  1.994121933E+02  3.288152218E+02  2.692489209E+02  4.440666103E+02  1.113175798E+00 
       173  4.123744789E-02  2.354271843E-01  3.677379579E-02  7.918827942E+04  2.012807889E+02  3.289460831E+02  2.694638066E+02  4.426553154E+02  1.109404868E+00 
       174  4.456263149E-02  2.345133553E-01  3.856958315E-02  7.877605392E+04  2.036144375E+02  3.287382442E+02  2.691220376E+02  4.408191620E+02  1.103336646E+00 
       175  4.789152860E-02  2.335402793E-01  4.034492433E-02  7.713373984E+04  2.092030902E+02  3.277286667E+02  2.674740303E+02  4.458617451E+02  1.095742644E+00 
       176  5.119514426E-02  2.325727211E-01  4.215365701E-02  7.506029177E+04  2.131554307E+02  3.267238760E+02  2.658370671E+02  4.486127385E+02  1.090395685E+00 
       177  5.444737908E-02  2.314873556E-01  4.396264389E-02  7.323097414E+04  2.185643062E+02  3.256348540E+02  2.640654330E+02  4.515159327E+02  1.081247680E+00 
       178  5.771043354E-02  2.303389779E-01  4.576361213E-02  7.109434024E+04  2.238602042E+02  3.243371508E+02  2.619716647E+02  4.526438181E+02  1.071096900E+00 
       179  6.093363739E-02  2.292015055E-01  4.761570799E-02  6.854993750E+04  2.342663164E+02  3.223946619E+02  2.588390427E+02  4.610966501E+02  1.054305596E+00 
       180  6.411569228E-02  2.279427553E-01  4.946832252E-02  6.683483252E+04  2.451367245E+02  3.215203037E+02  2.574361801E+02  4.632974625E+02  1.029681247E+00 
       181  6.728438578E-02  2.267057043E-01  5.135068917E-02  6.939155811E+04  2.593506298E+02  3.231590519E+02  2.600793076E+02  4.646765108E+02  9.933069386E-01 
       182  7.045491472E-02  2.254566135E-01  5.324396322E-02  8.097964441E+04  2.665884733E+02  3.299010229E+02  2.710967164E+02  4.379713092E+02  9.411825500E-01 
       183  7.352398986E-02  2.240979077E-01  5.520813549E-02  9.655154004E+04  2.520249529E+02  3.377870922E+02  2.841786151E+02  4.047500362E+02  9.430434182E-01 
       184  7.654294831E-02  2.227589545E-01  5.724026033E-02  1.045133037E+05  2.370877088E+02  3.421110133E+02  2.914657173E+02  3.902576834E+02  9.687010325E-01 
       185  7.954929441E-02  2.214414527E-01  5.933596166E-02  1.086592319E+05  2.453180246E+02  3.439571896E+02  2.946262655E+02  3.770136070E+02  9.355282374E-01 
       186  8.244157493E-02  2.200232159E-01  6.149679439E-02  1.248184063E+05  2.439155960E+02  3.503815765E+02  3.057287903E+02  3.466584778E+02  9.206367433E-01 
       187  8.531452000E-02  2.186177542E-01  6.372436707E-02  1.191978052E+05  2.407621295E+02  3.489163883E+02  3.031735415E+02  3.544899130E+02  9.299926860E-01 
       188  8.816039266E-02  2.172472440E-01  6.601424901E-02  1.210266509E+05  2.327163858E+02  3.500522580E+02  3.051494613E+02  3.489329596E+02  9.498201925E-01 
       189  9.092008057E-02  2.157826082E-01  6.831794754E-02  1.215674310E+05  2.301636379E+02  3.494465075E+02  3.040926763E+02  3.506870702E+02  9.561517732E-01 
       190  9.367581728E-02  2.143255962E-01  7.064980943E-02  1.217486591E+05  2.231603228E+02  3.498811292E+02  3.048496563E+02  3.463384241E+02  9.730437308E-01 
       191  9.641114101E-02  2.128789625E-01  7.302159977E-02  1.223238554E+05  2.197129687E+02  3.501543908E+02  3.053255939E+02  3.451114895E+02  9.824920404E-01 
       192  9.907895187E-02  2.114028516E-01  7.542603674E-02  1.225880118E+05  2.200333173E+02  3.503111980E+02  3.055998957E+02  3.465224926E+02  9.812747575E-01 
       193  1.016896232E-01  2.099003163E-01  7.789626121E-02  1.225994005E+05  2.230565240E+02  3.501975431E+02  3.054008553E+02  3.447160511E+02  9.712111615E-01 
       194  1.042573666E-01  2.084682280E-01  8.044071344E-02  1.226160615E+05  2.204573267E+02  3.508357093E+02  3.065162938E+02  3.433693361E+02  9.777868539E-01 
       195  1.067132028E-01  2.069758083E-01  8.306726980E-02  1.226868022E+05  2.235048998E+02  3.510622719E+02  3.069146942E+02  3.422991771E+02  9.679841876E-01 
       196  1.091091693E-01  2.055182938E-01  8.576040538E-02  1.228795091E+05  2.223117356E+02  3.525993655E+02  3.096124532E+02  3.387038229E+02  9.704880097E-01 
       197  1.114533399E-01  2.040960959E-01  8.851719904E-02  1.228214074E+05  2.237422462E+02  3.540320618E+02  3.121399582E+02  3.327103007E+02  9.646078527E-01 
       198  1.136946430E-01  2.026973542E-01  9.137514269E-02  1.226352823E+05  2.254717708E+02  3.554582639E+02  3.146606008E+02  3.224803381E+02  9.582459160E-01 
       199  1.158224243E-01  2.012857480E-01  9.431046231E-02  1.225036136E+05  2.263545365E+02  3.570521524E+02  3.174845331E+02  3.082615423E+02  9.570900415E-01 
       200  1.177983438E-01  1.999614296E-01  9.738734661E-02  1.223299439E+05  2.289094273E+02  3.580959400E+02  3.193364116E+02  2.930467311E+02  9.529594446E-01 
       201  1.195376812E-01  1.988013159E-01  1.006637087E-01  1.222940905E+05  2.327453897E+02  3.580848808E+02  3.193146095E+02  2.835185569E+02  9.427638909E-01 
       202  1.207748534E-01  1.979244993E-01  1.042263433E-01  1.220834513E+05  2.343635215E+02  3.568559277E+02  3.171321974E+02  2.936822670E+02  9.351032018E-01 
       203  1.209766187E-01  1.976967879E-01  1.080979692E-01  1.222074231E+05  2.334456660E+02  3.541977145E+02  3.124297616E+02  3.261908086E+02  9.349351272E-01 
       204  1.209415894E-01  1.976147862E-01  1.119887176E-01  1.224533698E+05  2.292912261E+02  3.519926509E+02  3.085472237E+02  3.354745535E+02  9.456023478E-01 
       205  1.209136670E-01  1.975679793E-01  1.158784497E-01  1.225740027E+05  2.255381100E+02  3.510356830E+02  3.068665024E+02  3.407037355E+02  9.568468396E-01 
       206  1.209140530E-01  1.975343277E-01  1.197687765E-01  1.225991368E+05  2.217544744E+02  3.510423512E+02  3.068776782E+02  3.408018941E+02  9.679050502E-01 
       207  1.209033119E-01  1.974945510E-01  1.236620610E-01  1.225921342E+05  2.201267015E+02  3.513833933E+02  3.074758756E+02  3.351711189E+02  9.715484208E-01 
       208  1.208998844E-01  1.975608583E-01  1.275528569E-01  1.225018755E+05  2.208770256E+02  3.519105686E+02  3.084053939E+02  3.374153332E+02  9.708290605E-01 
       209  1.209086196E-01  1.975927695E-01  1.314428594E-01  1.224875602E+05  2.204144886E+02  3.526218625E+02  3.096566061E+02  3.364838161E+02  9.722034372E-01 
       210  1.209261261E-01  1.976437754E-01  1.353324952E-01  1.225152425E+05  2.220657529E+02  3.531025628E+02  3.105027989E+02  3.308430814E+02  9.668645645E-01 
       211  1.209477387E-01  1.976921952E-01  1.392217013E-01  1.224959105E+05  2.211270459E+02  3.537857924E+02  3.117053623E+02  3.223710651E+02  9.704960282E-01 
       212  1.209659901E-01  1.977439656E-01  1.431109690E-01  1.227797793E+05  2.192213714E+02  3.547933675E+02  3.134672252E+02  3.085836187E+02  9.771787643E-01 
       213  1.210017723E-01  1.977818072E-01  1.470000027E-01  1.231167217E+05  2.206750393E+02  3.552578878E+02  3.141131697E+02  3.018520670E+02  9.740284979E-01 
       214 -1.337431699E-02  1.053111530E-01 -4.600000000E-02  8.758896094E+04  1.547751713E+02  3.330289459E+02  2.762917709E+02  2.357377510E+02  8.545524478E-01 
       215 -1.336879354E-02  1.054912688E-01 -4.299898917E-02  8.744787695E+04  1.539916215E+02  3.330445061E+02  2.762151098E+02  2.358429699E+02  8.594094180E-01 
       216 -1.321272523E-02  1.057016208E-01 -4.000664894E-02  8.748920508E+04  1.540656538E+02  3.330250282E+02  2.761827660E+02  2.361647453E+02  8.603675030E-01 
       217 -1.269691607E-02  1.059729593E-01 -3.706120983E-02  8.738635402E+04  1.549049303E+02  3.329444066E+02  2.760491707E+02  2.368935592E+02  8.585548812E-01 
       218 -1.181263769E-02  1.063072321E-01 -3.420969757E-02  8.718989948E+04  1.562748662E+02  3.328255580E+02  2.758520681E+02  2.382342728E+02  8.561172874E-01 
       219 -1.066241908E-02  1.066659143E-01 -3.145726216E-02  8.711581410E+04  1.566801830E+02  3.328123573E+02  2.758302308E+02  2.390089806E+02  8.569926430E-01 
       220 -9.280794463E-03  1.070573859E-01 -2.881758489E-02  8.692201293E+04  1.572715401E+02  3.327468250E+02  2.757215774E+02  2.394035875E+02  8.555910410E-01 
       221 -7.735023178E-03  1.074435380E-01 -2.626912607E-02  8.679046149E+04  1.581865269E+02  3.326766212E+02  2.756052381E+02  2.402175347E+02  8.539687935E-01 
       222 -6.047350445E-03  1.078135440E-01 -2.381048416E-02  8.668408788E+04  1.589810215E+02  3.325806897E+02  2.754462337E+02  2.408457370E+02  8.524264882E-01 
       223 -4.299611852E-03  1.081916589E-01 -2.139379423E-02  8.662539038E+04  1.592096633E+02  3.326801663E+02  2.756111591E+02  2.409198110E+02  8.519780384E-01 
       224 -2.461870607E-03  1.085505379E-01 -1.904289133E-02  8.672465590E+04  1.596417646E+02  3.326002184E+02  2.754787320E+02  2.416103503E+02  8.526646296E-01 
       225 -5.886173328E-04  1.088780789E-01 -1.671486844E-02  8.682255588E+04  1.597757246E+02  3.327116472E+02  2.756633192E+02  2.418169211E+02  8.533508086E-01 
       226  1.337912187E-03  1.092215599E-01 -1.443302686E-02  8.690111128E+04  1.591596359E+02  3.326499088E+02  2.755610398E+02  2.418063145E+02  8.568180149E-01 
       227  3.290030235E-03  1.094941851E-01 -1.216353628E-02  8.677063481E+04  1.591644199E+02  3.325166541E+02  2.753403636E+02  2.436778401E+02  8.639819858E-01 
       228  5.262023684E-03  1.097864070E-01 -9.913643549E-03  8.613432810E+04  1.598706937E+02  3.321312216E+02  2.747026315E+02  2.465971974E+02  8.711433052E-01 
       229  7.256339014E-03  1.100495762E-01 -7.679258903E-03  8.420941331E+04  1.646290561E+02  3.310920081E+02  2.729867641E+02  2.541001940E+02  8.728871782E-01 
       230  9.250945095E-03  1.102792579E-01 -5.441700620E-03  8.177887957E+04  1.725411469E+02  3.298877068E+02  2.710041791E+02  2.618344350E+02  8.595772201E-01 
       231  1.125130268E-02  1.105297001E-01 -3.209862298E-03  8.063911377E+04  1.796613541E+02  3.293906975E+02  2.701879506E+02  2.659025412E+02  8.368317094E-01 
       232  1.324504242E-02  1.107259366E-01 -9.692227629E-04  8.145271631E+04  1.833008742E+02  3.297961254E+02  2.708536730E+02  2.638271780E+02  8.104233537E-01 
       233  1.522818012E-02  1.109344875E-01  1.280794701E-03  8.330522168E+04  1.843340368E+02  3.307806568E+02  2.724741344E+02  2.584225779E+02  7.864785865E-01 
       234  1.717717000E-02  1.111306516E-01  3.565314237E-03  8.538224512E+04  1.831643600E+02  3.320769501E+02  2.746136990E+02  2.500470428E+02  7.641194314E-01 
       235  2.098827574E-02  1.115152878E-01  8.199040730E-03  8.929094824E+04  1.863616762E+02  3.342202797E+02  2.781701794E+02  2.373156605E+02  7.072085999E-01 
       236  2.283804163E-02  1.116790561E-01  1.055952489E-02  9.055026770E+04  1.898238795E+02  3.354093108E+02  2.801517422E+02  2.296275202E+02  6.648361138E-01 
       237  2.632960383E-02  1.121198866E-01  1.543269692E-02  9.108155469E+04  2.051472931E+02  3.353198528E+02  2.800025082E+02  2.309999256E+02  5.880082250E-01 
       238  2.959379811E-02  1.126564718E-01  2.044933110E-02  9.033579041E+04  2.204725189E+02  3.350104489E+02  2.794858127E+02  2.361824188E+02  5.248518903E-01 
       239  3.114059063E-02  1.129278581E-01  2.301118304E-02  8.987303655E+04  2.282705922E+02  3.349009584E+02  2.793032016E+02  2.391147260E+02  4.941218956E-01 
       240  3.264987762E-02  1.132456905E-01  2.559358749E-02  8.928337540E+04  2.351976569E+02  3.345328130E+02  2.786897207E+02  2.416979039E+02  4.676825998E-01 
       241  3.807676132E-02  1.146676712E-01  3.621643154E-02  8.781179716E+04  2.607642571E+02  3.336704172E+02  2.772543437E+02  2.507978435E+02  3.706461743E-01 
       242  3.928374460E-02  1.150413043E-01  3.894926042E-02  8.794287683E+04  2.659680479E+02  3.340961547E+02  2.779633937E+02  2.520424528E+02  3.490530120E-01 
       243  4.044503934E-02  1.154301055E-01  4.169676193E-02  8.835438331E+04  2.695878302E+02  3.344833062E+02  2.786084007E+02  2.510210900E+02  3.279234438E-01 
       244  4.154949506E-02  1.158110833E-01  4.446441861E-02  8.902435205E+04  2.731547413E+02  3.348100929E+02  2.791538372E+02  2.495103130E+02  3.049783260E-01 
       245  4.259018966E-02  1.161595968E-01  4.726780086E-02  8.993861662E+04  2.761505408E+02  3.352243731E+02  2.798458287E+02  2.475266375E+02  2.831597754E-01 
       246  4.357921759E-02  1.165132208E-01  5.008364009E-02  9.109669727E+04  2.775848722E+02  3.358916597E+02  2.809600601E+02  2.442216368E+02  2.650845647E-01 
       247  4.448002582E-02  1.168267471E-01  5.293502673E-02  9.247289442E+04  2.796308726E+02  3.364916594E+02  2.819645903E+02  2.406427722E+02  2.419174570E-01 
       248  4.534234860E-02  1.171711221E-01  5.579536500E-02  9.388649512E+04  2.799077091E+02  3.372885323E+02  2.833019962E+02  2.359347763E+02  2.248797733E-01 
       249  4.612355051E-02  1.174912616E-01  5.867935283E-02  9.518066211E+04  2.812007217E+02  3.379107590E+02  2.843477707E+02  2.322250328E+02  2.053809352E-01 
       250  4.681688670E-02  1.178330389E-01  6.158342338E-02  9.632789258E+04  2.822895584E+02  3.384622459E+02  2.852763062E+02  2.293467255E+02  1.906652786E-01 
       251  4.742483443E-02  1.181684938E-01  6.451168194E-02  9.728713379E+04  2.831794167E+02  3.389664917E+02  2.861265526E+02  2.269516182E+02  1.790116522E-01 
       252  4.796175059E-02  1.184973583E-01  6.744925218E-02  9.804935840E+04  2.844665318E+02  3.393826084E+02  2.868289156E+02  2.248689013E+02  1.658761129E-01 
       253  4.839690646E-02  1.188449776E-01  7.040346354E-02  9.865792175E+04  2.861310176E+02  3.396190059E+02  2.872284445E+02  2.233585640E+02  1.527282938E-01 
       254  4.867844520E-02  1.192029192E-01  7.337369276E-02  9.903662829E+04  2.881853452E+02  3.397543709E+02  2.874576614E+02  2.230901753E+02  1.420330363E-01 
       255  4.889804354E-02  1.195863964E-01  7.634446821E-02  9.934774881E+04  2.903178973E+02  3.397187009E+02  2.873975085E+02  2.227359326E+02  1.303182180E-01 
       256  4.901527392E-02  1.199575346E-01  7.936475415E-02  9.940573914E+04  2.919194027E+02  3.398908236E+02  2.876891623E+02  2.227740133E+02  1.233065529E-01 
       257  4.897414798E-02  1.207471392E-01  8.530893469E-02  9.958321680E+04  2.966872444E+02  3.400453568E+02  2.879502296E+02  2.242881508E+02  1.050571185E-01 
       258  4.879835866E-02  1.211503063E-01  8.827262235E-02  9.963816699E+04  2.991473083E+02  3.398514557E+02  2.876218262E+02  2.250436573E+02  9.518897161E-02 
       259  4.854576088E-02  1.215647590E-01  9.126615169E-02  9.978086470E+04  2.998297878E+02  3.398258841E+02  2.875784009E+02  2.259517753E+02  9.684219704E-02 
       260  4.818457029E-02  1.219712360E-01  9.420996830E-02  1.001058828E+05  3.006523310E+02  3.399425985E+02  2.877760461E+02  2.247031966E+02  8.826064528E-02 
       261  4.782320061E-02  1.224212570E-01  9.713670139E-02  1.005041816E+05  3.007654285E+02  3.401398735E+02  2.881109810E+02  2.237177210E+02  8.540716954E-02 
       262  4.734997920E-02  1.228526278E-01  1.001180955E-01  1.013246504E+05  3.009293022E+02  3.405897942E+02  2.888728790E+02  2.216980896E+02  7.738417853E-02 
       263  4.683890011E-02  1.232935874E-01  1.030087938E-01  1.027350875E+05  2.986934025E+02  3.414605016E+02  2.903527437E+02  2.173690863E+02  7.491760691E-02 
       264  4.566507936E-02  1.242316696E-01  1.088390156E-01  1.050005366E+05  2.925642347E+02  3.419357638E+02  2.911609665E+02  2.097467671E+02  8.510026321E-02 
       265  4.352639189E-02  1.257122811E-01  1.174848542E-01  1.075142443E+05  2.676040366E+02  3.453510846E+02  2.970129325E+02  1.785900600E+02  1.361584419E-01 
       266  4.289440586E-02  1.261798267E-01  1.203730247E-01  1.077552694E+05  2.401356688E+02  3.479834190E+02  3.015603455E+02  1.454367708E+02  2.279978773E-01 
       267  4.242365191E-02  1.265975250E-01  1.232861776E-01  1.083965086E+05  2.235813847E+02  3.498357402E+02  3.047708173E+02  1.300973649E+02  3.038750829E-01 
       268  4.208270049E-02  1.270006734E-01  1.262530889E-01  1.087038691E+05  2.384087677E+02  3.494735832E+02  3.041400185E+02  1.374794655E+02  2.043357696E-01 
       269  4.202415066E-02  1.273246053E-01  1.292418903E-01  1.082426351E+05  2.563817467E+02  3.482412446E+02  3.020007105E+02  1.461997634E+02  9.558120777E-02 
       270  4.218523596E-02  1.275849052E-01  1.322314117E-01  1.071295288E+05  2.617614054E+02  3.473555981E+02  3.004642488E+02  1.460533309E+02  5.810818425E-02 
       271  4.252691668E-02  1.278080741E-01  1.352038484E-01  1.063779527E+05  2.548903915E+02  3.477383628E+02  3.011290481E+02  1.442813266E+02  1.079744153E-01 
       272  4.296344289E-02  1.279984053E-01  1.381664338E-01  1.062802880E+05  2.485775348E+02  3.477079284E+02  3.010813939E+02  1.514548389E+02  1.850894898E-01 
       273  4.347514252E-02  1.281630447E-01  1.411197974E-01  1.063652243E+05  2.496540036E+02  3.474538962E+02  3.006420769E+02  1.601411295E+02  2.093201207E-01 
       274  4.403358971E-02  1.283124551E-01  1.440677535E-01  1.063836136E+05  2.540439552E+02  3.475529295E+02  3.008085756E+02  1.660839323E+02  2.005763041E-01 
       275  4.466583781E-02  1.284644007E-01  1.470000034E-01  1.062913363E+05  2.582128838E+02  3.473824838E+02  2.938334942E+02  1.696081526E+02  1.859917843E-01 
       276 -1.390154712E-02  1.725232616E-01 -4.600000033E-02  8.229693475E+04  1.812555746E+02  3.303333751E+02  2.714531460E+02  3.411971160E+02  1.010653260E+00 
       277 -1.389524734E-02  1.726308379E-01 -4.258575940E-02  8.257661401E+04  1.817079900E+02  3.302792899E+02  2.716474297E+02  3.426432409E+02  1.011752388E+00 
       278 -1.388827040E-02  1.727470810E-01 -3.919459871E-02  8.277289275E+04  1.816463070E+02  3.302986557E+02  2.716794325E+02  3.435898186E+02  1.013745987E+00 
       279 -1.387976982E-02  1.728866868E-01 -3.575874102E-02  8.260876565E+04  1.817797572E+02  3.302975716E+02  2.716777614E+02  3.435517356E+02  1.013314608E+00 
       280 -1.386962822E-02  1.730354599E-01 -3.234598001E-02  8.296861999E+04  1.825254212E+02  3.301901006E+02  2.715010169E+02  3.437893629E+02  1.011905521E+00 
       281 -1.385715910E-02  1.732129765E-01 -2.893478341E-02  8.219280643E+04  1.832197212E+02  3.299749427E+02  2.711471963E+02  3.455217575E+02  1.014762830E+00 
       282 -1.381464856E-02  1.733989484E-01 -2.553958976E-02  8.197699588E+04  1.842567247E+02  3.296222582E+02  2.705684305E+02  3.461437745E+02  1.014947065E+00 
       283 -1.334927366E-02  1.736519924E-01 -2.216152427E-02  8.110370473E+04  1.881053705E+02  3.289362406E+02  2.694433490E+02  3.488036442E+02  1.007027357E+00 
       284 -1.220387625E-02  1.739549638E-01 -1.896956374E-02  7.979838818E+04  1.903666277E+02  3.283291817E+02  2.684495049E+02  3.538416653E+02  1.006136529E+00 
       285 -1.057589609E-02  1.742731966E-01 -1.599005111E-02  7.836118082E+04  1.926252783E+02  3.277519131E+02  2.675069328E+02  3.580584098E+02  1.004400366E+00 
       286 -8.586070527E-03  1.745821273E-01 -1.323108332E-02  7.675187542E+04  1.976384924E+02  3.269910677E+02  2.662671551E+02  3.605985143E+02  9.916193985E-01 
       287 -6.371188279E-03  1.748941133E-01 -1.065117603E-02  7.606724215E+04  2.002638328E+02  3.268142919E+02  2.659794509E+02  3.616438313E+02  9.850270790E-01 
       288 -3.959984913E-03  1.752012559E-01 -8.251810021E-03  7.770687939E+04  1.979571581E+02  3.279517822E+02  2.678356138E+02  3.551591615E+02  9.805943751E-01 
       289 -1.474621790E-03  1.754287438E-01 -5.921768022E-03  8.245351745E+04  1.921184605E+02  3.302785563E+02  2.716557275E+02  3.449735274E+02  9.820741856E-01 
       290  1.096342236E-03  1.756586641E-01 -3.684409899E-03  8.876750936E+04  1.809591360E+02  3.332422980E+02  2.765505579E+02  3.273012108E+02  9.931707919E-01 
       291  3.722457199E-03  1.758529720E-01 -1.512169024E-03  9.118219458E+04  1.744761767E+02  3.344208679E+02  2.785035858E+02  3.236763287E+02  1.008461535E+00 
       292  6.390497491E-03  1.759799744E-01  6.206893580E-04  8.846095752E+04  1.773424511E+02  3.330161381E+02  2.761757545E+02  3.345262527E+02  1.015344262E+00 
       293  1.179759467E-02  1.761809281E-01  4.808741428E-03  7.640409375E+04  2.000459366E+02  3.267975082E+02  2.659555054E+02  3.645492477E+02  9.909314364E-01 
       294  1.450804596E-02  1.762121176E-01  6.883706551E-03  7.287616699E+04  2.082646599E+02  3.244590473E+02  2.621618176E+02  3.756104736E+02  9.851426333E-01 
       295  1.722225861E-02  1.762495216E-01  8.953048646E-03  7.099729297E+04  2.121318359E+02  3.232850342E+02  2.602660713E+02  3.818196411E+02  9.848511070E-01 
       296  1.993233776E-02  1.761597577E-01  1.102855473E-02  6.940338672E+04  2.164429302E+02  3.223440933E+02  2.587544327E+02  3.852170906E+02  9.773753434E-01 
       297  2.263244469E-02  1.760920636E-01  1.311525345E-02  6.761102100E+04  2.229792309E+02  3.210291748E+02  2.566478634E+02  3.903212433E+02  9.665005505E-01 
       298  2.532249661E-02  1.759768902E-01  1.521525865E-02  6.600090771E+04  2.286960783E+02  3.200019569E+02  2.550065813E+02  3.944241982E+02  9.562527947E-01 
       299  2.800116021E-02  1.758008440E-01  1.732596334E-02  6.567880225E+04  2.331532640E+02  3.197448645E+02  2.545965891E+02  3.966629667E+02  9.463856183E-01 
       300  3.066011949E-02  1.756198651E-01  1.946182943E-02  6.793202051E+04  2.354924607E+02  3.208960919E+02  2.564402485E+02  3.918369522E+02  9.280322883E-01 
       301  3.850917716E-02  1.748410184E-01  2.602581626E-02  8.689634131E+04  2.355195923E+02  3.335790272E+02  2.771074629E+02  3.366200142E+02  8.230492081E-01 
       302  4.358739934E-02  1.740919978E-01  3.053362568E-02  8.631127832E+04  2.390411329E+02  3.328357544E+02  2.758700724E+02  3.433082075E+02  8.228642084E-01 
       303  4.609287257E-02  1.736863543E-01  3.281922705E-02  8.525024170E+04  2.404078016E+02  3.326223631E+02  2.755160561E+02  3.447115393E+02  8.209707960E-01 
       304  4.855845708E-02  1.731970535E-01  3.512834265E-02  8.471777881E+04  2.440223732E+02  3.323722887E+02  2.751017933E+02  3.448977652E+02  8.088985588E-01 
       305  5.100043215E-02  1.726458906E-01  3.745772352E-02  8.539369470E+04  2.470450802E+02  3.327510176E+02  2.757297587E+02  3.419318032E+02  7.937374674E-01 
       306  5.340036417E-02  1.720848619E-01  3.982071753E-02  8.838535962E+04  2.479425507E+02  3.344037075E+02  2.784803579E+02  3.348277144E+02  7.791414112E-01 
       307  5.576533568E-02  1.714326002E-01  4.220398857E-02  9.371149612E+04  2.463847886E+02  3.372429039E+02  2.832323974E+02  3.215290490E+02  7.632848071E-01 
       308  5.808130114E-02  1.707532671E-01  4.462162642E-02  9.957493895E+04  2.433903700E+02  3.403479457E+02  2.884713361E+02  3.063421538E+02  7.508032340E-01 
       309  6.913202621E-02  1.670049815E-01  5.708998555E-02  1.128823267E+05  2.424196558E+02  3.470814619E+02  2.999915638E+02  2.741843271E+02  7.112885360E-01 
       310  7.325557335E-02  1.653928843E-01  6.228962682E-02  1.155468596E+05  2.423157902E+02  3.481801260E+02  3.018931277E+02  2.658094368E+02  7.020987915E-01 
       311  7.526114685E-02  1.645964451E-01  6.493668120E-02  1.165892334E+05  2.408541298E+02  3.487037258E+02  3.028015099E+02  2.639205837E+02  7.073126659E-01 
       312  8.099008587E-02  1.620989224E-01  7.305121222E-02  1.185948486E+05  2.385046349E+02  3.493661804E+02  3.039522743E+02  2.569368057E+02  7.089459896E-01 
       313  8.281625202E-02  1.612441772E-01  7.580722199E-02  1.187867842E+05  2.375657310E+02  3.493417969E+02  3.039097672E+02  2.567900963E+02  7.132267654E-01 
       314  8.462318717E-02  1.604029889E-01  7.856519154E-02  1.190403860E+05  2.369154315E+02  3.493615074E+02  3.039438915E+02  2.573258219E+02  7.176547106E-01 
       315  8.638808364E-02  1.595156660E-01  8.135371941E-02  1.191706541E+05  2.372457051E+02  3.492655706E+02  3.037769752E+02  2.566565485E+02  7.163921408E-01 
       316  8.818531781E-02  1.586346563E-01  8.418846896E-02  1.191496946E+05  2.387247013E+02  3.489425859E+02  3.032154072E+02  2.553507872E+02  7.076456603E-01 
       317  9.153487112E-02  1.568453452E-01  8.985396979E-02  1.190860853E+05  2.392153516E+02  3.488385777E+02  3.030350728E+02  2.564486966E+02  7.074467698E-01 
       318  9.319079870E-02  1.559467714E-01  9.269883327E-02  1.190458096E+05  2.385961437E+02  3.488852139E+02  3.031163769E+02  2.566908150E+02  7.103666887E-01 
       319  9.639067810E-02  1.541493463E-01  9.845101971E-02  1.189997480E+05  2.389630680E+02  3.486866016E+02  3.027708244E+02  2.554865837E+02  7.087104023E-01 
       320  9.789700787E-02  1.532238030E-01  1.013752208E-01  1.190053871E+05  2.396829166E+02  3.485528798E+02  3.025385146E+02  2.546930733E+02  7.041731048E-01 
       321  9.939560036E-02  1.523575645E-01  1.043121280E-01  1.189855811E+05  2.403249664E+02  3.483468246E+02  3.021808014E+02  2.549452095E+02  7.025510222E-01 
       322  1.008373928E-01  1.515239935E-01  1.072922639E-01  1.188680615E+05  2.407764206E+02  3.481491814E+02  3.018379364E+02  2.559020023E+02  7.023521811E-01 
       323  1.021925752E-01  1.507164957E-01  1.103173974E-01  1.187116306E+05  2.418624759E+02  3.479469452E+02  3.014876242E+02  2.572188902E+02  6.990526766E-01 
       324  1.063175391E-01  1.486079647E-01  1.265700906E-01  1.181578359E+05  2.423750496E+02  3.486498108E+02  3.027097206E+02  2.554977150E+02  6.975894123E-01 
       325  1.064822206E-01  1.487022474E-01  1.299738775E-01  1.183472832E+05  2.390125771E+02  3.499385376E+02  3.049535751E+02  2.471590500E+02  7.055535465E-01 
       326  1.066476119E-01  1.488146338E-01  1.333799290E-01  1.183249277E+05  2.333264389E+02  3.514587936E+02  3.076083145E+02  2.329286804E+02  7.229481339E-01 
       327  1.068180965E-01  1.489318139E-01  1.367854531E-01  1.180835215E+05  2.295591736E+02  3.523306580E+02  3.091332245E+02  2.218183022E+02  7.370557562E-01 
       328  1.069979625E-01  1.490578552E-01  1.401905319E-01  1.179625273E+05  2.315006390E+02  3.518472061E+02  3.082860813E+02  2.258657475E+02  7.320939600E-01 
       329  1.071817424E-01  1.491887345E-01  1.435955648E-01  1.180563750E+05  2.359240742E+02  3.505078812E+02  3.057673321E+02  2.466689148E+02  7.235328928E-01 
       330  1.073851999E-01  1.493347905E-01  1.470000044E-01  1.179901602E+05  2.439425583E+02  3.483911743E+02  3.010122681E+02  2.670175858E+02  7.068445086E-01 
       331 -5.132010553E-03  2.399711247E-01 -4.600000034E-02  8.351643457E+04  1.733096390E+02  3.311554394E+02  2.725580540E+02  4.388777428E+02  1.164798737E+00 
       332 -5.128125210E-03  2.399809281E-01 -4.210430258E-02  8.443241455E+04  1.746522408E+02  3.308893156E+02  2.726521611E+02  4.395411625E+02  1.162166271E+00 
       333 -5.125201508E-03  2.399922328E-01 -3.820870464E-02  8.366999658E+04  1.770800666E+02  3.303862522E+02  2.718247361E+02  4.413567443E+02  1.158079341E+00 
       334 -5.121813889E-03  2.400095995E-01 -3.431329778E-02  8.195294653E+04  1.806729251E+02  3.296282330E+02  2.705791547E+02  4.444810228E+02  1.152494121E+00 
       335 -5.119016059E-03  2.400291916E-01 -3.041776666E-02  8.001673887E+04  1.851113807E+02  3.287261601E+02  2.691006072E+02  4.479154189E+02  1.145088080E+00 
       336 -5.114574788E-03  2.400538233E-01 -2.652182619E-02  7.831291988E+04  1.883468544E+02  3.281685554E+02  2.681873107E+02  4.503139923E+02  1.139585221E+00 
       337 -5.109553763E-03  2.400828758E-01 -2.262552630E-02  7.799236267E+04  1.891403036E+02  3.281797032E+02  2.682064195E+02  4.507610931E+02  1.138086274E+00 
       338 -5.103895973E-03  2.401152952E-01 -1.872899116E-02  7.998292676E+04  1.853815182E+02  3.292456036E+02  2.699541948E+02  4.470675540E+02  1.143564935E+00 
       339 -4.925504783E-03  2.402473149E-01 -7.056915668E-03  8.752278011E+04  1.713959352E+02  3.322150027E+02  2.748471090E+02  4.317837168E+02  1.168329354E+00 
       340 -3.715119829E-03  2.403023013E-01 -3.373311706E-03  8.205993695E+04  1.801712573E+02  3.302245257E+02  2.715693182E+02  4.445585358E+02  1.158098597E+00 
       341 -1.562012846E-03  2.403581740E-01 -1.360753051E-04  7.883944109E+04  1.909996950E+02  3.281699180E+02  2.681939384E+02  4.558366970E+02  1.139916623E+00 
       342  1.133764527E-03  2.404094608E-01  2.675248428E-03  7.860507104E+04  1.915639391E+02  3.278410950E+02  2.676546545E+02  4.532523022E+02  1.135301661E+00 
       343  4.137632423E-03  2.404197044E-01  5.149238455E-03  7.978070304E+04  1.850667714E+02  3.286557467E+02  2.689858889E+02  4.485005144E+02  1.147184603E+00 
       344  7.316400202E-03  2.403253331E-01  7.399564588E-03  8.024585502E+04  1.819655232E+02  3.290507108E+02  2.696315360E+02  4.412076249E+02  1.147802372E+00 
       345  1.395577155E-02  2.400667001E-01  1.148649181E-02  8.706483594E+04  1.697038746E+02  3.320151958E+02  2.745223684E+02  4.324346161E+02  1.169785038E+00 
       346  1.735065466E-02  2.397965962E-01  1.337576268E-02  9.026790625E+04  1.567117538E+02  3.340564728E+02  2.779021568E+02  4.244494209E+02  1.194834605E+00 
       347  2.419161170E-02  2.391929427E-01  1.704637434E-02  7.979465820E+04  1.846503258E+02  3.291210785E+02  2.697526054E+02  4.486566315E+02  1.148608476E+00 
       348  2.761839379E-02  2.387452844E-01  1.884103948E-02  7.992222754E+04  1.876041679E+02  3.287830086E+02  2.691942291E+02  4.525894089E+02  1.145215631E+00 
       349  3.105226563E-02  2.382885234E-01  2.062260888E-02  8.103823730E+04  1.840049963E+02  3.297570896E+02  2.707904873E+02  4.486258984E+02  1.149585769E+00 
       350  3.788868369E-02  2.371344800E-01  2.417075674E-02  8.072051025E+04  1.876700783E+02  3.296063862E+02  2.705425148E+02  4.473897552E+02  1.139947072E+00 
       351  4.468291751E-02  2.357525484E-01  2.771953789E-02  8.036296094E+04  1.902059536E+02  3.293735886E+02  2.701626816E+02  4.469430237E+02  1.135454282E+00 
       352  4.805699300E-02  2.349490393E-01  2.948953136E-02  8.100249707E+04  1.917748399E+02  3.293488698E+02  2.701247101E+02  4.446906166E+02  1.130701801E+00 
       353  5.140582287E-02  2.340778219E-01  3.127771149E-02  8.101063477E+04  1.897336292E+02  3.295646820E+02  2.704778938E+02  4.440881176E+02  1.136991128E+00 
       354  5.473006301E-02  2.331020583E-01  3.305777180E-02  8.014212500E+04  1.933827286E+02  3.289037514E+02  2.693928719E+02  4.462446594E+02  1.131853759E+00 
       355  5.803984836E-02  2.320923676E-01  3.484458617E-02  7.858104883E+04  1.968867321E+02  3.279625740E+02  2.678536091E+02  4.500490341E+02  1.128815174E+00 
       356  6.132921494E-02  2.310454118E-01  3.665150486E-02  7.670592068E+04  2.031223031E+02  3.266008897E+02  2.656344700E+02  4.558440981E+02  1.121428032E+00 
       357  6.777528194E-02  2.285846393E-01  4.027160278E-02  8.590324121E+04  2.166970100E+02  3.330099258E+02  2.761943092E+02  4.311820946E+02  1.062796757E+00 
       358  7.097972553E-02  2.273472007E-01  4.209367684E-02  9.261014160E+04  2.305991135E+02  3.363840218E+02  2.817943821E+02  4.146026154E+02  1.012785800E+00 
       359  7.412444428E-02  2.259565065E-01  4.393674079E-02  9.106441772E+04  2.345518718E+02  3.350134840E+02  2.795023212E+02  4.203262205E+02  1.010060858E+00 
       360  7.725834663E-02  2.245514312E-01  4.577102978E-02  8.730160791E+04  2.337265902E+02  3.335862713E+02  2.771171513E+02  4.277940731E+02  1.019693606E+00 
       361  8.037011026E-02  2.231435234E-01  4.763983740E-02  9.010101367E+04  2.322978210E+02  3.353307228E+02  2.800379066E+02  4.218824387E+02  1.020059675E+00 
       362  8.343109451E-02  2.215945322E-01  4.950276897E-02  1.032457606E+05  2.221364268E+02  3.411214750E+02  2.898100460E+02  3.922986181E+02  1.031913099E+00 
       363  8.646988642E-02  2.201046420E-01  5.141624103E-02  1.209189504E+05  2.096112838E+02  3.477298346E+02  3.011442876E+02  3.579735823E+02  1.055047853E+00 
       364  9.242245520E-02  2.169732682E-01  5.534503106E-02  1.188828286E+05  2.203805523E+02  3.497043695E+02  3.045628357E+02  3.541662006E+02  1.004280321E+00 
       365  9.533631835E-02  2.153857768E-01  5.738443174E-02  1.166787424E+05  2.254293375E+02  3.487889352E+02  3.029823122E+02  3.566079307E+02  9.869366065E-01 
       366  9.819952312E-02  2.138016843E-01  5.949569436E-02  1.165025430E+05  2.264696026E+02  3.495172157E+02  3.042532387E+02  3.534874382E+02  9.805089235E-01 
       367  1.009694591E-01  2.121295788E-01  6.167326851E-02  1.184197827E+05  2.275351338E+02  3.511094503E+02  3.070284023E+02  3.462871475E+02  9.726273566E-01 
       368  1.037116704E-01  2.105064985E-01  6.390540356E-02  1.202617798E+05  2.308844185E+02  3.523693676E+02  3.092362051E+02  3.402355480E+02  9.573205151E-01 
       369  1.064180189E-01  2.088777679E-01  6.618856681E-02  1.207874106E+05  2.365689306E+02  3.527080193E+02  3.098333473E+02  3.373395195E+02  9.356426708E-01 
       370  1.090480686E-01  2.071800512E-01  6.850700508E-02  1.210060459E+05  2.394763031E+02  3.526067257E+02  3.096537628E+02  3.364876556E+02  9.238771014E-01 
       371  1.116790455E-01  2.055210471E-01  7.084353951E-02  1.214343523E+05  2.387811959E+02  3.528162475E+02  3.100183582E+02  3.341902103E+02  9.238594621E-01 
       372  1.142974452E-01  2.038484190E-01  7.319785208E-02  1.220042666E+05  2.351786184E+02  3.530342426E+02  3.103978786E+02  3.338694563E+02  9.333224371E-01 
       373  1.168416696E-01  2.021295301E-01  7.558130371E-02  1.224471372E+05  2.337259512E+02  3.532455101E+02  3.107703228E+02  3.336213322E+02  9.366786107E-01 
       374  1.193277496E-01  2.004108846E-01  7.805168345E-02  1.226689575E+05  2.350696890E+02  3.532786756E+02  3.108352954E+02  3.319068928E+02  9.317205390E-01 
       375  1.217693779E-01  1.987784452E-01  8.060399866E-02  1.227487151E+05  2.346233006E+02  3.534550848E+02  3.111512146E+02  3.298517570E+02  9.321484640E-01 
       376  1.240793489E-01  1.970470446E-01  8.322373237E-02  1.227880117E+05  2.315268354E+02  3.536924906E+02  3.115773726E+02  3.301017094E+02  9.409934394E-01 
       377  1.263696524E-01  1.953872062E-01  8.590193330E-02  1.230466851E+05  2.279381471E+02  3.547345825E+02  3.134161352E+02  3.251198328E+02  9.511734368E-01 
       378  1.285811840E-01  1.937639536E-01  8.866989816E-02  1.231323291E+05  2.237746303E+02  3.537225356E+02  3.116240187E+02  3.299568167E+02  9.643885195E-01 
       379  1.378530526E-01  1.861918564E-01  1.119425893E-01  1.222756030E+05  2.229600000E+02  3.546974239E+02  3.133088655E+02  3.198858252E+02  9.646291696E-01 
       380  1.378280879E-01  1.861358471E-01  1.158380052E-01  1.219984385E+05  2.228571696E+02  3.556029282E+02  3.149106932E+02  3.053879852E+02  9.660721067E-01 
       381  1.378172244E-01  1.861105784E-01  1.197328496E-01  1.216574194E+05  2.262040634E+02  3.557112412E+02  3.151009912E+02  2.998729844E+02  9.566246234E-01 
       382  1.378137064E-01  1.861013403E-01  1.236281983E-01  1.222024991E+05  2.286102171E+02  3.551312375E+02  3.140732234E+02  3.116521401E+02  9.446038995E-01 
       383  1.378232998E-01  1.861207539E-01  1.275238734E-01  1.228048372E+05  2.264555745E+02  3.542658691E+02  3.125474151E+02  3.262652251E+02  9.519737520E-01 
       384  1.378388478E-01  1.861485149E-01  1.314192119E-01  1.230100322E+05  2.253816951E+02  3.529493203E+02  3.102311852E+02  3.381398414E+02  9.576439836E-01 
       385  1.378667705E-01  1.861922064E-01  1.353144338E-01  1.229850157E+05  2.220278909E+02  3.527676077E+02  3.099140811E+02  3.347629092E+02  9.669244285E-01 
       386  1.378917792E-01  1.862393165E-01  1.392095884E-01  1.230172176E+05  2.208723644E+02  3.528780677E+02  3.101071396E+02  3.313494865E+02  9.697865900E-01 
       387  1.379128913E-01  1.862912877E-01  1.431056120E-01  1.231188293E+05  2.209133284E+02  3.532411415E+02  3.105406229E+02  3.296084718E+02  9.695238236E-01 
       388  1.379274402E-01  1.863453723E-01  1.469999959E-01  1.232436348E+05  2.200999765E+02  3.539966626E+02  3.112523403E+02  3.282167788E+02  9.721433874E-01 
       389 -3.389247132E-02  1.007789921E-01 -4.300551245E-02  8.752851221E+04  1.540563908E+02  3.330477276E+02  2.762204781E+02  2.358245792E+02  8.590092883E-01 
       390 -3.372456358E-02  1.010433636E-01 -4.002223516E-02  8.745511596E+04  1.546000949E+02  3.330053063E+02  2.761502089E+02  2.364307601E+02  8.583306263E-01 
       391 -3.329024078E-02  1.014074167E-01 -3.707963811E-02  8.733055429E+04  1.546815416E+02  3.330014302E+02  2.761437524E+02  2.365757496E+02  8.587612256E-01 
       392 -3.255620303E-02  1.018883264E-01 -3.421559131E-02  8.722047964E+04  1.559512296E+02  3.328752919E+02  2.759345419E+02  2.379609452E+02  8.570260513E-01 
       393 -3.153373485E-02  1.024554568E-01 -3.145384174E-02  8.710816650E+04  1.567846613E+02  3.327899833E+02  2.757931703E+02  2.386508425E+02  8.553894330E-01 
       394 -3.028950121E-02  1.031058036E-01 -2.880322264E-02  8.700078862E+04  1.573051651E+02  3.327411464E+02  2.757121733E+02  2.394512801E+02  8.556971055E-01 
       395 -2.888173412E-02  1.037838005E-01 -2.624318977E-02  8.690472434E+04  1.583448146E+02  3.326470615E+02  2.755562632E+02  2.407482195E+02  8.551045109E-01 
       396 -2.733119538E-02  1.044792183E-01 -2.377110822E-02  8.686265106E+04  1.588073768E+02  3.326234283E+02  2.755170966E+02  2.415949259E+02  8.560632797E-01 
       397 -2.568342124E-02  1.052055751E-01 -2.135968630E-02  8.676481767E+04  1.589294612E+02  3.326064969E+02  2.754890571E+02  2.416168569E+02  8.559861753E-01 
       398 -2.397735570E-02  1.059146334E-01 -1.899049647E-02  8.656012384E+04  1.596234882E+02  3.324949728E+02  2.753044249E+02  2.425979752E+02  8.561949232E-01 
       399 -2.220871387E-02  1.066063154E-01 -1.667396516E-02  8.622664615E+04  1.607063362E+02  3.323053731E+02  2.749905454E+02  2.442006983E+02  8.566146113E-01 
       400 -2.041003203E-02  1.073389070E-01 -1.437512078E-02  8.566800375E+04  1.621273115E+02  3.320397992E+02  2.745512490E+02  2.466810644E+02  8.582247102E-01 
       401 -1.856976066E-02  1.079715131E-01 -1.211630566E-02  8.494871229E+04  1.653925146E+02  3.315837033E+02  2.737974674E+02  2.500316888E+02  8.529897134E-01 
       402 -1.670953655E-02  1.086522831E-01 -9.860640570E-03  8.442324490E+04  1.681044763E+02  3.313498738E+02  2.734114924E+02  2.521887889E+02  8.468987843E-01 
       403 -1.482329113E-02  1.093026603E-01 -7.620995183E-03  8.443231514E+04  1.708238820E+02  3.313755094E+02  2.734537258E+02  2.525007419E+02  8.339449269E-01 
       404 -1.292306254E-02  1.099268373E-01 -5.385291055E-03  8.533182983E+04  1.716077404E+02  3.318697500E+02  2.742702465E+02  2.498098745E+02  8.211798202E-01 
       405 -1.101845801E-02  1.105590611E-01 -3.137660868E-03  8.698577087E+04  1.703259693E+02  3.327762305E+02  2.757707704E+02  2.441540707E+02  8.095279241E-01 
       406 -9.120841472E-03  1.111701815E-01 -8.914052251E-04  8.936448297E+04  1.672577124E+02  3.340790114E+02  2.779347115E+02  2.353336074E+02  7.982801904E-01 
       407 -7.240675928E-03  1.117476218E-01  1.353994698E-03  9.286841723E+04  1.632728390E+02  3.358752714E+02  2.809322935E+02  2.223409379E+02  7.822472508E-01 
       408 -5.370549944E-03  1.123083196E-01  3.627204146E-03  9.662414124E+04  1.628202624E+02  3.378322573E+02  2.842144306E+02  2.080905044E+02  7.444339935E-01 
       409 -3.530590186E-03  1.128981262E-01  5.933484609E-03  9.848952254E+04  1.731956950E+02  3.388240660E+02  2.858852673E+02  1.975717182E+02  6.571355372E-01 
       410 -1.726912218E-03  1.134387153E-01  8.259926622E-03  9.818213599E+04  1.845016379E+02  3.386284027E+02  2.855550766E+02  2.057194886E+02  6.151140155E-01 
       411  3.734044288E-05  1.140039107E-01  1.062617763E-02  9.733766943E+04  1.944000502E+02  3.381246719E+02  2.847069259E+02  2.083135967E+02  5.678067682E-01 
       412  1.740848712E-03  1.145879687E-01  1.302702968E-02  9.648826461E+04  2.016491638E+02  3.377332911E+02  2.840484031E+02  2.125177972E+02  5.412006392E-01 
       413  3.387617433E-03  1.151172021E-01  1.547343878E-02  9.597413559E+04  2.079384769E+02  3.374912120E+02  2.836405088E+02  2.152720742E+02  5.158229021E-01 
       414  4.957112811E-03  1.157081541E-01  1.796238578E-02  9.541265796E+04  2.148213613E+02  3.372431312E+02  2.832237592E+02  2.188141727E+02  4.913866231E-01 
       415  6.462677552E-03  1.163151534E-01  2.048609031E-02  9.465564233E+04  2.220585861E+02  3.368194094E+02  2.825125432E+02  2.226944470E+02  4.663493494E-01 
       416  7.926557233E-03  1.168909271E-01  2.304605918E-02  9.397791534E+04  2.280817881E+02  3.364372804E+02  2.818716631E+02  2.259987726E+02  4.464437850E-01 
       417  9.338612782E-03  1.175119790E-01  2.562398907E-02  9.358171223E+04  2.331988043E+02  3.361958090E+02  2.814672886E+02  2.280666550E+02  4.278284798E-01 
       418  1.068984297E-02  1.181121478E-01  2.822455248E-02  9.338916833E+04  2.379614864E+02  3.360723497E+02  2.812605962E+02  2.303078831E+02  4.119194811E-01 
       419  1.198650266E-02  1.187330819E-01  3.085849659E-02  9.333361891E+04  2.422737933E+02  3.360481426E+02  2.812203177E+02  2.319146933E+02  3.967757962E-01 
       420  1.322982934E-02  1.193430432E-01  3.352159396E-02  9.340146165E+04  2.466370964E+02  3.360462620E+02  2.812170900E+02  2.334680164E+02  3.811036769E-01 
       421  1.439865389E-02  1.199672983E-01  3.621509854E-02  9.361736656E+04  2.506159055E+02  3.361270793E+02  2.813525915E+02  2.336939798E+02  3.622847495E-01 
       422  1.553995729E-02  1.205631245E-01  3.892438234E-02  9.407366306E+04  2.536582001E+02  3.363761132E+02  2.817698807E+02  2.322757804E+02  3.430717422E-01 
       423  1.662952250E-02  1.211745408E-01  4.165332372E-02  9.465228824E+04  2.564639968E+02  3.366464157E+02  2.822228246E+02  2.309996485E+02  3.257494394E-01 
       424  1.764894372E-02  1.217373945E-01  4.441857664E-02  9.548373120E+04  2.581137288E+02  3.371038947E+02  2.829905221E+02  2.288272985E+02  3.113110960E-01 
       425  1.861873940E-02  1.222791769E-01  4.720617614E-02  9.663260942E+04  2.593869753E+02  3.376930465E+02  2.839801358E+02  2.257216509E+02  2.953780480E-01 
       426  1.950820179E-02  1.228336643E-01  5.001741530E-02  9.773977319E+04  2.614908466E+02  3.381148168E+02  2.846899825E+02  2.232128346E+02  2.769577826E-01 
       427  2.036944420E-02  1.233245632E-01  5.285072558E-02  9.878544781E+04  2.626165974E+02  3.386711764E+02  2.856276693E+02  2.202712544E+02  2.625007781E-01 
       428  2.117157025E-02  1.238295963E-01  5.569831964E-02  9.979782117E+04  2.637983322E+02  3.391931973E+02  2.865090475E+02  2.172878213E+02  2.477213042E-01 
       429  2.190592593E-02  1.242947792E-01  5.857026217E-02  1.006782161E+05  2.653163929E+02  3.396421728E+02  2.872680922E+02  2.147772102E+02  2.322479449E-01 
       430  2.257248913E-02  1.247551336E-01  6.145961794E-02  1.014388994E+05  2.674333239E+02  3.399781218E+02  2.878365803E+02  2.126842232E+02  2.147982521E-01 
       431  2.314781749E-02  1.251835029E-01  6.437124902E-02  1.020727419E+05  2.700740314E+02  3.401905594E+02  2.881965289E+02  2.112339721E+02  1.962367711E-01 
       432  2.363318974E-02  1.255957621E-01  6.730774801E-02  1.026089286E+05  2.727544763E+02  3.403961093E+02  2.885447187E+02  2.105697501E+02  1.802633849E-01 
       433  2.402789138E-02  1.260195069E-01  7.025072331E-02  1.030218208E+05  2.753019619E+02  3.406591988E+02  2.889908466E+02  2.099435577E+02  1.651839493E-01 
       434  2.431727977E-02  1.264030352E-01  7.321094069E-02  1.032838525E+05  2.780207577E+02  3.408641529E+02  2.893384933E+02  2.093244514E+02  1.486990293E-01 
       435  2.453016930E-02  1.268032789E-01  7.617447467E-02  1.033443235E+05  2.813426838E+02  3.409383955E+02  2.894645009E+02  2.096827922E+02  1.323357786E-01 
       436  2.462079541E-02  1.271795605E-01  7.915094878E-02  1.032089943E+05  2.849242940E+02  3.409050989E+02  2.894078646E+02  2.107038002E+02  1.166630575E-01 
       437  2.463902970E-02  1.275610820E-01  8.212637731E-02  1.026693262E+05  2.889879017E+02  3.406757183E+02  2.890186453E+02  2.131203804E+02  1.037980542E-01 
       438  2.457492051E-02  1.279220853E-01  8.510260082E-02  1.018211080E+05  2.932978790E+02  3.403329894E+02  2.884373126E+02  2.169147544E+02  9.505189468E-02 
       439  2.441429013E-02  1.282749863E-01  8.807550525E-02  1.006862696E+05  2.973714702E+02  3.397754694E+02  2.874929863E+02  2.215376915E+02  9.110513856E-02 
       440  2.420234297E-02  1.286273229E-01  9.105186832E-02  9.968463177E+04  2.983239042E+02  3.393402005E+02  2.867568408E+02  2.259027139E+02  1.054450808E-01 
       441  2.388558350E-02  1.289647853E-01  9.401845916E-02  9.958923880E+04  2.967335015E+02  3.392836889E+02  2.866612508E+02  2.260870971E+02  1.174225965E-01 
       442  2.351928731E-02  1.293134864E-01  9.696958543E-02  1.002962601E+05  2.937069405E+02  3.395377836E+02  2.870908655E+02  2.243624990E+02  1.303824775E-01 
       443  2.306449285E-02  1.296327241E-01  9.991680403E-02  1.012815747E+05  2.905913715E+02  3.400199080E+02  2.879067850E+02  2.211422625E+02  1.377617549E-01 
       444  2.257188759E-02  1.299515661E-01  1.028605699E-01  1.022621914E+05  2.887197189E+02  3.404356356E+02  2.886112356E+02  2.183708334E+02  1.395305176E-01 
       445  2.201092100E-02  1.302726916E-01  1.057899135E-01  1.030801260E+05  2.867123829E+02  3.409207851E+02  2.894344019E+02  2.158134856E+02  1.431602507E-01 
       446  2.143382683E-02  1.305960230E-01  1.087107054E-01  1.038855479E+05  2.850423660E+02  3.412891507E+02  2.900601941E+02  2.133748096E+02  1.453044885E-01 
       447  2.076802587E-02  1.309307408E-01  1.116221513E-01  1.047539741E+05  2.827393513E+02  3.417642765E+02  2.908685207E+02  2.102023602E+02  1.486038137E-01 
       448  2.010215597E-02  1.312657467E-01  1.145293522E-01  1.056220063E+05  2.800387297E+02  3.423535128E+02  2.918723116E+02  2.056860166E+02  1.495266329E-01 
       449  1.945135245E-02  1.316056955E-01  1.174374795E-01  1.063959425E+05  2.780883152E+02  3.428795230E+02  2.927698519E+02  2.022149472E+02  1.502881949E-01 
       450  1.885387307E-02  1.319548677E-01  1.203553293E-01  1.070019135E+05  2.773942893E+02  3.431831086E+02  2.932884026E+02  2.007121577E+02  1.508875330E-01 
       451  1.837479322E-02  1.322913677E-01  1.233018373E-01  1.073925347E+05  2.767796907E+02  3.433875151E+02  2.936379023E+02  1.996598115E+02  1.528263688E-01 
       452  1.811263581E-02  1.325954541E-01  1.262715907E-01  1.076200254E+05  2.760697174E+02  3.435279360E+02  2.938781261E+02  1.986535273E+02  1.555349627E-01 
       453  1.805653049E-02  1.328847135E-01  1.292554963E-01  1.076956426E+05  2.755192051E+02  3.436008744E+02  2.940029736E+02  1.985374494E+02  1.607264364E-01 
       454  1.819877737E-02  1.331672438E-01  1.322380588E-01  1.076579476E+05  2.752736032E+02  3.436332016E+02  2.940585377E+02  1.986934505E+02  1.651803690E-01 
       455  1.852494771E-02  1.334510277E-01  1.352129826E-01  1.075318263E+05  2.756942682E+02  3.435486618E+02  2.939139490E+02  1.994581763E+02  1.679158652E-01 
       456  1.890761882E-02  1.337081709E-01  1.381756048E-01  1.073232482E+05  2.765125911E+02  3.434209119E+02  2.936954024E+02  2.009379975E+02  1.706036488E-01 
       457  1.937808835E-02  1.339540030E-01  1.411279949E-01  1.070598235E+05  2.776463704E+02  3.432504520E+02  2.934037774E+02  2.031453624E+02  1.739099214E-01 
       458  1.989552602E-02  1.341916383E-01  1.440726902E-01  1.067371206E+05  2.787195684E+02  3.430936264E+02  2.931355244E+02  2.056192378E+02  1.784967682E-01 
       459  2.048114376E-02  1.344526817E-01  1.469999956E-01  1.063096421E+05  2.795169182E+02  3.429516582E+02  2.928967276E+02  2.082453709E+02  1.849205699E-01 
       460 -4.772920012E-02  1.664853148E-01 -4.258181757E-02  8.251133213E+04  1.813472337E+02  3.302992151E+02  2.716801714E+02  3.426007540E+02  1.012981561E+00 
       461 -4.770031945E-02  1.666117663E-01 -3.916302660E-02  8.227983838E+04  1.812328207E+02  3.302004056E+02  2.715177739E+02  3.426793673E+02  1.013498866E+00 
       462 -4.768621633E-02  1.667606858E-01 -3.574527808E-02  8.189137097E+04  1.832591667E+02  3.298487887E+02  2.709399414E+02  3.454833608E+02  1.011716940E+00 
       463 -4.773671611E-02  1.669008759E-01 -3.232563070E-02  8.137449316E+04  1.846344290E+02  3.295564699E+02  2.704601974E+02  3.470983019E+02  1.010080498E+00 
       464 -4.779814392E-02  1.670685917E-01 -2.890641835E-02  8.078576074E+04  1.861296473E+02  3.292320852E+02  2.699285154E+02  3.478367796E+02  1.006642304E+00 
       465 -4.772832030E-02  1.672854950E-01 -2.549705171E-02  8.009276489E+04  1.886179264E+02  3.287658820E+02  2.691645055E+02  3.498213735E+02  1.003089981E+00 
       466 -4.733274936E-02  1.676197526E-01 -2.211766833E-02  7.927242383E+04  1.933399267E+02  3.280833983E+02  2.680497847E+02  3.548850174E+02  9.990872405E-01 
       467 -4.646629434E-02  1.680852894E-01 -1.884685997E-02  7.899276111E+04  1.993288885E+02  3.275191308E+02  2.671286037E+02  3.565929033E+02  9.892465710E-01 
       468 -4.497458874E-02  1.687177674E-01 -1.583913045E-02  8.074301611E+04  2.007962961E+02  3.281092548E+02  2.680957179E+02  3.545062828E+02  9.882871676E-01 
       469 -4.311049959E-02  1.694263862E-01 -1.306511329E-02  8.391938086E+04  1.950935431E+02  3.299765415E+02  2.711555796E+02  3.472013721E+02  9.946709014E-01 
       470 -4.101650432E-02  1.701661907E-01 -1.047820325E-02  8.691791504E+04  1.883597393E+02  3.316000423E+02  2.738290215E+02  3.397585621E+02  1.003339104E+00 
       471 -3.872443978E-02  1.709287414E-01 -8.043812788E-03  8.740877454E+04  1.820512376E+02  3.322407494E+02  2.748867497E+02  3.369162855E+02  1.014563283E+00 
       472 -3.634257562E-02  1.716543837E-01 -5.706210795E-03  8.532943115E+04  1.818993034E+02  3.313747940E+02  2.734566174E+02  3.404235477E+02  1.015110955E+00 
       473 -3.384972842E-02  1.724025179E-01 -3.469956820E-03  8.127564532E+04  1.888999870E+02  3.292544971E+02  2.699707251E+02  3.498569870E+02  1.004833966E+00 
       474 -3.133060076E-02  1.731099844E-01 -1.271304633E-03  7.705563599E+04  1.978543503E+02  3.269282131E+02  2.661688070E+02  3.623385170E+02  9.965431965E-01 
       475 -2.873453975E-02  1.737912906E-01  8.535856133E-04  7.374150293E+04  2.072173138E+02  3.247664156E+02  2.626617174E+02  3.733265953E+02  9.860183932E-01 
       476 -2.611690126E-02  1.744247281E-01  2.958268427E-03  7.142501538E+04  2.135304546E+02  3.233535471E+02  2.603789749E+02  3.770567532E+02  9.717689212E-01 
       477 -2.348835128E-02  1.750433393E-01  5.058280838E-03  7.018068417E+04  2.170859590E+02  3.225648220E+02  2.591107355E+02  3.834307834E+02  9.724122835E-01 
       478 -2.083113736E-02  1.756162102E-01  7.133742148E-03  6.978292236E+04  2.177855854E+02  3.224805317E+02  2.589753098E+02  3.825761614E+02  9.683521912E-01 
       479 -1.816607045E-02  1.761555279E-01  9.209141426E-03  6.983303931E+04  2.224464540E+02  3.222405968E+02  2.585887384E+02  3.831147003E+02  9.542883113E-01 
       480 -1.549262448E-02  1.766467189E-01  1.128626304E-02  7.206260669E+04  2.218472023E+02  3.239345589E+02  2.613221121E+02  3.786387272E+02  9.468809105E-01 
       481 -1.281959455E-02  1.771087169E-01  1.337222607E-02  8.171422552E+04  2.131261239E+02  3.299652565E+02  2.711538427E+02  3.517703149E+02  9.248324819E-01 
       482 -1.015361520E-02  1.775059034E-01  1.547159933E-02  9.744306312E+04  2.073756355E+02  3.381651516E+02  2.847856876E+02  3.031209642E+02  8.712579415E-01 
       483 -7.491200012E-03  1.778633735E-01  1.757589553E-02  9.546105981E+04  2.189002767E+02  3.373364382E+02  2.833872147E+02  3.123891039E+02  8.433305528E-01 
       484 -4.837064878E-03  1.782590199E-01  1.971143984E-02  9.023772461E+04  2.319357262E+02  3.344545584E+02  2.785613680E+02  3.276225958E+02  8.228601106E-01 
       485 -2.188499166E-03  1.785530451E-01  2.185094162E-02  8.898807800E+04  2.330452847E+02  3.338335863E+02  2.775285168E+02  3.351766913E+02  8.308344826E-01 
       486  4.329096806E-04  1.787998193E-01  2.404680664E-02  8.884946045E+04  2.355072784E+02  3.336865063E+02  2.772832355E+02  3.369580002E+02  8.249195069E-01 
       487  3.027224691E-03  1.790317150E-01  2.627094405E-02  8.876489386E+04  2.360486319E+02  3.339102705E+02  2.776563306E+02  3.372850878E+02  8.233469310E-01 
       488  5.626976121E-03  1.792222402E-01  2.847807669E-02  8.925730103E+04  2.400661721E+02  3.339218073E+02  2.776743245E+02  3.400582788E+02  8.140748134E-01 
       489  8.191038637E-03  1.793338257E-01  3.074695743E-02  9.104516882E+04  2.418575783E+02  3.346155660E+02  2.788296931E+02  3.365769401E+02  8.021956692E-01 
       490  1.074058355E-02  1.794129340E-01  3.303046409E-02  9.445538487E+04  2.401358597E+02  3.363007033E+02  2.816480588E+02  3.275044422E+02  7.932047229E-01 
       491  1.325979491E-02  1.793970135E-01  3.532576038E-02  9.889278418E+04  2.359349174E+02  3.386058917E+02  2.855239036E+02  3.139269004E+02  7.869403129E-01 
       492  1.577166567E-02  1.793535417E-01  3.765132951E-02  1.031763580E+05  2.330798635E+02  3.407249069E+02  2.891061535E+02  2.996740642E+02  7.765838457E-01 
       493  1.825553626E-02  1.792503646E-01  4.000403552E-02  1.061804186E+05  2.336648388E+02  3.421506062E+02  2.915281110E+02  2.904182734E+02  7.620916180E-01 
       494  2.071273564E-02  1.790845686E-01  4.238164633E-02  1.082657526E+05  2.356391904E+02  3.431546403E+02  2.932413007E+02  2.868971858E+02  7.505457648E-01 
       495  2.315348782E-02  1.789033294E-01  4.476881837E-02  1.106742030E+05  2.362092361E+02  3.442160664E+02  2.950577054E+02  2.816007185E+02  7.421879070E-01 
       496  2.554611962E-02  1.786610662E-01  4.720294885E-02  1.128124058E+05  2.360510941E+02  3.450883398E+02  2.965547543E+02  2.749528036E+02  7.351647448E-01 
       497  2.790553153E-02  1.783591187E-01  4.966367300E-02  1.141622493E+05  2.344843426E+02  3.457486334E+02  2.976905079E+02  2.722441244E+02  7.380768526E-01 
       498  3.023553076E-02  1.780531658E-01  5.215009418E-02  1.151525542E+05  2.325818598E+02  3.462395141E+02  2.985362592E+02  2.710595255E+02  7.443045280E-01 
       499  3.255140683E-02  1.777481834E-01  5.464573084E-02  1.162264504E+05  2.317283429E+02  3.467097518E+02  2.993476831E+02  2.662537363E+02  7.428529495E-01 
       500  3.480321611E-02  1.773622653E-01  5.719033452E-02  1.173181920E+05  2.312227895E+02  3.472684019E+02  3.003132746E+02  2.613856907E+02  7.400581329E-01 
       501  3.704366447E-02  1.769956776E-01  5.978074099E-02  1.180941598E+05  2.317541592E+02  3.476036420E+02  3.008934460E+02  2.595745513E+02  7.366921920E-01 
       502  3.923116288E-02  1.766153691E-01  6.237867612E-02  1.186822009E+05  2.322654655E+02  3.478209443E+02  3.012697868E+02  2.575454111E+02  7.332226513E-01 
       503  4.136429871E-02  1.761773997E-01  6.501205622E-02  1.190674037E+05  2.323522350E+02  3.480021886E+02  3.015835083E+02  2.569580708E+02  7.323265600E-01 
       504  4.348069858E-02  1.757484529E-01  6.766046190E-02  1.193130776E+05  2.327117090E+02  3.481414452E+02  3.018249550E+02  2.568398700E+02  7.309123520E-01 
       505  4.554226392E-02  1.753162813E-01  7.034950997E-02  1.194444395E+05  2.331575184E+02  3.481974173E+02  3.019218788E+02  2.553417397E+02  7.280702963E-01 
       506  4.756665315E-02  1.748560179E-01  7.306168772E-02  1.194390342E+05  2.335291255E+02  3.481895359E+02  3.019080853E+02  2.546280923E+02  7.261873842E-01 
       507  4.956604909E-02  1.743615796E-01  7.580968578E-02  1.194257423E+05  2.336669446E+02  3.482186339E+02  3.019584795E+02  2.552459301E+02  7.265568650E-01 
       508  5.152654947E-02  1.738670862E-01  7.855886540E-02  1.193342154E+05  2.340616874E+02  3.481889360E+02  3.019070605E+02  2.558331043E+02  7.257973854E-01 
       509  5.347325952E-02  1.733659220E-01  8.131742073E-02  1.191092426E+05  2.345390974E+02  3.481117627E+02  3.017731774E+02  2.563922912E+02  7.247392504E-01 
       510  5.541917190E-02  1.728212690E-01  8.412523757E-02  1.192937805E+05  2.340809996E+02  3.482459049E+02  3.020056387E+02  2.558286341E+02  7.262386174E-01 
       511  5.731737707E-02  1.722438844E-01  8.698058411E-02  1.195823012E+05  2.344091353E+02  3.483300532E+02  3.021518421E+02  2.547249726E+02  7.240405062E-01 
       512  5.917186437E-02  1.716911252E-01  8.979478553E-02  1.197416923E+05  2.351763022E+02  3.483418830E+02  3.021725450E+02  2.542803205E+02  7.207964944E-01 
       513  6.096387184E-02  1.711643945E-01  9.255110888E-02  1.197441316E+05  2.360026379E+02  3.483078418E+02  3.021135432E+02  2.545487423E+02  7.180596385E-01 
       514  6.270700241E-02  1.705757992E-01  9.544380808E-02  1.195565818E+05  2.370082154E+02  3.482010694E+02  3.019282980E+02  2.548970418E+02  7.144408990E-01 
       515  6.442263795E-02  1.699823167E-01  9.834544530E-02  1.193284354E+05  2.378057801E+02  3.481078459E+02  3.017666100E+02  2.555856838E+02  7.120469339E-01 
       516  6.612271722E-02  1.694054111E-01  1.012510921E-01  1.190975834E+05  2.382213635E+02  3.480491681E+02  3.016648240E+02  2.560489786E+02  7.112047984E-01 
       517  6.776083839E-02  1.688452726E-01  1.042003507E-01  1.189703626E+05  2.385889840E+02  3.480185415E+02  3.016116883E+02  2.564432558E+02  7.105507210E-01 
       518  6.936215302E-02  1.682812898E-01  1.071729988E-01  1.188725784E+05  2.393123472E+02  3.479631612E+02  3.015158356E+02  2.570705086E+02  7.087165322E-01 
       519  7.082677073E-02  1.677321085E-01  1.102128146E-01  1.187651641E+05  2.399419235E+02  3.479447813E+02  3.014839706E+02  2.579195408E+02  7.073053354E-01 
       520  7.220712168E-02  1.672497044E-01  1.133584680E-01  1.187075276E+05  2.406363601E+02  3.479634466E+02  3.015164186E+02  2.585921412E+02  7.055763506E-01 
       521  7.342602904E-02  1.668557431E-01  1.165154693E-01  1.186186318E+05  2.408976941E+02  3.480874207E+02  3.017315214E+02  2.583118567E+02  7.049032170E-01 
       522  7.439926912E-02  1.665467988E-01  1.197652411E-01  1.184853397E+05  2.410619464E+02  3.482281923E+02  3.019756956E+02  2.574427578E+02  7.040217398E-01 
       523  7.498839543E-02  1.664581038E-01  1.231239650E-01  1.183789268E+05  2.407193871E+02  3.484374409E+02  3.023388214E+02  2.560108509E+02  7.044768482E-01 
       524  7.530423640E-02  1.665023734E-01  1.265249777E-01  1.184029597E+05  2.403087511E+02  3.485574441E+02  3.025471749E+02  2.553272700E+02  7.059155442E-01 
       525  7.543612494E-02  1.666233331E-01  1.299370256E-01  1.181810859E+05  2.418005371E+02  3.482966175E+02  3.020940819E+02  2.588588562E+02  7.038789913E-01 
       526  7.553122174E-02  1.667952118E-01  1.333496155E-01  1.179618811E+05  2.437142897E+02  3.479182696E+02  3.014387074E+02  2.620848036E+02  7.009654138E-01 
       527  7.566054780E-02  1.669469890E-01  1.367626796E-01  1.178926294E+05  2.429044032E+02  3.481153631E+02  3.017801418E+02  2.593349967E+02  7.014601734E-01 
       528  7.583993244E-02  1.671002891E-01  1.401745263E-01  1.177866523E+05  2.427719712E+02  3.484140320E+02  3.022985728E+02  2.587609675E+02  7.021620073E-01 
       529  7.600645069E-02  1.672586086E-01  1.435869327E-01  1.176844988E+05  2.437153113E+02  3.487679880E+02  3.029172544E+02  2.596211863E+02  7.019101614E-01 
       530  7.611546960E-02  1.674572299E-01  1.470000031E-01  1.178492411E+05  2.373561389E+02  3.500890257E+02  3.053165641E+02  2.477919419E+02  7.189742248E-01 
       531 -5.220359409E-02  2.342994603E-01 -4.210986580E-02  8.181059592E+04  1.816938081E+02  3.297652980E+02  2.708728377E+02  4.442028366E+02  1.149442304E+00 
       532 -5.220192467E-02  2.343108577E-01 -3.821952920E-02  8.075242001E+04  1.851649407E+02  3.291703737E+02  2.698269432E+02  4.461560674E+02  1.142928701E+00 
       533 -5.220302368E-02  2.343278434E-01 -3.432921672E-02  8.047240900E+04  1.859570900E+02  3.290973878E+02  2.697072863E+02  4.463769748E+02  1.141230087E+00 
       534 -5.220531674E-02  2.343446645E-01 -3.043898101E-02  8.140586230E+04  1.838729492E+02  3.296779531E+02  2.706606494E+02  4.444607655E+02  1.144426140E+00 
       535 -5.220735409E-02  2.343651870E-01 -2.654892396E-02  8.328700391E+04  1.793918343E+02  3.307649231E+02  2.724495201E+02  4.415064812E+02  1.152609587E+00 
       536 -5.221355576E-02  2.343966826E-01 -2.266385481E-02  8.503145988E+04  1.740537753E+02  3.317690140E+02  2.741051746E+02  4.369331266E+02  1.161466409E+00 
       537 -5.221196162E-02  2.344309954E-01 -1.877454498E-02  8.544270902E+04  1.725545482E+02  3.318556355E+02  2.742478893E+02  4.347552163E+02  1.163147755E+00 
       538 -5.222596507E-02  2.344687402E-01 -1.488167101E-02  8.399667194E+04  1.753956022E+02  3.309922951E+02  2.728241050E+02  4.378889502E+02  1.159455995E+00 
       539 -5.222923531E-02  2.345160018E-01 -1.099302079E-02  8.146278601E+04  1.828479084E+02  3.293781860E+02  2.701720257E+02  4.470237641E+02  1.151230152E+00 
       540 -5.210275326E-02  2.345957540E-01 -7.104134264E-03  7.921002350E+04  1.898349740E+02  3.281687815E+02  2.681883152E+02  4.474424769E+02  1.136177533E+00 
       541 -5.114101036E-02  2.348545508E-01 -3.375994418E-03  7.868361081E+04  1.915359890E+02  3.281003861E+02  2.680768517E+02  4.494225594E+02  1.134731116E+00 
       542 -4.917766965E-02  2.353023755E-01 -5.047413344E-05  7.996577002E+04  1.879850326E+02  3.289519358E+02  2.694701538E+02  4.532133465E+02  1.145351298E+00 
       543 -4.661414278E-02  2.358651253E-01  2.823323178E-03  8.159504810E+04  1.852563834E+02  3.297856984E+02  2.708385010E+02  4.492893486E+02  1.148100654E+00 
       544 -4.374488282E-02  2.364440537E-01  5.350106892E-03  8.452683826E+04  1.769817052E+02  3.316803830E+02  2.739598527E+02  4.395381770E+02  1.159035128E+00 
       545 -4.059796688E-02  2.370222596E-01  7.583171126E-03  8.868834576E+04  1.654236234E+02  3.338174570E+02  2.775013134E+02  4.291976402E+02  1.177504873E+00 
       546 -3.738701819E-02  2.375676250E-01  9.702642239E-03  8.767171509E+04  1.686271247E+02  3.331560483E+02  2.764046698E+02  4.308848028E+02  1.171061832E+00 
       547 -3.407522408E-02  2.380263225E-01  1.169481074E-02  8.238799170E+04  1.841232302E+02  3.303517876E+02  2.717724056E+02  4.417882156E+02  1.142006760E+00 
       548 -3.073065008E-02  2.384984497E-01  1.361793802E-02  7.998547522E+04  1.914209653E+02  3.290342555E+02  2.696038754E+02  4.479992318E+02  1.130198668E+00 
       549 -2.732884007E-02  2.388770261E-01  1.546643341E-02  8.152171948E+04  1.853109343E+02  3.300065122E+02  2.712005949E+02  4.448995814E+02  1.142159913E+00 
       550 -2.390908864E-02  2.392176502E-01  1.728468609E-02  8.234314667E+04  1.840458942E+02  3.303001910E+02  2.716830887E+02  4.433524415E+02  1.143716028E+00 
       551 -2.044822495E-02  2.394794424E-01  1.908927170E-02  8.149056564E+04  1.867039690E+02  3.297737184E+02  2.708183291E+02  4.446203763E+02  1.138840407E+00 
       552 -1.699643969E-02  2.397114515E-01  2.086461287E-02  8.088837671E+04  1.878229659E+02  3.294851184E+02  2.703460107E+02  4.452646627E+02  1.137629744E+00 
       553 -1.354033893E-02  2.398615604E-01  2.263394957E-02  8.083834570E+04  1.883995352E+02  3.294154625E+02  2.702323132E+02  4.434687290E+02  1.134624518E+00 
       554 -1.007792796E-02  2.399171479E-01  2.439846914E-02  8.115765393E+04  1.877322853E+02  3.295756569E+02  2.704956293E+02  4.438840890E+02  1.139074577E+00 
       555 -6.592279415E-03  2.399646350E-01  2.619220728E-02  8.079225830E+04  1.889336510E+02  3.291697378E+02  2.698292751E+02  4.452479563E+02  1.139077600E+00 
       556 -3.124907716E-03  2.398994093E-01  2.794309000E-02  7.968570654E+04  1.868153286E+02  3.286739826E+02  2.690177174E+02  4.462406998E+02  1.147064410E+00 
       557  3.338943067E-04  2.398017910E-01  2.968583889E-02  1.053272034E+05  2.098923130E+02  3.419947473E+02  2.912699790E+02  3.907428964E+02  1.040962551E+00 
       558  3.794068913E-03  2.396169640E-01  3.144821874E-02  1.002727283E+05  2.123191900E+02  3.398641882E+02  2.876487613E+02  4.016351919E+02  1.043455584E+00 
       559  7.248441593E-03  2.393064044E-01  3.320284907E-02  9.581204541E+04  2.113415813E+02  3.381243782E+02  2.847097483E+02  4.099310455E+02  1.052888487E+00 
       560  1.068879679E-02  2.389885178E-01  3.498866898E-02  9.296213623E+04  2.159107347E+02  3.363921032E+02  2.818011847E+02  4.205515928E+02  1.050319619E+00 
       561  1.412543948E-02  2.386075767E-01  3.676435012E-02  9.028424512E+04  2.166096005E+02  3.351592131E+02  2.797365646E+02  4.222611895E+02  1.049647950E+00 
       562  1.753589177E-02  2.380598424E-01  3.855175648E-02  8.899700391E+04  2.188609619E+02  3.346556892E+02  2.788976898E+02  4.258077660E+02  1.048034802E+00 
       563  2.093820079E-02  2.375000001E-01  4.035454522E-02  9.162904932E+04  2.191729221E+02  3.361315327E+02  2.813708992E+02  4.237576466E+02  1.047221981E+00 
       564  2.432947450E-02  2.368878370E-01  4.215773147E-02  1.037292622E+05  2.080912449E+02  3.424973905E+02  2.921658288E+02  3.935979522E+02  1.058413497E+00 
       565  2.770729830E-02  2.361795572E-01  4.394886350E-02  1.247553418E+05  2.003425415E+02  3.510699677E+02  3.069527264E+02  3.453842907E+02  1.063369529E+00 
       566  3.105826597E-02  2.354459967E-01  4.578622705E-02  1.313881782E+05  2.002051468E+02  3.533154383E+02  3.108642721E+02  3.305788074E+02  1.060402614E+00 
       567  3.438758923E-02  2.346372217E-01  4.762879820E-02  1.238612866E+05  1.992947429E+02  3.510081930E+02  3.068213519E+02  3.488986518E+02  1.059704837E+00 
       568  3.771502906E-02  2.337669833E-01  4.947240569E-02  1.173835964E+05  2.040099277E+02  3.485607271E+02  3.025552132E+02  3.668681569E+02  1.048321990E+00 
       569  4.101460083E-02  2.329246351E-01  5.135281935E-02  1.182406288E+05  2.070589819E+02  3.486291699E+02  3.026729693E+02  3.635036583E+02  1.037400398E+00 
       570  4.428347740E-02  2.319960665E-01  5.324515281E-02  1.227459886E+05  2.058080333E+02  3.503230250E+02  3.056211066E+02  3.516844018E+02  1.039040957E+00 
       571  4.749748393E-02  2.310181580E-01  5.520824782E-02  1.250683782E+05  2.035724568E+02  3.514353647E+02  3.075638776E+02  3.433156924E+02  1.043152545E+00 
       572  5.066691057E-02  2.300652086E-01  5.723980181E-02  1.249320564E+05  2.048005892E+02  3.513662654E+02  3.074427505E+02  3.447100640E+02  1.037563157E+00 
       573  5.379140778E-02  2.290521307E-01  5.932353399E-02  1.246250326E+05  2.088152447E+02  3.510261881E+02  3.068475883E+02  3.459247798E+02  1.025704751E+00 
       574  5.683956615E-02  2.279793322E-01  6.149869556E-02  1.250188516E+05  2.106822414E+02  3.513332748E+02  3.073852663E+02  3.427211494E+02  1.018514913E+00 
       575  5.985072913E-02  2.269370111E-01  6.373374277E-02  1.253476299E+05  2.144895649E+02  3.514943314E+02  3.076668243E+02  3.406760044E+02  1.005691737E+00 
       576  6.280959972E-02  2.258492183E-01  6.601505396E-02  1.251748192E+05  2.191918052E+02  3.513553357E+02  3.074238273E+02  3.407740628E+02  9.911619642E-01 
       577  6.573461678E-02  2.247295145E-01  6.832363097E-02  1.247141785E+05  2.210603621E+02  3.513371944E+02  3.073914108E+02  3.407563086E+02  9.855886735E-01 
       578  6.865501872E-02  2.236625994E-01  7.064894084E-02  1.243900941E+05  2.236323813E+02  3.512811270E+02  3.072936097E+02  3.384391607E+02  9.756025425E-01 
       579  7.151541969E-02  2.224865137E-01  7.302188293E-02  1.230688679E+05  2.271881204E+02  3.506997147E+02  3.062769265E+02  3.384725108E+02  9.645328447E-01 
       580  7.433322259E-02  2.213060150E-01  7.543149031E-02  1.214089702E+05  2.284877300E+02  3.506421080E+02  3.061791024E+02  3.452825003E+02  9.628070965E-01 
       581  7.711325138E-02  2.201536844E-01  7.789825066E-02  1.224273952E+05  2.335857037E+02  3.514750790E+02  3.076378614E+02  3.475750815E+02  9.476191656E-01 
       582  7.981655167E-02  2.189959972E-01  8.044372180E-02  1.228418569E+05  2.372004068E+02  3.520103965E+02  3.085770221E+02  3.448648028E+02  9.323174935E-01 
       583  8.242371870E-02  2.177951216E-01  8.306797326E-02  1.223844482E+05  2.387585316E+02  3.518366566E+02  3.082737961E+02  3.407018280E+02  9.230822027E-01 
       584  8.497819178E-02  2.166305248E-01  8.576177505E-02  1.219627077E+05  2.397546223E+02  3.515587488E+02  3.077862996E+02  3.392733326E+02  9.175913022E-01 
       585  8.747465708E-02  2.155008942E-01  8.852176985E-02  1.217124846E+05  2.384888692E+02  3.515084352E+02  3.076974297E+02  3.395128717E+02  9.204122312E-01 
       586  8.983863293E-02  2.143275504E-01  9.137087988E-02  1.217858135E+05  2.356752295E+02  3.513611431E+02  3.074374976E+02  3.399033470E+02  9.280761499E-01 
       587  9.211779941E-02  2.131724912E-01  9.430579148E-02  1.222290478E+05  2.322762767E+02  3.511278461E+02  3.070269803E+02  3.399705119E+02  9.378244017E-01 
       588  9.424446159E-02  2.121023496E-01  9.738772987E-02  1.226981554E+05  2.275452187E+02  3.511248301E+02  3.070211218E+02  3.396527928E+02  9.518094494E-01 
       589  9.610967173E-02  2.111612431E-01  1.006666829E-01  1.230408312E+05  2.233360859E+02  3.511205315E+02  3.070139745E+02  3.395588474E+02  9.640249269E-01 
       590  9.742401869E-02  2.103903297E-01  1.042235364E-01  1.231614400E+05  2.199344645E+02  3.509804077E+02  3.067689667E+02  3.396636292E+02  9.735460666E-01 
       591  9.764724840E-02  2.101688920E-01  1.080985861E-01  1.231764768E+05  2.191921594E+02  3.507296987E+02  3.063311396E+02  3.400898542E+02  9.757936783E-01 
       592  9.763062643E-02  2.101108570E-01  1.119846410E-01  1.230531199E+05  2.204595812E+02  3.507433904E+02  3.063565211E+02  3.387525383E+02  9.720597380E-01 
       593  9.759894170E-02  2.100363093E-01  1.158782398E-01  1.227777700E+05  2.233451613E+02  3.513195987E+02  3.073657761E+02  3.370374584E+02  9.630897581E-01 
       594  9.760335841E-02  2.100041055E-01  1.197683889E-01  1.226787338E+05  2.249806232E+02  3.525517097E+02  3.095270215E+02  3.306725299E+02  9.570098233E-01 
       595  9.760552297E-02  2.099886023E-01  1.236588659E-01  1.226412106E+05  2.256856714E+02  3.539749545E+02  3.120289921E+02  3.184004509E+02  9.545513269E-01 
       596  9.760989540E-02  2.100145164E-01  1.275491461E-01  1.227920383E+05  2.257048210E+02  3.550719384E+02  3.139634032E+02  3.061810616E+02  9.562343281E-01 
       597  9.760550437E-02  2.100148949E-01  1.314412195E-01  1.228590449E+05  2.268812742E+02  3.554703636E+02  3.146687593E+02  3.033129425E+02  9.526667967E-01 
       598  9.762031038E-02  2.101034915E-01  1.353312483E-01  1.229369423E+05  2.278360179E+02  3.555797474E+02  3.148670126E+02  3.128315794E+02  9.475677616E-01 
       599  9.762506170E-02  2.101609083E-01  1.392228176E-01  1.229755781E+05  2.282155969E+02  3.551575950E+02  3.141253257E+02  3.203650342E+02  9.459628193E-01 
       600  9.764671237E-02  2.102092269E-01  1.431110049E-01  1.230052111E+05  2.261869252E+02  3.542924526E+02  3.125990043E+02  3.248627656E+02  9.528491823E-01 
       601  9.766256924E-02  2.102587391E-01  1.469999989E-01  1.231089326E+05  2.224997544E+02  3.538146200E+02  3.114813929E+02  3.303852701E+02  9.647962637E-01 
