nodenumber     x-coordinate     y-coordinate     z-coordinate         pressure velocity-magnitude      sound-speed      temperature rel-velocity-magnitude relative-velocity-angle 
         1 -2.216901913E-02  1.039879580E-01 -4.300600202E-02  8.755320200E+04  1.539598603E+02  3.330435557E+02  2.762135732E+02  2.357334852E+02  8.592319702E-01 
         2 -2.197401757E-02  1.042260031E-01 -4.002397295E-02  8.746983820E+04  1.547117962E+02  3.329852358E+02  2.761167960E+02  2.365848573E+02  8.583138813E-01 
         3 -2.150271627E-02  1.045375264E-01 -3.708169353E-02  8.734614551E+04  1.549592385E+02  3.329541750E+02  2.760653403E+02  2.368948307E+02  8.582956460E-01 
         4 -2.072290556E-02  1.049359494E-01 -3.421635317E-02  8.723586365E+04  1.552897940E+02  3.329231224E+02  2.760139208E+02  2.374157093E+02  8.588273423E-01 
         5 -1.964621854E-02  1.053757771E-01 -3.145501365E-02  8.712366284E+04  1.564080114E+02  3.328281002E+02  2.758564320E+02  2.385603957E+02  8.571364433E-01 
         6 -1.833909717E-02  1.058829391E-01 -2.880182754E-02  8.695284277E+04  1.571882386E+02  3.327359257E+02  2.757035975E+02  2.392978382E+02  8.559404146E-01 
         7 -1.686396899E-02  1.064019756E-01 -2.624136390E-02  8.676850732E+04  1.581184435E+02  3.326298838E+02  2.755278845E+02  2.405843654E+02  8.558896985E-01 
         8 -1.524276490E-02  1.069101094E-01 -2.376908005E-02  8.659927991E+04  1.590749843E+02  3.325335870E+02  2.753683562E+02  2.415900135E+02  8.545970507E-01 
         9 -1.353040875E-02  1.074492491E-01 -2.136449246E-02  8.637432642E+04  1.601594005E+02  3.324226565E+02  2.751846242E+02  2.425606501E+02  8.526811088E-01 
        10 -1.175719847E-02  1.079385502E-01 -1.899452623E-02  8.617737549E+04  1.614916165E+02  3.323147395E+02  2.750060236E+02  2.439718277E+02  8.510407247E-01 
        11 -9.920451205E-03  1.084473482E-01 -1.667649769E-02  8.608704089E+04  1.625291011E+02  3.322684500E+02  2.749294099E+02  2.445781134E+02  8.479780455E-01 
        12 -8.053093039E-03  1.089314126E-01 -1.437870322E-02  8.624975876E+04  1.632266503E+02  3.323449769E+02  2.750560442E+02  2.444942088E+02  8.444824805E-01 
        13 -6.139911673E-03  1.093816015E-01 -1.211111235E-02  8.673857617E+04  1.623697405E+02  3.326343870E+02  2.755352960E+02  2.432068033E+02  8.453846984E-01 
        14 -4.213714023E-03  1.098625599E-01 -9.853315987E-03  8.758164404E+04  1.601313534E+02  3.330926590E+02  2.762951927E+02  2.401545410E+02  8.476008661E-01 
        15 -2.267252226E-03  1.102821410E-01 -7.616721013E-03  8.855741406E+04  1.565638828E+02  3.335657215E+02  2.770807076E+02  2.371246672E+02  8.575849198E-01 
        16 -3.058463972E-04  1.106716081E-01 -5.380345181E-03  8.930589844E+04  1.499677410E+02  3.339635601E+02  2.777420864E+02  2.341224122E+02  8.846786730E-01 
        17  1.649896870E-03  1.110991589E-01 -3.144821902E-03  8.762698083E+04  1.461547952E+02  3.330645590E+02  2.762505643E+02  2.422874322E+02  9.356416818E-01 
        18  3.605378217E-03  1.114680886E-01 -8.997268064E-04  7.562411133E+04  1.789652567E+02  3.260679393E+02  2.647663207E+02  2.894069581E+02  9.356524665E-01 
        19  5.548952344E-03  1.118349081E-01  1.356589372E-03  6.985937103E+04  2.083203049E+02  3.227436564E+02  2.593959398E+02  3.055199988E+02  8.425557474E-01 
        20  7.472030685E-03  1.121892539E-01  3.633809071E-03  7.289454224E+04  2.076790476E+02  3.251737925E+02  2.633189015E+02  2.918579369E+02  7.885716122E-01 
        21  9.366594022E-03  1.125505666E-01  5.932977735E-03  7.661472882E+04  2.062042999E+02  3.272947912E+02  2.667648335E+02  2.831272175E+02  7.619918478E-01 
        22  1.122147558E-02  1.129077905E-01  8.263617067E-03  7.900461916E+04  2.070674217E+02  3.286135029E+02  2.689167498E+02  2.736302994E+02  7.229815443E-01 
        23  1.303284284E-02  1.132507638E-01  1.062953057E-02  8.054211436E+04  2.092929079E+02  3.294717853E+02  2.703226755E+02  2.680459754E+02  6.921188827E-01 
        24  1.479928419E-02  1.136234762E-01  1.303021626E-02  8.171573360E+04  2.137198172E+02  3.300916865E+02  2.713407444E+02  2.657122656E+02  6.612836311E-01 
        25  1.649617427E-02  1.139938279E-01  1.547769530E-02  8.274913251E+04  2.191256196E+02  3.305807524E+02  2.721448817E+02  2.634733646E+02  6.258913679E-01 
        26  1.811807173E-02  1.143837002E-01  1.797032872E-02  8.344552576E+04  2.250297818E+02  3.308755708E+02  2.726302137E+02  2.620438871E+02  5.908057364E-01 
        27  1.968166241E-02  1.148013513E-01  2.049621310E-02  8.353603345E+04  2.316910100E+02  3.309138162E+02  2.726932313E+02  2.621465070E+02  5.571359824E-01 
        28  2.119101764E-02  1.152299366E-01  2.305322148E-02  8.306925537E+04  2.401028905E+02  3.306085011E+02  2.721903243E+02  2.642743778E+02  5.222534383E-01 
        29  2.266338778E-02  1.156643914E-01  2.563116057E-02  8.248332251E+04  2.493070074E+02  3.301686964E+02  2.714668022E+02  2.679444083E+02  4.885166788E-01 
        30  2.408077791E-02  1.161159634E-01  2.823658064E-02  8.193138892E+04  2.574318030E+02  3.298869345E+02  2.710035679E+02  2.708045208E+02  4.573609782E-01 
        31  2.544088325E-02  1.165921105E-01  3.086849856E-02  8.133384155E+04  2.651402922E+02  3.296373415E+02  2.705935895E+02  2.729236736E+02  4.261844968E-01 
        32  2.674433127E-02  1.170738851E-01  3.352942364E-02  8.072910327E+04  2.735477176E+02  3.292643232E+02  2.699816160E+02  2.757545931E+02  3.944026260E-01 
        33  2.797950643E-02  1.175445507E-01  3.622298897E-02  8.019124423E+04  2.824891351E+02  3.288200891E+02  2.692536721E+02  2.793598107E+02  3.628303388E-01 
        34  2.916313541E-02  1.180056499E-01  3.893937175E-02  7.987380673E+04  2.901686819E+02  3.286156989E+02  2.689192690E+02  2.819749417E+02  3.340566977E-01 
        35  3.031249539E-02  1.184785399E-01  4.167042727E-02  7.995170712E+04  2.953999439E+02  3.288574567E+02  2.693147420E+02  2.822478298E+02  3.090284945E-01 
        36  3.139929926E-02  1.189405785E-01  4.442941843E-02  8.021740323E+04  3.009633797E+02  3.290924016E+02  2.696993770E+02  2.824489463E+02  2.820578946E-01 
        37  3.242013936E-02  1.193808800E-01  4.721660669E-02  8.079023550E+04  3.065039113E+02  3.294089135E+02  2.702188258E+02  2.818288426E+02  2.517688047E-01 
        38  3.340677803E-02  1.198011670E-01  5.002067675E-02  8.210716379E+04  3.094312119E+02  3.302062224E+02  2.715289711E+02  2.786481854E+02  2.250452631E-01 
        39  3.430413654E-02  1.201853153E-01  5.285529857E-02  8.385292676E+04  3.109563847E+02  3.311783323E+02  2.731301012E+02  2.739450951E+02  1.995934071E-01 
        40  3.515433510E-02  1.205874318E-01  5.570324370E-02  8.597161816E+04  3.110419769E+02  3.322904282E+02  2.749679623E+02  2.679802570E+02  1.769608501E-01 
        41  3.592907297E-02  1.209644065E-01  5.857535950E-02  8.834254199E+04  3.092791886E+02  3.335774136E+02  2.771025343E+02  2.608387589E+02  1.599507746E-01 
        42  3.664355424E-02  1.213334730E-01  6.146049591E-02  9.079120483E+04  3.059892936E+02  3.348461485E+02  2.792140369E+02  2.529163256E+02  1.487752926E-01 
        43  3.727845098E-02  1.217084379E-01  6.437276718E-02  9.305251025E+04  3.021175709E+02  3.359039268E+02  2.809801016E+02  2.454706707E+02  1.434906260E-01 
        44  3.781448665E-02  1.220744111E-01  6.730672953E-02  9.483424414E+04  2.983683262E+02  3.367380114E+02  2.823763123E+02  2.394858074E+02  1.439956562E-01 
        45  3.826762164E-02  1.224563704E-01  7.025293559E-02  9.598110492E+04  2.957142315E+02  3.372668409E+02  2.832635987E+02  2.357811123E+02  1.477813919E-01 
        46  3.856443464E-02  1.228195695E-01  7.317567491E-02  9.653909766E+04  2.937001953E+02  3.376390076E+02  2.838893967E+02  2.338331985E+02  1.548845097E-01 
        47  3.882754171E-02  1.231963568E-01  7.616928387E-02  9.669742740E+04  2.919415761E+02  3.381826252E+02  2.848059374E+02  2.319597410E+02  1.612546721E-01 
        48  3.896508106E-02  1.235573809E-01  7.913505459E-02  9.667724023E+04  2.870780449E+02  3.394062424E+02  2.868866806E+02  2.242071800E+02  1.668961607E-01 
        49  3.903512947E-02  1.239238609E-01  8.213137167E-02  9.659953784E+04  2.759062848E+02  3.417747695E+02  2.909305556E+02  2.047596688E+02  1.781850294E-01 
        50  3.900153017E-02  1.243001337E-01  8.510504302E-02  9.646983627E+04  2.580188400E+02  3.454144518E+02  2.971710368E+02  1.700387451E+02  1.831579034E-01 
        51  3.889299026E-02  1.246700891E-01  8.806950082E-02  9.616893646E+04  2.398238807E+02  3.493305025E+02  3.039342208E+02  1.221942091E+02  1.745712548E-01 
        52  3.870303970E-02  1.250405990E-01  9.105247242E-02  9.604583057E+04  2.331457305E+02  3.518111434E+02  3.082355700E+02  8.058194852E+01  4.624105853E-02 
        53  3.847530202E-02  1.253810613E-01  9.402032493E-02  9.660968829E+04  2.331956854E+02  3.528244530E+02  3.100093189E+02  4.769752966E+01 -3.610212604E-01 
        54  3.809583015E-02  1.257752167E-01  9.695318516E-02  9.678686719E+04  2.328782806E+02  3.528571854E+02  3.100610390E+02  4.093191242E+01 -9.698956907E-01 
        55  3.767199372E-02  1.261489404E-01  9.992435767E-02  9.801866968E+04  2.476619487E+02  3.524055595E+02  3.092654309E+02  4.829468608E+01 -2.025989477E+00 
        56  3.723780727E-02  1.265196365E-01  1.028569506E-01  9.979049567E+04  2.548686786E+02  3.516571442E+02  3.079543837E+02  6.753199278E+01 -1.113968004E+00 
        57  3.672955052E-02  1.269046997E-01  1.057947981E-01  1.012100112E+05  2.450425177E+02  3.500257382E+02  3.051028452E+02  1.107585797E+02 -5.947721400E-02 
        58  3.615520807E-02  1.273091289E-01  1.087154776E-01  1.033330889E+05  2.373683715E+02  3.476233015E+02  3.009317455E+02  1.504247413E+02  2.554483162E-01 
        59  3.556812424E-02  1.277144368E-01  1.116309472E-01  1.057569253E+05  2.434121373E+02  3.449944763E+02  2.963971243E+02  1.778203983E+02  2.892852288E-01 
        60  3.495651588E-02  1.281329458E-01  1.145394580E-01  1.074265183E+05  2.504369121E+02  3.437910118E+02  2.943305097E+02  1.867493625E+02  2.691602367E-01 
        61  3.433795015E-02  1.285471243E-01  1.174457346E-01  1.080913534E+05  2.574320629E+02  3.435301156E+02  2.938827190E+02  1.901274228E+02  2.367476337E-01 
        62  3.376061330E-02  1.289460490E-01  1.203607660E-01  1.081086405E+05  2.649977851E+02  3.434344866E+02  2.937192886E+02  1.925302505E+02  1.987569076E-01 
        63  3.331803132E-02  1.293309423E-01  1.232882868E-01  1.080204760E+05  2.690370243E+02  3.434142419E+02  2.936840599E+02  1.959929553E+02  1.877287945E-01 
        64  3.310586596E-02  1.296649637E-01  1.262581306E-01  1.080090834E+05  2.710151546E+02  3.431819181E+02  2.932869580E+02  1.976182894E+02  1.832540390E-01 
        65  3.306639982E-02  1.299493947E-01  1.292495641E-01  1.079870912E+05  2.714099195E+02  3.429769824E+02  2.929364816E+02  1.996203944E+02  1.895789736E-01 
        66  3.322486525E-02  1.302097713E-01  1.322380794E-01  1.078587799E+05  2.720515629E+02  3.428279744E+02  2.926819074E+02  2.014862539E+02  1.941628412E-01 
        67  3.356462385E-02  1.304573038E-01  1.352130229E-01  1.076084769E+05  2.730547326E+02  3.427312138E+02  2.925168476E+02  2.023060228E+02  1.932800968E-01 
        68  3.400410102E-02  1.306751199E-01  1.381765647E-01  1.072812915E+05  2.743404009E+02  3.426600280E+02  2.923952794E+02  2.029309647E+02  1.899920921E-01 
        69  3.451963359E-02  1.308741206E-01  1.411278790E-01  1.069732618E+05  2.757992463E+02  3.425877700E+02  2.922718883E+02  2.044457068E+02  1.888790238E-01 
        70  3.508991352E-02  1.310576265E-01  1.440660380E-01  1.066478029E+05  2.774243395E+02  3.424949660E+02  2.921135023E+02  2.068318460E+02  1.898441021E-01 
        71  3.570211579E-02  1.312503676E-01  1.470000000E-01  1.062982676E+05  2.791659775E+02  3.423381462E+02  2.918431358E+02  2.095958519E+02  1.911880709E-01 
        72 -2.843361623E-02  1.708417341E-01 -4.258217492E-02  8.210210522E+04  1.837027183E+02  3.300162220E+02  2.712149143E+02  3.443996649E+02  1.008154169E+00 
        73 -2.838826984E-02  1.709653765E-01 -3.916427879E-02  8.215377600E+04  1.837378681E+02  3.300537438E+02  2.712766724E+02  3.444606376E+02  1.008186234E+00 
        74 -2.835908450E-02  1.711140563E-01 -3.574649433E-02  8.237349817E+04  1.833269898E+02  3.302182457E+02  2.715473204E+02  3.425777929E+02  1.006353663E+00 
        75 -2.838361088E-02  1.712589164E-01 -3.232950605E-02  8.277904834E+04  1.839736004E+02  3.303200645E+02  2.717150993E+02  3.436970024E+02  1.006352894E+00 
        76 -2.841360827E-02  1.714319125E-01 -2.891476756E-02  8.325007263E+04  1.823313541E+02  3.307063007E+02  2.723506517E+02  3.413661742E+02  1.007763578E+00 
        77 -2.833774301E-02  1.716334782E-01 -2.549995819E-02  8.381027646E+04  1.814384562E+02  3.310063469E+02  2.728450741E+02  3.397959698E+02  1.008153224E+00 
        78 -2.791452343E-02  1.719215161E-01 -2.212016887E-02  8.418669580E+04  1.810905972E+02  3.311164742E+02  2.730268345E+02  3.394804745E+02  1.008854952E+00 
        79 -2.700703325E-02  1.722886754E-01 -1.884820631E-02  8.416174805E+04  1.806366711E+02  3.310852451E+02  2.729753256E+02  3.406100292E+02  1.012434687E+00 
        80 -2.544395246E-02  1.727209334E-01 -1.584518523E-02  8.327269281E+04  1.813152609E+02  3.306458588E+02  2.722511492E+02  3.441431856E+02  1.016379479E+00 
        81 -2.351536464E-02  1.732363399E-01 -1.306823492E-02  8.132551451E+04  1.855377285E+02  3.294954897E+02  2.703607783E+02  3.485239784E+02  1.009839047E+00 
        82 -2.134527601E-02  1.737374909E-01 -1.047435973E-02  7.875827730E+04  1.896286089E+02  3.282141321E+02  2.682623222E+02  3.548000553E+02  1.007419307E+00 
        83 -1.897326710E-02  1.742189522E-01 -8.035177519E-03  7.584792862E+04  1.993915308E+02  3.261646537E+02  2.649239544E+02  3.635800080E+02  9.917979068E-01 
        84 -1.652827274E-02  1.746780172E-01 -5.688541800E-03  7.360237537E+04  2.044368207E+02  3.249599180E+02  2.629714882E+02  3.691674542E+02  9.858984016E-01 
        85 -1.397929867E-02  1.751251779E-01 -3.446989688E-03  7.280178540E+04  2.095094943E+02  3.243175893E+02  2.619320035E+02  3.734462590E+02  9.773940556E-01 
        86 -1.139011487E-02  1.755573757E-01 -1.256774906E-03  7.355182910E+04  2.098959904E+02  3.249038105E+02  2.628794498E+02  3.710793352E+02  9.710680787E-01 
        87 -8.734274343E-03  1.759085237E-01  8.667805443E-04  7.821394550E+04  2.045573941E+02  3.277627170E+02  2.675324309E+02  3.592661097E+02  9.660766502E-01 
        88 -6.073383534E-03  1.762548475E-01  2.984781313E-03  8.807837854E+04  1.907315856E+02  3.333015344E+02  2.766538366E+02  3.308856835E+02  9.649430555E-01 
        89 -3.359730182E-03  1.765819110E-01  5.053045394E-03  9.769729755E+04  1.785589074E+02  3.379248664E+02  2.843719162E+02  3.051307378E+02  9.717151914E-01 
        90 -6.741955509E-04  1.768270807E-01  7.130208361E-03  9.687236298E+04  1.665589675E+02  3.378153967E+02  2.841892186E+02  3.114985743E+02  1.022837580E+00 
        91  2.027043660E-03  1.770783858E-01  9.208570588E-03  7.912568255E+04  1.936385639E+02  3.281463029E+02  2.681564026E+02  3.593029155E+02  1.003166299E+00 
        92  4.731686997E-03  1.772422585E-01  1.127155269E-02  7.430621045E+04  2.116912390E+02  3.250248397E+02  2.630766366E+02  3.740009418E+02  9.705076676E-01 
        93  7.454465044E-03  1.773874983E-01  1.334309669E-02  7.415172403E+04  2.086734159E+02  3.250941559E+02  2.631881533E+02  3.721879921E+02  9.770912887E-01 
        94  1.015989937E-02  1.775222933E-01  1.545596277E-02  7.107426963E+04  2.161469055E+02  3.232832885E+02  2.602696588E+02  3.791221642E+02  9.670257613E-01 
        95  1.284858280E-02  1.775661421E-01  1.756817794E-02  6.745583945E+04  2.264213088E+02  3.210370054E+02  2.566641023E+02  3.904446132E+02  9.565063268E-01 
        96  1.551966693E-02  1.776138061E-01  1.970369132E-02  6.430634961E+04  2.369851613E+02  3.187230866E+02  2.529839599E+02  4.016038976E+02  9.456919106E-01 
        97  1.817410325E-02  1.776258069E-01  2.186017323E-02  6.164394580E+04  2.454412341E+02  3.169122167E+02  2.501143327E+02  4.086884508E+02  9.335361626E-01 
        98  2.080993586E-02  1.775631240E-01  2.403936301E-02  5.977019604E+04  2.522181191E+02  3.157194653E+02  2.482341623E+02  4.120547762E+02  9.188110214E-01 
        99  2.341570779E-02  1.774969016E-01  2.625394818E-02  5.929907153E+04  2.575432229E+02  3.153409586E+02  2.476399617E+02  4.141899052E+02  9.055418558E-01 
       100  2.600295182E-02  1.773818036E-01  2.848806157E-02  6.106858398E+04  2.594389591E+02  3.166125507E+02  2.496525393E+02  4.106218605E+02  8.910336681E-01 
       101  2.856627515E-02  1.771883875E-01  3.074502562E-02  6.650225415E+04  2.555072889E+02  3.203849545E+02  2.556862736E+02  3.955715027E+02  8.723011650E-01 
       102  3.110662233E-02  1.769811535E-01  3.302644514E-02  7.485203149E+04  2.466379290E+02  3.259370623E+02  2.646224022E+02  3.712030725E+02  8.514343556E-01 
       103  3.362247542E-02  1.767159818E-01  3.532849163E-02  8.163218433E+04  2.425603809E+02  3.299723463E+02  2.711635342E+02  3.525227280E+02  8.282546401E-01 
       104  3.610895472E-02  1.763647845E-01  3.765120331E-02  8.311236633E+04  2.471125786E+02  3.307124248E+02  2.723682742E+02  3.500917420E+02  8.084998745E-01 
       105  3.856497337E-02  1.759966372E-01  4.000321012E-02  8.061129181E+04  2.560284176E+02  3.293756601E+02  2.701701318E+02  3.574676490E+02  7.918391759E-01 
       106  4.103059304E-02  1.755360248E-01  4.234569910E-02  7.826724556E+04  2.640925561E+02  3.280194929E+02  2.679454791E+02  3.632981133E+02  7.751614744E-01 
       107  4.340106546E-02  1.750377176E-01  4.474435622E-02  7.858264018E+04  2.682884093E+02  3.281549676E+02  2.681677489E+02  3.634182739E+02  7.611348450E-01 
       108  4.575540032E-02  1.745445103E-01  4.717695363E-02  8.201908899E+04  2.666620271E+02  3.302952318E+02  2.716832902E+02  3.525586481E+02  7.462532520E-01 
       109  4.807037784E-02  1.739953488E-01  4.963532790E-02  8.828858472E+04  2.620539331E+02  3.337127686E+02  2.773408747E+02  3.359630938E+02  7.322593760E-01 
       110  5.034733117E-02  1.734133857E-01  5.212084081E-02  9.501743506E+04  2.573143749E+02  3.372945862E+02  2.833207378E+02  3.172536697E+02  7.174245752E-01 
       111  5.258765486E-02  1.728405975E-01  5.464144749E-02  9.947773340E+04  2.568271904E+02  3.395816574E+02  2.871676502E+02  3.042708340E+02  6.984489635E-01 
       112  5.479076840E-02  1.722430532E-01  5.718902978E-02  1.022891816E+05  2.580350771E+02  3.408793745E+02  2.893655033E+02  2.988052788E+02  6.856903099E-01 
       113  5.694737683E-02  1.716020731E-01  5.976586917E-02  1.052391267E+05  2.576082542E+02  3.421760943E+02  2.915712154E+02  2.928994222E+02  6.785590295E-01 
       114  5.911848447E-02  1.709340834E-01  6.233872565E-02  1.085761372E+05  2.568629177E+02  3.435425176E+02  2.939041747E+02  2.849486334E+02  6.698165545E-01 
       115  6.119351897E-02  1.703313828E-01  6.496775561E-02  1.114072690E+05  2.557923813E+02  3.447946529E+02  2.960511689E+02  2.759601340E+02  6.621745471E-01 
       116  6.319798910E-02  1.696485115E-01  6.765543605E-02  1.136067753E+05  2.538230348E+02  3.459413900E+02  2.980227103E+02  2.684458585E+02  6.599933887E-01 
       117  6.520189851E-02  1.689621155E-01  7.034628384E-02  1.157043789E+05  2.525185080E+02  3.468490372E+02  2.995880957E+02  2.633092117E+02  6.589810178E-01 
       118  6.717992039E-02  1.682884043E-01  7.305807409E-02  1.174003027E+05  2.512411404E+02  3.475038605E+02  3.007202520E+02  2.596169147E+02  6.599798165E-01 
       119  6.910755662E-02  1.675987334E-01  7.579818779E-02  1.188272115E+05  2.488368449E+02  3.481391582E+02  3.018207066E+02  2.570875301E+02  6.671314621E-01 
       120  7.101404689E-02  1.668389198E-01  7.852135391E-02  1.197328555E+05  2.470322946E+02  3.484985096E+02  3.024443765E+02  2.545738716E+02  6.717636986E-01 
       121  7.286652020E-02  1.661304029E-01  8.130170181E-02  1.197790719E+05  2.453307948E+02  3.485990813E+02  3.026188218E+02  2.536030640E+02  6.781581524E-01 
       122  7.473378469E-02  1.653966549E-01  8.408122010E-02  1.196974932E+05  2.442195759E+02  3.485685501E+02  3.025660343E+02  2.535270500E+02  6.829033382E-01 
       123  7.654776682E-02  1.646234676E-01  8.688218818E-02  1.195951104E+05  2.419445314E+02  3.487844162E+02  3.029417038E+02  2.539051332E+02  6.926966961E-01 
       124  7.830115451E-02  1.638494494E-01  8.971806956E-02  1.194145220E+05  2.415849609E+02  3.489869881E+02  3.032952232E+02  2.536818008E+02  6.941433474E-01 
       125  8.003223315E-02  1.630890187E-01  9.257063461E-02  1.192528359E+05  2.419837933E+02  3.492262259E+02  3.037132874E+02  2.529975562E+02  6.923506167E-01 
       126  8.174167210E-02  1.623344685E-01  9.543869445E-02  1.191517556E+05  2.419560108E+02  3.494419577E+02  3.040901062E+02  2.507721000E+02  6.913266340E-01 
       127  8.339566060E-02  1.615413001E-01  9.829620033E-02  1.190757994E+05  2.396617002E+02  3.500598761E+02  3.051701282E+02  2.477795300E+02  6.992370497E-01 
       128  8.500809507E-02  1.607572746E-01  1.012133408E-01  1.188532117E+05  2.378573465E+02  3.508628645E+02  3.065750701E+02  2.436864166E+02  7.047981634E-01 
       129  8.654116005E-02  1.600133249E-01  1.041766726E-01  1.185869691E+05  2.377798265E+02  3.514175528E+02  3.075454720E+02  2.380521580E+02  7.023042566E-01 
       130  8.807530659E-02  1.592883350E-01  1.071513815E-01  1.185661733E+05  2.382871103E+02  3.516797886E+02  3.080012121E+02  2.294513679E+02  6.956376946E-01 
       131  8.946870181E-02  1.585918917E-01  1.101955952E-01  1.186859384E+05  2.331126721E+02  3.528723012E+02  3.100891708E+02  2.174816812E+02  7.146489155E-01 
       132  9.078169785E-02  1.579398834E-01  1.132895212E-01  1.186488384E+05  2.247056850E+02  3.540286975E+02  3.121207275E+02  2.110084103E+02  7.518013828E-01 
       133  9.193376095E-02  1.573753789E-01  1.164622823E-01  1.185780465E+05  2.247409394E+02  3.536664715E+02  3.114819293E+02  2.098590660E+02  7.504621455E-01 
       134  9.287851211E-02  1.569754829E-01  1.197270904E-01  1.185297251E+05  2.292820702E+02  3.526162715E+02  3.096356292E+02  2.159810181E+02  7.307055451E-01 
       135  9.346963790E-02  1.567893278E-01  1.230899614E-01  1.184043268E+05  2.340556902E+02  3.508966110E+02  3.066281379E+02  2.362152867E+02  7.204118443E-01 
       136  9.376445592E-02  1.568076376E-01  1.265149706E-01  1.184319071E+05  2.395249879E+02  3.488659911E+02  3.030870419E+02  2.561640401E+02  7.107215365E-01 
       137  9.391306034E-02  1.569225935E-01  1.299303306E-01  1.183281885E+05  2.414277191E+02  3.479049387E+02  3.014156494E+02  2.608670883E+02  7.069970760E-01 
       138  9.402896493E-02  1.570765633E-01  1.333445553E-01  1.181834819E+05  2.410437956E+02  3.477804327E+02  3.011994276E+02  2.590150137E+02  7.074480299E-01 
       139  9.417960043E-02  1.572174564E-01  1.367593072E-01  1.180603711E+05  2.420558591E+02  3.477263403E+02  3.011056767E+02  2.599772458E+02  7.050612960E-01 
       140  9.437397158E-02  1.573466446E-01  1.401725853E-01  1.179442017E+05  2.431516149E+02  3.477605443E+02  3.011649632E+02  2.615619247E+02  7.029822189E-01 
       141  9.455826038E-02  1.574868932E-01  1.435861248E-01  1.179025063E+05  2.436560405E+02  3.479431877E+02  3.014810343E+02  2.618061272E+02  7.019316829E-01 
       142  9.468914447E-02  1.576724412E-01  1.470000022E-01  1.178341865E+05  2.439839468E+02  3.480467758E+02  3.016722641E+02  2.620689754E+02  7.017696574E-01 
       143 -2.515044289E-02  2.387134140E-01 -4.211006034E-02  8.309691669E+04  1.814316615E+02  3.305355840E+02  2.720694011E+02  4.418383046E+02  1.147710245E+00 
       144 -2.515073613E-02  2.387267259E-01 -3.821832766E-02  8.445206912E+04  1.779450658E+02  3.313144335E+02  2.733537606E+02  4.388785157E+02  1.153559283E+00 
       145 -2.514274647E-02  2.387409373E-01 -3.433018188E-02  8.572663071E+04  1.746886049E+02  3.320398585E+02  2.745522465E+02  4.329458457E+02  1.156316942E+00 
       146 -2.514933814E-02  2.387615668E-01 -3.043885368E-02  8.599830190E+04  1.750591308E+02  3.320891705E+02  2.746336750E+02  4.352226946E+02  1.157574929E+00 
       147 -2.514205174E-02  2.387863737E-01 -2.655197175E-02  8.484050848E+04  1.785192726E+02  3.313923501E+02  2.734831149E+02  4.384379173E+02  1.152480700E+00 
       148 -2.514801404E-02  2.388163633E-01 -2.268742808E-02  8.267915239E+04  1.810597696E+02  3.305114526E+02  2.720312256E+02  4.387997177E+02  1.147002665E+00 
       149 -2.514603624E-02  2.387984711E-01 -1.877579094E-02  8.068539746E+04  1.871733875E+02  3.293040619E+02  2.700462227E+02  4.458792000E+02  1.138249636E+00 
       150 -2.513833525E-02  2.388756875E-01 -1.487946342E-02  7.910368677E+04  1.920050726E+02  3.283287425E+02  2.684488998E+02  4.493848695E+02  1.130226221E+00 
       151 -2.514495058E-02  2.389300222E-01 -1.098752945E-02  7.903161792E+04  1.912609125E+02  3.282836483E+02  2.683758391E+02  4.507030549E+02  1.133372119E+00 
       152 -2.501801490E-02  2.389948317E-01 -7.101428526E-03  8.094383453E+04  1.873366265E+02  3.292836092E+02  2.700145230E+02  4.461989356E+02  1.138210189E+00 
       153 -2.403359079E-02  2.391541778E-01 -3.362202731E-03  8.586582261E+04  1.749734395E+02  3.319971355E+02  2.744826988E+02  4.359100785E+02  1.158247077E+00 
       154 -2.203079393E-02  2.393877231E-01 -4.501692070E-05  8.934646465E+04  1.663314386E+02  3.338201421E+02  2.775041606E+02  4.285731542E+02  1.173013624E+00 
       155 -1.942355624E-02  2.396357170E-01  2.825132604E-03  8.658435077E+04  1.734015257E+02  3.323765339E+02  2.751133441E+02  4.347883900E+02  1.161110061E+00 
       156 -1.648721574E-02  2.398964014E-01  5.342831758E-03  8.179433038E+04  1.844331880E+02  3.298700936E+02  2.709769769E+02  4.440035119E+02  1.142782577E+00 
       157 -1.330897545E-02  2.400801911E-01  7.594698846E-03  8.023721521E+04  1.880879247E+02  3.288806968E+02  2.693526716E+02  4.471160879E+02  1.136961941E+00 
       158 -1.004552185E-02  2.402353079E-01  9.709455816E-03  8.068199939E+04  1.851963243E+02  3.291519504E+02  2.697987041E+02  4.459503155E+02  1.143070526E+00 
       159 -6.714656287E-03  2.403804415E-01  1.171394437E-02  8.082653029E+04  1.829845859E+02  3.293288071E+02  2.700885385E+02  4.460863330E+02  1.148854203E+00 
       160 -3.322138608E-03  2.404066774E-01  1.362735999E-02  8.010891699E+04  1.843945132E+02  3.289227490E+02  2.694217902E+02  4.469889762E+02  1.146960782E+00 
       161  9.783589121E-05  2.404201762E-01  1.547870720E-02  7.992536414E+04  1.864011271E+02  3.286314859E+02  2.689461913E+02  4.499373527E+02  1.146029253E+00 
       162  3.534439975E-03  2.403949673E-01  1.730379042E-02  8.232264624E+04  1.831118755E+02  3.300010052E+02  2.712094526E+02  4.441984520E+02  1.149284951E+00 
       163  6.969024296E-03  2.402279751E-01  1.908412837E-02  9.163841107E+04  1.553312483E+02  3.353995359E+02  2.801630692E+02  4.248852458E+02  1.202068360E+00 
       164  1.043411823E-02  2.400800089E-01  2.085152946E-02  7.921018417E+04  1.894539659E+02  3.288903833E+02  2.693711815E+02  4.488318475E+02  1.140513320E+00 
       165  1.388371434E-02  2.398652026E-01  2.263181169E-02  7.988922601E+04  1.869754949E+02  3.290758326E+02  2.696730185E+02  4.480994477E+02  1.144149931E+00 
       166  1.734145131E-02  2.394992745E-01  2.440657916E-02  7.951109192E+04  1.861554558E+02  3.291850991E+02  2.698512533E+02  4.460293150E+02  1.143807257E+00 
       167  2.080043859E-02  2.391294908E-01  2.615375350E-02  7.896076891E+04  1.871507523E+02  3.290211544E+02  2.695836446E+02  4.416113995E+02  1.137527812E+00 
       168  2.424052770E-02  2.387186889E-01  2.792040504E-02  7.893891736E+04  1.902744625E+02  3.287897573E+02  2.692045729E+02  4.431106725E+02  1.131534612E+00 
       169  2.766624902E-02  2.381908713E-01  2.968394578E-02  7.878522583E+04  1.921055393E+02  3.287525573E+02  2.691436338E+02  4.437717671E+02  1.128159761E+00 
       170  3.108229850E-02  2.375970478E-01  3.144655572E-02  7.848352179E+04  1.948340718E+02  3.286030526E+02  2.688989580E+02  4.435085471E+02  1.121489075E+00 
       171  3.449726266E-02  2.369314331E-01  3.319569832E-02  7.850796796E+04  1.967036430E+02  3.286384346E+02  2.689575473E+02  4.436516330E+02  1.117374684E+00 
       172  3.787267708E-02  2.362004853E-01  3.498142333E-02  7.889815198E+04  1.973972936E+02  3.290085297E+02  2.695651526E+02  4.420577688E+02  1.115688387E+00 
       173  4.123744789E-02  2.354271843E-01  3.677379579E-02  7.927165125E+04  1.976984148E+02  3.294486637E+02  2.702872820E+02  4.395629859E+02  1.114444405E+00 
       174  4.456263149E-02  2.345133553E-01  3.856958315E-02  7.867840257E+04  2.015846024E+02  3.290219409E+02  2.695875644E+02  4.392341026E+02  1.106943405E+00 
       175  4.789152860E-02  2.335402793E-01  4.034492433E-02  7.709680411E+04  2.073276572E+02  3.278980703E+02  2.677493018E+02  4.416449850E+02  1.096421607E+00 
       176  5.119514426E-02  2.325727211E-01  4.215365701E-02  7.511162289E+04  2.129111302E+02  3.266455731E+02  2.657068751E+02  4.447322966E+02  1.086222258E+00 
       177  5.444737908E-02  2.314873556E-01  4.396264389E-02  7.318799005E+04  2.188147611E+02  3.254216536E+02  2.637188593E+02  4.501346438E+02  1.077521369E+00 
       178  5.771043354E-02  2.303389779E-01  4.576361213E-02  7.105577789E+04  2.269318533E+02  3.238069142E+02  2.611103197E+02  4.579029293E+02  1.067723181E+00 
       179  6.093363739E-02  2.292015055E-01  4.761570799E-02  6.859718604E+04  2.349101353E+02  3.221341238E+02  2.584189382E+02  4.636369162E+02  1.054604806E+00 
       180  6.411569228E-02  2.279427553E-01  4.946832252E-02  6.691581714E+04  2.444864712E+02  3.213297615E+02  2.571302662E+02  4.661082611E+02  1.034725633E+00 
       181  6.728438578E-02  2.267057043E-01  5.135068917E-02  6.900093323E+04  2.586863828E+02  3.229346561E+02  2.597203770E+02  4.629592686E+02  9.934419729E-01 
       182  7.045491472E-02  2.254566135E-01  5.324396322E-02  8.071191760E+04  2.651497540E+02  3.297841444E+02  2.709154611E+02  4.367534661E+02  9.440424871E-01 
       183  7.352398986E-02  2.240979077E-01  5.520813549E-02  9.644515405E+04  2.503331490E+02  3.378531017E+02  2.842906780E+02  4.027802258E+02  9.455181267E-01 
       184  7.654294831E-02  2.227589545E-01  5.724026033E-02  1.041832538E+05  2.366702651E+02  3.420631046E+02  2.913828680E+02  3.867084668E+02  9.668331690E-01 
       185  7.954929441E-02  2.214414527E-01  5.933596166E-02  1.082499949E+05  2.384051695E+02  3.447351398E+02  2.959632883E+02  3.753106346E+02  9.528887756E-01 
       186  8.244157493E-02  2.200232159E-01  6.149679439E-02  1.248808262E+05  2.428067131E+02  3.505377426E+02  3.059989319E+02  3.452242050E+02  9.224424660E-01 
       187  8.531452000E-02  2.186177542E-01  6.372436707E-02  1.193489479E+05  2.387398628E+02  3.492652433E+02  3.037825001E+02  3.545368242E+02  9.354598164E-01 
       188  8.816039266E-02  2.172472440E-01  6.601424901E-02  1.215316311E+05  2.348346734E+02  3.496883125E+02  3.045137448E+02  3.487486196E+02  9.434120432E-01 
       189  9.092008057E-02  2.157826082E-01  6.831794754E-02  1.217581978E+05  2.268671577E+02  3.498553981E+02  3.048041239E+02  3.487853827E+02  9.644362082E-01 
       190  9.367581728E-02  2.143255962E-01  7.064980943E-02  1.218188297E+05  2.252257378E+02  3.496639412E+02  3.044723919E+02  3.473472313E+02  9.675864698E-01 
       191  9.641114101E-02  2.128789625E-01  7.302159977E-02  1.223660038E+05  2.204743626E+02  3.502059562E+02  3.054157704E+02  3.451521013E+02  9.796730569E-01 
       192  9.907895187E-02  2.114028516E-01  7.542603674E-02  1.227724075E+05  2.210621090E+02  3.500929961E+02  3.052189279E+02  3.453691993E+02  9.774985388E-01 
       193  1.016896232E-01  2.099003163E-01  7.789626121E-02  1.228070884E+05  2.198580492E+02  3.503872185E+02  3.057319303E+02  3.434340215E+02  9.804552207E-01 
       194  1.042573666E-01  2.084682280E-01  8.044071344E-02  1.227501753E+05  2.198120918E+02  3.509286733E+02  3.066797128E+02  3.431656024E+02  9.800984231E-01 
       195  1.067132028E-01  2.069758083E-01  8.306726980E-02  1.226563194E+05  2.230056591E+02  3.512849740E+02  3.073041267E+02  3.425775943E+02  9.697965099E-01 
       196  1.091091693E-01  2.055182938E-01  8.576040538E-02  1.227556020E+05  2.231150646E+02  3.525035816E+02  3.094441788E+02  3.384451467E+02  9.677332598E-01 
       197  1.114533399E-01  2.040960959E-01  8.851719904E-02  1.227071908E+05  2.236033617E+02  3.540756590E+02  3.122169652E+02  3.324217587E+02  9.649566092E-01 
       198  1.136946430E-01  2.026973542E-01  9.137514269E-02  1.225007595E+05  2.237760020E+02  3.557952935E+02  3.152569795E+02  3.226926064E+02  9.635724054E-01 
       199  1.158224243E-01  2.012857480E-01  9.431046231E-02  1.223819424E+05  2.263191070E+02  3.569335009E+02  3.172710946E+02  3.081667294E+02  9.573840892E-01 
       200  1.177983438E-01  1.999614296E-01  9.738734661E-02  1.223914610E+05  2.279306084E+02  3.580312392E+02  3.192196478E+02  2.924174978E+02  9.562240427E-01 
       201  1.195376812E-01  1.988013159E-01  1.006637087E-01  1.224132567E+05  2.311033612E+02  3.581413206E+02  3.194150652E+02  2.835961832E+02  9.488968865E-01 
       202  1.207748534E-01  1.979244993E-01  1.042263433E-01  1.223539758E+05  2.339328370E+02  3.568270497E+02  3.170813124E+02  2.935533774E+02  9.366824217E-01 
       203  1.209766187E-01  1.976967879E-01  1.080979692E-01  1.224440361E+05  2.340109752E+02  3.541517040E+02  3.123497611E+02  3.252931529E+02  9.332340960E-01 
       204  1.209415894E-01  1.976147862E-01  1.119887176E-01  1.226519156E+05  2.305112622E+02  3.520320383E+02  3.086159957E+02  3.352735256E+02  9.419903909E-01 
       205  1.209136670E-01  1.975679793E-01  1.158784497E-01  1.227309347E+05  2.273519410E+02  3.511083158E+02  3.069939627E+02  3.397813294E+02  9.512734768E-01 
       206  1.209140530E-01  1.975343277E-01  1.197687765E-01  1.227341232E+05  2.236273519E+02  3.510943740E+02  3.069692766E+02  3.398660313E+02  9.621880869E-01 
       207  1.209033119E-01  1.974945510E-01  1.236620610E-01  1.227491947E+05  2.205919477E+02  3.514849548E+02  3.076542541E+02  3.352159662E+02  9.701209939E-01 
       208  1.208998844E-01  1.975608583E-01  1.275528569E-01  1.226774953E+05  2.208812059E+02  3.518738838E+02  3.083404545E+02  3.371193222E+02  9.705334458E-01 
       209  1.209086196E-01  1.975927695E-01  1.314428594E-01  1.226820835E+05  2.205032174E+02  3.524805867E+02  3.094066550E+02  3.373048781E+02  9.718700132E-01 
       210  1.209261261E-01  1.976437754E-01  1.353324952E-01  1.227721268E+05  2.218125227E+02  3.530717026E+02  3.104469972E+02  3.318152141E+02  9.674459321E-01 
       211  1.209477387E-01  1.976921952E-01  1.392217013E-01  1.227900735E+05  2.210419229E+02  3.539086234E+02  3.119214437E+02  3.217190509E+02  9.703305720E-01 
       212  1.209659901E-01  1.977439656E-01  1.431109690E-01  1.230005239E+05  2.194276302E+02  3.549678454E+02  3.137756499E+02  3.079869695E+02  9.762114419E-01 
       213  1.210017723E-01  1.977818072E-01  1.470000027E-01  1.231539287E+05  2.208110714E+02  3.554175787E+02  3.143970747E+02  3.019028025E+02  9.732265174E-01 
       214 -1.337431699E-02  1.053111530E-01 -4.600000000E-02  8.764382910E+04  1.544611378E+02  3.330751076E+02  2.764196014E+02  2.354933834E+02  8.554403409E-01 
       215 -1.336879354E-02  1.054912688E-01 -4.299898917E-02  8.749250488E+04  1.539893703E+02  3.330602474E+02  2.762412658E+02  2.358493409E+02  8.594282251E-01 
       216 -1.321272523E-02  1.057016208E-01 -4.000664894E-02  8.747977148E+04  1.542144690E+02  3.330117512E+02  2.761608124E+02  2.364032059E+02  8.603608422E-01 
       217 -1.269691607E-02  1.059729593E-01 -3.706120983E-02  8.737874730E+04  1.546500343E+02  3.329651667E+02  2.760835271E+02  2.364778802E+02  8.584970885E-01 
       218 -1.181263769E-02  1.063072321E-01 -3.420969757E-02  8.715698149E+04  1.559976584E+02  3.328339771E+02  2.758660069E+02  2.384046086E+02  8.583428238E-01 
       219 -1.066241908E-02  1.066659143E-01 -3.145726216E-02  8.705355620E+04  1.566423531E+02  3.327934703E+02  2.757989226E+02  2.389437439E+02  8.571481019E-01 
       220 -9.280794463E-03  1.070573859E-01 -2.881758489E-02  8.686705907E+04  1.574320972E+02  3.327202727E+02  2.756775373E+02  2.398022691E+02  8.561554026E-01 
       221 -7.735023178E-03  1.074435380E-01 -2.626912607E-02  8.681030148E+04  1.579719800E+02  3.327021337E+02  2.756475315E+02  2.399580121E+02  8.542817379E-01 
       222 -6.047350445E-03  1.078135440E-01 -2.381048416E-02  8.670068722E+04  1.589926736E+02  3.325800603E+02  2.754453452E+02  2.410427436E+02  8.530127075E-01 
       223 -4.299611852E-03  1.081916589E-01 -2.139379423E-02  8.661144513E+04  1.595321680E+02  3.326478181E+02  2.755575218E+02  2.415312493E+02  8.525867639E-01 
       224 -2.461870607E-03  1.085505379E-01 -1.904289133E-02  8.665091916E+04  1.599137049E+02  3.325578928E+02  2.754086131E+02  2.415739154E+02  8.510126302E-01 
       225 -5.886173328E-04  1.088780789E-01 -1.671486844E-02  8.678110110E+04  1.597676417E+02  3.327042976E+02  2.756512067E+02  2.417914772E+02  8.529816673E-01 
       226  1.337912187E-03  1.092215599E-01 -1.443302686E-02  8.688975948E+04  1.598161614E+02  3.325906206E+02  2.754628169E+02  2.422065469E+02  8.547606854E-01 
       227  3.290030235E-03  1.094941851E-01 -1.216353628E-02  8.674306556E+04  1.592410839E+02  3.325180243E+02  2.753425856E+02  2.435574286E+02  8.631552804E-01 
       228  5.262023684E-03  1.097864070E-01 -9.913643549E-03  8.607720226E+04  1.601848486E+02  3.320843024E+02  2.746250502E+02  2.471454731E+02  8.715082251E-01 
       229  7.256339014E-03  1.100495762E-01 -7.679258903E-03  8.414394096E+04  1.649530475E+02  3.310288758E+02  2.728825264E+02  2.541107923E+02  8.712491205E-01 
       230  9.250945095E-03  1.102792579E-01 -5.441700620E-03  8.199952555E+04  1.724429472E+02  3.299167133E+02  2.710518637E+02  2.618449863E+02  8.601615446E-01 
       231  1.125130268E-02  1.105297001E-01 -3.209862298E-03  8.061911597E+04  1.797582111E+02  3.293805952E+02  2.701714911E+02  2.661492648E+02  8.372246902E-01 
       232  1.324504242E-02  1.107259366E-01 -9.692227629E-04  8.140199048E+04  1.833278871E+02  3.297859898E+02  2.708371639E+02  2.637718773E+02  8.102038819E-01 
       233  1.522818012E-02  1.109344875E-01  1.280794701E-03  8.329971436E+04  1.843281918E+02  3.307835846E+02  2.724791489E+02  2.583645325E+02  7.863686085E-01 
       234  1.717717000E-02  1.111306516E-01  3.565314237E-03  8.545331738E+04  1.830863991E+02  3.321194153E+02  2.746839428E+02  2.497430897E+02  7.636773214E-01 
       235  2.098827574E-02  1.115152878E-01  8.199040730E-03  8.926769922E+04  1.870153522E+02  3.341707935E+02  2.780877266E+02  2.371367321E+02  7.032057904E-01 
       236  2.283804163E-02  1.116790561E-01  1.055952489E-02  9.049387677E+04  1.897249978E+02  3.352778819E+02  2.799325557E+02  2.301131808E+02  6.674825293E-01 
       237  2.632960383E-02  1.121198866E-01  1.543269692E-02  9.114598535E+04  2.042055321E+02  3.354641209E+02  2.802436142E+02  2.306131039E+02  5.918998010E-01 
       238  2.959379811E-02  1.126564718E-01  2.044933110E-02  9.029345532E+04  2.213313861E+02  3.349041486E+02  2.793084693E+02  2.367348719E+02  5.219726339E-01 
       239  3.114059063E-02  1.129278581E-01  2.301118304E-02  8.980212270E+04  2.284840319E+02  3.348672082E+02  2.792468511E+02  2.391635443E+02  4.932587091E-01 
       240  3.264987762E-02  1.132456905E-01  2.559358749E-02  8.924811487E+04  2.359056302E+02  3.344663203E+02  2.785788264E+02  2.422945269E+02  4.658350981E-01 
       241  3.807676132E-02  1.146676712E-01  3.621643154E-02  8.782783805E+04  2.600751727E+02  3.337892416E+02  2.774519846E+02  2.507144553E+02  3.738544898E-01 
       242  3.928374460E-02  1.150413043E-01  3.894926042E-02  8.784353436E+04  2.656396403E+02  3.341195891E+02  2.780020492E+02  2.513396590E+02  3.479390903E-01 
       243  4.044503934E-02  1.154301055E-01  4.169676193E-02  8.821420769E+04  2.699265454E+02  3.343872014E+02  2.784475213E+02  2.514161179E+02  3.274625420E-01 
       244  4.154949506E-02  1.158110833E-01  4.446441861E-02  8.888101416E+04  2.728489532E+02  3.348216801E+02  2.791720715E+02  2.497202349E+02  3.074286319E-01 
       245  4.259018966E-02  1.161595968E-01  4.726780086E-02  8.978485722E+04  2.753555139E+02  3.353147956E+02  2.799956561E+02  2.470028659E+02  2.854342863E-01 
       246  4.357921759E-02  1.165132208E-01  5.008364009E-02  9.090092041E+04  2.781276970E+02  3.357427664E+02  2.807118349E+02  2.444440603E+02  2.626936352E-01 
       247  4.448002582E-02  1.168267471E-01  5.293502673E-02  9.224364480E+04  2.793984074E+02  3.364402709E+02  2.818780527E+02  2.405892861E+02  2.430618044E-01 
       248  4.534234860E-02  1.171711221E-01  5.579536500E-02  9.374008740E+04  2.802934628E+02  3.371102200E+02  2.830024185E+02  2.368083935E+02  2.260793727E-01 
       249  4.612355051E-02  1.174912616E-01  5.867935283E-02  9.508254785E+04  2.815813866E+02  3.377515793E+02  2.840809593E+02  2.330638657E+02  2.065744251E-01 
       250  4.681688670E-02  1.178330389E-01  6.158342338E-02  9.627929492E+04  2.823995438E+02  3.383788719E+02  2.851364975E+02  2.297152061E+02  1.915417798E-01 
       251  4.742483443E-02  1.181684938E-01  6.451168194E-02  9.731889355E+04  2.831755028E+02  3.389454346E+02  2.860908966E+02  2.269598045E+02  1.790778097E-01 
       252  4.796175059E-02  1.184973583E-01  6.744925218E-02  9.818567529E+04  2.846102905E+02  3.393919773E+02  2.868448801E+02  2.249122686E+02  1.653403221E-01 
       253  4.839690646E-02  1.188449776E-01  7.040346354E-02  9.883122797E+04  2.861990480E+02  3.396548120E+02  2.872889508E+02  2.237056195E+02  1.537770574E-01 
       254  4.867844520E-02  1.192029192E-01  7.337369276E-02  9.917905645E+04  2.879207262E+02  3.398244215E+02  2.875766477E+02  2.230756154E+02  1.435899200E-01 
       255  4.889804354E-02  1.195863964E-01  7.634446821E-02  9.950416181E+04  2.897820602E+02  3.398822228E+02  2.876745351E+02  2.223552582E+02  1.321665053E-01 
       256  4.901527392E-02  1.199575346E-01  7.936475415E-02  9.961102866E+04  2.923279291E+02  3.398643240E+02  2.876442668E+02  2.227938966E+02  1.209099111E-01 
       257  4.897414798E-02  1.207471392E-01  8.530893469E-02  9.952705273E+04  2.967102013E+02  3.400225754E+02  2.879113960E+02  2.244493980E+02  1.055806037E-01 
       258  4.879835866E-02  1.211503063E-01  8.827262235E-02  9.950746777E+04  2.992328606E+02  3.398031425E+02  2.875399704E+02  2.248220577E+02  9.367955197E-02 
       259  4.854576088E-02  1.215647590E-01  9.126615169E-02  9.960187445E+04  3.002685119E+02  3.397592984E+02  2.874657031E+02  2.256654072E+02  9.297683802E-02 
       260  4.818457029E-02  1.219712360E-01  9.420996830E-02  1.000125860E+05  3.014349490E+02  3.397986718E+02  2.875323787E+02  2.249474969E+02  8.441833871E-02 
       261  4.782320061E-02  1.224212570E-01  9.713670139E-02  1.005312783E+05  3.007346668E+02  3.401317921E+02  2.880972538E+02  2.232010679E+02  8.340948401E-02 
       262  4.734997920E-02  1.228526278E-01  1.001180955E-01  1.014997422E+05  3.001458397E+02  3.406432228E+02  2.889636688E+02  2.212260742E+02  8.024747111E-02 
       263  4.683890011E-02  1.232935874E-01  1.030087938E-01  1.028573266E+05  2.974918912E+02  3.414889233E+02  2.904009372E+02  2.165690866E+02  7.901673219E-02 
       264  4.566507936E-02  1.242316696E-01  1.088390156E-01  1.050499357E+05  2.924981821E+02  3.419938110E+02  2.912598266E+02  2.096828301E+02  8.521096212E-02 
       265  4.352639189E-02  1.257122811E-01  1.174848542E-01  1.080645142E+05  2.660531542E+02  3.453525918E+02  2.970138844E+02  1.828714216E+02  1.590438296E-01 
       266  4.289440586E-02  1.261798267E-01  1.203730247E-01  1.083263156E+05  2.581336087E+02  3.465845145E+02  2.991342003E+02  1.694640862E+02  1.638892317E-01 
       267  4.242365191E-02  1.265975250E-01  1.232861776E-01  1.082063296E+05  2.628398650E+02  3.466178865E+02  2.991899218E+02  1.645014441E+02  1.130193812E-01 
       268  4.208270049E-02  1.270006734E-01  1.262530889E-01  1.074665586E+05  2.622495461E+02  3.472382545E+02  3.002652435E+02  1.476255474E+02  5.648245162E-02 
       269  4.202415066E-02  1.273246053E-01  1.292418903E-01  1.069375839E+05  2.527280367E+02  3.478309041E+02  3.012879490E+02  1.389296906E+02  1.026025081E-01 
       270  4.218523596E-02  1.275849052E-01  1.322314117E-01  1.069572677E+05  2.441384150E+02  3.482014792E+02  3.019323382E+02  1.403960854E+02  1.767847480E-01 
       271  4.252691668E-02  1.278080741E-01  1.352038484E-01  1.071185324E+05  2.448080766E+02  3.483479092E+02  3.021902201E+02  1.501013233E+02  2.070766517E-01 
       272  4.296344289E-02  1.279984053E-01  1.381664338E-01  1.071061165E+05  2.492482851E+02  3.483104266E+02  3.021278124E+02  1.567375966E+02  1.992804173E-01 
       273  4.347514252E-02  1.281630447E-01  1.411197974E-01  1.068596887E+05  2.529452320E+02  3.482068159E+02  3.019463932E+02  1.613659917E+02  1.907457929E-01 
       274  4.403358971E-02  1.283124551E-01  1.440677535E-01  1.065467986E+05  2.555574364E+02  3.480593682E+02  3.016854099E+02  1.652481377E+02  1.875058133E-01 
       275  4.466583781E-02  1.284644007E-01  1.470000034E-01  1.063147384E+05  2.579215629E+02  3.474862446E+02  2.944441025E+02  1.691700588E+02  1.864889563E-01 
       276 -1.390154712E-02  1.725232616E-01 -4.600000033E-02  8.231980621E+04  1.823728216E+02  3.301845171E+02  2.716736989E+02  3.426013673E+02  1.009392492E+00 
       277 -1.389524734E-02  1.726308379E-01 -4.258575940E-02  8.261085461E+04  1.816862798E+02  3.302703840E+02  2.716328222E+02  3.421986357E+02  1.011041880E+00 
       278 -1.388827040E-02  1.727470810E-01 -3.919459871E-02  8.285005107E+04  1.811790898E+02  3.303734055E+02  2.718023964E+02  3.424319270E+02  1.013221879E+00 
       279 -1.387976982E-02  1.728866868E-01 -3.575874102E-02  8.285470858E+04  1.811505336E+02  3.304092305E+02  2.718613166E+02  3.428552310E+02  1.014063870E+00 
       280 -1.386962822E-02  1.730354599E-01 -3.234598001E-02  8.293072409E+04  1.815131933E+02  3.303465688E+02  2.717581433E+02  3.433415256E+02  1.013742190E+00 
       281 -1.385715910E-02  1.732129765E-01 -2.893478341E-02  8.248409544E+04  1.820482087E+02  3.301802973E+02  2.714846296E+02  3.447472385E+02  1.014643395E+00 
       282 -1.381464856E-02  1.733989484E-01 -2.553958976E-02  8.197437294E+04  1.823599137E+02  3.299344284E+02  2.710806312E+02  3.455057201E+02  1.014995471E+00 
       283 -1.334927366E-02  1.736519924E-01 -2.216152427E-02  8.123799557E+04  1.845437110E+02  3.294196714E+02  2.702357729E+02  3.478266455E+02  1.011854257E+00 
       284 -1.220387625E-02  1.739549638E-01 -1.896956374E-02  7.992538379E+04  1.886880236E+02  3.285989952E+02  2.688914738E+02  3.530757294E+02  1.007416748E+00 
       285 -1.057589609E-02  1.742731966E-01 -1.599005111E-02  7.842409951E+04  1.930883050E+02  3.277366040E+02  2.674818480E+02  3.563777299E+02  9.985613580E-01 
       286 -8.586070527E-03  1.745821273E-01 -1.323108332E-02  7.665258119E+04  1.982848160E+02  3.268944951E+02  2.661089136E+02  3.608234055E+02  9.895495699E-01 
       287 -6.371188279E-03  1.748941133E-01 -1.065117603E-02  7.601573271E+04  1.997989045E+02  3.268586048E+02  2.660505664E+02  3.604031349E+02  9.836002206E-01 
       288 -3.959984913E-03  1.752012559E-01 -8.251810021E-03  7.777034387E+04  1.985572982E+02  3.278848026E+02  2.677261453E+02  3.548318810E+02  9.771268609E-01 
       289 -1.474621790E-03  1.754287438E-01 -5.921768022E-03  8.240893389E+04  1.914793015E+02  3.303952065E+02  2.718509744E+02  3.447888794E+02  9.836209038E-01 
       290  1.096342236E-03  1.756586641E-01 -3.684409899E-03  8.890757121E+04  1.810148853E+02  3.333177158E+02  2.766738943E+02  3.330260609E+02  9.996698656E-01 
       291  3.722457199E-03  1.758529720E-01 -1.512169024E-03  9.184714746E+04  1.764039602E+02  3.342921228E+02  2.782891960E+02  3.266078653E+02  1.005602643E+00 
       292  6.390497491E-03  1.759799744E-01  6.206893580E-04  8.781134863E+04  1.785826769E+02  3.329090195E+02  2.759965363E+02  3.337504272E+02  1.009624884E+00 
       293  1.179759467E-02  1.761809281E-01  4.808741428E-03  7.653041797E+04  2.013735924E+02  3.267332306E+02  2.658520927E+02  3.658804169E+02  9.888346046E-01 
       294  1.450804596E-02  1.762121176E-01  6.883706551E-03  7.258695313E+04  2.097601490E+02  3.242771397E+02  2.618671494E+02  3.749236946E+02  9.784975424E-01 
       295  1.722225861E-02  1.762495216E-01  8.953048646E-03  7.056474414E+04  2.129253349E+02  3.230440636E+02  2.598776741E+02  3.805008812E+02  9.793115258E-01 
       296  1.993233776E-02  1.761597577E-01  1.102855473E-02  6.914081934E+04  2.172641239E+02  3.221004601E+02  2.583624611E+02  3.847919197E+02  9.737118855E-01 
       297  2.263244469E-02  1.760920636E-01  1.311525345E-02  6.740856201E+04  2.233237095E+02  3.209016285E+02  2.564429855E+02  3.900105858E+02  9.645506889E-01 
       298  2.532249661E-02  1.759768902E-01  1.521525865E-02  6.575782983E+04  2.299753075E+02  3.197127590E+02  2.545462618E+02  3.962749481E+02  9.560781345E-01 
       299  2.800116021E-02  1.758008440E-01  1.732596334E-02  6.537739795E+04  2.348720779E+02  3.193368645E+02  2.539481564E+02  3.989834700E+02  9.456239790E-01 
       300  3.066011949E-02  1.756198651E-01  1.946182943E-02  6.774896643E+04  2.353033504E+02  3.207872987E+02  2.562688255E+02  3.943213763E+02  9.338938184E-01 
       301  3.850917716E-02  1.748410184E-01  2.602581626E-02  8.689124243E+04  2.342554951E+02  3.336342030E+02  2.771994858E+02  3.353905287E+02  8.252847139E-01 
       302  4.358739934E-02  1.740919978E-01  3.053362568E-02  8.600556274E+04  2.368505116E+02  3.329195032E+02  2.760095310E+02  3.405542440E+02  8.256763965E-01 
       303  4.609287257E-02  1.736863543E-01  3.281922705E-02  8.515882837E+04  2.383935022E+02  3.327896919E+02  2.757938528E+02  3.431703625E+02  8.252733238E-01 
       304  4.855845708E-02  1.731970535E-01  3.512834265E-02  8.489892407E+04  2.434935517E+02  3.325052328E+02  2.753220024E+02  3.454689579E+02  8.118041009E-01 
       305  5.100043215E-02  1.726458906E-01  3.745772352E-02  8.577239038E+04  2.474921737E+02  3.330707064E+02  2.762600913E+02  3.434378619E+02  7.948455401E-01 
       306  5.340036417E-02  1.720848619E-01  3.982071753E-02  8.883431848E+04  2.485325055E+02  3.348802848E+02  2.792750957E+02  3.354637380E+02  7.780420016E-01 
       307  5.576533568E-02  1.714326002E-01  4.220398857E-02  9.421069617E+04  2.469333401E+02  3.377285359E+02  2.840482937E+02  3.222683997E+02  7.624280634E-01 
       308  5.808130114E-02  1.707532671E-01  4.462162642E-02  9.990843568E+04  2.453218316E+02  3.405564388E+02  2.888227673E+02  3.077778090E+02  7.458738554E-01 
       309  6.913202621E-02  1.670049815E-01  5.708998555E-02  1.127599473E+05  2.427763743E+02  3.469320526E+02  2.997338572E+02  2.731756797E+02  7.087611491E-01 
       310  7.325557335E-02  1.653928843E-01  6.228962682E-02  1.157747599E+05  2.409394420E+02  3.484293578E+02  3.023255188E+02  2.662311401E+02  7.079203124E-01 
       311  7.526114685E-02  1.645964451E-01  6.493668120E-02  1.167560762E+05  2.398356304E+02  3.488388348E+02  3.030363827E+02  2.632805138E+02  7.104130387E-01 
       312  8.099008587E-02  1.620989224E-01  7.305121222E-02  1.186739932E+05  2.382600651E+02  3.494236794E+02  3.040523033E+02  2.581342640E+02  7.109667733E-01 
       313  8.281625202E-02  1.612441772E-01  7.580722199E-02  1.189358359E+05  2.386629181E+02  3.493565292E+02  3.039354477E+02  2.570735435E+02  7.088726535E-01 
       314  8.462318717E-02  1.604029889E-01  7.856519154E-02  1.190970083E+05  2.384788537E+02  3.493222494E+02  3.038757782E+02  2.565416431E+02  7.105948776E-01 
       315  8.638808364E-02  1.595156660E-01  8.135371941E-02  1.191729900E+05  2.384263086E+02  3.492049599E+02  3.036716223E+02  2.564660559E+02  7.115547117E-01 
       316  8.818531781E-02  1.586346563E-01  8.418846896E-02  1.191617999E+05  2.384250742E+02  3.489710490E+02  3.032648230E+02  2.561119679E+02  7.096878587E-01 
       317  9.153487112E-02  1.568453452E-01  8.985396979E-02  1.189567445E+05  2.374146528E+02  3.489163527E+02  3.031703167E+02  2.554871492E+02  7.137379413E-01 
       318  9.319079870E-02  1.559467714E-01  9.269883327E-02  1.188883311E+05  2.375467319E+02  3.489051228E+02  3.031510067E+02  2.545477619E+02  7.125090249E-01 
       319  9.639067810E-02  1.541493463E-01  9.845101971E-02  1.189526631E+05  2.387155228E+02  3.486457405E+02  3.026998405E+02  2.548185692E+02  7.092085145E-01 
       320  9.789700787E-02  1.532238030E-01  1.013752208E-01  1.189364706E+05  2.391882048E+02  3.485535946E+02  3.025398197E+02  2.548732514E+02  7.064095726E-01 
       321  9.939560036E-02  1.523575645E-01  1.043121280E-01  1.188659287E+05  2.396743660E+02  3.484001999E+02  3.022734318E+02  2.550764046E+02  7.052923739E-01 
       322  1.008373928E-01  1.515239935E-01  1.072922639E-01  1.187164346E+05  2.399429359E+02  3.482315159E+02  3.019807415E+02  2.556171951E+02  7.054115534E-01 
       323  1.021925752E-01  1.507164957E-01  1.103173974E-01  1.186049011E+05  2.411461616E+02  3.480087166E+02  3.015947375E+02  2.565380831E+02  7.012805808E-01 
       324  1.063175391E-01  1.486079647E-01  1.265700906E-01  1.182172773E+05  2.410701523E+02  3.488878403E+02  3.031240196E+02  2.556894073E+02  7.032552958E-01 
       325  1.064822206E-01  1.487022474E-01  1.299738775E-01  1.183614805E+05  2.366216202E+02  3.504136124E+02  3.057832756E+02  2.461412697E+02  7.152582854E-01 
       326  1.066476119E-01  1.488146338E-01  1.333799290E-01  1.182562402E+05  2.309471169E+02  3.518334923E+02  3.082636490E+02  2.293912392E+02  7.319651544E-01 
       327  1.068180965E-01  1.489318139E-01  1.367854531E-01  1.180310254E+05  2.277378998E+02  3.524347305E+02  3.093156090E+02  2.181422977E+02  7.445549294E-01 
       328  1.069979625E-01  1.490578552E-01  1.401905319E-01  1.179671563E+05  2.290002594E+02  3.519947014E+02  3.085453262E+02  2.251674480E+02  7.437096015E-01 
       329  1.071817424E-01  1.491887345E-01  1.435955648E-01  1.180717803E+05  2.363113499E+02  3.503484993E+02  3.055525303E+02  2.449161739E+02  7.205202579E-01 
       330  1.073851999E-01  1.493347905E-01  1.470000044E-01  1.180199180E+05  2.446791916E+02  3.482855988E+02  3.012891541E+02  2.649754105E+02  7.018576860E-01 
       331 -5.132010553E-03  2.399711247E-01 -4.600000034E-02  8.375772510E+04  1.731026592E+02  3.312372589E+02  2.725520344E+02  4.381246529E+02  1.164556332E+00 
       332 -5.128125210E-03  2.399809281E-01 -4.210430258E-02  8.447963525E+04  1.745591989E+02  3.309277201E+02  2.727156000E+02  4.395736504E+02  1.162451547E+00 
       333 -5.125201508E-03  2.399922328E-01 -3.820870464E-02  8.352249146E+04  1.774089320E+02  3.303276579E+02  2.717289295E+02  4.420725875E+02  1.158015271E+00 
       334 -5.121813889E-03  2.400095995E-01 -3.431329778E-02  8.164733218E+04  1.817243602E+02  3.294282190E+02  2.702514375E+02  4.457992802E+02  1.151261558E+00 
       335 -5.119016059E-03  2.400291916E-01 -3.041776666E-02  7.969656922E+04  1.864950238E+02  3.285029424E+02  2.687352596E+02  4.498221553E+02  1.143759758E+00 
       336 -5.114574788E-03  2.400538233E-01 -2.652182619E-02  7.836282632E+04  1.890180002E+02  3.280702329E+02  2.680264879E+02  4.510606381E+02  1.138795050E+00 
       337 -5.109553763E-03  2.400828758E-01 -2.262552630E-02  7.809807971E+04  1.889524109E+02  3.282285762E+02  2.682863455E+02  4.500593891E+02  1.137854623E+00 
       338 -5.103895973E-03  2.401152952E-01 -1.872899116E-02  8.030949365E+04  1.853133039E+02  3.293170836E+02  2.700708902E+02  4.459394019E+02  1.142616304E+00 
       339 -4.925504783E-03  2.402473149E-01 -7.056915668E-03  8.790669292E+04  1.703927157E+02  3.323783445E+02  2.751193177E+02  4.321125435E+02  1.168135003E+00 
       340 -3.715119829E-03  2.403023013E-01 -3.373311706E-03  8.206838849E+04  1.807876092E+02  3.302206028E+02  2.715643346E+02  4.434682491E+02  1.153287119E+00 
       341 -1.562012846E-03  2.403581740E-01 -1.360753051E-04  7.838654757E+04  1.909028071E+02  3.281320761E+02  2.681307146E+02  4.551841972E+02  1.139233741E+00 
       342  1.133764527E-03  2.404094608E-01  2.675248428E-03  7.860382251E+04  1.913878183E+02  3.277931576E+02  2.675753250E+02  4.522191048E+02  1.134651497E+00 
       343  4.137632423E-03  2.404197044E-01  5.149238455E-03  7.975742315E+04  1.871944384E+02  3.283660947E+02  2.685110831E+02  4.459608820E+02  1.138423704E+00 
       344  7.316400202E-03  2.403253331E-01  7.399564588E-03  7.999915386E+04  1.835535381E+02  3.288036350E+02  2.692262665E+02  4.462657213E+02  1.148405642E+00 
       345  1.395577155E-02  2.400667001E-01  1.148649181E-02  8.620853271E+04  1.732287483E+02  3.316322899E+02  2.738874264E+02  4.364667530E+02  1.164402366E+00 
       346  1.735065466E-02  2.397965962E-01  1.337576268E-02  9.014381348E+04  1.598995934E+02  3.337513580E+02  2.773947830E+02  4.305390778E+02  1.192217067E+00 
       347  2.419161170E-02  2.391929427E-01  1.704637434E-02  7.965387598E+04  1.860240898E+02  3.289582062E+02  2.694857979E+02  4.470812759E+02  1.143262014E+00 
       348  2.761839379E-02  2.387452844E-01  1.884103948E-02  7.953963086E+04  1.880119247E+02  3.286587563E+02  2.689905891E+02  4.475349884E+02  1.138674736E+00 
       349  3.105226563E-02  2.382885234E-01  2.062260888E-02  8.059972412E+04  1.842284737E+02  3.295654926E+02  2.704761391E+02  4.449819317E+02  1.145653076E+00 
       350  3.788868369E-02  2.371344800E-01  2.417075674E-02  8.065135889E+04  1.865053043E+02  3.295155315E+02  2.703938828E+02  4.443670197E+02  1.139579035E+00 
       351  4.468291751E-02  2.357525484E-01  2.771953789E-02  8.034278320E+04  1.897801838E+02  3.291734428E+02  2.698354683E+02  4.460771523E+02  1.134817071E+00 
       352  4.805699300E-02  2.349490393E-01  2.948953136E-02  8.072274988E+04  1.906869817E+02  3.292779183E+02  2.700080466E+02  4.478299904E+02  1.136204619E+00 
       353  5.140582287E-02  2.340778219E-01  3.127771149E-02  8.078871631E+04  1.912044859E+02  3.293961105E+02  2.701997910E+02  4.459839096E+02  1.135199606E+00 
       354  5.473006301E-02  2.331020583E-01  3.305777180E-02  8.002772461E+04  1.942976646E+02  3.288848648E+02  2.693617859E+02  4.483156281E+02  1.131820410E+00 
       355  5.803984836E-02  2.320923676E-01  3.484458617E-02  7.852973926E+04  1.973009129E+02  3.280139599E+02  2.679369869E+02  4.506222267E+02  1.129219592E+00 
       356  6.132921494E-02  2.310454118E-01  3.665150486E-02  7.671730151E+04  2.005170460E+02  3.271172943E+02  2.664731730E+02  4.521513202E+02  1.124266310E+00 
       357  6.777528194E-02  2.285846393E-01  4.027160278E-02  8.527044043E+04  2.147640076E+02  3.328232307E+02  2.758873444E+02  4.301347961E+02  1.067182973E+00 
       358  7.097972553E-02  2.273472007E-01  4.209367684E-02  9.219899414E+04  2.301170769E+02  3.361564293E+02  2.814119759E+02  4.138564453E+02  1.012980402E+00 
       359  7.412444428E-02  2.259565065E-01  4.393674079E-02  9.110064453E+04  2.344814310E+02  3.347692118E+02  2.790932112E+02  4.186203775E+02  1.008245993E+00 
       360  7.725834663E-02  2.245514312E-01  4.577102978E-02  8.746407373E+04  2.341532288E+02  3.332825756E+02  2.766129608E+02  4.250056419E+02  1.016612563E+00 
       361  8.037011026E-02  2.231435234E-01  4.763983740E-02  8.992902344E+04  2.324089584E+02  3.351614151E+02  2.797563438E+02  4.203593559E+02  1.019302517E+00 
       362  8.343109451E-02  2.215945322E-01  4.950276897E-02  1.031109798E+05  2.214298182E+02  3.412925382E+02  2.901073027E+02  3.945465319E+02  1.033334592E+00 
       363  8.646988642E-02  2.201046420E-01  5.141624103E-02  1.216051941E+05  2.099970522E+02  3.480193958E+02  3.016419048E+02  3.594685049E+02  1.052940093E+00 
       364  9.242245520E-02  2.169732682E-01  5.534503106E-02  1.188174324E+05  2.206114569E+02  3.498615217E+02  3.048399706E+02  3.521894808E+02  1.003484420E+00 
       365  9.533631835E-02  2.153857768E-01  5.738443174E-02  1.164191002E+05  2.228415968E+02  3.493029876E+02  3.038799515E+02  3.559968448E+02  9.949517725E-01 
       366  9.819952312E-02  2.138016843E-01  5.949569436E-02  1.165897422E+05  2.250671959E+02  3.497624950E+02  3.046839008E+02  3.532876930E+02  9.839138463E-01 
       367  1.009694591E-01  2.121295788E-01  6.167326851E-02  1.187145603E+05  2.283013573E+02  3.510890160E+02  3.069987535E+02  3.444001837E+02  9.684937522E-01 
       368  1.037116704E-01  2.105064985E-01  6.390540356E-02  1.202695249E+05  2.313283529E+02  3.523480062E+02  3.091984282E+02  3.390503311E+02  9.545254521E-01 
       369  1.064180189E-01  2.088777679E-01  6.618856681E-02  1.208487983E+05  2.343082485E+02  3.525852165E+02  3.096128769E+02  3.367205887E+02  9.416843876E-01 
       370  1.090480686E-01  2.071800512E-01  6.850700508E-02  1.212099321E+05  2.340506096E+02  3.528351173E+02  3.100534267E+02  3.365107574E+02  9.400541410E-01 
       371  1.116790455E-01  2.055210471E-01  7.084353951E-02  1.215214121E+05  2.372480879E+02  3.529796858E+02  3.103094130E+02  3.356070657E+02  9.291943982E-01 
       372  1.142974452E-01  2.038484190E-01  7.319785208E-02  1.218735483E+05  2.385442672E+02  3.530664034E+02  3.104624424E+02  3.327248220E+02  9.232547693E-01 
       373  1.168416696E-01  2.021295301E-01  7.558130371E-02  1.222200132E+05  2.376737843E+02  3.534892311E+02  3.112128258E+02  3.308271427E+02  9.242194779E-01 
       374  1.193277496E-01  2.004108846E-01  7.805168345E-02  1.224010601E+05  2.364360478E+02  3.539717093E+02  3.120705836E+02  3.305938950E+02  9.269434270E-01 
       375  1.217693779E-01  1.987784452E-01  8.060399866E-02  1.224736050E+05  2.345884514E+02  3.542928476E+02  3.126410933E+02  3.297490301E+02  9.323370047E-01 
       376  1.240793489E-01  1.970470446E-01  8.322373237E-02  1.227134858E+05  2.302554388E+02  3.543372536E+02  3.127209721E+02  3.279349298E+02  9.453281499E-01 
       377  1.263696524E-01  1.953872062E-01  8.590193330E-02  1.231135369E+05  2.243397464E+02  3.547588559E+02  3.134594804E+02  3.236522558E+02  9.631009079E-01 
       378  1.285811840E-01  1.937639536E-01  8.866989816E-02  1.232625801E+05  2.200247941E+02  3.533913708E+02  3.110334673E+02  3.307000179E+02  9.758303910E-01 
       379  1.378530526E-01  1.861918564E-01  1.119425893E-01  1.224107729E+05  2.237905111E+02  3.544659805E+02  3.128997755E+02  3.217614117E+02  9.617630430E-01 
       380  1.378280879E-01  1.861358471E-01  1.158380052E-01  1.221830801E+05  2.247824273E+02  3.553406057E+02  3.144449196E+02  3.079948196E+02  9.588525239E-01 
       381  1.378172244E-01  1.861105784E-01  1.197328496E-01  1.218578621E+05  2.288383479E+02  3.556759586E+02  3.150370927E+02  3.026266408E+02  9.466430619E-01 
       382  1.378137064E-01  1.861013403E-01  1.236281983E-01  1.224154547E+05  2.314146574E+02  3.553712468E+02  3.144985952E+02  3.132111285E+02  9.354343703E-01 
       383  1.378232998E-01  1.861207539E-01  1.275238734E-01  1.229709427E+05  2.298469175E+02  3.545498928E+02  3.130504668E+02  3.260039972E+02  9.417404877E-01 
       384  1.378388478E-01  1.861485149E-01  1.314192119E-01  1.230688430E+05  2.274262616E+02  3.532496236E+02  3.107611452E+02  3.366916214E+02  9.513065498E-01 
       385  1.378667705E-01  1.861922064E-01  1.353144338E-01  1.229056692E+05  2.234806802E+02  3.527832785E+02  3.099421568E+02  3.347588084E+02  9.624914322E-01 
       386  1.378917792E-01  1.862393165E-01  1.392095884E-01  1.228519187E+05  2.219865911E+02  3.526047426E+02  3.096261067E+02  3.324189558E+02  9.664322282E-01 
       387  1.379128913E-01  1.862912877E-01  1.431056120E-01  1.229441184E+05  2.218972989E+02  3.528167446E+02  3.099133205E+02  3.302364474E+02  9.665299326E-01 
       388  1.379274402E-01  1.863453723E-01  1.469999959E-01  1.231438445E+05  2.211987619E+02  3.536512628E+02  3.111263270E+02  3.263783784E+02  9.687539041E-01 
       389 -3.389247132E-02  1.007789921E-01 -4.300551245E-02  8.751858594E+04  1.542580490E+02  3.330155563E+02  2.761671181E+02  2.360433121E+02  8.586769514E-01 
       390 -3.372456358E-02  1.010433636E-01 -4.002223516E-02  8.744044176E+04  1.547046376E+02  3.329951907E+02  2.761333744E+02  2.365115594E+02  8.580412151E-01 
       391 -3.329024078E-02  1.014074167E-01 -3.707963811E-02  8.733465997E+04  1.548178772E+02  3.329860932E+02  2.761182894E+02  2.368463708E+02  8.589241346E-01 
       392 -3.255620303E-02  1.018883264E-01 -3.421559131E-02  8.722404982E+04  1.557367506E+02  3.328998040E+02  2.759751365E+02  2.375528987E+02  8.567294909E-01 
       393 -3.153373485E-02  1.024554568E-01 -3.145384174E-02  8.710686565E+04  1.566683087E+02  3.328035513E+02  2.758155822E+02  2.384444534E+02  8.552265838E-01 
       394 -3.028950121E-02  1.031058036E-01 -2.880322264E-02  8.696806763E+04  1.574554531E+02  3.327111816E+02  2.756624951E+02  2.397399396E+02  8.558667444E-01 
       395 -2.888173412E-02  1.037838005E-01 -2.624318977E-02  8.687856908E+04  1.582544381E+02  3.326403555E+02  2.755451280E+02  2.404735412E+02  8.545787456E-01 
       396 -2.733119538E-02  1.044792183E-01 -2.377110822E-02  8.681400338E+04  1.586914207E+02  3.326164265E+02  2.755055335E+02  2.409712586E+02  8.543772262E-01 
       397 -2.568342124E-02  1.052055751E-01 -2.135968630E-02  8.672011325E+04  1.590551602E+02  3.325940589E+02  2.754683955E+02  2.413430081E+02  8.542820624E-01 
       398 -2.397735570E-02  1.059146334E-01 -1.899049647E-02  8.654160876E+04  1.597566935E+02  3.324868058E+02  2.752908123E+02  2.426767300E+02  8.558488828E-01 
       399 -2.220871387E-02  1.066063154E-01 -1.667396516E-02  8.621846417E+04  1.605105612E+02  3.323249085E+02  2.750228797E+02  2.441300521E+02  8.573368955E-01 
       400 -2.041003203E-02  1.073389070E-01 -1.437512078E-02  8.572289456E+04  1.617759866E+02  3.320890229E+02  2.746326512E+02  2.465641037E+02  8.597038137E-01 
       401 -1.856976066E-02  1.079715131E-01 -1.211630566E-02  8.503763540E+04  1.650959673E+02  3.316599433E+02  2.739233320E+02  2.496619305E+02  8.532731901E-01 
       402 -1.670953655E-02  1.086522831E-01 -9.860640570E-03  8.435351335E+04  1.683334345E+02  3.313157966E+02  2.733552187E+02  2.523001097E+02  8.460463515E-01 
       403 -1.482329113E-02  1.093026603E-01 -7.620995183E-03  8.436909724E+04  1.708042087E+02  3.313481866E+02  2.734086795E+02  2.523876736E+02  8.337451506E-01 
       404 -1.292306254E-02  1.099268373E-01 -5.385291055E-03  8.530749780E+04  1.717764435E+02  3.318416967E+02  2.742239723E+02  2.501714382E+02  8.214138839E-01 
       405 -1.101845801E-02  1.105590611E-01 -3.137660868E-03  8.697263171E+04  1.706120074E+02  3.327498037E+02  2.757269533E+02  2.439363388E+02  8.070866307E-01 
       406 -9.120841472E-03  1.111701815E-01 -8.914052251E-04  8.939345703E+04  1.670479001E+02  3.341028255E+02  2.779740133E+02  2.353486656E+02  7.993599239E-01 
       407 -7.240675928E-03  1.117476218E-01  1.353994698E-03  9.277620679E+04  1.639797570E+02  3.357863356E+02  2.807826891E+02  2.222979331E+02  7.776390677E-01 
       408 -5.370549944E-03  1.123083196E-01  3.627204146E-03  9.647368958E+04  1.634323940E+02  3.376986837E+02  2.839896269E+02  2.105688756E+02  7.486091182E-01 
       409 -3.530590186E-03  1.128981262E-01  5.933484609E-03  9.859522562E+04  1.730309153E+02  3.387627287E+02  2.857819057E+02  2.018844985E+02  6.698755628E-01 
       410 -1.726912218E-03  1.134387153E-01  8.259926622E-03  9.829166113E+04  1.843319817E+02  3.386979041E+02  2.856733518E+02  2.035843801E+02  6.099417694E-01 
       411  3.734044288E-05  1.140039107E-01  1.062617763E-02  9.736850122E+04  1.941162162E+02  3.381606550E+02  2.847669630E+02  2.084718208E+02  5.694517894E-01 
       412  1.740848712E-03  1.145879687E-01  1.302702968E-02  9.654167558E+04  2.017465325E+02  3.377707106E+02  2.841106673E+02  2.131284318E+02  5.423612680E-01 
       413  3.387617433E-03  1.151172021E-01  1.547343878E-02  9.597167883E+04  2.079020560E+02  3.375693212E+02  2.837719315E+02  2.146214759E+02  5.144568188E-01 
       414  4.957112811E-03  1.157081541E-01  1.796238578E-02  9.542086548E+04  2.151703038E+02  3.371930518E+02  2.831397715E+02  2.177522206E+02  4.859251603E-01 
       415  6.462677552E-03  1.163151534E-01  2.048609031E-02  9.466241943E+04  2.220305772E+02  3.367723761E+02  2.824336262E+02  2.219930425E+02  4.642602643E-01 
       416  7.926557233E-03  1.168909271E-01  2.304605918E-02  9.401120441E+04  2.277069163E+02  3.364727435E+02  2.819310834E+02  2.259317832E+02  4.483057968E-01 
       417  9.338612782E-03  1.175119790E-01  2.562398907E-02  9.367770655E+04  2.327192878E+02  3.362880725E+02  2.816218115E+02  2.286759586E+02  4.326731552E-01 
       418  1.068984297E-02  1.181121478E-01  2.822455248E-02  9.352206714E+04  2.376645242E+02  3.361577245E+02  2.814034024E+02  2.305123746E+02  4.144658304E-01 
       419  1.198650266E-02  1.187330819E-01  3.085849659E-02  9.343012015E+04  2.429589812E+02  3.359823607E+02  2.811102291E+02  2.319447079E+02  3.929388382E-01 
       420  1.322982934E-02  1.193430432E-01  3.352159396E-02  9.334338252E+04  2.469412060E+02  3.359924373E+02  2.811271664E+02  2.324246180E+02  3.755471989E-01 
       421  1.439865389E-02  1.199672983E-01  3.621509854E-02  9.349977440E+04  2.504298078E+02  3.361158720E+02  2.813335816E+02  2.326120402E+02  3.597649870E-01 
       422  1.553995729E-02  1.205631245E-01  3.892438234E-02  9.392867828E+04  2.535448791E+02  3.363512477E+02  2.817276536E+02  2.319346277E+02  3.426145815E-01 
       423  1.662952250E-02  1.211745408E-01  4.165332372E-02  9.449647122E+04  2.564046631E+02  3.366086645E+02  2.821592118E+02  2.311395177E+02  3.264297053E-01 
       424  1.764894372E-02  1.217373945E-01  4.441857664E-02  9.531274762E+04  2.585531450E+02  3.369808939E+02  2.827839720E+02  2.295059090E+02  3.111920239E-01 
       425  1.861873940E-02  1.222791769E-01  4.720617614E-02  9.639671028E+04  2.599439460E+02  3.375051536E+02  2.836642659E+02  2.266834086E+02  2.957897661E-01 
       426  1.950820179E-02  1.228336643E-01  5.001741530E-02  9.752442529E+04  2.611038038E+02  3.380643886E+02  2.846056503E+02  2.236389624E+02  2.811194415E-01 
       427  2.036944420E-02  1.233245632E-01  5.285072558E-02  9.866189731E+04  2.621627665E+02  3.386847920E+02  2.856508734E+02  2.201054179E+02  2.646338799E-01 
       428  2.117157025E-02  1.238295963E-01  5.569831964E-02  9.979135474E+04  2.636591330E+02  3.392230558E+02  2.865595679E+02  2.169998167E+02  2.473823524E-01 
       429  2.190592593E-02  1.242947792E-01  5.857026217E-02  1.007797141E+05  2.655074091E+02  3.396528378E+02  2.872859249E+02  2.146819000E+02  2.306724843E-01 
       430  2.257248913E-02  1.247551336E-01  6.145961794E-02  1.016305195E+05  2.676172762E+02  3.400083151E+02  2.878875589E+02  2.130531034E+02  2.150233239E-01 
       431  2.314781749E-02  1.251835029E-01  6.437124902E-02  1.022978647E+05  2.697557988E+02  3.403342943E+02  2.884396367E+02  2.115356483E+02  1.992182960E-01 
       432  2.363318974E-02  1.255957621E-01  6.730774801E-02  1.028104960E+05  2.723134735E+02  3.405666564E+02  2.888334520E+02  2.103187213E+02  1.818992703E-01 
       433  2.402789138E-02  1.260195069E-01  7.025072331E-02  1.031867368E+05  2.750590229E+02  3.407754784E+02  2.891877613E+02  2.095152855E+02  1.649403004E-01 
       434  2.431727977E-02  1.264030352E-01  7.321094069E-02  1.034199941E+05  2.780022221E+02  3.409281368E+02  2.894469051E+02  2.091097717E+02  1.479184674E-01 
       435  2.453016930E-02  1.268032789E-01  7.617447467E-02  1.034843557E+05  2.811668692E+02  3.409964705E+02  2.895629969E+02  2.093917122E+02  1.322225682E-01 
       436  2.462079541E-02  1.271795605E-01  7.915094878E-02  1.033687886E+05  2.846190839E+02  3.410085707E+02  2.895835292E+02  2.104502301E+02  1.175397002E-01 
       437  2.463902970E-02  1.275610820E-01  8.212637731E-02  1.028660166E+05  2.889111466E+02  3.407707796E+02  2.891799417E+02  2.127495170E+02  1.027174109E-01 
       438  2.457492051E-02  1.279220853E-01  8.510260082E-02  1.020519721E+05  2.934650053E+02  3.403696291E+02  2.884995425E+02  2.167204789E+02  9.317543324E-02 
       439  2.441429013E-02  1.282749863E-01  8.807550525E-02  1.007339313E+05  2.975587509E+02  3.397451178E+02  2.874416179E+02  2.214387239E+02  8.958011747E-02 
       440  2.420234297E-02  1.286273229E-01  9.105186832E-02  9.987944922E+04  2.983538232E+02  3.393740605E+02  2.868141465E+02  2.257015229E+02  1.044496724E-01 
       441  2.388558350E-02  1.289647853E-01  9.401845916E-02  9.988601468E+04  2.965399352E+02  3.393808368E+02  2.868254939E+02  2.254110147E+02  1.158491861E-01 
       442  2.351928731E-02  1.293134864E-01  9.696958543E-02  1.003998786E+05  2.939370248E+02  3.396400715E+02  2.872638035E+02  2.241050722E+02  1.279843866E-01 
       443  2.306449285E-02  1.296327241E-01  9.991680403E-02  1.010898928E+05  2.917170715E+02  3.399313478E+02  2.877567463E+02  2.218683071E+02  1.338688335E-01 
       444  2.257188759E-02  1.299515661E-01  1.028605699E-01  1.019379067E+05  2.893971224E+02  3.403204098E+02  2.884158058E+02  2.192030563E+02  1.387011595E-01 
       445  2.201092100E-02  1.302726916E-01  1.057899135E-01  1.028919730E+05  2.869850125E+02  3.407633947E+02  2.891671499E+02  2.162054982E+02  1.429831595E-01 
       446  2.143382683E-02  1.305960230E-01  1.087107054E-01  1.039364764E+05  2.838556095E+02  3.413474560E+02  2.901593416E+02  2.126905956E+02  1.498428594E-01 
       447  2.076802587E-02  1.309307408E-01  1.116221513E-01  1.049789595E+05  2.813055344E+02  3.419063950E+02  2.911105194E+02  2.080177784E+02  1.490020286E-01 
       448  2.010215597E-02  1.312657467E-01  1.145293522E-01  1.057854546E+05  2.792002220E+02  3.424376402E+02  2.920156698E+02  2.037521429E+02  1.473338767E-01 
       449  1.945135245E-02  1.316056955E-01  1.174374795E-01  1.064524600E+05  2.777677441E+02  3.428957152E+02  2.927973495E+02  2.012416604E+02  1.485570774E-01 
       450  1.885387307E-02  1.319548677E-01  1.203553293E-01  1.069348148E+05  2.770183759E+02  3.431600540E+02  2.932489922E+02  1.996397789E+02  1.491982535E-01 
       451  1.837479322E-02  1.322913677E-01  1.233018373E-01  1.073451069E+05  2.761657963E+02  3.433728514E+02  2.936129723E+02  1.984406700E+02  1.521548675E-01 
       452  1.811263581E-02  1.325954541E-01  1.262715907E-01  1.076056157E+05  2.754953499E+02  3.435143909E+02  2.938551979E+02  1.977761497E+02  1.559809078E-01 
       453  1.805653049E-02  1.328847135E-01  1.292554963E-01  1.077042805E+05  2.752441120E+02  3.435716310E+02  2.939531207E+02  1.976799521E+02  1.594377283E-01 
       454  1.819877737E-02  1.331672438E-01  1.322380588E-01  1.076727698E+05  2.754544463E+02  3.435644866E+02  2.939408661E+02  1.985042413E+02  1.634575149E-01 
       455  1.852494771E-02  1.334510277E-01  1.352129826E-01  1.075302496E+05  2.762985333E+02  3.434563210E+02  2.937557724E+02  2.005384729E+02  1.681499289E-01 
       456  1.890761882E-02  1.337081709E-01  1.381756048E-01  1.072992952E+05  2.770812349E+02  3.433555293E+02  2.935831733E+02  2.026484740E+02  1.732779256E-01 
       457  1.937808835E-02  1.339540030E-01  1.411279949E-01  1.070271324E+05  2.776058490E+02  3.432940645E+02  2.934780459E+02  2.046568727E+02  1.795625510E-01 
       458  1.989552602E-02  1.341916383E-01  1.440726902E-01  1.067178456E+05  2.783937416E+02  3.431800032E+02  2.932830014E+02  2.063425431E+02  1.830400215E-01 
       459  2.048114376E-02  1.344526817E-01  1.469999956E-01  1.063008374E+05  2.794008293E+02  3.430213718E+02  2.930144014E+02  2.084742813E+02  1.864104727E-01 
       460 -4.772920012E-02  1.664853148E-01 -4.258181757E-02  8.250044958E+04  1.816838872E+02  3.302686918E+02  2.716300084E+02  3.432242216E+02  1.012918683E+00 
       461 -4.770031945E-02  1.666117663E-01 -3.916302660E-02  8.230836200E+04  1.809483320E+02  3.302415197E+02  2.715854737E+02  3.427278266E+02  1.014613129E+00 
       462 -4.768621633E-02  1.667606858E-01 -3.574527808E-02  8.196622095E+04  1.829790196E+02  3.298977199E+02  2.710206728E+02  3.445924439E+02  1.011132292E+00 
       463 -4.773671611E-02  1.669008759E-01 -3.232563070E-02  8.148722314E+04  1.849705005E+02  3.295653257E+02  2.704749126E+02  3.471333714E+02  1.009028286E+00 
       464 -4.779814392E-02  1.670685917E-01 -2.890641835E-02  8.091711011E+04  1.859916821E+02  3.293170576E+02  2.700674057E+02  3.483183174E+02  1.007698268E+00 
       465 -4.772832030E-02  1.672854950E-01 -2.549705171E-02  8.022541516E+04  1.884672730E+02  3.288762817E+02  2.693449707E+02  3.507565370E+02  1.003920406E+00 
       466 -4.733274936E-02  1.676197526E-01 -2.211766833E-02  7.956792139E+04  1.914260585E+02  3.284416494E+02  2.686337137E+02  3.532174244E+02  9.988566656E-01 
       467 -4.646629434E-02  1.680852894E-01 -1.884685997E-02  7.932821985E+04  1.954065013E+02  3.281170647E+02  2.681034541E+02  3.550048141E+02  9.916103547E-01 
       468 -4.497458874E-02  1.687177674E-01 -1.583913045E-02  8.091017358E+04  1.947193718E+02  3.289395046E+02  2.694517822E+02  3.514139099E+02  9.920998719E-01 
       469 -4.311049959E-02  1.694263862E-01 -1.306511329E-02  8.403530835E+04  1.902713947E+02  3.306053753E+02  2.721881795E+02  3.431176186E+02  9.944396168E-01 
       470 -4.101650432E-02  1.701661907E-01 -1.047820325E-02  8.680727588E+04  1.841772842E+02  3.321460323E+02  2.747294140E+02  3.363873196E+02  1.005014107E+00 
       471 -3.872443978E-02  1.709287414E-01 -8.043812788E-03  8.715727759E+04  1.803242564E+02  3.323761449E+02  2.751097152E+02  3.327481356E+02  1.010396567E+00 
       472 -3.634257562E-02  1.716543837E-01 -5.706210795E-03  8.510737598E+04  1.809987001E+02  3.313350964E+02  2.733903828E+02  3.407570248E+02  1.018892273E+00 
       473 -3.384972842E-02  1.724025179E-01 -3.469956820E-03  8.128197437E+04  1.884506307E+02  3.291493955E+02  2.697980087E+02  3.509731562E+02  1.009772860E+00 
       474 -3.133060076E-02  1.731099844E-01 -1.271304633E-03  7.688450479E+04  1.978543507E+02  3.267051890E+02  2.658057230E+02  3.630643873E+02  9.992963434E-01 
       475 -2.873453975E-02  1.737912906E-01  8.535856133E-04  7.347438867E+04  2.073118806E+02  3.245684156E+02  2.623415279E+02  3.729363050E+02  9.856353737E-01 
       476 -2.611690126E-02  1.744247281E-01  2.958268427E-03  7.103575403E+04  2.139326978E+02  3.230846958E+02  2.599487362E+02  3.792829876E+02  9.753467552E-01 
       477 -2.348835128E-02  1.750433393E-01  5.058280838E-03  6.977854544E+04  2.168033746E+02  3.224720961E+02  2.589607819E+02  3.830579664E+02  9.728531241E-01 
       478 -2.083113736E-02  1.756162102E-01  7.133742148E-03  6.955880835E+04  2.202040291E+02  3.220645924E+02  2.583096447E+02  3.843079767E+02  9.643935151E-01 
       479 -1.816607045E-02  1.761555279E-01  9.209141426E-03  6.990363135E+04  2.209473972E+02  3.225146790E+02  2.590322723E+02  3.823770294E+02  9.578229673E-01 
       480 -1.549262448E-02  1.766467189E-01  1.128626304E-02  7.241187866E+04  2.214447126E+02  3.240868244E+02  2.615681629E+02  3.779451780E+02  9.466988519E-01 
       481 -1.281959455E-02  1.771087169E-01  1.337222607E-02  8.219720514E+04  2.146562819E+02  3.299969304E+02  2.712064712E+02  3.486046777E+02  9.141525496E-01 
       482 -1.015361520E-02  1.775059034E-01  1.547159933E-02  9.777788571E+04  2.068208762E+02  3.382868261E+02  2.849832124E+02  3.068027463E+02  8.766138074E-01 
       483 -7.491200012E-03  1.778633735E-01  1.757589553E-02  9.480949634E+04  2.214591289E+02  3.368918657E+02  2.826426344E+02  3.116054134E+02  8.326457515E-01 
       484 -4.837064878E-03  1.782590199E-01  1.971143984E-02  8.939114307E+04  2.274417772E+02  3.343597231E+02  2.784060535E+02  3.274094210E+02  8.370614126E-01 
       485 -2.188499166E-03  1.785530451E-01  2.185094162E-02  8.850815546E+04  2.306224146E+02  3.338319725E+02  2.775248376E+02  3.339824506E+02  8.375197605E-01 
       486  4.329096806E-04  1.787998193E-01  2.404680664E-02  8.885290234E+04  2.358084660E+02  3.335272026E+02  2.770178947E+02  3.369942627E+02  8.243409693E-01 
       487  3.027224691E-03  1.790317150E-01  2.627094405E-02  8.909623828E+04  2.375099828E+02  3.337619922E+02  2.774077904E+02  3.375354743E+02  8.184839673E-01 
       488  5.626976121E-03  1.792222402E-01  2.847807669E-02  8.993850293E+04  2.393226292E+02  3.342681127E+02  2.782501371E+02  3.365815279E+02  8.103040587E-01 
       489  8.191038637E-03  1.793338257E-01  3.074695743E-02  9.177428809E+04  2.397250855E+02  3.353638105E+02  2.800786941E+02  3.303027611E+02  7.984993691E-01 
       490  1.074058355E-02  1.794129340E-01  3.303046409E-02  9.492228497E+04  2.399688776E+02  3.369546914E+02  2.827433420E+02  3.211489620E+02  7.829720660E-01 
       491  1.325979491E-02  1.793970135E-01  3.532576038E-02  9.923004041E+04  2.393521876E+02  3.389258232E+02  2.860629659E+02  3.103499873E+02  7.689878494E-01 
       492  1.577166567E-02  1.793535417E-01  3.765132951E-02  1.033854949E+05  2.376842766E+02  3.408130984E+02  2.892553172E+02  3.000364861E+02  7.604081389E-01 
       493  1.825553626E-02  1.792503646E-01  4.000403552E-02  1.062646777E+05  2.366667509E+02  3.421468210E+02  2.915213251E+02  2.917440619E+02  7.529975334E-01 
       494  2.071273564E-02  1.790845686E-01  4.238164633E-02  1.083114401E+05  2.357010629E+02  3.431762671E+02  2.932780204E+02  2.870009762E+02  7.506454831E-01 
       495  2.315348782E-02  1.789033294E-01  4.476881837E-02  1.105781743E+05  2.338427961E+02  3.442358766E+02  2.950921345E+02  2.832199202E+02  7.530629234E-01 
       496  2.554611962E-02  1.786610662E-01  4.720294885E-02  1.128715132E+05  2.320552998E+02  3.452188187E+02  2.967798414E+02  2.765430622E+02  7.523627616E-01 
       497  2.790553153E-02  1.783591187E-01  4.966367300E-02  1.144429106E+05  2.310053825E+02  3.459454689E+02  2.980296965E+02  2.691738644E+02  7.483067699E-01 
       498  3.023553076E-02  1.780531658E-01  5.215009418E-02  1.153863545E+05  2.306224318E+02  3.464783573E+02  2.989485459E+02  2.659911163E+02  7.465927741E-01 
       499  3.255140683E-02  1.777481834E-01  5.464573084E-02  1.162569213E+05  2.311051816E+02  3.468320889E+02  2.995594776E+02  2.641836084E+02  7.434861111E-01 
       500  3.480321611E-02  1.773622653E-01  5.719033452E-02  1.171405377E+05  2.310869135E+02  3.471719222E+02  3.001464839E+02  2.605568979E+02  7.402218636E-01 
       501  3.704366447E-02  1.769956776E-01  5.978074099E-02  1.178862052E+05  2.307067862E+02  3.475319266E+02  3.007690403E+02  2.594974787E+02  7.406999189E-01 
       502  3.923116288E-02  1.766153691E-01  6.237867612E-02  1.184637585E+05  2.310974526E+02  3.477653637E+02  3.011731243E+02  2.586340580E+02  7.384665180E-01 
       503  4.136429871E-02  1.761773997E-01  6.501205622E-02  1.189187021E+05  2.319063302E+02  3.478856069E+02  3.013813812E+02  2.560598204E+02  7.331166791E-01 
       504  4.348069858E-02  1.757484529E-01  6.766046190E-02  1.192314253E+05  2.320146046E+02  3.480331297E+02  3.016370344E+02  2.548572874E+02  7.318529431E-01 
       505  4.554226392E-02  1.753162813E-01  7.034950997E-02  1.193713350E+05  2.323692951E+02  3.481331253E+02  3.018102818E+02  2.550780468E+02  7.309719305E-01 
       506  4.756665315E-02  1.748560179E-01  7.306168772E-02  1.193694859E+05  2.330746732E+02  3.481861129E+02  3.019021463E+02  2.551052059E+02  7.284041243E-01 
       507  4.956604909E-02  1.743615796E-01  7.580968578E-02  1.192645923E+05  2.337344149E+02  3.481945578E+02  3.019166556E+02  2.550945227E+02  7.260398723E-01 
       508  5.152654947E-02  1.738670862E-01  7.855886540E-02  1.191741106E+05  2.338392824E+02  3.482163723E+02  3.019545254E+02  2.552389677E+02  7.260772041E-01 
       509  5.347325952E-02  1.733659220E-01  8.131742073E-02  1.192201397E+05  2.341257597E+02  3.481753155E+02  3.018833441E+02  2.557639885E+02  7.257584479E-01 
       510  5.541917190E-02  1.728212690E-01  8.412523757E-02  1.192816092E+05  2.338623815E+02  3.481346166E+02  3.018128003E+02  2.555858251E+02  7.268950735E-01 
       511  5.731737707E-02  1.722438844E-01  8.698058411E-02  1.196866090E+05  2.340866050E+02  3.482609837E+02  3.020319912E+02  2.544162629E+02  7.250775099E-01 
       512  5.917186437E-02  1.716911252E-01  8.979478553E-02  1.198501976E+05  2.347454706E+02  3.483387890E+02  3.021671613E+02  2.541099329E+02  7.224287371E-01 
       513  6.096387184E-02  1.711643945E-01  9.255110888E-02  1.198027733E+05  2.356478323E+02  3.483471631E+02  3.021817652E+02  2.544463122E+02  7.193651458E-01 
       514  6.270700241E-02  1.705757992E-01  9.544380808E-02  1.196482759E+05  2.364931784E+02  3.483072658E+02  3.021123786E+02  2.545726438E+02  7.161808815E-01 
       515  6.442263795E-02  1.699823167E-01  9.834544530E-02  1.194544799E+05  2.374531287E+02  3.482051303E+02  3.019352842E+02  2.549948160E+02  7.128607503E-01 
       516  6.612271722E-02  1.694054111E-01  1.012510921E-01  1.192454979E+05  2.381577816E+02  3.481111677E+02  3.017722661E+02  2.555081007E+02  7.109257011E-01 
       517  6.776083839E-02  1.688452726E-01  1.042003507E-01  1.190800908E+05  2.386207310E+02  3.480406170E+02  3.016498867E+02  2.559986688E+02  7.099934665E-01 
       518  6.936215302E-02  1.682812898E-01  1.071729988E-01  1.188743204E+05  2.391844150E+02  3.479516110E+02  3.014956342E+02  2.567346950E+02  7.088198687E-01 
       519  7.082677073E-02  1.677321085E-01  1.102128146E-01  1.186962975E+05  2.397432305E+02  3.479086766E+02  3.014213657E+02  2.577601871E+02  7.078991365E-01 
       520  7.220712168E-02  1.672497044E-01  1.133584680E-01  1.185755922E+05  2.404216166E+02  3.479053652E+02  3.014158401E+02  2.587164299E+02  7.066475030E-01 
       521  7.342602904E-02  1.668557431E-01  1.165154693E-01  1.184823058E+05  2.407720250E+02  3.480014956E+02  3.015828302E+02  2.584615667E+02  7.056370457E-01 
       522  7.439926912E-02  1.665467988E-01  1.197652411E-01  1.184630349E+05  2.407290018E+02  3.482057328E+02  3.019368052E+02  2.574816551E+02  7.053157017E-01 
       523  7.498839543E-02  1.664581038E-01  1.231239650E-01  1.183327314E+05  2.406653309E+02  3.483842278E+02  3.022458801E+02  2.558574066E+02  7.042515948E-01 
       524  7.530423640E-02  1.665023734E-01  1.265249777E-01  1.182249197E+05  2.404909420E+02  3.484806929E+02  3.024134059E+02  2.556573234E+02  7.053665575E-01 
       525  7.543612494E-02  1.666233331E-01  1.299370256E-01  1.180979082E+05  2.417573490E+02  3.482962933E+02  3.020937901E+02  2.589711952E+02  7.043884732E-01 
       526  7.553122174E-02  1.667952118E-01  1.333496155E-01  1.179527119E+05  2.440822535E+02  3.479008517E+02  3.014084048E+02  2.625126672E+02  6.999524115E-01 
       527  7.566054780E-02  1.669469890E-01  1.367626796E-01  1.178757539E+05  2.439998016E+02  3.480014763E+02  3.015823975E+02  2.591381178E+02  6.967995912E-01 
       528  7.583993244E-02  1.671002891E-01  1.401745263E-01  1.177967243E+05  2.438839927E+02  3.482857337E+02  3.020759014E+02  2.596629162E+02  6.985404836E-01 
       529  7.600645069E-02  1.672586086E-01  1.435869327E-01  1.177411730E+05  2.440199525E+02  3.487607613E+02  3.029037731E+02  2.587462025E+02  6.994043700E-01 
       530  7.611546960E-02  1.674572299E-01  1.470000031E-01  1.178628373E+05  2.379874537E+02  3.500291157E+02  3.052135482E+02  2.476606867E+02  7.158132177E-01 
       531 -5.220359409E-02  2.342994603E-01 -4.210986580E-02  8.181058167E+04  1.819632850E+02  3.297628907E+02  2.708720682E+02  4.442904896E+02  1.148848920E+00 
       532 -5.220192467E-02  2.343108577E-01 -3.821952920E-02  8.073882248E+04  1.853887480E+02  3.291937082E+02  2.698653023E+02  4.465802712E+02  1.142789452E+00 
       533 -5.220302368E-02  2.343278434E-01 -3.432921672E-02  8.052920490E+04  1.868399498E+02  3.290622391E+02  2.696494774E+02  4.470232016E+02  1.139688442E+00 
       534 -5.220531674E-02  2.343446645E-01 -3.043898101E-02  8.165943044E+04  1.836303965E+02  3.298106568E+02  2.708796730E+02  4.439482726E+02  1.144550013E+00 
       535 -5.220735409E-02  2.343651870E-01 -2.654892396E-02  8.367133789E+04  1.777297344E+02  3.311021805E+02  2.730054512E+02  4.393759804E+02  1.154648177E+00 
       536 -5.221355576E-02  2.343966826E-01 -2.266385481E-02  8.534213956E+04  1.737058291E+02  3.319758234E+02  2.744460688E+02  4.357126228E+02  1.161130957E+00 
       537 -5.221196162E-02  2.344309954E-01 -1.877454498E-02  8.566431407E+04  1.727876969E+02  3.319651514E+02  2.744284892E+02  4.352690704E+02  1.162957321E+00 
       538 -5.222596507E-02  2.344687402E-01 -1.488167101E-02  8.427215771E+04  1.758367765E+02  3.310463485E+02  2.729129286E+02  4.392093123E+02  1.159407596E+00 
       539 -5.222923531E-02  2.345160018E-01 -1.099302079E-02  8.161981024E+04  1.816048214E+02  3.295910378E+02  2.705203215E+02  4.470365932E+02  1.154062428E+00 
       540 -5.210275326E-02  2.345957540E-01 -7.104134264E-03  7.912339209E+04  1.888868088E+02  3.282785233E+02  2.683687916E+02  4.481748277E+02  1.138513793E+00 
       541 -5.114101036E-02  2.348545508E-01 -3.375994418E-03  7.859712517E+04  1.922214433E+02  3.279775973E+02  2.678766969E+02  4.499599020E+02  1.133298263E+00 
       542 -4.917766965E-02  2.353023755E-01 -5.047413344E-05  7.992584302E+04  1.900136204E+02  3.286327972E+02  2.689484644E+02  4.525529718E+02  1.142333765E+00 
       543 -4.661414278E-02  2.358651253E-01  2.823323178E-03  8.142173999E+04  1.866669178E+02  3.295676270E+02  2.704802451E+02  4.478941278E+02  1.146154413E+00 
       544 -4.374488282E-02  2.364440537E-01  5.350106892E-03  8.418332196E+04  1.792685380E+02  3.313068304E+02  2.733422842E+02  4.397469306E+02  1.154556430E+00 
       545 -4.059796688E-02  2.370222596E-01  7.583171126E-03  8.814603711E+04  1.658086790E+02  3.335620377E+02  2.770772672E+02  4.290528913E+02  1.177828474E+00 
       546 -3.738701819E-02  2.375676250E-01  9.702642239E-03  8.706565710E+04  1.675881675E+02  3.329991934E+02  2.761429775E+02  4.330417852E+02  1.174788881E+00 
       547 -3.407522408E-02  2.380263225E-01  1.169481074E-02  8.204370447E+04  1.828538291E+02  3.302435250E+02  2.715941319E+02  4.437071056E+02  1.147420675E+00 
       548 -3.073065008E-02  2.384984497E-01  1.361793802E-02  8.009086841E+04  1.893244783E+02  3.290966854E+02  2.697071226E+02  4.473914936E+02  1.135211783E+00 
       549 -2.732884007E-02  2.388770261E-01  1.546643341E-02  8.146985205E+04  1.866060612E+02  3.297978969E+02  2.708581505E+02  4.440203066E+02  1.138179477E+00 
       550 -2.390908864E-02  2.392176502E-01  1.728468609E-02  8.204734825E+04  1.851792222E+02  3.300366772E+02  2.712499160E+02  4.403985444E+02  1.138227014E+00 
       551 -2.044822495E-02  2.394794424E-01  1.908927170E-02  8.131285242E+04  1.870060915E+02  3.296028621E+02  2.705371336E+02  4.450520599E+02  1.138811722E+00 
       552 -1.699643969E-02  2.397114515E-01  2.086461287E-02  8.082017627E+04  1.868305972E+02  3.294559751E+02  2.702965460E+02  4.445292816E+02  1.138956457E+00 
       553 -1.354033893E-02  2.398615604E-01  2.263394957E-02  8.079664160E+04  1.881405869E+02  3.293292561E+02  2.700902367E+02  4.450753880E+02  1.137064002E+00 
       554 -1.007792796E-02  2.399171479E-01  2.439846914E-02  8.109498767E+04  1.868067148E+02  3.295750580E+02  2.704931402E+02  4.435746455E+02  1.140590638E+00 
       555 -6.592279415E-03  2.399646350E-01  2.619220728E-02  8.059231909E+04  1.871137972E+02  3.293448372E+02  2.701153154E+02  4.442991543E+02  1.141595412E+00 
       556 -3.124907716E-03  2.398994093E-01  2.794309000E-02  7.967876318E+04  1.886489382E+02  3.288240528E+02  2.692604065E+02  4.474440975E+02  1.142127745E+00 
       557  3.338943067E-04  2.398017910E-01  2.968583889E-02  1.043995458E+05  2.111100536E+02  3.415595627E+02  2.905333718E+02  3.939133284E+02  1.039828857E+00 
       558  3.794068913E-03  2.396169640E-01  3.144821874E-02  1.003390408E+05  2.134142017E+02  3.399340005E+02  2.877683115E+02  4.014174328E+02  1.040914197E+00 
       559  7.248441593E-03  2.393064044E-01  3.320284907E-02  9.554824609E+04  2.112602091E+02  3.380773964E+02  2.846319647E+02  4.090221062E+02  1.054734435E+00 
       560  1.068879679E-02  2.389885178E-01  3.498866898E-02  9.246893774E+04  2.176176229E+02  3.359471140E+02  2.810582333E+02  4.218088446E+02  1.049241446E+00 
       561  1.412543948E-02  2.386075767E-01  3.676435012E-02  8.979546338E+04  2.166938806E+02  3.347509403E+02  2.790569382E+02  4.240706882E+02  1.051560815E+00 
       562  1.753589177E-02  2.380598424E-01  3.855175648E-02  8.882864209E+04  2.168641224E+02  3.344414005E+02  2.785411892E+02  4.237390289E+02  1.051733032E+00 
       563  2.093820079E-02  2.375000001E-01  4.035454522E-02  9.169111572E+04  2.151366882E+02  3.362896442E+02  2.816324062E+02  4.182532024E+02  1.051657811E+00 
       564  2.432947450E-02  2.368878370E-01  4.215773147E-02  1.033648782E+05  2.074161896E+02  3.421815308E+02  2.916176284E+02  3.939952326E+02  1.057459703E+00 
       565  2.770729830E-02  2.361795572E-01  4.394886350E-02  1.241456499E+05  1.979868474E+02  3.508232560E+02  3.065267272E+02  3.530176406E+02  1.068383254E+00 
       566  3.105826597E-02  2.354459967E-01  4.578622705E-02  1.317128942E+05  1.996439180E+02  3.532756863E+02  3.107959390E+02  3.406623154E+02  1.059262031E+00 
       567  3.438758923E-02  2.346372217E-01  4.762879820E-02  1.244257959E+05  2.017632735E+02  3.507519571E+02  3.063736846E+02  3.525387743E+02  1.051709058E+00 
       568  3.771502906E-02  2.337669833E-01  4.947240569E-02  1.175749751E+05  2.020333900E+02  3.485471029E+02  3.025298505E+02  3.627860498E+02  1.051570949E+00 
       569  4.101460083E-02  2.329246351E-01  5.135281935E-02  1.183873704E+05  2.021411908E+02  3.489132862E+02  3.031658525E+02  3.595886889E+02  1.048431525E+00 
       570  4.428347740E-02  2.319960665E-01  5.324515281E-02  1.228252547E+05  2.035385599E+02  3.502632720E+02  3.055159271E+02  3.514940577E+02  1.042712261E+00 
       571  4.749748393E-02  2.310181580E-01  5.520824782E-02  1.248618582E+05  2.035486760E+02  3.510889502E+02  3.069575505E+02  3.467082524E+02  1.041801492E+00 
       572  5.066691057E-02  2.300652086E-01  5.723980181E-02  1.248170251E+05  2.046664989E+02  3.513611162E+02  3.074336873E+02  3.447956545E+02  1.036917974E+00 
       573  5.379140778E-02  2.290521307E-01  5.932353399E-02  1.248407892E+05  2.082524821E+02  3.514394419E+02  3.075706218E+02  3.435953909E+02  1.026160513E+00 
       574  5.683956615E-02  2.279793322E-01  6.149869556E-02  1.253509619E+05  2.118196907E+02  3.516190090E+02  3.078849840E+02  3.416317158E+02  1.015333522E+00 
       575  5.985072913E-02  2.269370111E-01  6.373374277E-02  1.257010625E+05  2.137989683E+02  3.517899189E+02  3.081843510E+02  3.390873852E+02  1.007878527E+00 
       576  6.280959972E-02  2.258492183E-01  6.601505396E-02  1.254087128E+05  2.174591088E+02  3.515655404E+02  3.077910467E+02  3.365999105E+02  9.949492942E-01 
       577  6.573461678E-02  2.247295145E-01  6.832363097E-02  1.247671376E+05  2.218082585E+02  3.512041225E+02  3.071584525E+02  3.379597859E+02  9.829477714E-01 
       578  6.865501872E-02  2.236625994E-01  7.064894084E-02  1.239671331E+05  2.261029371E+02  3.508437091E+02  3.065285380E+02  3.469276932E+02  9.733080682E-01 
       579  7.151541969E-02  2.224865137E-01  7.302188293E-02  1.222668213E+05  2.283255434E+02  3.505019636E+02  3.059322805E+02  3.536056166E+02  9.674566071E-01 
       580  7.433322259E-02  2.213060150E-01  7.543149031E-02  1.209539001E+05  2.301162987E+02  3.501644497E+02  3.053450346E+02  3.524486790E+02  9.593587760E-01 
       581  7.711325138E-02  2.201536844E-01  7.789825066E-02  1.225014122E+05  2.324233098E+02  3.509580944E+02  3.067298079E+02  3.428550122E+02  9.455365180E-01 
       582  7.981655167E-02  2.189959972E-01  8.044372180E-02  1.227735917E+05  2.360456467E+02  3.515898118E+02  3.078366213E+02  3.399752245E+02  9.320920594E-01 
       583  8.242371870E-02  2.177951216E-01  8.306797326E-02  1.224161553E+05  2.382025890E+02  3.518227901E+02  3.082474232E+02  3.395906658E+02  9.236215577E-01 
       584  8.497819178E-02  2.166305248E-01  8.576177505E-02  1.221086617E+05  2.400002484E+02  3.514636488E+02  3.076165946E+02  3.400674418E+02  9.168246503E-01 
       585  8.747465708E-02  2.155008942E-01  8.852176985E-02  1.220274883E+05  2.366727757E+02  3.513782110E+02  3.074665508E+02  3.398528008E+02  9.258332774E-01 
       586  8.983863293E-02  2.143275504E-01  9.137087988E-02  1.221371685E+05  2.333533926E+02  3.510973716E+02  3.069739604E+02  3.386993790E+02  9.345542379E-01 
       587  9.211779941E-02  2.131724912E-01  9.430579148E-02  1.223350942E+05  2.304270439E+02  3.509220897E+02  3.066662426E+02  3.386599125E+02  9.427746001E-01 
       588  9.424446159E-02  2.121023496E-01  9.738772987E-02  1.226139362E+05  2.267506170E+02  3.509735801E+02  3.067561906E+02  3.397456067E+02  9.540158055E-01 
       589  9.610967173E-02  2.111612431E-01  1.006666829E-01  1.228150948E+05  2.218785108E+02  3.510714250E+02  3.069273740E+02  3.407719559E+02  9.685438877E-01 
       590  9.742401869E-02  2.103903297E-01  1.042235364E-01  1.228814864E+05  2.181726059E+02  3.509700994E+02  3.067507220E+02  3.413011486E+02  9.792087951E-01 
       591  9.764724840E-02  2.101688920E-01  1.080985861E-01  1.229006975E+05  2.176909678E+02  3.508007574E+02  3.064553499E+02  3.415529771E+02  9.806629382E-01 
       592  9.763062643E-02  2.101108570E-01  1.119846410E-01  1.228069207E+05  2.196930028E+02  3.508492509E+02  3.065420352E+02  3.395023528E+02  9.744855950E-01 
       593  9.759894170E-02  2.100363093E-01  1.158782398E-01  1.226156976E+05  2.211617844E+02  3.517272973E+02  3.080812709E+02  3.380606129E+02  9.698298704E-01 
       594  9.760335841E-02  2.100041055E-01  1.197683889E-01  1.225311532E+05  2.221357176E+02  3.530348945E+02  3.103776811E+02  3.310459828E+02  9.660207869E-01 
       595  9.760552297E-02  2.099886023E-01  1.236588659E-01  1.224969981E+05  2.232866099E+02  3.542692594E+02  3.125490179E+02  3.164933016E+02  9.630957503E-01 
       596  9.760989540E-02  2.100145164E-01  1.275491461E-01  1.226702350E+05  2.253528784E+02  3.550626838E+02  3.139480402E+02  3.021744602E+02  9.586520012E-01 
       597  9.760550437E-02  2.100148949E-01  1.314412195E-01  1.227819492E+05  2.271511259E+02  3.555170479E+02  3.147528305E+02  3.002344770E+02  9.525592327E-01 
       598  9.762031038E-02  2.101034915E-01  1.353312483E-01  1.228978028E+05  2.286936182E+02  3.556514926E+02  3.149957967E+02  3.099241537E+02  9.450647403E-01 
       599  9.762506170E-02  2.101609083E-01  1.392228176E-01  1.230224440E+05  2.284283179E+02  3.552928386E+02  3.143662459E+02  3.184512557E+02  9.453124171E-01 
       600  9.764671237E-02  2.102092269E-01  1.431110049E-01  1.231309260E+05  2.251251278E+02  3.544948645E+02  3.129576373E+02  3.241305802E+02  9.561007479E-01 
       601  9.766256924E-02  2.102587391E-01  1.469999989E-01  1.231461504E+05  2.213744469E+02  3.539234514E+02  3.116636219E+02  3.300851908E+02  9.681988209E-01 
