nodenumber     x-coordinate     y-coordinate     z-coordinate         pressure velocity-magnitude      sound-speed      temperature rel-velocity-magnitude relative-velocity-angle 
         1 -2.216901913E-02  1.039879580E-01 -4.300600202E-02  8.756917398E+04  1.536375937E+02  3.330810952E+02  2.762758100E+02  2.354321234E+02  8.599318617E-01 
         2 -2.197401757E-02  1.042260031E-01 -4.002397295E-02  8.747320450E+04  1.545802496E+02  3.329962527E+02  2.761350938E+02  2.365989997E+02  8.590803035E-01 
         3 -2.150271627E-02  1.045375264E-01 -3.708169353E-02  8.735537592E+04  1.550932164E+02  3.329384637E+02  2.760392942E+02  2.369921407E+02  8.579624933E-01 
         4 -2.072290556E-02  1.049359494E-01 -3.421635317E-02  8.722056787E+04  1.556604857E+02  3.328893323E+02  2.759578414E+02  2.374813757E+02  8.569358988E-01 
         5 -1.964621854E-02  1.053757771E-01 -3.145501365E-02  8.710649194E+04  1.562405181E+02  3.328364582E+02  2.758701935E+02  2.383984146E+02  8.575030603E-01 
         6 -1.833909717E-02  1.058829391E-01 -2.880182754E-02  8.696566064E+04  1.572399101E+02  3.327388935E+02  2.757085509E+02  2.395873051E+02  8.566536028E-01 
         7 -1.686396899E-02  1.064019756E-01 -2.624136390E-02  8.679289429E+04  1.580392509E+02  3.326495628E+02  2.755605164E+02  2.403394976E+02  8.553651683E-01 
         8 -1.524276490E-02  1.069101094E-01 -2.376908005E-02  8.654007153E+04  1.589779127E+02  3.325237541E+02  2.753520904E+02  2.414123445E+02  8.545356635E-01 
         9 -1.353040875E-02  1.074492491E-01 -2.136449246E-02  8.633927661E+04  1.601731412E+02  3.324120836E+02  2.751671162E+02  2.426668177E+02  8.530060872E-01 
        10 -1.175719847E-02  1.079385502E-01 -1.899452623E-02  8.617482666E+04  1.615883678E+02  3.322983849E+02  2.749789500E+02  2.441599858E+02  8.511520205E-01 
        11 -9.920451205E-03  1.084473482E-01 -1.667649769E-02  8.607829453E+04  1.627690014E+02  3.322490542E+02  2.748973248E+02  2.449342259E+02  8.480390059E-01 
        12 -8.053093039E-03  1.089314126E-01 -1.437870322E-02  8.621285645E+04  1.630778624E+02  3.323556985E+02  2.750737536E+02  2.444424764E+02  8.451609886E-01 
        13 -6.139911673E-03  1.093816015E-01 -1.211111235E-02  8.672162378E+04  1.625020547E+02  3.326175737E+02  2.755074606E+02  2.430675683E+02  8.441096675E-01 
        14 -4.213714023E-03  1.098625599E-01 -9.853315987E-03  8.757726221E+04  1.602535372E+02  3.330795193E+02  2.762733727E+02  2.403129272E+02  8.475151211E-01 
        15 -2.267252226E-03  1.102821410E-01 -7.616721013E-03  8.855866895E+04  1.565856018E+02  3.335639076E+02  2.770776329E+02  2.372838688E+02  8.580101654E-01 
        16 -3.058463972E-04  1.106716081E-01 -5.380345181E-03  8.944618311E+04  1.499322944E+02  3.340234842E+02  2.778417082E+02  2.340718966E+02  8.846000265E-01 
        17  1.649896870E-03  1.110991589E-01 -3.144821902E-03  8.724390918E+04  1.463895549E+02  3.328766718E+02  2.759391961E+02  2.432371831E+02  9.364652764E-01 
        18  3.605378217E-03  1.114680886E-01 -8.997268064E-04  7.566512329E+04  1.769765213E+02  3.260670929E+02  2.647651110E+02  2.866106081E+02  9.354142323E-01 
        19  5.548952344E-03  1.118349081E-01  1.356589372E-03  6.989552240E+04  2.120855550E+02  3.225780804E+02  2.591307216E+02  3.117329707E+02  8.486099453E-01 
        20  7.472030685E-03  1.121892539E-01  3.633809071E-03  7.290342354E+04  2.098462020E+02  3.249324319E+02  2.629288390E+02  2.939753572E+02  7.861065893E-01 
        21  9.366594022E-03  1.125505666E-01  5.932977735E-03  7.660187933E+04  2.071373399E+02  3.271007226E+02  2.664472158E+02  2.826164756E+02  7.559473589E-01 
        22  1.122147558E-02  1.129077905E-01  8.263617067E-03  7.897448092E+04  2.073440373E+02  3.285306264E+02  2.687809512E+02  2.754409643E+02  7.282180592E-01 
        23  1.303284284E-02  1.132507638E-01  1.062953057E-02  8.056994261E+04  2.098809448E+02  3.294451795E+02  2.702782920E+02  2.697119191E+02  6.949966025E-01 
        24  1.479928419E-02  1.136234762E-01  1.303021626E-02  8.179325117E+04  2.145884322E+02  3.300743610E+02  2.713117549E+02  2.663069028E+02  6.590273511E-01 
        25  1.649617427E-02  1.139938279E-01  1.547769530E-02  8.282632410E+04  2.193164814E+02  3.306241980E+02  2.722165203E+02  2.635123911E+02  6.248347363E-01 
        26  1.811807173E-02  1.143837002E-01  1.797032872E-02  8.347538586E+04  2.246801732E+02  3.309209242E+02  2.727049947E+02  2.617912335E+02  5.915654991E-01 
        27  1.968166241E-02  1.148013513E-01  2.049621310E-02  8.348809021E+04  2.321664212E+02  3.307971818E+02  2.725011711E+02  2.626524835E+02  5.569089027E-01 
        28  2.119101764E-02  1.152299366E-01  2.305322148E-02  8.295268998E+04  2.409078726E+02  3.304853057E+02  2.719873752E+02  2.655915429E+02  5.224513332E-01 
        29  2.266338778E-02  1.156643914E-01  2.563116057E-02  8.238609467E+04  2.494842625E+02  3.301873338E+02  2.714974176E+02  2.679524367E+02  4.871785152E-01 
        30  2.408077791E-02  1.161159634E-01  2.823658064E-02  8.190543982E+04  2.580251801E+02  3.298516295E+02  2.709457114E+02  2.705365381E+02  4.534085756E-01 
        31  2.544088325E-02  1.165921105E-01  3.086849856E-02  8.136897949E+04  2.666891253E+02  3.294320841E+02  2.702574315E+02  2.741633925E+02  4.229412628E-01 
        32  2.674433127E-02  1.170738851E-01  3.352942364E-02  8.077379541E+04  2.748424909E+02  3.290912442E+02  2.696983654E+02  2.778797522E+02  3.955337857E-01 
        33  2.797950643E-02  1.175445507E-01  3.622298897E-02  8.020223526E+04  2.822943727E+02  3.289080849E+02  2.693976440E+02  2.806480800E+02  3.683701319E-01 
        34  2.916313541E-02  1.180056499E-01  3.893937175E-02  7.985089461E+04  2.895043504E+02  3.288067046E+02  2.692312007E+02  2.823049408E+02  3.384133813E-01 
        35  3.031249539E-02  1.184785399E-01  4.167042727E-02  7.992165146E+04  2.964014195E+02  3.287655864E+02  2.691639953E+02  2.833700209E+02  3.079308573E-01 
        36  3.139929926E-02  1.189405785E-01  4.442941843E-02  8.019137579E+04  3.021784276E+02  3.289610703E+02  2.694843621E+02  2.834570453E+02  2.794639925E-01 
        37  3.242013936E-02  1.193808800E-01  4.721660669E-02  8.079634394E+04  3.071996446E+02  3.293594196E+02  2.701371162E+02  2.826396954E+02  2.510831836E-01 
        38  3.340677803E-02  1.198011670E-01  5.002067675E-02  8.211894351E+04  3.099861491E+02  3.300802815E+02  2.713212211E+02  2.794538742E+02  2.251677237E-01 
        39  3.430413654E-02  1.201853153E-01  5.285529857E-02  8.385455151E+04  3.109168425E+02  3.310796528E+02  2.729673281E+02  2.742650642E+02  2.010868881E-01 
        40  3.515433510E-02  1.205874318E-01  5.570324370E-02  8.596891406E+04  3.105016327E+02  3.322766781E+02  2.749454193E+02  2.677229004E+02  1.789682554E-01 
        41  3.592907297E-02  1.209644065E-01  5.857535950E-02  8.832315747E+04  3.088734899E+02  3.335413113E+02  2.770422792E+02  2.603382583E+02  1.603100500E-01 
        42  3.664355424E-02  1.213334730E-01  6.146049591E-02  9.074974744E+04  3.059587808E+02  3.347281208E+02  2.790170512E+02  2.525180340E+02  1.474525833E-01 
        43  3.727845098E-02  1.217084379E-01  6.437276718E-02  9.299695898E+04  3.021212139E+02  3.357779312E+02  2.807693930E+02  2.450936136E+02  1.419738494E-01 
        44  3.781448665E-02  1.220744111E-01  6.730672953E-02  9.478097998E+04  2.983253126E+02  3.366518736E+02  2.822320547E+02  2.392786183E+02  1.433983273E-01 
        45  3.826762164E-02  1.224563704E-01  7.025293559E-02  9.596201324E+04  2.955048277E+02  3.372768102E+02  2.832804811E+02  2.356863612E+02  1.485883656E-01 
        46  3.856443464E-02  1.228195695E-01  7.317567491E-02  9.661631250E+04  2.936243896E+02  3.377309265E+02  2.840442123E+02  2.337667084E+02  1.550008692E-01 
        47  3.882754171E-02  1.231963568E-01  7.616928387E-02  9.686849945E+04  2.917720814E+02  3.384223915E+02  2.852101294E+02  2.314558886E+02  1.602152929E-01 
        48  3.896508106E-02  1.235573809E-01  7.913505459E-02  9.681512695E+04  2.877568855E+02  3.395575027E+02  2.871403542E+02  2.246505165E+02  1.638008468E-01 
        49  3.903512947E-02  1.239238609E-01  8.213137167E-02  9.663440137E+04  2.773660686E+02  3.417341042E+02  2.908614197E+02  2.064544659E+02  1.743843933E-01 
        50  3.900153017E-02  1.243001337E-01  8.510504302E-02  9.629591339E+04  2.598628708E+02  3.452040575E+02  2.968092401E+02  1.739308295E+02  1.858137790E-01 
        51  3.889299026E-02  1.246700891E-01  8.806950082E-02  9.598893115E+04  2.429540479E+02  3.487562733E+02  3.029389920E+02  1.279201832E+02  1.649537262E-01 
        52  3.870303970E-02  1.250405990E-01  9.105247242E-02  9.587970972E+04  2.353789010E+02  3.513305883E+02  3.073985147E+02  8.647259367E+01  4.042218221E-02 
        53  3.847530202E-02  1.253810613E-01  9.402032493E-02  9.629788989E+04  2.365752867E+02  3.523055714E+02  3.091024557E+02  5.277927104E+01 -4.628099003E-01 
        54  3.809583015E-02  1.257752167E-01  9.695318516E-02  9.727694727E+04  2.383037720E+02  3.528586235E+02  3.100654526E+02  4.127802944E+01 -1.651681215E+00 
        55  3.767199372E-02  1.261489404E-01  9.992435767E-02  9.835906299E+04  2.478673639E+02  3.524556561E+02  3.093546691E+02  4.752804756E+01 -1.919194348E+00 
        56  3.723780727E-02  1.265196365E-01  1.028569506E-01  9.974426364E+04  2.503178227E+02  3.511150087E+02  3.070060362E+02  6.895257328E+01 -1.055045906E+00 
        57  3.672955052E-02  1.269046997E-01  1.057947981E-01  1.017416384E+05  2.373822622E+02  3.496623096E+02  3.044700756E+02  1.083500862E+02  4.376087943E-02 
        58  3.615520807E-02  1.273091289E-01  1.087154776E-01  1.046300105E+05  2.331499496E+02  3.474020367E+02  3.005499220E+02  1.488058577E+02  2.839895664E-01 
        59  3.556812424E-02  1.277144368E-01  1.116309472E-01  1.069933293E+05  2.431500163E+02  3.450527534E+02  2.964964986E+02  1.750612413E+02  2.795454464E-01 
        60  3.495651588E-02  1.281329458E-01  1.145394580E-01  1.080103784E+05  2.549668779E+02  3.438980970E+02  2.945149126E+02  1.859653726E+02  2.367209969E-01 
        61  3.433795015E-02  1.285471243E-01  1.174457346E-01  1.080318785E+05  2.651888673E+02  3.432559853E+02  2.934148035E+02  1.925794132E+02  1.963241317E-01 
        62  3.376061330E-02  1.289460490E-01  1.203607660E-01  1.079681099E+05  2.689770093E+02  3.431242135E+02  2.931885855E+02  1.957723947E+02  1.856487989E-01 
        63  3.331803132E-02  1.293309423E-01  1.232882868E-01  1.081359721E+05  2.688007650E+02  3.431682731E+02  2.932635657E+02  1.954388002E+02  1.873553855E-01 
        64  3.310586596E-02  1.296649637E-01  1.262581306E-01  1.082368546E+05  2.690136502E+02  3.430806837E+02  2.931134932E+02  1.967739414E+02  1.923596171E-01 
        65  3.306639982E-02  1.299493947E-01  1.292495641E-01  1.081708342E+05  2.704134305E+02  3.429614160E+02  2.929098148E+02  1.997422326E+02  1.959843171E-01 
        66  3.322486525E-02  1.302097713E-01  1.322380794E-01  1.079466087E+05  2.723014975E+02  3.428438873E+02  2.927090538E+02  2.012707555E+02  1.918498575E-01 
        67  3.356462385E-02  1.304573038E-01  1.352130229E-01  1.076690975E+05  2.737897661E+02  3.428044897E+02  2.926417037E+02  2.024104455E+02  1.892814503E-01 
        68  3.400410102E-02  1.306751199E-01  1.381765647E-01  1.073704556E+05  2.751943340E+02  3.427572803E+02  2.925611522E+02  2.041570320E+02  1.892526688E-01 
        69  3.451963359E-02  1.308741206E-01  1.411278790E-01  1.070040365E+05  2.768824909E+02  3.426121917E+02  2.923134878E+02  2.063455958E+02  1.890899937E-01 
        70  3.508991352E-02  1.310576265E-01  1.440660380E-01  1.066345203E+05  2.784150875E+02  3.424523616E+02  2.920407887E+02  2.085522475E+02  1.899549889E-01 
        71  3.570211579E-02  1.312503676E-01  1.470000000E-01  1.062953223E+05  2.797459908E+02  3.423167725E+02  2.918075027E+02  2.107034988E+02  1.916100513E-01 
        72 -2.843361623E-02  1.708417341E-01 -4.258217492E-02  8.209681226E+04  1.838436961E+02  3.299941530E+02  2.711787891E+02  3.444641123E+02  1.007811371E+00 
        73 -2.838826984E-02  1.709653765E-01 -3.916427879E-02  8.217047595E+04  1.839799800E+02  3.300177007E+02  2.712174802E+02  3.440127711E+02  1.006589014E+00 
        74 -2.835908450E-02  1.711140563E-01 -3.574649433E-02  8.239242114E+04  1.836451992E+02  3.301765163E+02  2.714788013E+02  3.437512972E+02  1.007499264E+00 
        75 -2.838361088E-02  1.712589164E-01 -3.232950605E-02  8.287272876E+04  1.833591857E+02  3.304028778E+02  2.718511152E+02  3.433414955E+02  1.007680338E+00 
        76 -2.841360827E-02  1.714319125E-01 -2.891476756E-02  8.331665991E+04  1.821987925E+02  3.307320838E+02  2.723930273E+02  3.411513681E+02  1.007648667E+00 
        77 -2.833774301E-02  1.716334782E-01 -2.549995819E-02  8.374764865E+04  1.817206746E+02  3.309148381E+02  2.726942588E+02  3.402186736E+02  1.007812150E+00 
        78 -2.791452343E-02  1.719215161E-01 -2.212016887E-02  8.424814404E+04  1.808436985E+02  3.311789742E+02  2.731297188E+02  3.399030933E+02  1.010228783E+00 
        79 -2.700703325E-02  1.722886754E-01 -1.884820631E-02  8.429053662E+04  1.796561227E+02  3.312292871E+02  2.732126398E+02  3.404805956E+02  1.015318412E+00 
        80 -2.544395246E-02  1.727209334E-01 -1.584518523E-02  8.334832361E+04  1.820133727E+02  3.305925403E+02  2.721635239E+02  3.433873873E+02  1.012346960E+00 
        81 -2.351536464E-02  1.732363399E-01 -1.306823492E-02  8.129367909E+04  1.855406882E+02  3.294953456E+02  2.703605919E+02  3.487668616E+02  1.010145016E+00 
        82 -2.134527601E-02  1.737374909E-01 -1.047435973E-02  7.873714828E+04  1.912997711E+02  3.279940729E+02  2.679033535E+02  3.559909741E+02  1.004188657E+00 
        83 -1.897326710E-02  1.742189522E-01 -8.035177519E-03  7.584890793E+04  1.976588735E+02  3.263517091E+02  2.652265416E+02  3.639334141E+02  9.985490125E-01 
        84 -1.652827274E-02  1.746780172E-01 -5.688541800E-03  7.363109253E+04  2.055375814E+02  3.249164872E+02  2.628990467E+02  3.695698791E+02  9.828586802E-01 
        85 -1.397929867E-02  1.751251779E-01 -3.446989688E-03  7.262856641E+04  2.093156538E+02  3.242811360E+02  2.618714223E+02  3.731453118E+02  9.770673439E-01 
        86 -1.139011487E-02  1.755573757E-01 -1.256774906E-03  7.352653394E+04  2.099791744E+02  3.249630723E+02  2.629749899E+02  3.709453678E+02  9.703357276E-01 
        87 -8.734274343E-03  1.759085237E-01  8.667805443E-04  7.834148834E+04  2.045717161E+02  3.277501225E+02  2.675138702E+02  3.598045762E+02  9.670124957E-01 
        88 -6.073383534E-03  1.762548475E-01  2.984781313E-03  8.825723547E+04  1.911646062E+02  3.332963808E+02  2.766433902E+02  3.317047822E+02  9.641471747E-01 
        89 -3.359730182E-03  1.765819110E-01  5.053045394E-03  9.827524500E+04  1.764461734E+02  3.382286735E+02  2.848847064E+02  3.054417574E+02  9.797607102E-01 
        90 -6.741955509E-04  1.768270807E-01  7.130208361E-03  9.679263801E+04  1.608321076E+02  3.382460397E+02  2.849139737E+02  3.097505702E+02  1.038554663E+00 
        91  2.027043660E-03  1.770783858E-01  9.208570588E-03  7.875195580E+04  1.943693704E+02  3.278125973E+02  2.676101621E+02  3.571201368E+02  9.964192976E-01 
        92  4.731686997E-03  1.772422585E-01  1.127155269E-02  7.315436551E+04  2.107546229E+02  3.247536809E+02  2.626363452E+02  3.713079580E+02  9.683106509E-01 
        93  7.454465044E-03  1.773874983E-01  1.334309669E-02  7.371844418E+04  2.094064751E+02  3.250558211E+02  2.631258406E+02  3.739837711E+02  9.780529048E-01 
        94  1.015989937E-02  1.775222933E-01  1.545596277E-02  7.092640503E+04  2.186664653E+02  3.231263838E+02  2.600199738E+02  3.837028616E+02  9.676135216E-01 
        95  1.284858280E-02  1.775661421E-01  1.756817794E-02  6.739581702E+04  2.283232186E+02  3.208095946E+02  2.563034579E+02  3.919839153E+02  9.531930811E-01 
        96  1.551966693E-02  1.776138061E-01  1.970369132E-02  6.434417981E+04  2.367176809E+02  3.187536929E+02  2.530315089E+02  3.999485340E+02  9.428184303E-01 
        97  1.817410325E-02  1.776258069E-01  2.186017323E-02  6.174736853E+04  2.456067276E+02  3.168688445E+02  2.500452785E+02  4.082800202E+02  9.317556582E-01 
        98  2.080993586E-02  1.775631240E-01  2.403936301E-02  5.984554443E+04  2.539467835E+02  3.154393997E+02  2.477940612E+02  4.148070087E+02  9.190976862E-01 
        99  2.341570779E-02  1.774969016E-01  2.625394818E-02  5.918548499E+04  2.593205957E+02  3.150569019E+02  2.471938987E+02  4.165217285E+02  9.054081179E-01 
       100  2.600295182E-02  1.773818036E-01  2.848806157E-02  6.098722437E+04  2.602369165E+02  3.165075350E+02  2.494882650E+02  4.114780941E+02  8.906183504E-01 
       101  2.856627515E-02  1.771883875E-01  3.074502562E-02  6.667519824E+04  2.557894354E+02  3.204116793E+02  2.557328749E+02  3.959582272E+02  8.723995611E-01 
       102  3.110662233E-02  1.769811535E-01  3.302644514E-02  7.511867993E+04  2.475456514E+02  3.259688301E+02  2.646822214E+02  3.715799274E+02  8.495106325E-01 
       103  3.362247542E-02  1.767159818E-01  3.532849163E-02  8.180452148E+04  2.434405098E+02  3.301327457E+02  2.714301310E+02  3.525077400E+02  8.255328890E-01 
       104  3.610895472E-02  1.763647845E-01  3.765120331E-02  8.311096741E+04  2.477546408E+02  3.307331004E+02  2.724018817E+02  3.491968589E+02  8.048769766E-01 
       105  3.856497337E-02  1.759966372E-01  4.000321012E-02  8.062619516E+04  2.561551005E+02  3.292342670E+02  2.699366668E+02  3.568860290E+02  7.900424544E-01 
       106  4.103059304E-02  1.755360248E-01  4.234569910E-02  7.827490250E+04  2.635448782E+02  3.279507719E+02  2.678335458E+02  3.633377934E+02  7.769052202E-01 
       107  4.340106546E-02  1.750377176E-01  4.474435622E-02  7.857845142E+04  2.671289018E+02  3.283215824E+02  2.684416723E+02  3.611072060E+02  7.607392427E-01 
       108  4.575540032E-02  1.745445103E-01  4.717695363E-02  8.217256543E+04  2.657468719E+02  3.306484523E+02  2.722662773E+02  3.505219040E+02  7.458289694E-01 
       109  4.807037784E-02  1.739953488E-01  4.963532790E-02  8.848565796E+04  2.610563993E+02  3.341260042E+02  2.780273628E+02  3.333534575E+02  7.315772232E-01 
       110  5.034733117E-02  1.734133857E-01  5.212084081E-02  9.501277490E+04  2.574628124E+02  3.373149433E+02  2.833516235E+02  3.176693668E+02  7.172822654E-01 
       111  5.258765486E-02  1.728405975E-01  5.464144749E-02  9.941374414E+04  2.576240673E+02  3.392785091E+02  2.866550961E+02  3.081486530E+02  7.013614736E-01 
       112  5.479076840E-02  1.722430532E-01  5.718902978E-02  1.021786877E+05  2.585783358E+02  3.406190319E+02  2.889241180E+02  3.008344440E+02  6.867286712E-01 
       113  5.694737683E-02  1.716020731E-01  5.976586917E-02  1.050979867E+05  2.580082138E+02  3.420591271E+02  2.913726273E+02  2.920403616E+02  6.760064918E-01 
       114  5.911848447E-02  1.709340834E-01  6.233872565E-02  1.084661141E+05  2.556567853E+02  3.436970811E+02  2.941684474E+02  2.822877821E+02  6.707659397E-01 
       115  6.119351897E-02  1.703313828E-01  6.496775561E-02  1.112585110E+05  2.543446274E+02  3.449306707E+02  2.962837567E+02  2.751279140E+02  6.664935015E-01 
       116  6.319798910E-02  1.696485115E-01  6.765543605E-02  1.134000352E+05  2.531218495E+02  3.458367014E+02  2.978421407E+02  2.693513684E+02  6.638415372E-01 
       117  6.520189851E-02  1.689621155E-01  7.034628384E-02  1.154868647E+05  2.515442696E+02  3.467467813E+02  2.994115772E+02  2.643331070E+02  6.639279071E-01 
       118  6.717992039E-02  1.682884043E-01  7.305807409E-02  1.171606177E+05  2.508468990E+02  3.474172344E+02  3.005703669E+02  2.598961182E+02  6.617199276E-01 
       119  6.910755662E-02  1.675987334E-01  7.579818779E-02  1.186737686E+05  2.497206261E+02  3.480192521E+02  3.016126857E+02  2.560421293E+02  6.625908017E-01 
       120  7.101404689E-02  1.668389198E-01  7.852135391E-02  1.197816813E+05  2.469705689E+02  3.484310148E+02  3.023269382E+02  2.539547465E+02  6.715169987E-01 
       121  7.286652020E-02  1.661304029E-01  8.130170181E-02  1.199790824E+05  2.445897505E+02  3.485787564E+02  3.025837225E+02  2.541365899E+02  6.815788081E-01 
       122  7.473378469E-02  1.653966549E-01  8.408122010E-02  1.199544561E+05  2.436739597E+02  3.486466160E+02  3.027017479E+02  2.538979435E+02  6.854251064E-01 
       123  7.654776682E-02  1.646234676E-01  8.688218818E-02  1.197921563E+05  2.435824337E+02  3.487447968E+02  3.028730135E+02  2.544883552E+02  6.866286937E-01 
       124  7.830115451E-02  1.638494494E-01  8.971806956E-02  1.195727676E+05  2.436477966E+02  3.488022346E+02  3.029731579E+02  2.541931458E+02  6.863213032E-01 
       125  8.003223315E-02  1.630890187E-01  9.257063461E-02  1.194088696E+05  2.420540428E+02  3.491630468E+02  3.036024261E+02  2.529891119E+02  6.920945588E-01 
       126  8.174167210E-02  1.623344685E-01  9.543869445E-02  1.192438954E+05  2.406355786E+02  3.497066216E+02  3.045520527E+02  2.510460868E+02  6.968326280E-01 
       127  8.339566060E-02  1.615413001E-01  9.829620033E-02  1.190282551E+05  2.410047783E+02  3.500961737E+02  3.052334201E+02  2.484419675E+02  6.937565256E-01 
       128  8.500809507E-02  1.607572746E-01  1.012133408E-01  1.189206519E+05  2.414409378E+02  3.503255544E+02  3.056337073E+02  2.440211291E+02  6.888541742E-01 
       129  8.654116005E-02  1.600133249E-01  1.041766726E-01  1.190078868E+05  2.381303434E+02  3.512259581E+02  3.072070119E+02  2.355829650E+02  6.984326057E-01 
       130  8.807530659E-02  1.592883350E-01  1.071513815E-01  1.188773938E+05  2.320283904E+02  3.527018933E+02  3.097942128E+02  2.288215036E+02  7.237245655E-01 
       131  8.946870181E-02  1.585918917E-01  1.101955952E-01  1.185882637E+05  2.314036227E+02  3.532202218E+02  3.107023627E+02  2.221174181E+02  7.241269841E-01 
       132  9.078169785E-02  1.579398834E-01  1.132895212E-01  1.186085432E+05  2.341280386E+02  3.530629444E+02  3.104219898E+02  2.135221959E+02  7.077931184E-01 
       133  9.193376095E-02  1.573753789E-01  1.164622823E-01  1.187588734E+05  2.316815546E+02  3.532267318E+02  3.107079217E+02  2.108576136E+02  7.173787309E-01 
       134  9.287851211E-02  1.569754829E-01  1.197270904E-01  1.188074370E+05  2.285172559E+02  3.528514057E+02  3.100499323E+02  2.198161531E+02  7.351320270E-01 
       135  9.346963790E-02  1.567893278E-01  1.230899614E-01  1.186770832E+05  2.327541684E+02  3.510436789E+02  3.068878027E+02  2.396206065E+02  7.280405655E-01 
       136  9.376445592E-02  1.568076376E-01  1.265149706E-01  1.185948350E+05  2.401404366E+02  3.488784451E+02  3.031100669E+02  2.573827448E+02  7.093088226E-01 
       137  9.391306034E-02  1.569225935E-01  1.299303306E-01  1.183585078E+05  2.427742777E+02  3.478252974E+02  3.012778416E+02  2.614527779E+02  7.021866944E-01 
       138  9.402896493E-02  1.570765633E-01  1.333445553E-01  1.181368828E+05  2.420853930E+02  3.476743670E+02  3.010155792E+02  2.595469742E+02  7.036911268E-01 
       139  9.417960043E-02  1.572174564E-01  1.367593072E-01  1.180287498E+05  2.424937091E+02  3.476737432E+02  3.010144143E+02  2.602244601E+02  7.034359686E-01 
       140  9.437397158E-02  1.573466446E-01  1.401725853E-01  1.179534941E+05  2.433199635E+02  3.477610412E+02  3.011656823E+02  2.617019017E+02  7.024092004E-01 
       141  9.455826038E-02  1.574868932E-01  1.435861248E-01  1.178982728E+05  2.438614159E+02  3.479480945E+02  3.014895400E+02  2.618748197E+02  7.011773000E-01 
       142  9.468914447E-02  1.576724412E-01  1.470000022E-01  1.178573428E+05  2.442882605E+02  3.480383606E+02  3.016572628E+02  2.621565075E+02  7.006308846E-01 
       143 -2.515044289E-02  2.387134140E-01 -4.211006034E-02  8.317559975E+04  1.813087113E+02  3.305927486E+02  2.721635457E+02  4.420293899E+02  1.148147850E+00 
       144 -2.515073613E-02  2.387267259E-01 -3.821832766E-02  8.469745626E+04  1.774443915E+02  3.314332600E+02  2.735499133E+02  4.390137206E+02  1.154887637E+00 
       145 -2.514274647E-02  2.387409373E-01 -3.433018188E-02  8.585898746E+04  1.736207286E+02  3.321965852E+02  2.748113213E+02  4.323621867E+02  1.158263394E+00 
       146 -2.514933814E-02  2.387615668E-01 -3.043885368E-02  8.596975949E+04  1.751209133E+02  3.320862765E+02  2.746287546E+02  4.352435723E+02  1.157486933E+00 
       147 -2.514205174E-02  2.387863737E-01 -2.655197175E-02  8.473515729E+04  1.779939592E+02  3.314635168E+02  2.735997308E+02  4.387543386E+02  1.153741507E+00 
       148 -2.514801404E-02  2.388163633E-01 -2.268742808E-02  8.274405037E+04  1.826604710E+02  3.304103159E+02  2.718633993E+02  4.402835938E+02  1.143630551E+00 
       149 -2.514603624E-02  2.387984711E-01 -1.877579094E-02  8.057643848E+04  1.879487152E+02  3.291784096E+02  2.698406677E+02  4.458918419E+02  1.136303440E+00 
       150 -2.513833525E-02  2.388756875E-01 -1.487946342E-02  7.917892408E+04  1.909638575E+02  3.284171318E+02  2.685934419E+02  4.509468058E+02  1.134280810E+00 
       151 -2.514495058E-02  2.389300222E-01 -1.098752945E-02  7.910196820E+04  1.913872157E+02  3.282891406E+02  2.683848660E+02  4.497983346E+02  1.132018421E+00 
       152 -2.501801490E-02  2.389948317E-01 -7.101428526E-03  8.080366360E+04  1.873034369E+02  3.292034900E+02  2.698836008E+02  4.462816390E+02  1.138612005E+00 
       153 -2.403359079E-02  2.391541778E-01 -3.362202731E-03  8.564197785E+04  1.738155812E+02  3.319568818E+02  2.744161183E+02  4.351229923E+02  1.160621030E+00 
       154 -2.203079393E-02  2.393877231E-01 -4.501692070E-05  8.941899994E+04  1.650249851E+02  3.339564179E+02  2.777314205E+02  4.283522040E+02  1.176135050E+00 
       155 -1.942355624E-02  2.396357170E-01  2.825132604E-03  8.655897668E+04  1.756048351E+02  3.320708327E+02  2.746077729E+02  4.330858870E+02  1.154027346E+00 
       156 -1.648721574E-02  2.398964014E-01  5.342831758E-03  8.142349890E+04  1.845047660E+02  3.297271845E+02  2.707429819E+02  4.471623611E+02  1.145804340E+00 
       157 -1.330897545E-02  2.400801911E-01  7.594698846E-03  7.988559534E+04  1.895284643E+02  3.286301994E+02  2.689428740E+02  4.471824551E+02  1.133350510E+00 
       158 -1.004552185E-02  2.402353079E-01  9.709455816E-03  8.053434680E+04  1.867265210E+02  3.289355617E+02  2.694439163E+02  4.467407379E+02  1.140016535E+00 
       159 -6.714656287E-03  2.403804415E-01  1.171394437E-02  8.061589305E+04  1.856714369E+02  3.290280570E+02  2.695945576E+02  4.469409660E+02  1.143517042E+00 
       160 -3.322138608E-03  2.404066774E-01  1.362735999E-02  7.991496255E+04  1.870306177E+02  3.286049788E+02  2.689025586E+02  4.491104615E+02  1.142949132E+00 
       161  9.783589121E-05  2.404201762E-01  1.547870720E-02  7.978255969E+04  1.868074646E+02  3.286189556E+02  2.689266047E+02  4.502265630E+02  1.145674495E+00 
       162  3.534439975E-03  2.403949673E-01  1.730379042E-02  8.132340308E+04  1.848213501E+02  3.295209150E+02  2.704107246E+02  4.425492859E+02  1.144900050E+00 
       163  6.969024296E-03  2.402279751E-01  1.908412837E-02  9.124868469E+04  1.555439984E+02  3.354077930E+02  2.801856406E+02  4.229441109E+02  1.200917207E+00 
       164  1.043411823E-02  2.400800089E-01  2.085152946E-02  7.892714912E+04  1.866391239E+02  3.289722161E+02  2.695050694E+02  4.446999399E+02  1.142068089E+00 
       165  1.388371434E-02  2.398652026E-01  2.263181169E-02  7.938775714E+04  1.852306471E+02  3.290327628E+02  2.696018398E+02  4.416089735E+02  1.141513279E+00 
       166  1.734145131E-02  2.394992745E-01  2.440657916E-02  7.890171289E+04  1.856722851E+02  3.288703389E+02  2.693356371E+02  4.428157434E+02  1.141269000E+00 
       167  2.080043859E-02  2.391294908E-01  2.615375350E-02  7.888314888E+04  1.868866326E+02  3.289440016E+02  2.694563835E+02  4.429639318E+02  1.139186244E+00 
       168  2.424052770E-02  2.387186889E-01  2.792040504E-02  7.909607739E+04  1.891178823E+02  3.289803514E+02  2.695163119E+02  4.434586663E+02  1.134581351E+00 
       169  2.766624902E-02  2.381908713E-01  2.968394578E-02  7.898575525E+04  1.901959999E+02  3.291138225E+02  2.697352700E+02  4.431799226E+02  1.131718781E+00 
       170  3.108229850E-02  2.375970478E-01  3.144655572E-02  7.862197168E+04  1.924843001E+02  3.290755067E+02  2.696735423E+02  4.425500727E+02  1.126358591E+00 
       171  3.449726266E-02  2.369314331E-01  3.319569832E-02  7.857626791E+04  1.965970303E+02  3.287999256E+02  2.692227484E+02  4.431329141E+02  1.117903648E+00 
       172  3.787267708E-02  2.362004853E-01  3.498142333E-02  7.897677551E+04  1.984609230E+02  3.289172044E+02  2.694157181E+02  4.412402916E+02  1.112790663E+00 
       173  4.123744789E-02  2.354271843E-01  3.677379579E-02  7.923437378E+04  1.999232190E+02  3.290561032E+02  2.696434422E+02  4.386861010E+02  1.108382631E+00 
       174  4.456263149E-02  2.345133553E-01  3.856958315E-02  7.873324702E+04  2.034072120E+02  3.287104077E+02  2.690769010E+02  4.400951518E+02  1.103013680E+00 
       175  4.789152860E-02  2.335402793E-01  4.034492433E-02  7.717344016E+04  2.089963466E+02  3.276405939E+02  2.673285993E+02  4.442908709E+02  1.094073326E+00 
       176  5.119514426E-02  2.325727211E-01  4.215365701E-02  7.514928457E+04  2.129379195E+02  3.265361874E+02  2.655281710E+02  4.475647962E+02  1.088502081E+00 
       177  5.444737908E-02  2.314873556E-01  4.396264389E-02  7.317801990E+04  2.178353534E+02  3.254295971E+02  2.637314445E+02  4.502513422E+02  1.080271068E+00 
       178  5.771043354E-02  2.303389779E-01  4.576361213E-02  7.112413031E+04  2.263617871E+02  3.239930999E+02  2.614106002E+02  4.570733387E+02  1.068186474E+00 
       179  6.093363739E-02  2.292015055E-01  4.761570799E-02  6.863750159E+04  2.375658131E+02  3.220294180E+02  2.582522430E+02  4.663125286E+02  1.051944548E+00 
       180  6.411569228E-02  2.279427553E-01  4.946832252E-02  6.682560303E+04  2.477769003E+02  3.210416269E+02  2.566711636E+02  4.717929497E+02  1.033592608E+00 
       181  6.728438578E-02  2.267057043E-01  5.135068917E-02  6.914858179E+04  2.585957336E+02  3.229648008E+02  2.597675214E+02  4.655996504E+02  9.970871285E-01 
       182  7.045491472E-02  2.254566135E-01  5.324396322E-02  8.050004370E+04  2.625502081E+02  3.300679860E+02  2.713751726E+02  4.371588287E+02  9.510747436E-01 
       183  7.352398986E-02  2.240979077E-01  5.520813549E-02  9.604963623E+04  2.488244038E+02  3.379805503E+02  2.845018549E+02  4.034420528E+02  9.502424374E-01 
       184  7.654294831E-02  2.227589545E-01  5.724026033E-02  1.042191231E+05  2.379064024E+02  3.415848125E+02  2.905683950E+02  3.873350415E+02  9.638127327E-01 
       185  7.954929441E-02  2.214414527E-01  5.933596166E-02  1.077706533E+05  2.394837174E+02  3.441081772E+02  2.948863635E+02  3.751498556E+02  9.489723928E-01 
       186  8.244157493E-02  2.200232159E-01  6.149679439E-02  1.249074336E+05  2.343196411E+02  3.516006851E+02  3.078630600E+02  3.437551270E+02  9.482115954E-01 
       187  8.531452000E-02  2.186177542E-01  6.372436707E-02  1.192697761E+05  2.413579824E+02  3.486964064E+02  3.027928751E+02  3.520890589E+02  9.264615374E-01 
       188  8.816039266E-02  2.172472440E-01  6.601424901E-02  1.211609629E+05  2.367477031E+02  3.493820033E+02  3.039803448E+02  3.475589199E+02  9.365143366E-01 
       189  9.092008057E-02  2.157826082E-01  6.831794754E-02  1.215675231E+05  2.267422672E+02  3.498887487E+02  3.048634579E+02  3.487406169E+02  9.641497299E-01 
       190  9.367581728E-02  2.143255962E-01  7.064980943E-02  1.219983703E+05  2.246185059E+02  3.496400692E+02  3.044304903E+02  3.470705131E+02  9.693085530E-01 
       191  9.641114101E-02  2.128789625E-01  7.302159977E-02  1.224939695E+05  2.188918350E+02  3.502671337E+02  3.055225937E+02  3.445405970E+02  9.845757969E-01 
       192  9.907895187E-02  2.114028516E-01  7.542603674E-02  1.226921587E+05  2.211342926E+02  3.500584841E+02  3.051588752E+02  3.457217004E+02  9.777978435E-01 
       193  1.016896232E-01  2.099003163E-01  7.789626121E-02  1.227714502E+05  2.208227711E+02  3.503462501E+02  3.056600566E+02  3.449527659E+02  9.778536670E-01 
       194  1.042573666E-01  2.084682280E-01  8.044071344E-02  1.227730054E+05  2.205379761E+02  3.508360662E+02  3.065168409E+02  3.436990986E+02  9.778904114E-01 
       195  1.067132028E-01  2.069758083E-01  8.306726980E-02  1.227324210E+05  2.215398808E+02  3.515843187E+02  3.078288080E+02  3.427702545E+02  9.741348305E-01 
       196  1.091091693E-01  2.055182938E-01  8.576040538E-02  1.226800360E+05  2.220116151E+02  3.527488164E+02  3.098751719E+02  3.395623106E+02  9.708315912E-01 
       197  1.114533399E-01  2.040960959E-01  8.851719904E-02  1.226370135E+05  2.235262204E+02  3.540319870E+02  3.121381172E+02  3.321759369E+02  9.647289988E-01 
       198  1.136946430E-01  2.026973542E-01  9.137514269E-02  1.225469944E+05  2.227075592E+02  3.559436940E+02  3.155192615E+02  3.206530891E+02  9.672080392E-01 
       199  1.158224243E-01  2.012857480E-01  9.431046231E-02  1.225155114E+05  2.249898019E+02  3.572145478E+02  3.177719456E+02  3.067842694E+02  9.620704834E-01 
       200  1.177983438E-01  1.999614296E-01  9.738734661E-02  1.225107574E+05  2.306361939E+02  3.576988208E+02  3.186285089E+02  2.923704700E+02  9.469608599E-01 
       201  1.195376812E-01  1.988013159E-01  1.006637087E-01  1.225969405E+05  2.330940062E+02  3.579534163E+02  3.190803790E+02  2.833770364E+02  9.406589232E-01 
       202  1.207748534E-01  1.979244993E-01  1.042263433E-01  1.223279590E+05  2.329189148E+02  3.568763297E+02  3.171705172E+02  2.960790668E+02  9.385571051E-01 
       203  1.209766187E-01  1.976967879E-01  1.080979692E-01  1.223154853E+05  2.329201702E+02  3.541699234E+02  3.123826939E+02  3.271132231E+02  9.363579135E-01 
       204  1.209415894E-01  1.976147862E-01  1.119887176E-01  1.224960740E+05  2.297795945E+02  3.521400918E+02  3.088059559E+02  3.347441877E+02  9.438992839E-01 
       205  1.209136670E-01  1.975679793E-01  1.158784497E-01  1.226966704E+05  2.276218235E+02  3.512600997E+02  3.072600754E+02  3.373503973E+02  9.496835987E-01 
       206  1.209140530E-01  1.975343277E-01  1.197687765E-01  1.228485426E+05  2.243018380E+02  3.512688277E+02  3.072747056E+02  3.384524597E+02  9.596800445E-01 
       207  1.209033119E-01  1.974945510E-01  1.236620610E-01  1.228697173E+05  2.210135506E+02  3.515689175E+02  3.078011730E+02  3.354289609E+02  9.686855185E-01 
       208  1.208998844E-01  1.975608583E-01  1.275528569E-01  1.228276985E+05  2.213573002E+02  3.518278766E+02  3.082590285E+02  3.366050823E+02  9.687792906E-01 
       209  1.209086196E-01  1.975927695E-01  1.314428594E-01  1.227871429E+05  2.209211878E+02  3.523868483E+02  3.092412771E+02  3.370333178E+02  9.704446737E-01 
       210  1.209261261E-01  1.976437754E-01  1.353324952E-01  1.228197835E+05  2.219762211E+02  3.529945995E+02  3.103103840E+02  3.322806928E+02  9.667954522E-01 
       211  1.209477387E-01  1.976921952E-01  1.392217013E-01  1.228077805E+05  2.212555548E+02  3.538760567E+02  3.118636557E+02  3.221861026E+02  9.694989084E-01 
       212  1.209659901E-01  1.977439656E-01  1.431109690E-01  1.230322466E+05  2.196567080E+02  3.549874144E+02  3.138100939E+02  3.084408618E+02  9.753691158E-01 
       213  1.210017723E-01  1.977818072E-01  1.470000027E-01  1.231941069E+05  2.208173637E+02  3.554681892E+02  3.144782190E+02  3.024171476E+02  9.729532227E-01 
       214 -1.337431699E-02  1.053111530E-01 -4.600000000E-02  8.765588965E+04  1.544114552E+02  3.330730934E+02  2.764645195E+02  2.353849926E+02  8.553145304E-01 
       215 -1.336879354E-02  1.054912688E-01 -4.299898917E-02  8.749025635E+04  1.537553411E+02  3.330830441E+02  2.762790575E+02  2.357358794E+02  8.603331540E-01 
       216 -1.321272523E-02  1.057016208E-01 -4.000664894E-02  8.750550635E+04  1.544765596E+02  3.329903984E+02  2.761254005E+02  2.364692907E+02  8.591331467E-01 
       217 -1.269691607E-02  1.059729593E-01 -3.706120983E-02  8.738773906E+04  1.547483156E+02  3.329532223E+02  2.760637582E+02  2.365343971E+02  8.581200809E-01 
       218 -1.181263769E-02  1.063072321E-01 -3.420969757E-02  8.716012603E+04  1.561256239E+02  3.328234504E+02  2.758485700E+02  2.382559880E+02  8.570935026E-01 
       219 -1.066241908E-02  1.066659143E-01 -3.145726216E-02  8.705144431E+04  1.569778866E+02  3.327637033E+02  2.757496212E+02  2.390480033E+02  8.555446575E-01 
       220 -9.280794463E-03  1.070573859E-01 -2.881758489E-02  8.690340351E+04  1.574790385E+02  3.327252276E+02  2.756857855E+02  2.398040878E+02  8.558095649E-01 
       221 -7.735023178E-03  1.074435380E-01 -2.626912607E-02  8.679196994E+04  1.582341563E+02  3.326768254E+02  2.756056635E+02  2.405524992E+02  8.549256758E-01 
       222 -6.047350445E-03  1.078135440E-01 -2.381048416E-02  8.665314112E+04  1.593596761E+02  3.325417989E+02  2.753818911E+02  2.413133653E+02  8.522004444E-01 
       223 -4.299611852E-03  1.081916589E-01 -2.139379423E-02  8.658496613E+04  1.599457491E+02  3.326039500E+02  2.754848947E+02  2.418388869E+02  8.511891418E-01 
       224 -2.461870607E-03  1.085505379E-01 -1.904289133E-02  8.663130743E+04  1.602523907E+02  3.325210862E+02  2.753476344E+02  2.419179498E+02  8.502620305E-01 
       225 -5.886173328E-04  1.088780789E-01 -1.671486844E-02  8.671504785E+04  1.601038093E+02  3.326516869E+02  2.755639825E+02  2.421416715E+02  8.525477764E-01 
       226  1.337912187E-03  1.092215599E-01 -1.443302686E-02  8.683642991E+04  1.599028826E+02  3.325501706E+02  2.753957970E+02  2.425754152E+02  8.556116898E-01 
       227  3.290030235E-03  1.094941851E-01 -1.216353628E-02  8.671277958E+04  1.595704464E+02  3.324690650E+02  2.752615085E+02  2.437461966E+02  8.621912209E-01 
       228  5.262023684E-03  1.097864070E-01 -9.913643549E-03  8.607648086E+04  1.601703847E+02  3.320831072E+02  2.746231416E+02  2.469610015E+02  8.707580314E-01 
       229  7.256339014E-03  1.100495762E-01 -7.679258903E-03  8.418368814E+04  1.648926977E+02  3.310471317E+02  2.729125860E+02  2.540861572E+02  8.714985002E-01 
       230  9.250945095E-03  1.102792579E-01 -5.441700620E-03  8.192781145E+04  1.725215210E+02  3.299213730E+02  2.710595500E+02  2.620822904E+02  8.602857913E-01 
       231  1.125130268E-02  1.105297001E-01 -3.209862298E-03  8.055487402E+04  1.798208909E+02  3.293787346E+02  2.701683440E+02  2.661088915E+02  8.368867822E-01 
       232  1.324504242E-02  1.107259366E-01 -9.692227629E-04  8.139865234E+04  1.833078523E+02  3.297983341E+02  2.708573799E+02  2.637311306E+02  8.102390133E-01 
       233  1.522818012E-02  1.109344875E-01  1.280794701E-03  8.333371973E+04  1.842559748E+02  3.308221169E+02  2.725424547E+02  2.584253349E+02  7.868689187E-01 
       234  1.717717000E-02  1.111306516E-01  3.565314237E-03  8.544861621E+04  1.831635265E+02  3.321253357E+02  2.746937428E+02  2.495829716E+02  7.625546157E-01 
       235  2.098827574E-02  1.115152878E-01  8.199040730E-03  8.925718018E+04  1.863432760E+02  3.341944714E+02  2.781273212E+02  2.370391216E+02  7.064586878E-01 
       236  2.283804163E-02  1.116790561E-01  1.055952489E-02  9.049472510E+04  1.907258505E+02  3.351958919E+02  2.797953751E+02  2.302558990E+02  6.619324926E-01 
       237  2.632960383E-02  1.121198866E-01  1.543269692E-02  9.106904150E+04  2.050132961E+02  3.353486156E+02  2.800506725E+02  2.309315605E+02  5.886936523E-01 
       238  2.959379811E-02  1.126564718E-01  2.044933110E-02  9.024337671E+04  2.216752820E+02  3.348599091E+02  2.792347560E+02  2.368349576E+02  5.204319265E-01 
       239  3.114059063E-02  1.129278581E-01  2.301118304E-02  8.977429675E+04  2.290627043E+02  3.348008643E+02  2.791364359E+02  2.396184732E+02  4.917049254E-01 
       240  3.264987762E-02  1.132456905E-01  2.559358749E-02  8.924073566E+04  2.357106035E+02  3.344698023E+02  2.785846615E+02  2.421916287E+02  4.667125939E-01 
       241  3.807676132E-02  1.146676712E-01  3.621643154E-02  8.783090075E+04  2.599563714E+02  3.337981652E+02  2.774666697E+02  2.506568102E+02  3.742941379E-01 
       242  3.928374460E-02  1.150413043E-01  3.894926042E-02  8.796956519E+04  2.655988414E+02  3.341985879E+02  2.781335142E+02  2.514806745E+02  3.489146272E-01 
       243  4.044503934E-02  1.154301055E-01  4.169676193E-02  8.836634732E+04  2.693704020E+02  3.345494572E+02  2.787178132E+02  2.506252978E+02  3.273445721E-01 
       244  4.154949506E-02  1.158110833E-01  4.446441861E-02  8.897970801E+04  2.730980244E+02  3.348242035E+02  2.791757984E+02  2.498589830E+02  3.063639738E-01 
       245  4.259018966E-02  1.161595968E-01  4.726780086E-02  8.979756915E+04  2.761832816E+02  3.351894412E+02  2.797855967E+02  2.482348871E+02  2.855499029E-01 
       246  4.357921759E-02  1.165132208E-01  5.008364009E-02  9.084180957E+04  2.779013538E+02  3.357525644E+02  2.807263680E+02  2.448453341E+02  2.654887140E-01 
       247  4.448002582E-02  1.168267471E-01  5.293502673E-02  9.212159191E+04  2.809370127E+02  3.361206352E+02  2.813421792E+02  2.423897343E+02  2.411327702E-01 
       248  4.534234860E-02  1.171711221E-01  5.579536500E-02  9.356595605E+04  2.810121422E+02  3.369255943E+02  2.826916943E+02  2.377042770E+02  2.253335938E-01 
       249  4.612355051E-02  1.174912616E-01  5.867935283E-02  9.494542383E+04  2.815975685E+02  3.376951523E+02  2.839854012E+02  2.335196342E+02  2.082194090E-01 
       250  4.681688670E-02  1.178330389E-01  6.158342338E-02  9.623233594E+04  2.824680405E+02  3.383390770E+02  2.850692863E+02  2.301178093E+02  1.927406527E-01 
       251  4.742483443E-02  1.181684938E-01  6.451168194E-02  9.736289453E+04  2.834007416E+02  3.389079628E+02  2.860281830E+02  2.273611507E+02  1.794158462E-01 
       252  4.796175059E-02  1.184973583E-01  6.744925218E-02  9.828168311E+04  2.843567076E+02  3.394469643E+02  2.869381189E+02  2.250514908E+02  1.674479209E-01 
       253  4.839690646E-02  1.188449776E-01  7.040346354E-02  9.896612247E+04  2.859216064E+02  3.396925524E+02  2.873527188E+02  2.234081275E+02  1.543166364E-01 
       254  4.867844520E-02  1.192029192E-01  7.337369276E-02  9.929352754E+04  2.880979586E+02  3.397897848E+02  2.875178837E+02  2.227466262E+02  1.412001361E-01 
       255  4.889804354E-02  1.195863964E-01  7.634446821E-02  9.956406408E+04  2.899725245E+02  3.398287694E+02  2.875841099E+02  2.224582081E+02  1.314744736E-01 
       256  4.901527392E-02  1.199575346E-01  7.936475415E-02  9.964688382E+04  2.922505249E+02  3.399195822E+02  2.877381768E+02  2.230921844E+02  1.226891675E-01 
       257  4.897414798E-02  1.207471392E-01  8.530893469E-02  9.973530078E+04  2.971064262E+02  3.400579987E+02  2.879715004E+02  2.241899605E+02  1.020640451E-01 
       258  4.879835866E-02  1.211503063E-01  8.827262235E-02  9.976825098E+04  2.993175201E+02  3.398982277E+02  2.877009506E+02  2.250059319E+02  9.392863885E-02 
       259  4.854576088E-02  1.215647590E-01  9.126615169E-02  9.974757116E+04  3.004066773E+02  3.397855461E+02  2.875100999E+02  2.251651844E+02  8.998004680E-02 
       260  4.818457029E-02  1.219712360E-01  9.420996830E-02  1.000556539E+05  3.008865302E+02  3.399027774E+02  2.877086667E+02  2.243099553E+02  8.517852518E-02 
       261  4.782320061E-02  1.224212570E-01  9.713670139E-02  1.005053184E+05  3.006023483E+02  3.400921593E+02  2.880299892E+02  2.230480232E+02  8.356970455E-02 
       262  4.734997920E-02  1.228526278E-01  1.001180955E-01  1.014144590E+05  2.999522324E+02  3.405617447E+02  2.888253632E+02  2.202807961E+02  7.742691692E-02 
       263  4.683890011E-02  1.232935874E-01  1.030087938E-01  1.027683005E+05  2.975992646E+02  3.413850222E+02  2.902245815E+02  2.165045790E+02  7.802904734E-02 
       264  4.566507936E-02  1.242316696E-01  1.088390156E-01  1.053752330E+05  2.919870442E+02  3.421324258E+02  2.914960715E+02  2.081582879E+02  8.207400353E-02 
       265  4.352639189E-02  1.257122811E-01  1.174848542E-01  1.081701774E+05  2.776489951E+02  3.437963477E+02  2.943395068E+02  1.922826289E+02  1.165506864E-01 
       266  4.289440586E-02  1.261798267E-01  1.203730247E-01  1.080694807E+05  2.708975686E+02  3.448855138E+02  2.962104156E+02  1.797258621E+02  1.156898793E-01 
       267  4.242365191E-02  1.265975250E-01  1.232861776E-01  1.073831997E+05  2.612846181E+02  3.470313231E+02  2.999083487E+02  1.532131358E+02  8.629633287E-02 
       268  4.208270049E-02  1.270006734E-01  1.262530889E-01  1.072947227E+05  2.471687737E+02  3.485726471E+02  3.025764885E+02  1.344641647E+02  1.333491951E-01 
       269  4.202415066E-02  1.273246053E-01  1.292418903E-01  1.075576666E+05  2.416209057E+02  3.490305597E+02  3.033701032E+02  1.348885786E+02  1.774777064E-01 
       270  4.218523596E-02  1.275849052E-01  1.322314117E-01  1.075646200E+05  2.428794262E+02  3.490261856E+02  3.033653346E+02  1.414366239E+02  1.911313031E-01 
       271  4.252691668E-02  1.278080741E-01  1.352038484E-01  1.073805130E+05  2.469020025E+02  3.490715688E+02  3.034463108E+02  1.490450340E+02  1.882740598E-01 
       272  4.296344289E-02  1.279984053E-01  1.381664338E-01  1.071291167E+05  2.500518012E+02  3.487468916E+02  3.028838971E+02  1.547666083E+02  1.871026447E-01 
       273  4.347514252E-02  1.281630447E-01  1.411197974E-01  1.067895206E+05  2.525069392E+02  3.482215747E+02  3.019708733E+02  1.603778946E+02  1.905817280E-01 
       274  4.403358971E-02  1.283124551E-01  1.440677535E-01  1.064856700E+05  2.549188160E+02  3.478236973E+02  3.012766090E+02  1.654135126E+02  1.924545560E-01 
       275  4.466583781E-02  1.284644007E-01  1.470000034E-01  1.063010306E+05  2.579723040E+02  3.472889535E+02  2.942551893E+02  1.696755136E+02  1.876753244E-01 
       276 -1.390154712E-02  1.725232616E-01 -4.600000033E-02  8.220136522E+04  1.815959997E+02  3.302759362E+02  2.713535419E+02  3.419253113E+02  1.010824358E+00 
       277 -1.389524734E-02  1.726308379E-01 -4.258575940E-02  8.258097405E+04  1.817377845E+02  3.302728926E+02  2.716369248E+02  3.423964844E+02  1.011163979E+00 
       278 -1.388827040E-02  1.727470810E-01 -3.919459871E-02  8.283708383E+04  1.816625083E+02  3.303204278E+02  2.717151585E+02  3.429501407E+02  1.012411281E+00 
       279 -1.387976982E-02  1.728866868E-01 -3.575874102E-02  8.291633171E+04  1.814599996E+02  3.303708528E+02  2.717980887E+02  3.428507818E+02  1.012960123E+00 
       280 -1.386962822E-02  1.730354599E-01 -3.234598001E-02  8.284166487E+04  1.812832219E+02  3.303553050E+02  2.717725483E+02  3.425682831E+02  1.013160276E+00 
       281 -1.385715910E-02  1.732129765E-01 -2.893478341E-02  8.252621603E+04  1.819571016E+02  3.301578065E+02  2.714478189E+02  3.444272076E+02  1.014287932E+00 
       282 -1.381464856E-02  1.733989484E-01 -2.553958976E-02  8.196871712E+04  1.831292452E+02  3.298365877E+02  2.709198311E+02  3.464413310E+02  1.013880041E+00 
       283 -1.334927366E-02  1.736519924E-01 -2.216152427E-02  8.120574060E+04  1.842710098E+02  3.294834742E+02  2.703400742E+02  3.476782021E+02  1.012237338E+00 
       284 -1.220387625E-02  1.739549638E-01 -1.896956374E-02  8.013268945E+04  1.879721422E+02  3.287220497E+02  2.690929699E+02  3.519995708E+02  1.007634796E+00 
       285 -1.057589609E-02  1.742731966E-01 -1.599005111E-02  7.840080762E+04  1.925030649E+02  3.278385616E+02  2.676481996E+02  3.557724003E+02  9.992680383E-01 
       286 -8.586070527E-03  1.745821273E-01 -1.323108332E-02  7.679492166E+04  1.969512783E+02  3.271239651E+02  2.664822241E+02  3.589132111E+02  9.902108285E-01 
       287 -6.371188279E-03  1.748941133E-01 -1.065117603E-02  7.607625129E+04  2.001112180E+02  3.269017043E+02  2.661201279E+02  3.613231658E+02  9.841820057E-01 
       288 -3.959984913E-03  1.752012559E-01 -8.251810021E-03  7.774885302E+04  1.996577653E+02  3.278197120E+02  2.676201981E+02  3.596518747E+02  9.825816610E-01 
       289 -1.474621790E-03  1.754287438E-01 -5.921768022E-03  8.256742396E+04  1.922397982E+02  3.303178212E+02  2.717215963E+02  3.466668058E+02  9.843759676E-01 
       290  1.096342236E-03  1.756586641E-01 -3.684409899E-03  8.877110347E+04  1.812526412E+02  3.331515904E+02  2.763980895E+02  3.316534758E+02  9.961333322E-01 
       291  3.722457199E-03  1.758529720E-01 -1.512169024E-03  9.166362573E+04  1.758209343E+02  3.343088055E+02  2.783171997E+02  3.279741373E+02  1.009048048E+00 
       292  6.390497491E-03  1.759799744E-01  6.206893580E-04  8.856339307E+04  1.785979548E+02  3.331133595E+02  2.763337173E+02  3.331548977E+02  1.007787630E+00 
       293  1.179759467E-02  1.761809281E-01  4.808741428E-03  7.646823242E+04  2.002450905E+02  3.268259430E+02  2.660035553E+02  3.636262741E+02  9.881567210E-01 
       294  1.450804596E-02  1.762121176E-01  6.883706551E-03  7.256531104E+04  2.104320679E+02  3.242591591E+02  2.618385029E+02  3.746120625E+02  9.756916165E-01 
       295  1.722225861E-02  1.762495216E-01  8.953048646E-03  7.062233105E+04  2.152601013E+02  3.229372978E+02  2.597058945E+02  3.823334084E+02  9.753423333E-01 
       296  1.993233776E-02  1.761597577E-01  1.102855473E-02  6.922077637E+04  2.183288822E+02  3.220749130E+02  2.583207283E+02  3.868865089E+02  9.747211486E-01 
       297  2.263244469E-02  1.760920636E-01  1.311525345E-02  6.751344678E+04  2.229591064E+02  3.209852028E+02  2.565761642E+02  3.911193619E+02  9.683170468E-01 
       298  2.532249661E-02  1.759768902E-01  1.521525865E-02  6.587137134E+04  2.291274853E+02  3.198965588E+02  2.548385191E+02  3.956926155E+02  9.575649984E-01 
       299  2.800116021E-02  1.758008440E-01  1.732596334E-02  6.547464209E+04  2.337879267E+02  3.195771399E+02  2.543303385E+02  3.969515429E+02  9.445852153E-01 
       300  3.066011949E-02  1.756198651E-01  1.946182943E-02  6.778305994E+04  2.345324168E+02  3.208938885E+02  2.564388127E+02  3.918148799E+02  9.308985937E-01 
       301  3.850917716E-02  1.748410184E-01  2.602581626E-02  8.704199414E+04  2.347336283E+02  3.336900072E+02  2.772914982E+02  3.348639565E+02  8.226902634E-01 
       302  4.358739934E-02  1.740919978E-01  3.053362568E-02  8.622060132E+04  2.372073240E+02  3.331820784E+02  2.764441967E+02  3.430207663E+02  8.284547329E-01 
       303  4.609287257E-02  1.736863543E-01  3.281922705E-02  8.526008423E+04  2.388572245E+02  3.329541931E+02  2.760659676E+02  3.438226585E+02  8.246450126E-01 
       304  4.855845708E-02  1.731970535E-01  3.512834265E-02  8.486243408E+04  2.431209340E+02  3.328013325E+02  2.758122234E+02  3.443990479E+02  8.111540955E-01 
       305  5.100043215E-02  1.726458906E-01  3.745772352E-02  8.558483130E+04  2.478488069E+02  3.331374717E+02  2.763699245E+02  3.432034383E+02  7.931752671E-01 
       306  5.340036417E-02  1.720848619E-01  3.982071753E-02  8.852781372E+04  2.508025401E+02  3.345196509E+02  2.786721575E+02  3.371605711E+02  7.730749128E-01 
       307  5.576533568E-02  1.714326002E-01  4.220398857E-02  9.393507950E+04  2.497703189E+02  3.372827595E+02  2.833003384E+02  3.237257308E+02  7.548438110E-01 
       308  5.808130114E-02  1.707532671E-01  4.462162642E-02  9.976820649E+04  2.466452630E+02  3.404123562E+02  2.885798407E+02  3.089491510E+02  7.428625465E-01 
       309  6.913202621E-02  1.670049815E-01  5.708998555E-02  1.126100435E+05  2.416145835E+02  3.469984574E+02  2.998486929E+02  2.743263640E+02  7.143973401E-01 
       310  7.325557335E-02  1.653928843E-01  6.228962682E-02  1.156879936E+05  2.409818202E+02  3.482802103E+02  3.020668483E+02  2.655574521E+02  7.070880844E-01 
       311  7.526114685E-02  1.645964451E-01  6.493668120E-02  1.168932959E+05  2.399266968E+02  3.487889938E+02  3.029498444E+02  2.639065151E+02  7.108495161E-01 
       312  8.099008587E-02  1.620989224E-01  7.305121222E-02  1.187885576E+05  2.393036385E+02  3.494492760E+02  3.040969887E+02  2.571654720E+02  7.058523446E-01 
       313  8.281625202E-02  1.612441772E-01  7.580722199E-02  1.190781377E+05  2.390970726E+02  3.494292412E+02  3.040620728E+02  2.563899803E+02  7.066090405E-01 
       314  8.462318717E-02  1.604029889E-01  7.856519154E-02  1.192318982E+05  2.384466000E+02  3.494385204E+02  3.040779686E+02  2.564932041E+02  7.107434180E-01 
       315  8.638808364E-02  1.595156660E-01  8.135371941E-02  1.192609177E+05  2.376201568E+02  3.493882980E+02  3.039904633E+02  2.565959435E+02  7.149209064E-01 
       316  8.818531781E-02  1.586346563E-01  8.418846896E-02  1.191786534E+05  2.378863477E+02  3.491027960E+02  3.034939241E+02  2.553421006E+02  7.110890651E-01 
       317  9.153487112E-02  1.568453452E-01  8.985396979E-02  1.190351959E+05  2.380244505E+02  3.489104152E+02  3.031599174E+02  2.543512678E+02  7.102129189E-01 
       318  9.319079870E-02  1.559467714E-01  9.269883327E-02  1.189485967E+05  2.378338165E+02  3.488815804E+02  3.031100636E+02  2.543436470E+02  7.111985236E-01 
       319  9.639067810E-02  1.541493463E-01  9.845101971E-02  1.189100420E+05  2.377769051E+02  3.487650776E+02  3.029071121E+02  2.546318150E+02  7.127893418E-01 
       320  9.789700787E-02  1.532238030E-01  1.013752208E-01  1.188873315E+05  2.383728569E+02  3.486908011E+02  3.027779632E+02  2.543627739E+02  7.092265757E-01 
       321  9.939560036E-02  1.523575645E-01  1.043121280E-01  1.188261406E+05  2.392649765E+02  3.484944305E+02  3.024369755E+02  2.546218891E+02  7.065337673E-01 
       322  1.008373928E-01  1.515239935E-01  1.072922639E-01  1.186938867E+05  2.398400536E+02  3.482657833E+02  3.020401649E+02  2.553162956E+02  7.055281550E-01 
       323  1.021925752E-01  1.507164957E-01  1.103173974E-01  1.185852827E+05  2.407942505E+02  3.480378618E+02  3.016452260E+02  2.563073668E+02  7.024651002E-01 
       324  1.063175391E-01  1.486079647E-01  1.265700906E-01  1.181975918E+05  2.410733986E+02  3.488963776E+02  3.031388931E+02  2.564306717E+02  7.040332258E-01 
       325  1.064822206E-01  1.487022474E-01  1.299738775E-01  1.183560762E+05  2.374085350E+02  3.502425156E+02  3.054842300E+02  2.451574249E+02  7.114695907E-01 
       326  1.066476119E-01  1.488146338E-01  1.333799290E-01  1.182936289E+05  2.314096985E+02  3.516633949E+02  3.079659500E+02  2.283143806E+02  7.294393778E-01 
       327  1.068180965E-01  1.489318139E-01  1.367854531E-01  1.180708281E+05  2.276408691E+02  3.523448792E+02  3.091580734E+02  2.180377922E+02  7.446541414E-01 
       328  1.069979625E-01  1.490578552E-01  1.401905319E-01  1.179449697E+05  2.294581242E+02  3.518130150E+02  3.082259941E+02  2.236861782E+02  7.401121631E-01 
       329  1.071817424E-01  1.491887345E-01  1.435955648E-01  1.180051113E+05  2.348244581E+02  3.505088062E+02  3.057783833E+02  2.443703098E+02  7.262895480E-01 
       330  1.073851999E-01  1.493347905E-01  1.470000044E-01  1.179958320E+05  2.436132813E+02  3.484521408E+02  3.011923676E+02  2.635777130E+02  7.045752257E-01 
       331 -5.132010553E-03  2.399711247E-01 -4.600000034E-02  8.387164258E+04  1.739889469E+02  3.311029396E+02  2.728334255E+02  4.392787170E+02  1.163512051E+00 
       332 -5.128125210E-03  2.399809281E-01 -4.210430258E-02  8.438792114E+04  1.746682997E+02  3.308617296E+02  2.726066313E+02  4.400388584E+02  1.162602179E+00 
       333 -5.125201508E-03  2.399922328E-01 -3.820870464E-02  8.335416077E+04  1.767821031E+02  3.303422449E+02  2.717524705E+02  4.423663826E+02  1.159864575E+00 
       334 -5.121813889E-03  2.400095995E-01 -3.431329778E-02  8.151560605E+04  1.805089321E+02  3.295217488E+02  2.704046717E+02  4.462976460E+02  1.154886246E+00 
       335 -5.119016059E-03  2.400291916E-01 -3.041776666E-02  7.952579015E+04  1.861036937E+02  3.285036682E+02  2.687366492E+02  4.493864577E+02  1.144283651E+00 
       336 -5.114574788E-03  2.400538233E-01 -2.652182619E-02  7.818175665E+04  1.886650892E+02  3.280504503E+02  2.679943135E+02  4.505527127E+02  1.139061107E+00 
       337 -5.109553763E-03  2.400828758E-01 -2.262552630E-02  7.804158948E+04  1.884744060E+02  3.282293782E+02  2.682877116E+02  4.501418247E+02  1.138997249E+00 
       338 -5.103895973E-03  2.401152952E-01 -1.872899116E-02  8.041604803E+04  1.854004956E+02  3.293273795E+02  2.700876932E+02  4.469349704E+02  1.143288740E+00 
       339 -4.925504783E-03  2.402473149E-01 -7.056915668E-03  8.777293720E+04  1.700344968E+02  3.323818902E+02  2.751237736E+02  4.326835974E+02  1.168197691E+00 
       340 -3.715119829E-03  2.403023013E-01 -3.373311706E-03  8.195517145E+04  1.801909263E+02  3.302740841E+02  2.716508871E+02  4.429513481E+02  1.153227225E+00 
       341 -1.562012846E-03  2.403581740E-01 -1.360753051E-04  7.837906696E+04  1.902852761E+02  3.281696640E+02  2.681936613E+02  4.530652888E+02  1.137866224E+00 
       342  1.133764527E-03  2.404094608E-01  2.675248428E-03  7.846049023E+04  1.908624177E+02  3.277858295E+02  2.675636864E+02  4.516273937E+02  1.135046970E+00 
       343  4.137632423E-03  2.404197044E-01  5.149238455E-03  7.993246245E+04  1.864360893E+02  3.284776884E+02  2.686933084E+02  4.475493992E+02  1.141938156E+00 
       344  7.316400202E-03  2.403253331E-01  7.399564588E-03  7.994884930E+04  1.849157177E+02  3.287241897E+02  2.690960716E+02  4.465231584E+02  1.144802668E+00 
       345  1.395577155E-02  2.400667001E-01  1.148649181E-02  8.624520996E+04  1.731640472E+02  3.316434765E+02  2.739053202E+02  4.375589809E+02  1.166287839E+00 
       346  1.735065466E-02  2.397965962E-01  1.337576268E-02  8.977267383E+04  1.611984501E+02  3.336125946E+02  2.771632309E+02  4.253161736E+02  1.184984937E+00 
       347  2.419161170E-02  2.391929427E-01  1.704637434E-02  7.975887793E+04  1.839913330E+02  3.292307968E+02  2.699317474E+02  4.460162048E+02  1.147292122E+00 
       348  2.761839379E-02  2.387452844E-01  1.884103948E-02  7.964926563E+04  1.870131588E+02  3.287894707E+02  2.692042007E+02  4.454366989E+02  1.138755947E+00 
       349  3.105226563E-02  2.382885234E-01  2.062260888E-02  8.068262061E+04  1.840377531E+02  3.296261044E+02  2.705752401E+02  4.428046722E+02  1.143282369E+00 
       350  3.788868369E-02  2.371344800E-01  2.417075674E-02  8.048293896E+04  1.870915241E+02  3.295805740E+02  2.704999866E+02  4.470837860E+02  1.140821941E+00 
       351  4.468291751E-02  2.357525484E-01  2.771953789E-02  8.014552539E+04  1.907678909E+02  3.291981812E+02  2.698758717E+02  4.471506767E+02  1.133713551E+00 
       352  4.805699300E-02  2.349490393E-01  2.948953136E-02  8.057507776E+04  1.893955951E+02  3.295290489E+02  2.704193296E+02  4.454863663E+02  1.137351872E+00 
       353  5.140582287E-02  2.340778219E-01  3.127771149E-02  8.070293408E+04  1.899657240E+02  3.295401707E+02  2.704379597E+02  4.457260628E+02  1.138400555E+00 
       354  5.473006301E-02  2.331020583E-01  3.305777180E-02  7.992301074E+04  1.922895126E+02  3.290784645E+02  2.696792870E+02  4.463276291E+02  1.134932265E+00 
       355  5.803984836E-02  2.320923676E-01  3.484458617E-02  7.848512012E+04  1.964949722E+02  3.280630627E+02  2.680172234E+02  4.496863327E+02  1.129255928E+00 
       356  6.132921494E-02  2.310454118E-01  3.665150486E-02  7.668517282E+04  1.993993531E+02  3.270635766E+02  2.663866794E+02  4.508659178E+02  1.125425334E+00 
       357  6.777528194E-02  2.285846393E-01  4.027160278E-02  8.487148828E+04  2.134118233E+02  3.323903885E+02  2.751657257E+02  4.292830887E+02  1.071172282E+00 
       358  7.097972553E-02  2.273472007E-01  4.209367684E-02  9.214584180E+04  2.294055347E+02  3.360618553E+02  2.812517624E+02  4.131549149E+02  1.015136264E+00 
       359  7.412444428E-02  2.259565065E-01  4.393674079E-02  9.120640308E+04  2.343235769E+02  3.349629421E+02  2.794144516E+02  4.192237225E+02  1.008761203E+00 
       360  7.725834663E-02  2.245514312E-01  4.577102978E-02  8.735129004E+04  2.338621092E+02  3.333135796E+02  2.766636963E+02  4.272725868E+02  1.017989982E+00 
       361  8.037011026E-02  2.231435234E-01  4.763983740E-02  8.971234277E+04  2.340840378E+02  3.348671417E+02  2.792665787E+02  4.206856956E+02  1.014028370E+00 
       362  8.343109451E-02  2.215945322E-01  4.950276897E-02  1.028730635E+05  2.244550956E+02  3.410329573E+02  2.896658833E+02  3.921463411E+02  1.022222124E+00 
       363  8.646988642E-02  2.201046420E-01  5.141624103E-02  1.221127656E+05  2.096738029E+02  3.483629570E+02  3.022482715E+02  3.590603781E+02  1.053056929E+00 
       364  9.242245520E-02  2.169732682E-01  5.534503106E-02  1.187501501E+05  2.222583103E+02  3.496583271E+02  3.044925165E+02  3.519917774E+02  9.977040961E-01 
       365  9.533631835E-02  2.153857768E-01  5.738443174E-02  1.164703451E+05  2.245573065E+02  3.492610931E+02  3.038108053E+02  3.539954500E+02  9.884323487E-01 
       366  9.819952312E-02  2.138016843E-01  5.949569436E-02  1.166596338E+05  2.233970509E+02  3.502636738E+02  3.055568733E+02  3.508935223E+02  9.882565737E-01 
       367  1.009694591E-01  2.121295788E-01  6.167326851E-02  1.189656931E+05  2.251811409E+02  3.512366886E+02  3.072519131E+02  3.447087288E+02  9.770711940E-01 
       368  1.037116704E-01  2.105064985E-01  6.390540356E-02  1.205142881E+05  2.283075247E+02  3.523929777E+02  3.092810745E+02  3.390431299E+02  9.631630257E-01 
       369  1.064180189E-01  2.088777679E-01  6.618856681E-02  1.209196245E+05  2.346053896E+02  3.527129478E+02  3.098438454E+02  3.373204365E+02  9.414499626E-01 
       370  1.090480686E-01  2.071800512E-01  6.850700508E-02  1.211027563E+05  2.376976280E+02  3.528283367E+02  3.100506363E+02  3.336273460E+02  9.288357161E-01 
       371  1.116790455E-01  2.055210471E-01  7.084353951E-02  1.214222981E+05  2.379479330E+02  3.535552573E+02  3.113331289E+02  3.315815139E+02  9.260614887E-01 
       372  1.142974452E-01  2.038484190E-01  7.319785208E-02  1.217442573E+05  2.386091499E+02  3.541100922E+02  3.123153219E+02  3.313824663E+02  9.225444403E-01 
       373  1.168416696E-01  2.021295301E-01  7.558130371E-02  1.220064839E+05  2.381282282E+02  3.545867023E+02  3.131637783E+02  3.296998386E+02  9.227924012E-01 
       374  1.193277496E-01  2.004108846E-01  7.805168345E-02  1.223157246E+05  2.355939670E+02  3.546570516E+02  3.132897620E+02  3.277655234E+02  9.294586489E-01 
       375  1.217693779E-01  1.987784452E-01  8.060399866E-02  1.225894570E+05  2.318814354E+02  3.543258581E+02  3.126990223E+02  3.279212284E+02  9.405348636E-01 
       376  1.240793489E-01  1.970470446E-01  8.322373237E-02  1.229551792E+05  2.272382212E+02  3.538907957E+02  3.119258633E+02  3.285026369E+02  9.543291666E-01 
       377  1.263696524E-01  1.953872062E-01  8.590193330E-02  1.234110353E+05  2.215024747E+02  3.539007239E+02  3.119296303E+02  3.271984345E+02  9.708758499E-01 
       378  1.285811840E-01  1.937639536E-01  8.866989816E-02  1.234043000E+05  2.187992108E+02  3.522881517E+02  3.090783062E+02  3.343586431E+02  9.788168361E-01 
       379  1.378530526E-01  1.861918564E-01  1.119425893E-01  1.226615674E+05  2.222549982E+02  3.549370146E+02  3.137317905E+02  3.186357450E+02  9.667369276E-01 
       380  1.378280879E-01  1.861358471E-01  1.158380052E-01  1.221671289E+05  2.231368747E+02  3.560305958E+02  3.156674633E+02  3.063293018E+02  9.642551951E-01 
       381  1.378172244E-01  1.861105784E-01  1.197328496E-01  1.216827229E+05  2.275580964E+02  3.564346275E+02  3.163838081E+02  3.029678211E+02  9.504846521E-01 
       382  1.378137064E-01  1.861013403E-01  1.236281983E-01  1.222003896E+05  2.313095932E+02  3.559533429E+02  3.155323472E+02  3.134931467E+02  9.358114684E-01 
       383  1.378232998E-01  1.861207539E-01  1.275238734E-01  1.227841176E+05  2.316556941E+02  3.547778404E+02  3.134559398E+02  3.252259178E+02  9.364487132E-01 
       384  1.378388478E-01  1.861485149E-01  1.314192119E-01  1.229386808E+05  2.284091941E+02  3.533734652E+02  3.109812428E+02  3.350307251E+02  9.478851307E-01 
       385  1.378667705E-01  1.861922064E-01  1.353144338E-01  1.228723345E+05  2.239502237E+02  3.528169785E+02  3.100010390E+02  3.333832624E+02  9.607577678E-01 
       386  1.378917792E-01  1.862393165E-01  1.392095884E-01  1.228947101E+05  2.218328675E+02  3.526218983E+02  3.096552792E+02  3.317135127E+02  9.667606191E-01 
       387  1.379128913E-01  1.862912877E-01  1.431056120E-01  1.230182930E+05  2.213214848E+02  3.528470814E+02  3.099114920E+02  3.295682440E+02  9.681849667E-01 
       388  1.379274402E-01  1.863453723E-01  1.469999959E-01  1.231920188E+05  2.208507271E+02  3.536611838E+02  3.109235492E+02  3.242450571E+02  9.696049877E-01 
       389 -3.389247132E-02  1.007789921E-01 -4.300551245E-02  8.755307617E+04  1.538765402E+02  3.330652046E+02  2.762494793E+02  2.356651688E+02  8.594181053E-01 
       390 -3.372456358E-02  1.010433636E-01 -4.002223516E-02  8.745416995E+04  1.547819721E+02  3.329890568E+02  2.761232572E+02  2.367048746E+02  8.583109587E-01 
       391 -3.329024078E-02  1.014074167E-01 -3.707963811E-02  8.730887375E+04  1.549788525E+02  3.329616520E+02  2.760777552E+02  2.369550093E+02  8.584179298E-01 
       392 -3.255620303E-02  1.018883264E-01 -3.421559131E-02  8.719639534E+04  1.558072323E+02  3.328827974E+02  2.759469361E+02  2.377476920E+02  8.570493516E-01 
       393 -3.153373485E-02  1.024554568E-01 -3.145384174E-02  8.708299551E+04  1.565777754E+02  3.328014429E+02  2.758120946E+02  2.388381267E+02  8.570725740E-01 
       394 -3.028950121E-02  1.031058036E-01 -2.880322264E-02  8.700298169E+04  1.572423653E+02  3.327430259E+02  2.757152911E+02  2.391338961E+02  8.549225226E-01 
       395 -2.888173412E-02  1.037838005E-01 -2.624318977E-02  8.691934671E+04  1.579491283E+02  3.326891436E+02  2.756259959E+02  2.401004980E+02  8.548930843E-01 
       396 -2.733119538E-02  1.044792183E-01 -2.377110822E-02  8.685027489E+04  1.584789616E+02  3.326560760E+02  2.755711963E+02  2.407226614E+02  8.547671742E-01 
       397 -2.568342124E-02  1.052055751E-01 -2.135968630E-02  8.671441805E+04  1.589884146E+02  3.326009421E+02  2.754798674E+02  2.413636496E+02  8.547909059E-01 
       398 -2.397735570E-02  1.059146334E-01 -1.899049647E-02  8.651629956E+04  1.596872304E+02  3.324853916E+02  2.752884680E+02  2.426571023E+02  8.561258717E-01 
       399 -2.220871387E-02  1.066063154E-01 -1.667396516E-02  8.620671375E+04  1.603392645E+02  3.323476396E+02  2.750604361E+02  2.438533225E+02  8.572311371E-01 
       400 -2.041003203E-02  1.073389070E-01 -1.437512078E-02  8.567075204E+04  1.623941838E+02  3.320167508E+02  2.745130913E+02  2.467400663E+02  8.570610834E-01 
       401 -1.856976066E-02  1.079715131E-01 -1.211630566E-02  8.487753504E+04  1.651232636E+02  3.315887219E+02  2.738058364E+02  2.499370600E+02  8.540541218E-01 
       402 -1.670953655E-02  1.086522831E-01 -9.860640570E-03  8.431510107E+04  1.684310448E+02  3.312883237E+02  2.733099460E+02  2.524853440E+02  8.462409476E-01 
       403 -1.482329113E-02  1.093026603E-01 -7.620995183E-03  8.441683444E+04  1.709123815E+02  3.313606922E+02  2.734293571E+02  2.526508750E+02  8.341041232E-01 
       404 -1.292306254E-02  1.099268373E-01 -5.385291055E-03  8.527494946E+04  1.718231506E+02  3.318224573E+02  2.741920805E+02  2.499759903E+02  8.204080537E-01 
       405 -1.101845801E-02  1.105590611E-01 -3.137660868E-03  8.691038416E+04  1.703801932E+02  3.327327194E+02  2.756987011E+02  2.441262139E+02  8.091074286E-01 
       406 -9.120841472E-03  1.111701815E-01 -8.914052251E-04  8.956125696E+04  1.670978008E+02  3.341677368E+02  2.780820822E+02  2.353586501E+02  7.993083727E-01 
       407 -7.240675928E-03  1.117476218E-01  1.353994698E-03  9.294985084E+04  1.624535221E+02  3.359943306E+02  2.811312015E+02  2.225662351E+02  7.866006936E-01 
       408 -5.370549944E-03  1.123083196E-01  3.627204146E-03  9.662449536E+04  1.615644968E+02  3.379490242E+02  2.844111371E+02  2.082297826E+02  7.523226961E-01 
       409 -3.530590186E-03  1.128981262E-01  5.933484609E-03  9.851580647E+04  1.733199991E+02  3.386813707E+02  2.856448759E+02  2.034637176E+02  6.722987894E-01 
       410 -1.726912218E-03  1.134387153E-01  8.259926622E-03  9.818258716E+04  1.837057505E+02  3.386976523E+02  2.856719246E+02  2.038548417E+02  6.142090755E-01 
       411  3.734044288E-05  1.140039107E-01  1.062617763E-02  9.731994312E+04  1.944049363E+02  3.381391840E+02  2.847312860E+02  2.076614604E+02  5.657450920E-01 
       412  1.740848712E-03  1.145879687E-01  1.302702968E-02  9.662804498E+04  2.014446745E+02  3.378546875E+02  2.842518103E+02  2.112441289E+02  5.384251470E-01 
       413  3.387617433E-03  1.151172021E-01  1.547343878E-02  9.609728522E+04  2.083989288E+02  3.375286109E+02  2.837033749E+02  2.151115857E+02  5.130812239E-01 
       414  4.957112811E-03  1.157081541E-01  1.796238578E-02  9.546801282E+04  2.150249984E+02  3.372383637E+02  2.832158227E+02  2.184488049E+02  4.891008157E-01 
       415  6.462677552E-03  1.163151534E-01  2.048609031E-02  9.465565894E+04  2.217716155E+02  3.368291912E+02  2.825292263E+02  2.222438259E+02  4.665552145E-01 
       416  7.926557233E-03  1.168909271E-01  2.304605918E-02  9.400892084E+04  2.280739708E+02  3.364121315E+02  2.818296423E+02  2.263656585E+02  4.477746994E-01 
       417  9.338612782E-03  1.175119790E-01  2.562398907E-02  9.368447518E+04  2.332036700E+02  3.361897068E+02  2.814572584E+02  2.282480869E+02  4.286455743E-01 
       418  1.068984297E-02  1.181121478E-01  2.822455248E-02  9.348157892E+04  2.379422256E+02  3.360712625E+02  2.812588854E+02  2.300066862E+02  4.111160656E-01 
       419  1.198650266E-02  1.187330819E-01  3.085849659E-02  9.339764749E+04  2.420456292E+02  3.360931617E+02  2.812952600E+02  2.310543193E+02  3.950838567E-01 
       420  1.322982934E-02  1.193430432E-01  3.352159396E-02  9.338780450E+04  2.463083659E+02  3.360909767E+02  2.812916656E+02  2.318398222E+02  3.768927663E-01 
       421  1.439865389E-02  1.199672983E-01  3.621509854E-02  9.356126195E+04  2.503316028E+02  3.361365690E+02  2.813681135E+02  2.323165758E+02  3.589208263E-01 
       422  1.553995729E-02  1.205631245E-01  3.892438234E-02  9.397030972E+04  2.535572536E+02  3.363194001E+02  2.816742708E+02  2.321233600E+02  3.430373096E-01 
       423  1.662952250E-02  1.211745408E-01  4.165332372E-02  9.445736737E+04  2.564082038E+02  3.365320832E+02  2.820307987E+02  2.315028582E+02  3.278082272E-01 
       424  1.764894372E-02  1.217373945E-01  4.441857664E-02  9.516337286E+04  2.582498670E+02  3.369228048E+02  2.826865252E+02  2.295306509E+02  3.131492535E-01 
       425  1.861873940E-02  1.222791769E-01  4.720617614E-02  9.621524410E+04  2.596924648E+02  3.374777694E+02  2.836183787E+02  2.265675460E+02  2.968680639E-01 
       426  1.950820179E-02  1.228336643E-01  5.001741530E-02  9.729117175E+04  2.611778710E+02  3.380182436E+02  2.845274053E+02  2.232521918E+02  2.791385361E-01 
       427  2.036944420E-02  1.233245632E-01  5.285072558E-02  9.840566479E+04  2.630119985E+02  3.385140921E+02  2.853628591E+02  2.210647772E+02  2.631381138E-01 
       428  2.117157025E-02  1.238295963E-01  5.569831964E-02  9.960349463E+04  2.645027041E+02  3.390692315E+02  2.862997293E+02  2.184543808E+02  2.477658293E-01 
       429  2.190592593E-02  1.242947792E-01  5.857026217E-02  1.006740977E+05  2.660085182E+02  3.395908833E+02  2.871810799E+02  2.157645807E+02  2.316551674E-01 
       430  2.257248913E-02  1.247551336E-01  6.145961794E-02  1.016175728E+05  2.677101593E+02  3.400427952E+02  2.879457912E+02  2.133079510E+02  2.153475462E-01 
       431  2.314781749E-02  1.251835029E-01  6.437124902E-02  1.023740723E+05  2.698078475E+02  3.403729820E+02  2.885050902E+02  2.112873540E+02  1.979165771E-01 
       432  2.363318974E-02  1.255957621E-01  6.730774801E-02  1.029423492E+05  2.721493735E+02  3.406394544E+02  2.889568961E+02  2.098426845E+02  1.810568436E-01 
       433  2.402789138E-02  1.260195069E-01  7.025072331E-02  1.033314063E+05  2.747993679E+02  3.408579063E+02  2.893276234E+02  2.090288191E+02  1.646502540E-01 
       434  2.431727977E-02  1.264030352E-01  7.321094069E-02  1.035544199E+05  2.777980232E+02  3.409990044E+02  2.895672207E+02  2.088202744E+02  1.480457373E-01 
       435  2.453016930E-02  1.268032789E-01  7.617447467E-02  1.035957595E+05  2.810875950E+02  3.410635738E+02  2.896769166E+02  2.092015300E+02  1.319359723E-01 
       436  2.462079541E-02  1.271795605E-01  7.915094878E-02  1.034406591E+05  2.848175256E+02  3.409845226E+02  2.895425944E+02  2.103415264E+02  1.158163919E-01 
       437  2.463902970E-02  1.275610820E-01  8.212637731E-02  1.029440537E+05  2.887238612E+02  3.407994967E+02  2.892285352E+02  2.126696463E+02  1.035747305E-01 
       438  2.457492051E-02  1.279220853E-01  8.510260082E-02  1.020742112E+05  2.930193461E+02  3.404156331E+02  2.885773465E+02  2.164643778E+02  9.480321070E-02 
       439  2.441429013E-02  1.282749863E-01  8.807550525E-02  1.008721515E+05  2.969843632E+02  3.398530317E+02  2.876243575E+02  2.212012237E+02  9.214838690E-02 
       440  2.420234297E-02  1.286273229E-01  9.105186832E-02  1.000235489E+05  2.980127500E+02  3.394526061E+02  2.869469477E+02  2.246711977E+02  1.022509181E-01 
       441  2.388558350E-02  1.289647853E-01  9.401845916E-02  9.997440833E+04  2.966422787E+02  3.394124371E+02  2.868788499E+02  2.254669759E+02  1.154298190E-01 
       442  2.351928731E-02  1.293134864E-01  9.696958543E-02  1.003912114E+05  2.942875738E+02  3.396012945E+02  2.871982611E+02  2.242775816E+02  1.265810019E-01 
       443  2.306449285E-02  1.296327241E-01  9.991680403E-02  1.011005505E+05  2.915696182E+02  3.399526892E+02  2.877929239E+02  2.218010302E+02  1.344475867E-01 
       444  2.257188759E-02  1.299515661E-01  1.028605699E-01  1.020129414E+05  2.886054707E+02  3.403784113E+02  2.885142412E+02  2.188861036E+02  1.422045478E-01 
       445  2.201092100E-02  1.302726916E-01  1.057899135E-01  1.030564434E+05  2.856719068E+02  3.408862532E+02  2.893756779E+02  2.151249101E+02  1.466842972E-01 
       446  2.143382683E-02  1.305960230E-01  1.087107054E-01  1.041012004E+05  2.832873435E+02  3.413822631E+02  2.902184893E+02  2.111999774E+02  1.475512009E-01 
       447  2.076802587E-02  1.309307408E-01  1.116221513E-01  1.050075146E+05  2.809417744E+02  3.419578056E+02  2.911978989E+02  2.069928675E+02  1.472929874E-01 
       448  2.010215597E-02  1.312657467E-01  1.145293522E-01  1.058379092E+05  2.791876736E+02  3.424642935E+02  2.920610857E+02  2.032105298E+02  1.453396911E-01 
       449  1.945135245E-02  1.316056955E-01  1.174374795E-01  1.066066428E+05  2.778222430E+02  3.428875656E+02  2.927834852E+02  2.004992223E+02  1.454065347E-01 
       450  1.885387307E-02  1.319548677E-01  1.203553293E-01  1.071860027E+05  2.769007490E+02  3.431736805E+02  2.932723253E+02  1.990493281E+02  1.477001058E-01 
       451  1.837479322E-02  1.322913677E-01  1.233018373E-01  1.075788079E+05  2.759904785E+02  3.434006529E+02  2.936604605E+02  1.978615851E+02  1.510898615E-01 
       452  1.811263581E-02  1.325954541E-01  1.262715907E-01  1.076940137E+05  2.755847816E+02  3.434938297E+02  2.938197842E+02  1.976683865E+02  1.549973525E-01 
       453  1.805653049E-02  1.328847135E-01  1.292554963E-01  1.076509958E+05  2.756856337E+02  3.434937196E+02  2.938196559E+02  1.984203506E+02  1.594064124E-01 
       454  1.819877737E-02  1.331672438E-01  1.322380588E-01  1.074819830E+05  2.761752822E+02  3.434375174E+02  2.937233962E+02  1.999451096E+02  1.642517920E-01 
       455  1.852494771E-02  1.334510277E-01  1.352129826E-01  1.072799212E+05  2.767020693E+02  3.433850165E+02  2.936335635E+02  2.015863202E+02  1.694515901E-01 
       456  1.890761882E-02  1.337081709E-01  1.381756048E-01  1.070328787E+05  2.774563262E+02  3.432959721E+02  2.934812075E+02  2.032952307E+02  1.732847333E-01 
       457  1.937808835E-02  1.339540030E-01  1.411279949E-01  1.067834017E+05  2.781141915E+02  3.432311020E+02  2.933704131E+02  2.050815363E+02  1.779625271E-01 
       458  1.989552602E-02  1.341916383E-01  1.440726902E-01  1.065585815E+05  2.788743233E+02  3.431550648E+02  2.932405381E+02  2.069042815E+02  1.821344250E-01 
       459  2.048114376E-02  1.344526817E-01  1.469999956E-01  1.062978970E+05  2.803430948E+02  3.429503431E+02  2.928953915E+02  2.093147125E+02  1.837552749E-01 
       460 -4.772920012E-02  1.664853148E-01 -4.258181757E-02  8.245385183E+04  1.817262352E+02  3.302319607E+02  2.715696000E+02  3.429326392E+02  1.012249595E+00 
       461 -4.770031945E-02  1.666117663E-01 -3.916302660E-02  8.227121124E+04  1.815220883E+02  3.301668785E+02  2.714627688E+02  3.428223672E+02  1.012880138E+00 
       462 -4.768621633E-02  1.667606858E-01 -3.574527808E-02  8.193155615E+04  1.829114912E+02  3.299192262E+02  2.710557961E+02  3.448365240E+02  1.011784062E+00 
       463 -4.773671611E-02  1.669008759E-01 -3.232563070E-02  8.149481738E+04  1.844653587E+02  3.296292992E+02  2.705794964E+02  3.472528353E+02  1.010822386E+00 
       464 -4.779814392E-02  1.670685917E-01 -2.890641835E-02  8.088378809E+04  1.855222187E+02  3.293350973E+02  2.700967464E+02  3.479459038E+02  1.008571062E+00 
       465 -4.772832030E-02  1.672854950E-01 -2.549705171E-02  8.013903638E+04  1.878641932E+02  3.288808990E+02  2.693526254E+02  3.503630261E+02  1.005142059E+00 
       466 -4.733274936E-02  1.676197526E-01 -2.211766833E-02  7.953034912E+04  1.913381314E+02  3.284018826E+02  2.685684628E+02  3.539739323E+02  1.000019548E+00 
       467 -4.646629434E-02  1.680852894E-01 -1.884685997E-02  7.946113266E+04  1.936859825E+02  3.283628429E+02  2.685045949E+02  3.541206224E+02  9.925899995E-01 
       468 -4.497458874E-02  1.687177674E-01 -1.583913045E-02  8.105385522E+04  1.915886030E+02  3.294317970E+02  2.702569633E+02  3.489246759E+02  9.913269263E-01 
       469 -4.311049959E-02  1.694263862E-01 -1.306511329E-02  8.427097461E+04  1.870121436E+02  3.311353683E+02  2.730603814E+02  3.394558182E+02  9.924837742E-01 
       470 -4.101650432E-02  1.701661907E-01 -1.047820325E-02  8.735007959E+04  1.798925972E+02  3.328398399E+02  2.758763657E+02  3.316856213E+02  1.004252363E+00 
       471 -3.872443978E-02  1.709287414E-01 -8.043812788E-03  8.754917676E+04  1.774100888E+02  3.328493667E+02  2.758925960E+02  3.321789522E+02  1.013041590E+00 
       472 -3.634257562E-02  1.716543837E-01 -5.706210795E-03  8.538256152E+04  1.791340761E+02  3.317048836E+02  2.739994907E+02  3.382864609E+02  1.016501665E+00 
       473 -3.384972842E-02  1.724025179E-01 -3.469956820E-03  8.148141449E+04  1.870667846E+02  3.294554081E+02  2.702979352E+02  3.502211130E+02  1.009714518E+00 
       474 -3.133060076E-02  1.731099844E-01 -1.271304633E-03  7.703705222E+04  1.963452073E+02  3.269841924E+02  2.662595356E+02  3.620889635E+02  1.000328747E+00 
       475 -2.873453975E-02  1.737912906E-01  8.535856133E-04  7.334636743E+04  2.071135116E+02  3.245511742E+02  2.623121920E+02  3.731596060E+02  9.855929874E-01 
       476 -2.611690126E-02  1.744247281E-01  2.958268427E-03  7.095808594E+04  2.132345338E+02  3.231161695E+02  2.599964848E+02  3.788966880E+02  9.769859761E-01 
       477 -2.348835128E-02  1.750433393E-01  5.058280838E-03  6.965640952E+04  2.174883099E+02  3.222251583E+02  2.585675323E+02  3.838438026E+02  9.725299147E-01 
       478 -2.083113736E-02  1.756162102E-01  7.133742148E-03  6.943114990E+04  2.191763854E+02  3.221106634E+02  2.583797321E+02  3.834880838E+02  9.664933030E-01 
       479 -1.816607045E-02  1.761555279E-01  9.209141426E-03  6.973380420E+04  2.206534157E+02  3.224515162E+02  2.589272757E+02  3.838052940E+02  9.614742361E-01 
       480 -1.549262448E-02  1.766467189E-01  1.128626304E-02  7.235485669E+04  2.213040686E+02  3.241844482E+02  2.617236643E+02  3.758425455E+02  9.423755333E-01 
       481 -1.281959455E-02  1.771087169E-01  1.337222607E-02  8.241390540E+04  2.129492640E+02  3.302511508E+02  2.716270225E+02  3.483763511E+02  9.194017975E-01 
       482 -1.015361520E-02  1.775059034E-01  1.547159933E-02  9.781998701E+04  2.065558801E+02  3.382715992E+02  2.849603710E+02  3.056781114E+02  8.764679820E-01 
       483 -7.491200012E-03  1.778633735E-01  1.757589553E-02  9.483094849E+04  2.237974572E+02  3.364380646E+02  2.818744411E+02  3.131887836E+02  8.289130796E-01 
       484 -4.837064878E-03  1.782590199E-01  1.971143984E-02  8.959595947E+04  2.292351656E+02  3.342711782E+02  2.782555017E+02  3.314234409E+02  8.368456960E-01 
       485 -2.188499166E-03  1.785530451E-01  2.185094162E-02  8.881652164E+04  2.315780732E+02  3.338761073E+02  2.775996830E+02  3.335704658E+02  8.317759933E-01 
       486  4.329096806E-04  1.787998193E-01  2.404680664E-02  8.938052881E+04  2.341827793E+02  3.340835552E+02  2.779430199E+02  3.338993225E+02  8.230079710E-01 
       487  3.027224691E-03  1.790317150E-01  2.627094405E-02  8.950075482E+04  2.367324643E+02  3.342630053E+02  2.782405567E+02  3.326446588E+02  8.119451241E-01 
       488  5.626976121E-03  1.792222402E-01  2.847807669E-02  9.020748877E+04  2.395399346E+02  3.346449776E+02  2.788774419E+02  3.320039477E+02  8.015543735E-01 
       489  8.191038637E-03  1.793338257E-01  3.074695743E-02  9.202568542E+04  2.417869689E+02  3.354836481E+02  2.802787347E+02  3.289879887E+02  7.890047347E-01 
       490  1.074058355E-02  1.794129340E-01  3.303046409E-02  9.531420229E+04  2.415608394E+02  3.370489656E+02  2.829018282E+02  3.209210190E+02  7.773063334E-01 
       491  1.325979491E-02  1.793970135E-01  3.532576038E-02  9.944595642E+04  2.391111312E+02  3.389761705E+02  2.861463978E+02  3.090016928E+02  7.682481566E-01 
       492  1.577166567E-02  1.793535417E-01  3.765132951E-02  1.031916547E+05  2.357773099E+02  3.407385411E+02  2.891281443E+02  2.999314551E+02  7.673234772E-01 
       493  1.825553626E-02  1.792503646E-01  4.000403552E-02  1.058327998E+05  2.337505064E+02  3.419986234E+02  2.912690854E+02  2.945566411E+02  7.676208699E-01 
       494  2.071273564E-02  1.790845686E-01  4.238164633E-02  1.077531055E+05  2.332895343E+02  3.429235409E+02  2.928466240E+02  2.875859267E+02  7.607283460E-01 
       495  2.315348782E-02  1.789033294E-01  4.476881837E-02  1.100229882E+05  2.319394386E+02  3.440955892E+02  2.948515639E+02  2.793258300E+02  7.558462145E-01 
       496  2.554611962E-02  1.786610662E-01  4.720294885E-02  1.124589526E+05  2.311175404E+02  3.451864386E+02  2.967243090E+02  2.735331287E+02  7.527117934E-01 
       497  2.790553153E-02  1.783591187E-01  4.966367300E-02  1.143220620E+05  2.307901201E+02  3.459750900E+02  2.980814066E+02  2.689705420E+02  7.492692508E-01 
       498  3.023553076E-02  1.780531658E-01  5.215009418E-02  1.155572816E+05  2.304076872E+02  3.465110321E+02  2.990049024E+02  2.649416268E+02  7.467601998E-01 
       499  3.255140683E-02  1.777481834E-01  5.464573084E-02  1.164991754E+05  2.301419134E+02  3.469515245E+02  2.997654163E+02  2.639594381E+02  7.467878968E-01 
       500  3.480321611E-02  1.773622653E-01  5.719033452E-02  1.173637845E+05  2.304524661E+02  3.472673554E+02  3.003113163E+02  2.623228133E+02  7.439062255E-01 
       501  3.704366447E-02  1.769956776E-01  5.978074099E-02  1.180913270E+05  2.310148325E+02  3.474889531E+02  3.006945322E+02  2.587491744E+02  7.385803075E-01 
       502  3.923116288E-02  1.766153691E-01  6.237867612E-02  1.186321479E+05  2.310548458E+02  3.477323456E+02  3.011158781E+02  2.565965114E+02  7.367032981E-01 
       503  4.136429871E-02  1.761773997E-01  6.501205622E-02  1.190143816E+05  2.310990746E+02  3.479513031E+02  3.014951886E+02  2.555585043E+02  7.357604755E-01 
       504  4.348069858E-02  1.757484529E-01  6.766046190E-02  1.192257715E+05  2.318919630E+02  3.480696621E+02  3.017001696E+02  2.550391231E+02  7.324516457E-01 
       505  4.554226392E-02  1.753162813E-01  7.034950997E-02  1.193266445E+05  2.323781624E+02  3.482073441E+02  3.019389086E+02  2.543096476E+02  7.302127965E-01 
       506  4.756665315E-02  1.748560179E-01  7.306168772E-02  1.193196637E+05  2.330007749E+02  3.482457309E+02  3.020053828E+02  2.541207774E+02  7.278501438E-01 
       507  4.956604909E-02  1.743615796E-01  7.580968578E-02  1.191571262E+05  2.335814042E+02  3.481582526E+02  3.018537746E+02  2.550763918E+02  7.266098333E-01 
       508  5.152654947E-02  1.738670862E-01  7.855886540E-02  1.189112173E+05  2.338932148E+02  3.480055590E+02  3.015890183E+02  2.558813250E+02  7.263828877E-01 
       509  5.347325952E-02  1.733659220E-01  8.131742073E-02  1.187826313E+05  2.338732451E+02  3.479289656E+02  3.014562132E+02  2.562158020E+02  7.271615629E-01 
       510  5.541917190E-02  1.728212690E-01  8.412523757E-02  1.191323044E+05  2.338195666E+02  3.480454100E+02  3.016581188E+02  2.555547535E+02  7.269874914E-01 
       511  5.731737707E-02  1.722438844E-01  8.698058411E-02  1.196286491E+05  2.338118288E+02  3.483014303E+02  3.021021276E+02  2.543659984E+02  7.261001847E-01 
       512  5.917186437E-02  1.716911252E-01  8.979478553E-02  1.198252925E+05  2.341832666E+02  3.484002727E+02  3.022737394E+02  2.539644160E+02  7.245323305E-01 
       513  6.096387184E-02  1.711643945E-01  9.255110888E-02  1.198774085E+05  2.349253888E+02  3.484080031E+02  3.022872342E+02  2.539689866E+02  7.218385234E-01 
       514  6.270700241E-02  1.705757992E-01  9.544380808E-02  1.197514592E+05  2.360063405E+02  3.483419204E+02  3.021724777E+02  2.540383654E+02  7.176233716E-01 
       515  6.442263795E-02  1.699823167E-01  9.834544530E-02  1.195856234E+05  2.368721582E+02  3.482612922E+02  3.020325665E+02  2.545237284E+02  7.147768421E-01 
       516  6.612271722E-02  1.694054111E-01  1.012510921E-01  1.194108704E+05  2.375101221E+02  3.481824462E+02  3.018958480E+02  2.550398347E+02  7.130676848E-01 
       517  6.776083839E-02  1.688452726E-01  1.042003507E-01  1.192156167E+05  2.381922342E+02  3.480863647E+02  3.017292641E+02  2.555865955E+02  7.113457865E-01 
       518  6.936215302E-02  1.682812898E-01  1.071729988E-01  1.190027548E+05  2.388709489E+02  3.479987643E+02  3.015774307E+02  2.563958710E+02  7.098440935E-01 
       519  7.082677073E-02  1.677321085E-01  1.102128146E-01  1.188016015E+05  2.396790468E+02  3.479283652E+02  3.014556732E+02  2.575000379E+02  7.079414148E-01 
       520  7.220712168E-02  1.672497044E-01  1.133584680E-01  1.186660389E+05  2.404270697E+02  3.479303540E+02  3.014591772E+02  2.586413250E+02  7.065080308E-01 
       521  7.342602904E-02  1.668557431E-01  1.165154693E-01  1.185615377E+05  2.407400310E+02  3.480537174E+02  3.016728528E+02  2.585872662E+02  7.057836847E-01 
       522  7.439926912E-02  1.665467988E-01  1.197652411E-01  1.185017631E+05  2.409675641E+02  3.482309756E+02  3.019803290E+02  2.574968586E+02  7.043600949E-01 
       523  7.498839543E-02  1.664581038E-01  1.231239650E-01  1.184385967E+05  2.406778202E+02  3.484808617E+02  3.024141674E+02  2.561947174E+02  7.048945948E-01 
       524  7.530423640E-02  1.665023734E-01  1.265249777E-01  1.184360325E+05  2.406904068E+02  3.485798845E+02  3.025862451E+02  2.556973372E+02  7.047039820E-01 
       525  7.543612494E-02  1.666233331E-01  1.299370256E-01  1.182031934E+05  2.425852509E+02  3.483071156E+02  3.021123314E+02  2.594843597E+02  7.011884823E-01 
       526  7.553122174E-02  1.667952118E-01  1.333496155E-01  1.180707832E+05  2.441904993E+02  3.480107021E+02  3.015983000E+02  2.616196003E+02  6.980918655E-01 
       527  7.566054780E-02  1.669469890E-01  1.367626796E-01  1.179683149E+05  2.440447989E+02  3.480883703E+02  3.017329273E+02  2.596507664E+02  6.969587766E-01 
       528  7.583993244E-02  1.671002891E-01  1.401745263E-01  1.178895456E+05  2.439093831E+02  3.483672311E+02  3.022172767E+02  2.593001065E+02  6.980380807E-01 
       529  7.600645069E-02  1.672586086E-01  1.435869327E-01  1.177673662E+05  2.438507504E+02  3.488689308E+02  3.030913084E+02  2.579801693E+02  6.991228759E-01 
       530  7.611546960E-02  1.674572299E-01  1.470000031E-01  1.178859586E+05  2.382755611E+02  3.500574565E+02  3.052560399E+02  2.476160212E+02  7.144274325E-01 
       531 -5.220359409E-02  2.342994603E-01 -4.210986580E-02  8.173114264E+04  1.824916049E+02  3.296928742E+02  2.707676038E+02  4.446229961E+02  1.147891238E+00 
       532 -5.220192467E-02  2.343108577E-01 -3.821952920E-02  8.083823703E+04  1.855475238E+02  3.292288935E+02  2.699226571E+02  4.463925123E+02  1.142207125E+00 
       533 -5.220302368E-02  2.343278434E-01 -3.432921672E-02  8.076203348E+04  1.860335178E+02  3.292478286E+02  2.699536121E+02  4.466140019E+02  1.141265870E+00 
       534 -5.220531674E-02  2.343446645E-01 -3.043898101E-02  8.180798244E+04  1.835080790E+02  3.299021983E+02  2.710289211E+02  4.435460176E+02  1.144430055E+00 
       535 -5.220735409E-02  2.343651870E-01 -2.654892396E-02  8.371793115E+04  1.789622812E+02  3.310020008E+02  2.728396473E+02  4.395887260E+02  1.151745625E+00 
       536 -5.221355576E-02  2.343966826E-01 -2.266385481E-02  8.542920792E+04  1.745364257E+02  3.319351566E+02  2.743789881E+02  4.366360070E+02  1.159948681E+00 
       537 -5.221196162E-02  2.344309954E-01 -1.877454498E-02  8.574971545E+04  1.726934605E+02  3.320347142E+02  2.745436704E+02  4.352938222E+02  1.163275255E+00 
       538 -5.222596507E-02  2.344687402E-01 -1.488167101E-02  8.435654819E+04  1.746567892E+02  3.312038646E+02  2.731727157E+02  4.380649609E+02  1.161075583E+00 
       539 -5.222923531E-02  2.345160018E-01 -1.099302079E-02  8.173152386E+04  1.812810059E+02  3.296818948E+02  2.706694610E+02  4.452991300E+02  1.152285399E+00 
       540 -5.210275326E-02  2.345957540E-01 -7.104134264E-03  7.919322681E+04  1.887668735E+02  3.283567209E+02  2.684956093E+02  4.501006429E+02  1.139626101E+00 
       541 -5.114101036E-02  2.348545508E-01 -3.375994418E-03  7.865319016E+04  1.918843130E+02  3.280740463E+02  2.680331344E+02  4.514226948E+02  1.133836997E+00 
       542 -4.917766965E-02  2.353023755E-01 -5.047413344E-05  7.998508423E+04  1.882374454E+02  3.289059019E+02  2.693950691E+02  4.475523901E+02  1.140428673E+00 
       543 -4.661414278E-02  2.358651253E-01  2.823323178E-03  8.161294861E+04  1.831053224E+02  3.300262513E+02  2.712328429E+02  4.448571301E+02  1.150514307E+00 
       544 -4.374488282E-02  2.364440537E-01  5.350106892E-03  8.439140613E+04  1.767168000E+02  3.316496105E+02  2.739090095E+02  4.392346244E+02  1.160067184E+00 
       545 -4.059796688E-02  2.370222596E-01  7.583171126E-03  8.832205878E+04  1.662538877E+02  3.335668161E+02  2.770835948E+02  4.308016913E+02  1.177279859E+00 
       546 -3.738701819E-02  2.375676250E-01  9.702642239E-03  8.715603436E+04  1.684907546E+02  3.329008374E+02  2.759803915E+02  4.330127749E+02  1.172943936E+00 
       547 -3.407522408E-02  2.380263225E-01  1.169481074E-02  8.198797571E+04  1.841883602E+02  3.300165634E+02  2.712206445E+02  4.430244250E+02  1.143404396E+00 
       548 -3.073065008E-02  2.384984497E-01  1.361793802E-02  8.001803986E+04  1.889247639E+02  3.290304966E+02  2.695980577E+02  4.471550331E+02  1.135610124E+00 
       549 -2.732884007E-02  2.388770261E-01  1.546643341E-02  8.148291882E+04  1.836991680E+02  3.298923044E+02  2.710130248E+02  4.434982905E+02  1.144555891E+00 
       550 -2.390908864E-02  2.392176502E-01  1.728468609E-02  8.204569385E+04  1.838042651E+02  3.300560741E+02  2.712817695E+02  4.421010906E+02  1.142886383E+00 
       551 -2.044822495E-02  2.394794424E-01  1.908927170E-02  8.134498318E+04  1.847477816E+02  3.297891231E+02  2.708431020E+02  4.418131721E+02  1.141149351E+00 
       552 -1.699643969E-02  2.397114515E-01  2.086461287E-02  8.082583594E+04  1.868463204E+02  3.295308814E+02  2.704208527E+02  4.455218172E+02  1.139959715E+00 
       553 -1.354033893E-02  2.398615604E-01  2.263394957E-02  8.089928271E+04  1.875310631E+02  3.295554256E+02  2.704620323E+02  4.450181313E+02  1.139260694E+00 
       554 -1.007792796E-02  2.399171479E-01  2.439846914E-02  8.109473486E+04  1.866930947E+02  3.296540680E+02  2.706237764E+02  4.422074347E+02  1.139690353E+00 
       555 -6.592279415E-03  2.399646350E-01  2.619220728E-02  8.054247046E+04  1.880929089E+02  3.292116737E+02  2.698983841E+02  4.449519911E+02  1.140376680E+00 
       556 -3.124907716E-03  2.398994093E-01  2.794309000E-02  7.962097754E+04  1.897130527E+02  3.286097260E+02  2.689124298E+02  4.449025002E+02  1.138344251E+00 
       557  3.338943067E-04  2.398017910E-01  2.968583889E-02  1.031529298E+05  2.077060617E+02  3.414382461E+02  2.903295890E+02  3.915742087E+02  1.049680382E+00 
       558  3.794068913E-03  2.396169640E-01  3.144821874E-02  1.001503816E+05  2.151075130E+02  3.394929695E+02  2.870260396E+02  4.028099823E+02  1.038396262E+00 
       559  7.248441593E-03  2.393064044E-01  3.320284907E-02  9.584747314E+04  2.127618723E+02  3.376721954E+02  2.839505196E+02  4.133057957E+02  1.053484384E+00 
       560  1.068879679E-02  2.389885178E-01  3.498866898E-02  9.254951636E+04  2.149013438E+02  3.360977879E+02  2.813086004E+02  4.200964651E+02  1.053577878E+00 
       561  1.412543948E-02  2.386075767E-01  3.676435012E-02  8.968586548E+04  2.165499086E+02  3.346522293E+02  2.788912573E+02  4.256790581E+02  1.052944440E+00 
       562  1.753589177E-02  2.380598424E-01  3.855175648E-02  8.876447607E+04  2.165433693E+02  3.344972420E+02  2.786338806E+02  4.268981209E+02  1.054684103E+00 
       563  2.093820079E-02  2.375000001E-01  4.035454522E-02  9.163230225E+04  2.173539104E+02  3.360687780E+02  2.812665329E+02  4.231476135E+02  1.050859574E+00 
       564  2.432947450E-02  2.368878370E-01  4.215773147E-02  1.033399280E+05  2.098518932E+02  3.419642873E+02  2.912442396E+02  3.978646766E+02  1.052160237E+00 
       565  2.770729830E-02  2.361795572E-01  4.394886350E-02  1.240146873E+05  1.989861791E+02  3.505215759E+02  3.060014434E+02  3.526479635E+02  1.065799266E+00 
       566  3.105826597E-02  2.354459967E-01  4.578622705E-02  1.314976483E+05  1.954491029E+02  3.533864293E+02  3.109903936E+02  3.356410394E+02  1.071849044E+00 
       567  3.438758923E-02  2.346372217E-01  4.762879820E-02  1.244914232E+05  1.997116180E+02  3.507857238E+02  3.064345009E+02  3.506336622E+02  1.055584096E+00 
       568  3.771502906E-02  2.337669833E-01  4.947240569E-02  1.179160370E+05  2.033305376E+02  3.483773558E+02  3.022353561E+02  3.645279183E+02  1.046600366E+00 
       569  4.101460083E-02  2.329246351E-01  5.135281935E-02  1.189122760E+05  2.019984436E+02  3.490434947E+02  3.033928905E+02  3.604139609E+02  1.048923588E+00 
       570  4.428347740E-02  2.319960665E-01  5.324515281E-02  1.230078504E+05  2.021853776E+02  3.507187254E+02  3.063110125E+02  3.474185305E+02  1.045129629E+00 
       571  4.749748393E-02  2.310181580E-01  5.520824782E-02  1.248386902E+05  2.041142716E+02  3.513800669E+02  3.074665260E+02  3.443844533E+02  1.039865000E+00 
       572  5.066691057E-02  2.300652086E-01  5.723980181E-02  1.247825740E+05  2.050283751E+02  3.514529423E+02  3.075941617E+02  3.440563549E+02  1.036570103E+00 
       573  5.379140778E-02  2.290521307E-01  5.932353399E-02  1.248547217E+05  2.067082103E+02  3.515176935E+02  3.077077336E+02  3.417095884E+02  1.029118736E+00 
       574  5.683956615E-02  2.279793322E-01  6.149869556E-02  1.254012891E+05  2.110956583E+02  3.515831108E+02  3.078219671E+02  3.376642342E+02  1.015808076E+00 
       575  5.985072913E-02  2.269370111E-01  6.373374277E-02  1.256283301E+05  2.156727686E+02  3.514852867E+02  3.076507721E+02  3.387346306E+02  1.003773309E+00 
       576  6.280959972E-02  2.258492183E-01  6.601505396E-02  1.251163407E+05  2.187221376E+02  3.511914127E+02  3.071366511E+02  3.467777537E+02  9.970875331E-01 
       577  6.573461678E-02  2.247295145E-01  6.832363097E-02  1.243443022E+05  2.214407263E+02  3.509068556E+02  3.066391850E+02  3.512892785E+02  9.880418638E-01 
       578  6.865501872E-02  2.236625994E-01  7.064894084E-02  1.235760845E+05  2.259588212E+02  3.505812657E+02  3.060700572E+02  3.488105001E+02  9.718784145E-01 
       579  7.151541969E-02  2.224865137E-01  7.302188293E-02  1.221479363E+05  2.290865712E+02  3.503856440E+02  3.057287078E+02  3.465242763E+02  9.593316354E-01 
       580  7.433322259E-02  2.213060150E-01  7.543149031E-02  1.214715410E+05  2.314959760E+02  3.504483023E+02  3.058390288E+02  3.465829048E+02  9.512477648E-01 
       581  7.711325138E-02  2.201536844E-01  7.789825066E-02  1.228966024E+05  2.339512166E+02  3.514761437E+02  3.076359789E+02  3.424801537E+02  9.411567587E-01 
       582  7.981655167E-02  2.189959972E-01  8.044372180E-02  1.231539445E+05  2.372097318E+02  3.516720052E+02  3.079793873E+02  3.402994599E+02  9.282531515E-01 
       583  8.242371870E-02  2.177951216E-01  8.306797326E-02  1.227435884E+05  2.363377962E+02  3.516486378E+02  3.079397449E+02  3.389421463E+02  9.284676015E-01 
       584  8.497819178E-02  2.166305248E-01  8.576177505E-02  1.225548649E+05  2.370713981E+02  3.512202913E+02  3.071888282E+02  3.382466081E+02  9.248864977E-01 
       585  8.747465708E-02  2.155008942E-01  8.852176985E-02  1.223772761E+05  2.350627556E+02  3.512704086E+02  3.072764044E+02  3.384658141E+02  9.302986655E-01 
       586  8.983863293E-02  2.143275504E-01  9.137087988E-02  1.222301665E+05  2.321447554E+02  3.513208079E+02  3.073643227E+02  3.387357001E+02  9.383371659E-01 
       587  9.211779941E-02  2.131724912E-01  9.430579148E-02  1.223232068E+05  2.286730276E+02  3.513148469E+02  3.073530877E+02  3.397328076E+02  9.483386593E-01 
       588  9.424446159E-02  2.121023496E-01  9.738772987E-02  1.225819376E+05  2.254750317E+02  3.512204027E+02  3.071881825E+02  3.407742444E+02  9.580368937E-01 
       589  9.610967173E-02  2.111612431E-01  1.006666829E-01  1.227967802E+05  2.220634257E+02  3.511016687E+02  3.069808865E+02  3.411525139E+02  9.680587493E-01 
       590  9.742401869E-02  2.103903297E-01  1.042235364E-01  1.228582012E+05  2.193032090E+02  3.509271628E+02  3.066762033E+02  3.416267284E+02  9.759478030E-01 
       591  9.764724840E-02  2.101688920E-01  1.080985861E-01  1.228335032E+05  2.184638531E+02  3.508171978E+02  3.064847727E+02  3.414313688E+02  9.783940725E-01 
       592  9.763062643E-02  2.101108570E-01  1.119846410E-01  1.227209040E+05  2.193194305E+02  3.509263319E+02  3.066775338E+02  3.402160239E+02  9.755861710E-01 
       593  9.759894170E-02  2.100363093E-01  1.158782398E-01  1.225477940E+05  2.210578439E+02  3.515536494E+02  3.077766817E+02  3.398327892E+02  9.702502545E-01 
       594  9.760335841E-02  2.100041055E-01  1.197683889E-01  1.225722960E+05  2.226819294E+02  3.526633645E+02  3.097230111E+02  3.314543592E+02  9.641694722E-01 
       595  9.760552297E-02  2.099886023E-01  1.236588659E-01  1.225927667E+05  2.234312921E+02  3.540507364E+02  3.121631440E+02  3.153430019E+02  9.624203423E-01 
       596  9.760989540E-02  2.100145164E-01  1.275491461E-01  1.227662690E+05  2.254059834E+02  3.550977806E+02  3.140102165E+02  2.999340200E+02  9.587844022E-01 
       597  9.760550437E-02  2.100148949E-01  1.314412195E-01  1.229021943E+05  2.271479011E+02  3.557200117E+02  3.151126585E+02  2.979386997E+02  9.532649294E-01 
       598  9.762031038E-02  2.101034915E-01  1.353312483E-01  1.229166935E+05  2.285700302E+02  3.558651470E+02  3.153756748E+02  3.088194045E+02  9.455646616E-01 
       599  9.762506170E-02  2.101609083E-01  1.392228176E-01  1.229140281E+05  2.280019987E+02  3.554021543E+02  3.145611339E+02  3.183529539E+02  9.467205578E-01 
       600  9.764671237E-02  2.102092269E-01  1.431110049E-01  1.230425223E+05  2.245389979E+02  3.544910178E+02  3.129511003E+02  3.242903469E+02  9.579172591E-01 
       601  9.766256924E-02  2.102587391E-01  1.469999989E-01  1.231863130E+05  2.211689453E+02  3.538423471E+02  3.115266895E+02  3.293883543E+02  9.687174186E-01 
