nodenumber     x-coordinate     y-coordinate     z-coordinate         pressure velocity-magnitude      sound-speed      temperature rel-velocity-magnitude relative-velocity-angle 
         1 -2.216901913E-02  1.039879580E-01 -4.300600202E-02  8.754760352E+04  1.537594307E+02  3.330626823E+02  2.762452906E+02  2.357418788E+02  8.603673318E-01 
         2 -2.197401757E-02  1.042260031E-01 -4.002397295E-02  8.744307227E+04  1.548365689E+02  3.329570364E+02  2.760700310E+02  2.366366918E+02  8.577835516E-01 
         3 -2.150271627E-02  1.045375264E-01 -3.708169353E-02  8.735315167E+04  1.549383961E+02  3.329575915E+02  2.760709932E+02  2.369090245E+02  8.584617423E-01 
         4 -2.072290556E-02  1.049359494E-01 -3.421635317E-02  8.722170471E+04  1.553381891E+02  3.329174623E+02  2.760044932E+02  2.373473361E+02  8.583140001E-01 
         5 -1.964621854E-02  1.053757771E-01 -3.145501365E-02  8.711398486E+04  1.563436007E+02  3.328304968E+02  2.758603296E+02  2.385294509E+02  8.573750965E-01 
         6 -1.833909717E-02  1.058829391E-01 -2.880182754E-02  8.696185718E+04  1.571164513E+02  3.327444258E+02  2.757177610E+02  2.393487763E+02  8.565234207E-01 
         7 -1.686396899E-02  1.064019756E-01 -2.624136390E-02  8.677357666E+04  1.581555924E+02  3.326292248E+02  2.755267963E+02  2.404438200E+02  8.551587202E-01 
         8 -1.524276490E-02  1.069101094E-01 -2.376908005E-02  8.657899500E+04  1.591414082E+02  3.325245395E+02  2.753533707E+02  2.415233321E+02  8.540829886E-01 
         9 -1.353040875E-02  1.074492491E-01 -2.136449246E-02  8.635279138E+04  1.600607705E+02  3.324191394E+02  2.751788454E+02  2.428039436E+02  8.540790193E-01 
        10 -1.175719847E-02  1.079385502E-01 -1.899452623E-02  8.615042609E+04  1.613329675E+02  3.323185906E+02  2.750123646E+02  2.437525396E+02  8.510545716E-01 
        11 -9.920451205E-03  1.084473482E-01 -1.667649769E-02  8.605549979E+04  1.625396170E+02  3.322622976E+02  2.749192280E+02  2.446114371E+02  8.480815154E-01 
        12 -8.053093039E-03  1.089314126E-01 -1.437870322E-02  8.624254312E+04  1.631631640E+02  3.323497235E+02  2.750639414E+02  2.446032790E+02  8.452994116E-01 
        13 -6.139911673E-03  1.093816015E-01 -1.211111235E-02  8.676771167E+04  1.627248878E+02  3.326176271E+02  2.755075483E+02  2.431087289E+02  8.429588489E-01 
        14 -4.213714023E-03  1.098625599E-01 -9.853315987E-03  8.762246729E+04  1.605128756E+02  3.330749569E+02  2.762657146E+02  2.406733055E+02  8.473381996E-01 
        15 -2.267252226E-03  1.102821410E-01 -7.616721013E-03  8.864587842E+04  1.559208584E+02  3.336614990E+02  2.772396564E+02  2.369040098E+02  8.603832796E-01 
        16 -3.058463972E-04  1.106716081E-01 -5.380345181E-03  8.942993677E+04  1.495027981E+02  3.340463820E+02  2.778799171E+02  2.343720384E+02  8.881667275E-01 
        17  1.649896870E-03  1.110991589E-01 -3.144821902E-03  8.744764868E+04  1.471763380E+02  3.329227271E+02  2.760144296E+02  2.427528849E+02  9.305793317E-01 
        18  3.605378217E-03  1.114680886E-01 -8.997268064E-04  7.553745850E+04  1.737292936E+02  3.263160696E+02  2.651683040E+02  2.845613270E+02  9.450487867E-01 
        19  5.548952344E-03  1.118349081E-01  1.356589372E-03  7.016073358E+04  2.090355151E+02  3.229111040E+02  2.596650457E+02  3.066418464E+02  8.434654428E-01 
        20  7.472030685E-03  1.121892539E-01  3.633809071E-03  7.297844514E+04  2.123366008E+02  3.248022074E+02  2.627179909E+02  2.995793561E+02  7.948405556E-01 
        21  9.366594022E-03  1.125505666E-01  5.932977735E-03  7.664402112E+04  2.078544353E+02  3.271607771E+02  2.665460629E+02  2.827585065E+02  7.528288383E-01 
        22  1.122147558E-02  1.129077905E-01  8.263617067E-03  7.909612573E+04  2.071359012E+02  3.286118791E+02  2.689141353E+02  2.735884762E+02  7.226133046E-01 
        23  1.303284284E-02  1.132507638E-01  1.062953057E-02  8.069237653E+04  2.090242063E+02  3.295717516E+02  2.704864971E+02  2.690787472E+02  6.968410560E-01 
        24  1.479928419E-02  1.136234762E-01  1.303021626E-02  8.179775252E+04  2.139868302E+02  3.301191007E+02  2.713851297E+02  2.661129174E+02  6.613295549E-01 
        25  1.649617427E-02  1.139938279E-01  1.547769530E-02  8.274995990E+04  2.194025691E+02  3.305616953E+02  2.721135037E+02  2.634257324E+02  6.243141252E-01 
        26  1.811807173E-02  1.143837002E-01  1.797032872E-02  8.341825586E+04  2.248469176E+02  3.308854203E+02  2.726467757E+02  2.617250562E+02  5.905572828E-01 
        27  1.968166241E-02  1.148013513E-01  2.049621310E-02  8.350803381E+04  2.316072314E+02  3.308925316E+02  2.726582496E+02  2.619456151E+02  5.571763231E-01 
        28  2.119101764E-02  1.152299366E-01  2.305322148E-02  8.303068375E+04  2.406418604E+02  3.305219015E+02  2.720474240E+02  2.650931499E+02  5.223980104E-01 
        29  2.266338778E-02  1.156643914E-01  2.563116057E-02  8.245088452E+04  2.492109275E+02  3.302154334E+02  2.715436516E+02  2.680450405E+02  4.889260062E-01 
        30  2.408077791E-02  1.161159634E-01  2.823658064E-02  8.193859760E+04  2.572766445E+02  3.299580350E+02  2.711203351E+02  2.702055314E+02  4.558742172E-01 
        31  2.544088325E-02  1.165921105E-01  3.086849856E-02  8.138688904E+04  2.657920361E+02  3.295712018E+02  2.704852216E+02  2.730060463E+02  4.233025433E-01 
        32  2.674433127E-02  1.170738851E-01  3.352942364E-02  8.077274268E+04  2.746036761E+02  3.291036706E+02  2.697184660E+02  2.768132963E+02  3.930243193E-01 
        33  2.797950643E-02  1.175445507E-01  3.622298897E-02  8.018164105E+04  2.827136445E+02  3.287742815E+02  2.691785769E+02  2.803291727E+02  3.652628614E-01 
        34  2.916313541E-02  1.180056499E-01  3.893937175E-02  7.984496133E+04  2.893452452E+02  3.287642444E+02  2.691619800E+02  2.820635648E+02  3.385106694E-01 
        35  3.031249539E-02  1.184785399E-01  4.167042727E-02  7.994806134E+04  2.952192572E+02  3.289177680E+02  2.694131985E+02  2.825646069E+02  3.110790192E-01 
        36  3.139929926E-02  1.189405785E-01  4.442941843E-02  8.022251395E+04  3.015801125E+02  3.290262423E+02  2.695911024E+02  2.832039232E+02  2.817262767E-01 
        37  3.242013936E-02  1.193808800E-01  4.721660669E-02  8.079552849E+04  3.069986465E+02  3.293752119E+02  2.701635385E+02  2.824637825E+02  2.515651919E-01 
        38  3.340677803E-02  1.198011670E-01  5.002067675E-02  8.207892865E+04  3.098915269E+02  3.301197444E+02  2.713861870E+02  2.793554220E+02  2.252858140E-01 
        39  3.430413654E-02  1.201853153E-01  5.285529857E-02  8.381439355E+04  3.111702261E+02  3.310743256E+02  2.729583559E+02  2.744325876E+02  2.003593436E-01 
        40  3.515433510E-02  1.205874318E-01  5.570324370E-02  8.593873145E+04  3.107755222E+02  3.322588062E+02  2.749158516E+02  2.680169678E+02  1.785893068E-01 
        41  3.592907297E-02  1.209644065E-01  5.857535950E-02  8.832354956E+04  3.088853397E+02  3.335823603E+02  2.771106701E+02  2.605748229E+02  1.611165800E-01 
        42  3.664355424E-02  1.213334730E-01  6.146049591E-02  9.078734863E+04  3.058538551E+02  3.348137593E+02  2.791598535E+02  2.527097659E+02  1.487727608E-01 
        43  3.727845098E-02  1.217084379E-01  6.437276718E-02  9.305284204E+04  3.021152182E+02  3.358485184E+02  2.808873749E+02  2.452835941E+02  1.427764622E-01 
        44  3.781448665E-02  1.220744111E-01  6.730672953E-02  9.484238037E+04  2.983701477E+02  3.366929531E+02  2.823008299E+02  2.393595347E+02  1.434694408E-01 
        45  3.826762164E-02  1.224563704E-01  7.025293559E-02  9.601053192E+04  2.955680497E+02  3.372755001E+02  2.832782335E+02  2.357077628E+02  1.483267947E-01 
        46  3.856443464E-02  1.228195695E-01  7.317567491E-02  9.661964453E+04  2.936169357E+02  3.376860352E+02  2.839686279E+02  2.338334045E+02  1.553341374E-01 
        47  3.882754171E-02  1.231963568E-01  7.616928387E-02  9.680026276E+04  2.918153321E+02  3.383057209E+02  2.850134578E+02  2.316679752E+02  1.608307094E-01 
        48  3.896508106E-02  1.235573809E-01  7.913505459E-02  9.671231055E+04  2.872948799E+02  3.394994354E+02  2.870431252E+02  2.242326851E+02  1.654487476E-01 
        49  3.903512947E-02  1.239238609E-01  8.213137167E-02  9.659873645E+04  2.768152280E+02  3.417392702E+02  2.908703601E+02  2.055744945E+02  1.745021357E-01 
        50  3.900153017E-02  1.243001337E-01  8.510504302E-02  9.644555167E+04  2.585850614E+02  3.453941593E+02  2.971370583E+02  1.715200555E+02  1.863642915E-01 
        51  3.889299026E-02  1.246700891E-01  8.806950082E-02  9.611532562E+04  2.407228436E+02  3.491762218E+02  3.036669757E+02  1.247528770E+02  1.771001607E-01 
        52  3.870303970E-02  1.250405990E-01  9.105247242E-02  9.596670728E+04  2.338052797E+02  3.516907988E+02  3.080263014E+02  8.395886075E+01  4.825111429E-02 
        53  3.847530202E-02  1.253810613E-01  9.402032493E-02  9.630896216E+04  2.340483873E+02  3.525882314E+02  3.095960792E+02  5.003712153E+01 -3.937283680E-01 
        54  3.809583015E-02  1.257752167E-01  9.695318516E-02  9.689118262E+04  2.365090866E+02  3.527168770E+02  3.098159027E+02  4.147491026E+01 -1.576289050E+00 
        55  3.767199372E-02  1.261489404E-01  9.992435767E-02  9.819223584E+04  2.487624779E+02  3.524164782E+02  3.092849579E+02  4.806844616E+01 -1.949331518E+00 
        56  3.723780727E-02  1.265196365E-01  1.028569506E-01  9.971735107E+04  2.533526974E+02  3.513144815E+02  3.073551359E+02  6.934546782E+01 -1.069611945E+00 
        57  3.672955052E-02  1.269046997E-01  1.057947981E-01  1.013088571E+05  2.419367156E+02  3.497218175E+02  3.045736279E+02  1.105319979E+02 -5.313639762E-03 
        58  3.615520807E-02  1.273091289E-01  1.087154776E-01  1.038482717E+05  2.356843519E+02  3.473970041E+02  3.005404406E+02  1.499480786E+02  2.685865890E-01 
        59  3.556812424E-02  1.277144368E-01  1.116309472E-01  1.063756894E+05  2.436080966E+02  3.449742506E+02  2.963610177E+02  1.755851305E+02  2.794917256E-01 
        60  3.495651588E-02  1.281329458E-01  1.145394580E-01  1.078565244E+05  2.525197849E+02  3.438793530E+02  2.944812121E+02  1.846038518E+02  2.484406098E-01 
        61  3.433795015E-02  1.285471243E-01  1.174457346E-01  1.082076796E+05  2.622001314E+02  3.433708353E+02  2.936110272E+02  1.896915545E+02  2.050807392E-01 
        62  3.376061330E-02  1.289460490E-01  1.203607660E-01  1.080952371E+05  2.681381590E+02  3.432195735E+02  2.933517606E+02  1.941836765E+02  1.852002726E-01 
        63  3.331803132E-02  1.293309423E-01  1.232882868E-01  1.080537228E+05  2.697051777E+02  3.432473990E+02  2.933990011E+02  1.958467786E+02  1.832303846E-01 
        64  3.310586596E-02  1.296649637E-01  1.262581306E-01  1.080626501E+05  2.700750360E+02  3.430908771E+02  2.931312046E+02  1.969601952E+02  1.866284884E-01 
        65  3.306639982E-02  1.299493947E-01  1.292495641E-01  1.080431455E+05  2.706363252E+02  3.429519421E+02  2.928935837E+02  1.996869337E+02  1.944358054E-01 
        66  3.322486525E-02  1.302097713E-01  1.322380794E-01  1.079473138E+05  2.718226722E+02  3.428524279E+02  2.927236634E+02  2.014310071E+02  1.953297436E-01 
        67  3.356462385E-02  1.304573038E-01  1.352130229E-01  1.077675920E+05  2.731716585E+02  3.428178936E+02  2.926647193E+02  2.021115921E+02  1.918973547E-01 
        68  3.400410102E-02  1.306751199E-01  1.381765647E-01  1.074358663E+05  2.745946722E+02  3.427567077E+02  2.925602353E+02  2.033131127E+02  1.898550433E-01 
        69  3.451963359E-02  1.308741206E-01  1.411278790E-01  1.070874116E+05  2.762288973E+02  3.426628432E+02  2.923999131E+02  2.054957976E+02  1.900215743E-01 
        70  3.508991352E-02  1.310576265E-01  1.440660380E-01  1.067416361E+05  2.778663063E+02  3.425289426E+02  2.921714737E+02  2.078553314E+02  1.907998112E-01 
        71  3.570211579E-02  1.312503676E-01  1.470000000E-01  1.062939424E+05  2.795132332E+02  3.423395500E+02  2.918456154E+02  2.103213577E+02  1.916614547E-01 
        72 -2.843361623E-02  1.708417341E-01 -4.258217492E-02  8.210356445E+04  1.839726539E+02  3.299814510E+02  2.711578112E+02  3.447288952E+02  1.007824086E+00 
        73 -2.838826984E-02  1.709653765E-01 -3.916427879E-02  8.217925604E+04  1.837928271E+02  3.300489099E+02  2.712687972E+02  3.444456210E+02  1.007969279E+00 
        74 -2.835908450E-02  1.711140563E-01 -3.574649433E-02  8.238847955E+04  1.832894745E+02  3.302059302E+02  2.715271957E+02  3.428809600E+02  1.007187080E+00 
        75 -2.838361088E-02  1.712589164E-01 -3.232950605E-02  8.278870947E+04  1.835282726E+02  3.303548212E+02  2.717720308E+02  3.438348560E+02  1.008027256E+00 
        76 -2.841360827E-02  1.714319125E-01 -2.891476756E-02  8.319540247E+04  1.822189646E+02  3.306718631E+02  2.722938285E+02  3.411448941E+02  1.007713400E+00 
        77 -2.833774301E-02  1.716334782E-01 -2.549995819E-02  8.374269147E+04  1.814303705E+02  3.309827551E+02  2.728060691E+02  3.401683736E+02  1.008575355E+00 
        78 -2.791452343E-02  1.719215161E-01 -2.212016887E-02  8.421962549E+04  1.803899002E+02  3.312015171E+02  2.731668844E+02  3.389852905E+02  1.010309182E+00 
        79 -2.700703325E-02  1.722886754E-01 -1.884820631E-02  8.414140332E+04  1.804778514E+02  3.310931101E+02  2.729882660E+02  3.411444139E+02  1.013923056E+00 
        80 -2.544395246E-02  1.727209334E-01 -1.584518523E-02  8.316222394E+04  1.816446953E+02  3.305646443E+02  2.721177881E+02  3.436703417E+02  1.014273477E+00 
        81 -2.351536464E-02  1.732363399E-01 -1.306823492E-02  8.131332529E+04  1.848199374E+02  3.295800809E+02  2.704994912E+02  3.482926760E+02  1.011833749E+00 
        82 -2.134527601E-02  1.737374909E-01 -1.047435973E-02  7.873108521E+04  1.913421348E+02  3.279531218E+02  2.678351353E+02  3.553096232E+02  1.003143075E+00 
        83 -1.897326710E-02  1.742189522E-01 -8.035177519E-03  7.585894583E+04  1.986474400E+02  3.262901729E+02  2.651276137E+02  3.634183098E+02  9.936755900E-01 
        84 -1.652827274E-02  1.746780172E-01 -5.688541800E-03  7.364648297E+04  2.049647677E+02  3.249453425E+02  2.629452410E+02  3.703652916E+02  9.862389751E-01 
        85 -1.397929867E-02  1.751251779E-01 -3.446989688E-03  7.264969226E+04  2.091536059E+02  3.243419752E+02  2.619699702E+02  3.723829474E+02  9.760500155E-01 
        86 -1.139011487E-02  1.755573757E-01 -1.256774906E-03  7.351065295E+04  2.103552318E+02  3.248535657E+02  2.628012080E+02  3.717966976E+02  9.709160030E-01 
        87 -8.734274343E-03  1.759085237E-01  8.667805443E-04  7.820986902E+04  2.046017210E+02  3.277396495E+02  2.674977832E+02  3.581338811E+02  9.639839921E-01 
        88 -6.073383534E-03  1.762548475E-01  2.984781313E-03  8.807184979E+04  1.917504987E+02  3.331817133E+02  2.764512118E+02  3.321228414E+02  9.630386624E-01 
        89 -3.359730182E-03  1.765819110E-01  5.053045394E-03  9.799994763E+04  1.763828039E+02  3.381771843E+02  2.847970855E+02  3.057960286E+02  9.800500250E-01 
        90 -6.741955509E-04  1.768270807E-01  7.130208361E-03  9.632317463E+04  1.659969881E+02  3.376531894E+02  2.839158338E+02  3.125593090E+02  1.024764306E+00 
        91  2.027043660E-03  1.770783858E-01  9.208570588E-03  7.871176988E+04  1.957601079E+02  3.277260226E+02  2.674689404E+02  3.604615245E+02  9.976771743E-01 
        92  4.731686997E-03  1.772422585E-01  1.127155269E-02  7.359775883E+04  2.102408139E+02  3.249450561E+02  2.629477120E+02  3.712163020E+02  9.701420086E-01 
        93  7.454465044E-03  1.773874983E-01  1.334309669E-02  7.390599510E+04  2.071314986E+02  3.250704929E+02  2.631498877E+02  3.692666213E+02  9.766077369E-01 
        94  1.015989937E-02  1.775222933E-01  1.545596277E-02  7.085012563E+04  2.159910354E+02  3.232790476E+02  2.602631207E+02  3.806388715E+02  9.702111295E-01 
        95  1.284858280E-02  1.775661421E-01  1.756817794E-02  6.737465509E+04  2.285877198E+02  3.208752124E+02  2.564084067E+02  3.931432874E+02  9.549423298E-01 
        96  1.551966693E-02  1.776138061E-01  1.970369132E-02  6.437240875E+04  2.371950459E+02  3.187994392E+02  2.531038034E+02  4.005974743E+02  9.429125544E-01 
        97  1.817410325E-02  1.776258069E-01  2.186017323E-02  6.171970593E+04  2.444566238E+02  3.170174174E+02  2.502800527E+02  4.067240806E+02  9.324380346E-01 
        98  2.080993586E-02  1.775631240E-01  2.403936301E-02  5.974694324E+04  2.529254012E+02  3.154722199E+02  2.478449640E+02  4.133119812E+02  9.191974271E-01 
        99  2.341570779E-02  1.774969016E-01  2.625394818E-02  5.924837695E+04  2.586568007E+02  3.151103745E+02  2.472769723E+02  4.163011875E+02  9.067697376E-01 
       100  2.600295182E-02  1.773818036E-01  2.848806157E-02  6.101063843E+04  2.602392273E+02  3.165179806E+02  2.495017643E+02  4.117286329E+02  8.910700902E-01 
       101  2.856627515E-02  1.771883875E-01  3.074502562E-02  6.652379956E+04  2.556836529E+02  3.204201689E+02  2.557446337E+02  3.956623573E+02  8.720865659E-01 
       102  3.110662233E-02  1.769811535E-01  3.302644514E-02  7.506512500E+04  2.468618917E+02  3.259944401E+02  2.647182903E+02  3.714447231E+02  8.514830004E-01 
       103  3.362247542E-02  1.767159818E-01  3.532849163E-02  8.178501843E+04  2.430896382E+02  3.300060616E+02  2.712211509E+02  3.530585184E+02  8.276864421E-01 
       104  3.610895472E-02  1.763647845E-01  3.765120331E-02  8.295939734E+04  2.473873539E+02  3.307201691E+02  2.723819695E+02  3.499783764E+02  8.073291071E-01 
       105  3.856497337E-02  1.759966372E-01  4.000321012E-02  8.055023434E+04  2.563287942E+02  3.292816621E+02  2.700152911E+02  3.570902544E+02  7.900893721E-01 
       106  4.103059304E-02  1.755360248E-01  4.234569910E-02  7.842623675E+04  2.641203139E+02  3.280125989E+02  2.679352710E+02  3.636364396E+02  7.758555781E-01 
       107  4.340106546E-02  1.750377176E-01  4.474435622E-02  7.876850807E+04  2.675771815E+02  3.283208342E+02  2.684396260E+02  3.620894622E+02  7.610614358E-01 
       108  4.575540032E-02  1.745445103E-01  4.717695363E-02  8.218802539E+04  2.663453362E+02  3.304170222E+02  2.718839965E+02  3.520474977E+02  7.463295413E-01 
       109  4.807037784E-02  1.739953488E-01  4.963532790E-02  8.838821973E+04  2.612169991E+02  3.339379244E+02  2.777168217E+02  3.345328064E+02  7.330268919E-01 
       110  5.034733117E-02  1.734133857E-01  5.212084081E-02  9.484693066E+04  2.569698124E+02  3.373645058E+02  2.834364223E+02  3.157266140E+02  7.161774077E-01 
       111  5.258765486E-02  1.728405975E-01  5.464144749E-02  9.919227441E+04  2.570774345E+02  3.393738823E+02  2.868160133E+02  3.060270786E+02  7.000909969E-01 
       112  5.479076840E-02  1.722430532E-01  5.718902978E-02  1.020154448E+05  2.582563505E+02  3.406140137E+02  2.889151955E+02  3.010876865E+02  6.882554460E-01 
       113  5.694737683E-02  1.716020731E-01  5.976586917E-02  1.049866995E+05  2.584034786E+02  3.419216864E+02  2.911384380E+02  2.932305393E+02  6.761451727E-01 
       114  5.911848447E-02  1.709340834E-01  6.233872565E-02  1.083683729E+05  2.567104952E+02  3.434942853E+02  2.938223810E+02  2.832223194E+02  6.681110763E-01 
       115  6.119351897E-02  1.703313828E-01  6.496775561E-02  1.113187344E+05  2.546801033E+02  3.449430370E+02  2.963054371E+02  2.745896482E+02  6.646042131E-01 
       116  6.319798910E-02  1.696485115E-01  6.765543605E-02  1.136049860E+05  2.539192171E+02  3.459385662E+02  2.980175333E+02  2.691535087E+02  6.604663571E-01 
       117  6.520189851E-02  1.689621155E-01  7.034628384E-02  1.157335107E+05  2.524740229E+02  3.468181925E+02  2.995349274E+02  2.640426178E+02  6.599712484E-01 
       118  6.717992039E-02  1.682884043E-01  7.305807409E-02  1.174238970E+05  2.497995634E+02  3.476283121E+02  3.009357939E+02  2.602616110E+02  6.663581301E-01 
       119  6.910755662E-02  1.675987334E-01  7.579818779E-02  1.187158182E+05  2.497264838E+02  3.480181332E+02  3.016111009E+02  2.566034882E+02  6.629914735E-01 
       120  7.101404689E-02  1.668389198E-01  7.852135391E-02  1.197071600E+05  2.469002230E+02  3.485030169E+02  3.024520314E+02  2.534290791E+02  6.712672263E-01 
       121  7.286652020E-02  1.661304029E-01  8.130170181E-02  1.198491842E+05  2.453596203E+02  3.485098125E+02  3.024638741E+02  2.533458467E+02  6.777412487E-01 
       122  7.473378469E-02  1.653966549E-01  8.408122010E-02  1.198482056E+05  2.432976627E+02  3.486452103E+02  3.026993046E+02  2.540269051E+02  6.870846562E-01 
       123  7.654776682E-02  1.646234676E-01  8.688218818E-02  1.197485684E+05  2.426141381E+02  3.487748222E+02  3.029248991E+02  2.540975142E+02  6.901622005E-01 
       124  7.830115451E-02  1.638494494E-01  8.971806956E-02  1.195338691E+05  2.427949219E+02  3.489305935E+02  3.031968861E+02  2.542965298E+02  6.898491569E-01 
       125  8.003223315E-02  1.630890187E-01  9.257063461E-02  1.194210745E+05  2.428333817E+02  3.490991087E+02  3.034908018E+02  2.530622597E+02  6.890701279E-01 
       126  8.174167210E-02  1.623344685E-01  9.543869445E-02  1.193294640E+05  2.410006566E+02  3.496033223E+02  3.043712637E+02  2.510003483E+02  6.953716613E-01 
       127  8.339566060E-02  1.615413001E-01  9.829620033E-02  1.190970823E+05  2.395077543E+02  3.502329890E+02  3.054728735E+02  2.481005868E+02  6.999912271E-01 
       128  8.500809507E-02  1.607572746E-01  1.012133408E-01  1.187627177E+05  2.397724353E+02  3.506549423E+02  3.062113502E+02  2.443925673E+02  6.967503708E-01 
       129  8.654116005E-02  1.600133249E-01  1.041766726E-01  1.186280986E+05  2.401015536E+02  3.509243894E+02  3.066806455E+02  2.374355772E+02  6.909513783E-01 
       130  8.807530659E-02  1.592883350E-01  1.071513815E-01  1.186961870E+05  2.358382230E+02  3.519707336E+02  3.085105100E+02  2.277579894E+02  7.057051882E-01 
       131  8.946870181E-02  1.585918917E-01  1.101955952E-01  1.186364614E+05  2.279505125E+02  3.535840944E+02  3.113412480E+02  2.191627109E+02  7.388872099E-01 
       132  9.078169785E-02  1.579398834E-01  1.132895212E-01  1.184976637E+05  2.277361019E+02  3.537304215E+02  3.115961062E+02  2.130784746E+02  7.378433179E-01 
       133  9.193376095E-02  1.573753789E-01  1.164622823E-01  1.185893545E+05  2.308010609E+02  3.532057247E+02  3.106710379E+02  2.097936184E+02  7.217701199E-01 
       134  9.287851211E-02  1.569754829E-01  1.197270904E-01  1.185911150E+05  2.307089056E+02  3.525895924E+02  3.095889708E+02  2.174456633E+02  7.242760217E-01 
       135  9.346963790E-02  1.567893278E-01  1.230899614E-01  1.184916561E+05  2.332290971E+02  3.509191420E+02  3.066685935E+02  2.382920940E+02  7.249810803E-01 
       136  9.376445592E-02  1.568076376E-01  1.265149706E-01  1.185165104E+05  2.393626819E+02  3.488584805E+02  3.030745354E+02  2.567281666E+02  7.118131658E-01 
       137  9.391306034E-02  1.569225935E-01  1.299303306E-01  1.183571768E+05  2.420712986E+02  3.478589849E+02  3.013361464E+02  2.609927998E+02  7.045477256E-01 
       138  9.402896493E-02  1.570765633E-01  1.333445553E-01  1.182010859E+05  2.417212172E+02  3.477273760E+02  3.011075335E+02  2.591986694E+02  7.048536558E-01 
       139  9.417960043E-02  1.572174564E-01  1.367593072E-01  1.180673945E+05  2.424126596E+02  3.476936102E+02  3.010489154E+02  2.600145197E+02  7.036047764E-01 
       140  9.437397158E-02  1.573466446E-01  1.401725853E-01  1.179138354E+05  2.432942228E+02  3.477399721E+02  3.011292629E+02  2.615389915E+02  7.023587758E-01 
       141  9.455826038E-02  1.574868932E-01  1.435861248E-01  1.178269261E+05  2.437587740E+02  3.479210907E+02  3.014427915E+02  2.617592893E+02  7.014639401E-01 
       142  9.468914447E-02  1.576724412E-01  1.470000022E-01  1.178403823E+05  2.441019239E+02  3.480232029E+02  3.016298962E+02  2.620354424E+02  7.012531869E-01 
       143 -2.515044289E-02  2.387134140E-01 -4.211006034E-02  8.316736525E+04  1.812915731E+02  3.305752684E+02  2.721346575E+02  4.412349725E+02  1.147426908E+00 
       144 -2.515073613E-02  2.387267259E-01 -3.821832766E-02  8.454338728E+04  1.777449319E+02  3.313609339E+02  2.734306369E+02  4.386857017E+02  1.153933998E+00 
       145 -2.514274647E-02  2.387409373E-01 -3.433018188E-02  8.579391852E+04  1.739194564E+02  3.321438825E+02  2.747242172E+02  4.325351413E+02  1.157662858E+00 
       146 -2.514933814E-02  2.387615668E-01 -3.043885368E-02  8.597604303E+04  1.752295502E+02  3.321097999E+02  2.746674767E+02  4.350044503E+02  1.156944574E+00 
       147 -2.514205174E-02  2.387863737E-01 -2.655197175E-02  8.481463823E+04  1.777672130E+02  3.314796626E+02  2.736265187E+02  4.382765356E+02  1.153921069E+00 
       148 -2.514801404E-02  2.388163633E-01 -2.268742808E-02  8.264310667E+04  1.825080864E+02  3.303706759E+02  2.718002920E+02  4.409176010E+02  1.145104427E+00 
       149 -2.514603624E-02  2.387984711E-01 -1.877579094E-02  8.059239258E+04  1.876943932E+02  3.292264404E+02  2.699195175E+02  4.449836121E+02  1.136038795E+00 
       150 -2.513833525E-02  2.388756875E-01 -1.487946342E-02  7.917859753E+04  1.918537865E+02  3.282896620E+02  2.683848394E+02  4.508041543E+02  1.132019941E+00 
       151 -2.514495058E-02  2.389300222E-01 -1.098752945E-02  7.910492194E+04  1.920790958E+02  3.282443253E+02  2.683113608E+02  4.503151443E+02  1.131071468E+00 
       152 -2.501801490E-02  2.389948317E-01 -7.101428526E-03  8.088661893E+04  1.866683536E+02  3.293499235E+02  2.701230041E+02  4.456316652E+02  1.139299449E+00 
       153 -2.403359079E-02  2.391541778E-01 -3.362202731E-03  8.572112333E+04  1.750267283E+02  3.319504559E+02  2.744051523E+02  4.368100003E+02  1.159105956E+00 
       154 -2.203079393E-02  2.393877231E-01 -4.501692070E-05  8.942196322E+04  1.654542099E+02  3.338878708E+02  2.776176935E+02  4.281233664E+02  1.174886661E+00 
       155 -1.942355624E-02  2.396357170E-01  2.825132604E-03  8.653827206E+04  1.720476516E+02  3.324812149E+02  2.752847372E+02  4.343300052E+02  1.164027918E+00 
       156 -1.648721574E-02  2.398964014E-01  5.342831758E-03  8.156637085E+04  1.885990468E+02  3.293004382E+02  2.700437419E+02  4.440997677E+02  1.132449029E+00 
       157 -1.330897545E-02  2.400801911E-01  7.594698846E-03  7.993375146E+04  1.884263659E+02  3.287549496E+02  2.691471944E+02  4.488159523E+02  1.138057966E+00 
       158 -1.004552185E-02  2.402353079E-01  9.709455816E-03  8.058651990E+04  1.860033460E+02  3.290403161E+02  2.696150732E+02  4.461055379E+02  1.141180526E+00 
       159 -6.714656287E-03  2.403804415E-01  1.171394437E-02  8.074712675E+04  1.847465289E+02  3.291268970E+02  2.697566070E+02  4.457290348E+02  1.144093595E+00 
       160 -3.322138608E-03  2.404066774E-01  1.362735999E-02  7.993892450E+04  1.862955655E+02  3.286531785E+02  2.689812926E+02  4.477108922E+02  1.143205703E+00 
       161  9.783589121E-05  2.404201762E-01  1.547870720E-02  7.967630908E+04  1.866130543E+02  3.285758576E+02  2.688560829E+02  4.491021652E+02  1.144742843E+00 
       162  3.534439975E-03  2.403949673E-01  1.730379042E-02  8.172569873E+04  1.839037552E+02  3.297899847E+02  2.708664074E+02  4.464965248E+02  1.151066836E+00 
       163  6.969024296E-03  2.402279751E-01  1.908412837E-02  9.168697205E+04  1.588631233E+02  3.351027176E+02  2.796726565E+02  4.227545695E+02  1.192557576E+00 
       164  1.043411823E-02  2.400800089E-01  2.085152946E-02  7.889837091E+04  1.902749926E+02  3.288402034E+02  2.692894687E+02  4.493732794E+02  1.137488113E+00 
       165  1.388371434E-02  2.398652026E-01  2.263181169E-02  7.928691266E+04  1.859494977E+02  3.290558741E+02  2.696403158E+02  4.447908206E+02  1.143725348E+00 
       166  1.734145131E-02  2.394992745E-01  2.440657916E-02  7.889760242E+04  1.862078984E+02  3.288122630E+02  2.692406390E+02  4.411888261E+02  1.139034970E+00 
       167  2.080043859E-02  2.391294908E-01  2.615375350E-02  7.870795020E+04  1.886459451E+02  3.286331953E+02  2.689483889E+02  4.433535380E+02  1.135208810E+00 
       168  2.424052770E-02  2.387186889E-01  2.792040504E-02  7.872006616E+04  1.890355010E+02  3.287811618E+02  2.691902819E+02  4.423369608E+02  1.133775007E+00 
       169  2.766624902E-02  2.381908713E-01  2.968394578E-02  7.860572791E+04  1.918371167E+02  3.286700010E+02  2.690079279E+02  4.431177497E+02  1.127883624E+00 
       170  3.108229850E-02  2.375970478E-01  3.144655572E-02  7.849819745E+04  1.941245086E+02  3.286722851E+02  2.690118973E+02  4.444977121E+02  1.123723648E+00 
       171  3.449726266E-02  2.369314331E-01  3.319569832E-02  7.856399072E+04  1.944733863E+02  3.290410477E+02  2.696172838E+02  4.420917330E+02  1.121533261E+00 
       172  3.787267708E-02  2.362004853E-01  3.498142333E-02  7.891034155E+04  1.967664149E+02  3.291910744E+02  2.698651876E+02  4.406969748E+02  1.116316283E+00 
       173  4.123744789E-02  2.354271843E-01  3.677379579E-02  7.928046069E+04  1.995650163E+02  3.291908307E+02  2.698652444E+02  4.391598477E+02  1.110351242E+00 
       174  4.456263149E-02  2.345133553E-01  3.856958315E-02  7.881328230E+04  2.030873303E+02  3.288155372E+02  2.692484743E+02  4.391983654E+02  1.102929837E+00 
       175  4.789152860E-02  2.335402793E-01  4.034492433E-02  7.717650101E+04  2.076816932E+02  3.278868560E+02  2.677307369E+02  4.413604999E+02  1.094602569E+00 
       176  5.119514426E-02  2.325727211E-01  4.215365701E-02  7.514317704E+04  2.140459765E+02  3.265227202E+02  2.655070026E+02  4.473281603E+02  1.085430470E+00 
       177  5.444737908E-02  2.314873556E-01  4.396264389E-02  7.312411842E+04  2.193403671E+02  3.252053471E+02  2.633678374E+02  4.528793563E+02  1.079253049E+00 
       178  5.771043354E-02  2.303389779E-01  4.576361213E-02  7.109356790E+04  2.248192743E+02  3.239336805E+02  2.613132355E+02  4.560098176E+02  1.070255899E+00 
       179  6.093363739E-02  2.292015055E-01  4.761570799E-02  6.861383191E+04  2.341660953E+02  3.223454666E+02  2.587586460E+02  4.615256414E+02  1.055365993E+00 
       180  6.411569228E-02  2.279427553E-01  4.946832252E-02  6.682902222E+04  2.475354986E+02  3.210531559E+02  2.566880503E+02  4.681776066E+02  1.029286120E+00 
       181  6.728438578E-02  2.267057043E-01  5.135068917E-02  6.918705872E+04  2.586471572E+02  3.230451612E+02  2.599050908E+02  4.647805386E+02  9.948578384E-01 
       182  7.045491472E-02  2.254566135E-01  5.324396322E-02  8.067069104E+04  2.636254292E+02  3.298556213E+02  2.710130572E+02  4.391420617E+02  9.499674654E-01 
       183  7.352398986E-02  2.240979077E-01  5.520813549E-02  9.642036890E+04  2.477404914E+02  3.383236408E+02  2.850918412E+02  4.013813467E+02  9.519731216E-01 
       184  7.654294831E-02  2.227589545E-01  5.724026033E-02  1.040044920E+05  2.326452483E+02  3.423359976E+02  2.918487764E+02  3.851338958E+02  9.769075995E-01 
       185  7.954929441E-02  2.214414527E-01  5.933596166E-02  1.081271382E+05  2.458356481E+02  3.435020065E+02  2.938496065E+02  3.806561470E+02  9.357462786E-01 
       186  8.244157493E-02  2.200232159E-01  6.149679439E-02  1.247984863E+05  2.382157707E+02  3.515062180E+02  3.077014084E+02  3.411086502E+02  9.345426261E-01 
       187  8.531452000E-02  2.186177542E-01  6.372436707E-02  1.195280362E+05  2.408837053E+02  3.488456197E+02  3.030510018E+02  3.544429753E+02  9.297328065E-01 
       188  8.816039266E-02  2.172472440E-01  6.601424901E-02  1.213910352E+05  2.356775389E+02  3.494824834E+02  3.041553912E+02  3.488063502E+02  9.402626995E-01 
       189  9.092008057E-02  2.157826082E-01  6.831794754E-02  1.216597525E+05  2.289945199E+02  3.496598897E+02  3.044650950E+02  3.478416498E+02  9.578753280E-01 
       190  9.367581728E-02  2.143255962E-01  7.064980943E-02  1.217723564E+05  2.224762755E+02  3.500039328E+02  3.050645600E+02  3.469132650E+02  9.750332824E-01 
       191  9.641114101E-02  2.128789625E-01  7.302159977E-02  1.223924784E+05  2.220321107E+02  3.498021216E+02  3.047118005E+02  3.460763738E+02  9.756790604E-01 
       192  9.907895187E-02  2.114028516E-01  7.542603674E-02  1.228023972E+05  2.188482883E+02  3.503484004E+02  3.056644917E+02  3.439019177E+02  9.839765392E-01 
       193  1.016896232E-01  2.099003163E-01  7.789626121E-02  1.229583569E+05  2.203407292E+02  3.505148211E+02  3.059554904E+02  3.443397641E+02  9.790995326E-01 
       194  1.042573666E-01  2.084682280E-01  8.044071344E-02  1.228956356E+05  2.221416878E+02  3.507088656E+02  3.062943122E+02  3.443341198E+02  9.735270068E-01 
       195  1.067132028E-01  2.069758083E-01  8.306726980E-02  1.228581406E+05  2.217807596E+02  3.515356590E+02  3.077424595E+02  3.418922969E+02  9.731592078E-01 
       196  1.091091693E-01  2.055182938E-01  8.576040538E-02  1.227885669E+05  2.225155246E+02  3.527130243E+02  3.098138230E+02  3.389225312E+02  9.696681660E-01 
       197  1.114533399E-01  2.040960959E-01  8.851719904E-02  1.225859943E+05  2.230067637E+02  3.541483932E+02  3.123447424E+02  3.329357557E+02  9.664424264E-01 
       198  1.136946430E-01  2.026973542E-01  9.137514269E-02  1.224399620E+05  2.245476878E+02  3.555468102E+02  3.148146793E+02  3.223940403E+02  9.609223920E-01 
       199  1.158224243E-01  2.012857480E-01  9.431046231E-02  1.224363685E+05  2.244457290E+02  3.571998490E+02  3.177443658E+02  3.065784732E+02  9.638389153E-01 
       200  1.177983438E-01  1.999614296E-01  9.738734661E-02  1.224523831E+05  2.279165577E+02  3.580787375E+02  3.193052129E+02  2.924018195E+02  9.566839347E-01 
       201  1.195376812E-01  1.988013159E-01  1.006637087E-01  1.225973067E+05  2.334857478E+02  3.579195965E+02  3.190198447E+02  2.836390921E+02  9.400334434E-01 
       202  1.207748534E-01  1.979244993E-01  1.042263433E-01  1.224245606E+05  2.348953632E+02  3.568094223E+02  3.170503550E+02  2.944505529E+02  9.323904552E-01 
       203  1.209766187E-01  1.976967879E-01  1.080979692E-01  1.223886208E+05  2.345079832E+02  3.541495811E+02  3.123462350E+02  3.261930953E+02  9.314918444E-01 
       204  1.209415894E-01  1.976147862E-01  1.119887176E-01  1.225504034E+05  2.304534422E+02  3.520846378E+02  3.087085776E+02  3.351589465E+02  9.421285787E-01 
       205  1.209136670E-01  1.975679793E-01  1.158784497E-01  1.226832394E+05  2.274273325E+02  3.511720868E+02  3.071059229E+02  3.386203242E+02  9.506989350E-01 
       206  1.209140530E-01  1.975343277E-01  1.197687765E-01  1.227692215E+05  2.238418016E+02  3.511707221E+02  3.071029110E+02  3.392093088E+02  9.612986008E-01 
       207  1.209033119E-01  1.974945510E-01  1.236620610E-01  1.228252413E+05  2.207149932E+02  3.515362779E+02  3.077441072E+02  3.352814420E+02  9.696193300E-01 
       208  1.208998844E-01  1.975608583E-01  1.275528569E-01  1.228086047E+05  2.211805870E+02  3.518576569E+02  3.083117372E+02  3.369593536E+02  9.695027437E-01 
       209  1.209086196E-01  1.975927695E-01  1.314428594E-01  1.227926028E+05  2.208312936E+02  3.524396078E+02  3.093344097E+02  3.373198164E+02  9.708452496E-01 
       210  1.209261261E-01  1.976437754E-01  1.353324952E-01  1.228196901E+05  2.218556447E+02  3.530483986E+02  3.104054859E+02  3.320967927E+02  9.672482521E-01 
       211  1.209477387E-01  1.976921952E-01  1.392217013E-01  1.227910875E+05  2.209032935E+02  3.539200042E+02  3.119412949E+02  3.217318899E+02  9.707475286E-01 
       212  1.209659901E-01  1.977439656E-01  1.431109690E-01  1.229997055E+05  2.193099859E+02  3.550009006E+02  3.138339344E+02  3.078917940E+02  9.766434687E-01 
       213  1.210017723E-01  1.977818072E-01  1.470000027E-01  1.231665830E+05  2.207063599E+02  3.554506397E+02  3.144507189E+02  3.019224663E+02  9.735382348E-01 
       214 -1.337431699E-02  1.053111530E-01 -4.600000000E-02  8.762152637E+04  1.544453373E+02  3.330673790E+02  2.764006271E+02  2.355322285E+02  8.556780145E-01 
       215 -1.336879354E-02  1.054912688E-01 -4.299898917E-02  8.747309180E+04  1.538158674E+02  3.330721779E+02  2.762610426E+02  2.358141737E+02  8.602737412E-01 
       216 -1.321272523E-02  1.057016208E-01 -4.000664894E-02  8.749058301E+04  1.544728785E+02  3.329885883E+02  2.761223888E+02  2.365226288E+02  8.593520522E-01 
       217 -1.269691607E-02  1.059729593E-01 -3.706120983E-02  8.735921859E+04  1.546679534E+02  3.329609957E+02  2.760766365E+02  2.365306029E+02  8.585689735E-01 
       218 -1.181263769E-02  1.063072321E-01 -3.420969757E-02  8.717806501E+04  1.560896146E+02  3.328247627E+02  2.758506900E+02  2.383187494E+02  8.575043543E-01 
       219 -1.066241908E-02  1.066659143E-01 -3.145726216E-02  8.705699286E+04  1.566246993E+02  3.327939699E+02  2.757997534E+02  2.389645697E+02  8.572875672E-01 
       220 -9.280794463E-03  1.070573859E-01 -2.881758489E-02  8.687044898E+04  1.577437760E+02  3.326895735E+02  2.756266999E+02  2.399269072E+02  8.548355246E-01 
       221 -7.735023178E-03  1.074435380E-01 -2.626912607E-02  8.673949902E+04  1.580466638E+02  3.326822547E+02  2.756146121E+02  2.402175393E+02  8.546991837E-01 
       222 -6.047350445E-03  1.078135440E-01 -2.381048416E-02  8.666810947E+04  1.594165758E+02  3.325316786E+02  2.753651198E+02  2.414169891E+02  8.521796911E-01 
       223 -4.299611852E-03  1.081916589E-01 -2.139379423E-02  8.661486561E+04  1.595133096E+02  3.326473735E+02  2.755568374E+02  2.413286874E+02  8.518906468E-01 
       224 -2.461870607E-03  1.085505379E-01 -1.904289133E-02  8.666793969E+04  1.602048516E+02  3.325377884E+02  2.753753057E+02  2.421006514E+02  8.511528844E-01 
       225 -5.886173328E-04  1.088780789E-01 -1.671486844E-02  8.677255420E+04  1.600005429E+02  3.326842025E+02  2.756178707E+02  2.417680763E+02  8.516861040E-01 
       226  1.337912187E-03  1.092215599E-01 -1.443302686E-02  8.690272128E+04  1.595050813E+02  3.326173813E+02  2.755071391E+02  2.424424241E+02  8.572436001E-01 
       227  3.290030235E-03  1.094941851E-01 -1.216353628E-02  8.677008446E+04  1.593434242E+02  3.325077065E+02  2.753255279E+02  2.436576144E+02  8.630556854E-01 
       228  5.262023684E-03  1.097864070E-01 -9.913643549E-03  8.604322633E+04  1.601988587E+02  3.320808375E+02  2.746193645E+02  2.470499947E+02  8.710113285E-01 
       229  7.256339014E-03  1.100495762E-01 -7.679258903E-03  8.415193909E+04  1.648163428E+02  3.310395179E+02  2.728999864E+02  2.539852316E+02  8.715326001E-01 
       230  9.250945095E-03  1.102792579E-01 -5.441700620E-03  8.176591159E+04  1.729077761E+02  3.298253457E+02  2.709017597E+02  2.621747791E+02  8.588198059E-01 
       231  1.125130268E-02  1.105297001E-01 -3.209862298E-03  8.053730811E+04  1.801883078E+02  3.292810831E+02  2.700082808E+02  2.661230750E+02  8.348883763E-01 
       232  1.324504242E-02  1.107259366E-01 -9.692227629E-04  8.129644482E+04  1.834491444E+02  3.297337427E+02  2.707514839E+02  2.638018856E+02  8.097683806E-01 
       233  1.522818012E-02  1.109344875E-01  1.280794701E-03  8.319740771E+04  1.845357494E+02  3.307220116E+02  2.723776245E+02  2.583916960E+02  7.852905840E-01 
       234  1.717717000E-02  1.111306516E-01  3.565314237E-03  8.533013086E+04  1.832621193E+02  3.320411377E+02  2.745546761E+02  2.495105877E+02  7.619353160E-01 
       235  2.098827574E-02  1.115152878E-01  8.199040730E-03  8.922162256E+04  1.860772581E+02  3.342362938E+02  2.781968155E+02  2.371123028E+02  7.083278149E-01 
       236  2.283804163E-02  1.116790561E-01  1.055952489E-02  9.048501422E+04  1.890983742E+02  3.353551812E+02  2.800616627E+02  2.303671572E+02  6.714564431E-01 
       237  2.632960383E-02  1.121198866E-01  1.543269692E-02  9.118101904E+04  2.047311592E+02  3.354466019E+02  2.802143669E+02  2.308024902E+02  5.897218473E-01 
       238  2.959379811E-02  1.126564718E-01  2.044933110E-02  9.031851538E+04  2.215550561E+02  3.349039226E+02  2.793082261E+02  2.366226339E+02  5.203392915E-01 
       239  3.114059063E-02  1.129278581E-01  2.301118304E-02  8.976584258E+04  2.289789746E+02  3.347990178E+02  2.791333462E+02  2.396271969E+02  4.922566696E-01 
       240  3.264987762E-02  1.132456905E-01  2.559358749E-02  8.916934390E+04  2.360275129E+02  3.343991791E+02  2.784669929E+02  2.423774426E+02  4.655348790E-01 
       241  3.807676132E-02  1.146676712E-01  3.621643154E-02  8.786666958E+04  2.600231608E+02  3.338025276E+02  2.774739304E+02  2.506531348E+02  3.736668199E-01 
       242  3.928374460E-02  1.150413043E-01  3.894926042E-02  8.797099133E+04  2.658716016E+02  3.341279249E+02  2.780157082E+02  2.521402497E+02  3.500006273E-01 
       243  4.044503934E-02  1.154301055E-01  4.169676193E-02  8.833076198E+04  2.694599529E+02  3.345273335E+02  2.786809111E+02  2.509900319E+02  3.283968161E-01 
       244  4.154949506E-02  1.158110833E-01  4.446441861E-02  8.893904004E+04  2.730424862E+02  3.348211040E+02  2.791703739E+02  2.497407446E+02  3.062615525E-01 
       245  4.259018966E-02  1.161595968E-01  4.726780086E-02  8.978734350E+04  2.760326820E+02  3.351990106E+02  2.798016137E+02  2.477536054E+02  2.845267694E-01 
       246  4.357921759E-02  1.165132208E-01  5.008364009E-02  9.088227441E+04  2.776496191E+02  3.358164368E+02  2.808339672E+02  2.443358984E+02  2.650259677E-01 
       247  4.448002582E-02  1.168267471E-01  5.293502673E-02  9.223531271E+04  2.802543489E+02  3.362823590E+02  2.816130918E+02  2.421350816E+02  2.440928830E-01 
       248  4.534234860E-02  1.171711221E-01  5.579536500E-02  9.374224023E+04  2.807181034E+02  3.370633965E+02  2.829236851E+02  2.373514004E+02  2.257151101E-01 
       249  4.612355051E-02  1.174912616E-01  5.867935283E-02  9.510710449E+04  2.816421700E+02  3.377877388E+02  2.841415634E+02  2.333794975E+02  2.074320335E-01 
       250  4.681688670E-02  1.178330389E-01  6.158342338E-02  9.634843164E+04  2.824238663E+02  3.384185905E+02  2.852033844E+02  2.299454536E+02  1.923271939E-01 
       251  4.742483443E-02  1.181684938E-01  6.451168194E-02  9.741981152E+04  2.832484436E+02  3.389591560E+02  2.861143646E+02  2.270831795E+02  1.792030595E-01 
       252  4.796175059E-02  1.184973583E-01  6.744925218E-02  9.826873584E+04  2.844589052E+02  3.394245186E+02  2.868999462E+02  2.249612846E+02  1.664479729E-01 
       253  4.839690646E-02  1.188449776E-01  7.040346354E-02  9.889121323E+04  2.857325380E+02  3.397213335E+02  2.874013523E+02  2.234718653E+02  1.556822093E-01 
       254  4.867844520E-02  1.192029192E-01  7.337369276E-02  9.926618252E+04  2.879134279E+02  3.398454154E+02  2.876121555E+02  2.228909950E+02  1.429093004E-01 
       255  4.889804354E-02  1.195863964E-01  7.634446821E-02  9.957669476E+04  2.900300769E+02  3.398619036E+02  2.876402543E+02  2.223849742E+02  1.307895108E-01 
       256  4.901527392E-02  1.199575346E-01  7.936475415E-02  9.973305597E+04  2.924772521E+02  3.399021416E+02  2.877084421E+02  2.227427760E+02  1.198415847E-01 
       257  4.897414798E-02  1.207471392E-01  8.530893469E-02  9.972552734E+04  2.967805099E+02  3.400666428E+02  2.879862289E+02  2.236936073E+02  1.019587927E-01 
       258  4.879835866E-02  1.211503063E-01  8.827262235E-02  9.965146191E+04  2.990683365E+02  3.399265137E+02  2.877486572E+02  2.253428879E+02  9.693905432E-02 
       259  4.854576088E-02  1.215647590E-01  9.126615169E-02  9.961509253E+04  3.013622055E+02  3.396085757E+02  2.872106956E+02  2.257480265E+02  8.654316156E-02 
       260  4.818457029E-02  1.219712360E-01  9.420996830E-02  9.997654588E+04  3.010401172E+02  3.398875162E+02  2.876827999E+02  2.246334869E+02  8.559559278E-02 
       261  4.782320061E-02  1.224212570E-01  9.713670139E-02  1.004736655E+05  3.011781330E+02  3.400314255E+02  2.879271755E+02  2.234259539E+02  8.159843273E-02 
       262  4.734997920E-02  1.228526278E-01  1.001180955E-01  1.014986973E+05  2.997442360E+02  3.406378212E+02  2.889543839E+02  2.203300896E+02  7.897318620E-02 
       263  4.683890011E-02  1.232935874E-01  1.030087938E-01  1.029121985E+05  2.969593115E+02  3.415371848E+02  2.904830321E+02  2.162664231E+02  8.108011200E-02 
       264  4.566507936E-02  1.242316696E-01  1.088390156E-01  1.051204842E+05  2.923837506E+02  3.420154418E+02  2.912966459E+02  2.091575358E+02  8.373320317E-02 
       265  4.352639189E-02  1.257122811E-01  1.174848542E-01  1.082019823E+05  2.729919906E+02  3.445192342E+02  2.955800018E+02  1.898327565E+02  1.380866877E-01 
       266  4.289440586E-02  1.261798267E-01  1.203730247E-01  1.083120254E+05  2.690111327E+02  3.451279714E+02  2.966247554E+02  1.798999732E+02  1.279518743E-01 
       267  4.242365191E-02  1.265975250E-01  1.232861776E-01  1.077393112E+05  2.670007500E+02  3.462407011E+02  2.985413604E+02  1.638179830E+02  8.185986281E-02 
       268  4.208270049E-02  1.270006734E-01  1.262530889E-01  1.071067695E+05  2.551029358E+02  3.478151817E+02  3.012642136E+02  1.400385895E+02  8.860549424E-02 
       269  4.202415066E-02  1.273246053E-01  1.292418903E-01  1.071551045E+05  2.448877496E+02  3.484778863E+02  3.024097945E+02  1.361103392E+02  1.555093828E-01 
       270  4.218523596E-02  1.275849052E-01  1.322314117E-01  1.072852101E+05  2.421285708E+02  3.486155303E+02  3.026521374E+02  1.416032235E+02  1.974122891E-01 
       271  4.252691668E-02  1.278080741E-01  1.352038484E-01  1.072494521E+05  2.462138515E+02  3.487068360E+02  3.028133310E+02  1.502346861E+02  1.973243612E-01 
       272  4.296344289E-02  1.279984053E-01  1.381664338E-01  1.070752743E+05  2.502074228E+02  3.485950374E+02  3.026211233E+02  1.557695837E+02  1.893031467E-01 
       273  4.347514252E-02  1.281630447E-01  1.411197974E-01  1.067341752E+05  2.530555465E+02  3.482556171E+02  3.020304400E+02  1.606347364E+02  1.875656048E-01 
       274  4.403358971E-02  1.283124551E-01  1.440677535E-01  1.064253501E+05  2.551984076E+02  3.479186222E+02  3.014412990E+02  1.652264446E+02  1.899199674E-01 
       275  4.466583781E-02  1.284644007E-01  1.470000034E-01  1.062875678E+05  2.578068076E+02  3.473368680E+02  2.943059167E+02  1.695384613E+02  1.884478562E-01 
       276 -1.390154712E-02  1.725232616E-01 -4.600000033E-02  8.225631615E+04  1.817785314E+02  3.302791821E+02  2.714356590E+02  3.420126617E+02  1.010339782E+00 
       277 -1.389524734E-02  1.726308379E-01 -4.258575940E-02  8.260943530E+04  1.817384796E+02  3.302882989E+02  2.716622225E+02  3.423396319E+02  1.011077462E+00 
       278 -1.388827040E-02  1.727470810E-01 -3.919459871E-02  8.286496353E+04  1.814712655E+02  3.303485696E+02  2.717614534E+02  3.426905492E+02  1.012610773E+00 
       279 -1.387976982E-02  1.728866868E-01 -3.575874102E-02  8.288641448E+04  1.813175567E+02  3.303942516E+02  2.718366258E+02  3.428722315E+02  1.013443647E+00 
       280 -1.386962822E-02  1.730354599E-01 -3.234598001E-02  8.294727382E+04  1.815254354E+02  3.303509513E+02  2.717653469E+02  3.431333578E+02  1.013254469E+00 
       281 -1.385715910E-02  1.732129765E-01 -2.893478341E-02  8.241703655E+04  1.822563154E+02  3.301400835E+02  2.714185282E+02  3.446273421E+02  1.013528730E+00 
       282 -1.381464856E-02  1.733989484E-01 -2.553958976E-02  8.200483592E+04  1.830204929E+02  3.298497350E+02  2.709414023E+02  3.459043943E+02  1.013198926E+00 
       283 -1.334927366E-02  1.736519924E-01 -2.216152427E-02  8.131487957E+04  1.842643746E+02  3.294859546E+02  2.703440804E+02  3.476475309E+02  1.012136138E+00 
       284 -1.220387625E-02  1.739549638E-01 -1.896956374E-02  8.003633154E+04  1.878899584E+02  3.287230282E+02  2.690946732E+02  3.521781731E+02  1.008246787E+00 
       285 -1.057589609E-02  1.742731966E-01 -1.599005111E-02  7.846072062E+04  1.931068331E+02  3.277465793E+02  2.674983526E+02  3.564403369E+02  9.985744915E-01 
       286 -8.586070527E-03  1.745821273E-01 -1.323108332E-02  7.658768932E+04  1.974438973E+02  3.270047950E+02  2.662881760E+02  3.600453430E+02  9.907752083E-01 
       287 -6.371188279E-03  1.748941133E-01 -1.065117603E-02  7.600119591E+04  2.000666694E+02  3.268528446E+02  2.660407222E+02  3.596091091E+02  9.810244355E-01 
       288 -3.959984913E-03  1.752012559E-01 -8.251810021E-03  7.757508689E+04  1.994116021E+02  3.277687509E+02  2.675366584E+02  3.566986602E+02  9.776418870E-01 
       289 -1.474621790E-03  1.754287438E-01 -5.921768022E-03  8.266236484E+04  1.921393341E+02  3.302859580E+02  2.716691630E+02  3.477311058E+02  9.863369440E-01 
       290  1.096342236E-03  1.756586641E-01 -3.684409899E-03  8.895974663E+04  1.826334192E+02  3.331121431E+02  2.763330025E+02  3.334705298E+02  9.947750775E-01 
       291  3.722457199E-03  1.758529720E-01 -1.512169024E-03  9.187116699E+04  1.748651137E+02  3.344826078E+02  2.786073265E+02  3.252954884E+02  1.008728467E+00 
       292  6.390497491E-03  1.759799744E-01  6.206893580E-04  8.844623828E+04  1.774641953E+02  3.331903877E+02  2.764640560E+02  3.351513729E+02  1.015342847E+00 
       293  1.179759467E-02  1.761809281E-01  4.808741428E-03  7.616962109E+04  2.004659081E+02  3.267167892E+02  2.658236580E+02  3.639517746E+02  9.881341457E-01 
       294  1.450804596E-02  1.762121176E-01  6.883706551E-03  7.261085547E+04  2.083841209E+02  3.244224281E+02  2.621029091E+02  3.741697083E+02  9.815220535E-01 
       295  1.722225861E-02  1.762495216E-01  8.953048646E-03  7.068787500E+04  2.154404335E+02  3.228688126E+02  2.595964737E+02  3.811922340E+02  9.722194672E-01 
       296  1.993233776E-02  1.761597577E-01  1.102855473E-02  6.925963672E+04  2.181799755E+02  3.220469208E+02  2.582761765E+02  3.853618088E+02  9.718937874E-01 
       297  2.263244469E-02  1.760920636E-01  1.311525345E-02  6.749242383E+04  2.226782513E+02  3.209860744E+02  2.565784683E+02  3.911358566E+02  9.692715257E-01 
       298  2.532249661E-02  1.759768902E-01  1.521525865E-02  6.581542847E+04  2.294327545E+02  3.197859707E+02  2.546633816E+02  3.965415726E+02  9.584359080E-01 
       299  2.800116021E-02  1.758008440E-01  1.732596334E-02  6.545414600E+04  2.349212608E+02  3.193454628E+02  2.539617977E+02  3.987912989E+02  9.450184405E-01 
       300  3.066011949E-02  1.756198651E-01  1.946182943E-02  6.783139209E+04  2.357682538E+02  3.207472401E+02  2.562060170E+02  3.924602113E+02  9.283687454E-01 
       301  3.850917716E-02  1.748410184E-01  2.602581626E-02  8.692055347E+04  2.346371069E+02  3.335555573E+02  2.770695486E+02  3.346781454E+02  8.228665628E-01 
       302  4.358739934E-02  1.740919978E-01  3.053362568E-02  8.619230762E+04  2.366504660E+02  3.329763374E+02  2.761033316E+02  3.424836149E+02  8.295703158E-01 
       303  4.609287257E-02  1.736863543E-01  3.281922705E-02  8.519632104E+04  2.405274105E+02  3.325825186E+02  2.754495459E+02  3.448654890E+02  8.208832443E-01 
       304  4.855845708E-02  1.731970535E-01  3.512834265E-02  8.482184766E+04  2.435878420E+02  3.325846395E+02  2.754533319E+02  3.452113218E+02  8.109480273E-01 
       305  5.100043215E-02  1.726458906E-01  3.745772352E-02  8.563071045E+04  2.467026591E+02  3.331438317E+02  2.763810863E+02  3.424347873E+02  7.958139982E-01 
       306  5.340036417E-02  1.720848619E-01  3.982071753E-02  8.862350952E+04  2.487800658E+02  3.347363625E+02  2.790338109E+02  3.362739410E+02  7.784768669E-01 
       307  5.576533568E-02  1.714326002E-01  4.220398857E-02  9.400844504E+04  2.484753309E+02  3.374483351E+02  2.835770313E+02  3.231971760E+02  7.585060708E-01 
       308  5.808130114E-02  1.707532671E-01  4.462162642E-02  9.989191320E+04  2.465517701E+02  3.404101369E+02  2.885764921E+02  3.083957512E+02  7.423415305E-01 
       309  6.913202621E-02  1.670049815E-01  5.708998555E-02  1.126541290E+05  2.418743715E+02  3.470060935E+02  2.998617630E+02  2.745465078E+02  7.138300287E-01 
       310  7.325557335E-02  1.653928843E-01  6.228962682E-02  1.158372545E+05  2.405986538E+02  3.484486659E+02  3.023592033E+02  2.653200479E+02  7.082469747E-01 
       311  7.526114685E-02  1.645964451E-01  6.493668120E-02  1.169794180E+05  2.400184269E+02  3.488018398E+02  3.029720554E+02  2.628963871E+02  7.093796916E-01 
       312  8.099008587E-02  1.620989224E-01  7.305121222E-02  1.187038818E+05  2.390333977E+02  3.494297180E+02  3.040628166E+02  2.575812016E+02  7.073020115E-01 
       313  8.281625202E-02  1.612441772E-01  7.580722199E-02  1.189225195E+05  2.391137199E+02  3.493685875E+02  3.039565163E+02  2.565182304E+02  7.066121250E-01 
       314  8.462318717E-02  1.604029889E-01  7.856519154E-02  1.190477798E+05  2.388334990E+02  3.493285303E+02  3.038866863E+02  2.563438950E+02  7.090247869E-01 
       315  8.638808364E-02  1.595156660E-01  8.135371941E-02  1.190792981E+05  2.384361529E+02  3.492254839E+02  3.037072535E+02  2.565465894E+02  7.116057798E-01 
       316  8.818531781E-02  1.586346563E-01  8.418846896E-02  1.191038429E+05  2.379560552E+02  3.490563208E+02  3.034130690E+02  2.562638644E+02  7.116863987E-01 
       317  9.153487112E-02  1.568453452E-01  8.985396979E-02  1.191269817E+05  2.379421172E+02  3.489893064E+02  3.032970920E+02  2.546390791E+02  7.107866695E-01 
       318  9.319079870E-02  1.559467714E-01  9.269883327E-02  1.190137373E+05  2.382442284E+02  3.488705082E+02  3.030907230E+02  2.546471615E+02  7.098195106E-01 
       319  9.639067810E-02  1.541493463E-01  9.845101971E-02  1.188783330E+05  2.381367397E+02  3.487010250E+02  3.027959309E+02  2.547400894E+02  7.114332095E-01 
       320  9.789700787E-02  1.532238030E-01  1.013752208E-01  1.188848589E+05  2.389402139E+02  3.486009278E+02  3.026218338E+02  2.543441796E+02  7.068624049E-01 
       321  9.939560036E-02  1.523575645E-01  1.043121280E-01  1.189132998E+05  2.393154545E+02  3.485208282E+02  3.024827538E+02  2.545737572E+02  7.062581107E-01 
       322  1.008373928E-01  1.515239935E-01  1.072922639E-01  1.188574053E+05  2.401692371E+02  3.483112755E+02  3.021190872E+02  2.553875618E+02  7.042827532E-01 
       323  1.021925752E-01  1.507164957E-01  1.103173974E-01  1.187646160E+05  2.413470707E+02  3.480963802E+02  3.017467093E+02  2.565000744E+02  7.004091907E-01 
       324  1.063175391E-01  1.486079647E-01  1.265700906E-01  1.181957734E+05  2.405581055E+02  3.489659424E+02  3.032599907E+02  2.560039368E+02  7.056832612E-01 
       325  1.064822206E-01  1.487022474E-01  1.299738775E-01  1.183431621E+05  2.367984848E+02  3.503648605E+02  3.056975937E+02  2.454754753E+02  7.141256779E-01 
       326  1.066476119E-01  1.488146338E-01  1.333799290E-01  1.182803496E+05  2.311108818E+02  3.517578621E+02  3.081313515E+02  2.286949005E+02  7.310201079E-01 
       327  1.068180965E-01  1.489318139E-01  1.367854531E-01  1.180572461E+05  2.273881531E+02  3.524398994E+02  3.093248329E+02  2.181925259E+02  7.461292595E-01 
       328  1.069979625E-01  1.490578552E-01  1.401905319E-01  1.179373623E+05  2.296246300E+02  3.518487244E+02  3.082890587E+02  2.242147388E+02  7.400608212E-01 
       329  1.071817424E-01  1.491887345E-01  1.435955648E-01  1.180114136E+05  2.357337542E+02  3.503683605E+02  3.055423088E+02  2.441956930E+02  7.224009037E-01 
       330  1.073851999E-01  1.493347905E-01  1.470000044E-01  1.179835273E+05  2.437865524E+02  3.484027405E+02  3.011734390E+02  2.643181305E+02  7.046619207E-01 
       331 -5.132010553E-03  2.399711247E-01 -4.600000034E-02  8.385424707E+04  1.734352570E+02  3.311297874E+02  2.728482780E+02  4.391346397E+02  1.164755344E+00 
       332 -5.128125210E-03  2.399809281E-01 -4.210430258E-02  8.436217432E+04  1.745677361E+02  3.308580589E+02  2.726006699E+02  4.398044872E+02  1.162638992E+00 
       333 -5.125201508E-03  2.399922328E-01 -3.820870464E-02  8.342068469E+04  1.769503171E+02  3.303214393E+02  2.717183411E+02  4.419978461E+02  1.159068553E+00 
       334 -5.121813889E-03  2.400095995E-01 -3.431329778E-02  8.152316748E+04  1.807429293E+02  3.295015211E+02  2.703715484E+02  4.458394229E+02  1.153773373E+00 
       335 -5.119016059E-03  2.400291916E-01 -3.041776666E-02  7.966133993E+04  1.860382530E+02  3.285495579E+02  2.688116278E+02  4.496916396E+02  1.144718745E+00 
       336 -5.114574788E-03  2.400538233E-01 -2.652182619E-02  7.840133282E+04  1.888935460E+02  3.280752290E+02  2.680347288E+02  4.509030008E+02  1.138849033E+00 
       337 -5.109553763E-03  2.400828758E-01 -2.262552630E-02  7.795226611E+04  1.889153016E+02  3.282075963E+02  2.682520027E+02  4.501202869E+02  1.137892533E+00 
       338 -5.103895973E-03  2.401152952E-01 -1.872899116E-02  8.027154822E+04  1.850562462E+02  3.293197632E+02  2.700752785E+02  4.465865843E+02  1.143774876E+00 
       339 -4.925504783E-03  2.402473149E-01 -7.056915668E-03  8.798583839E+04  1.700197866E+02  3.324288939E+02  2.752015961E+02  4.319914885E+02  1.167874401E+00 
       340 -3.715119829E-03  2.403023013E-01 -3.373311706E-03  8.193647559E+04  1.793514417E+02  3.303837144E+02  2.718318605E+02  4.426958323E+02  1.155310947E+00 
       341 -1.562012846E-03  2.403581740E-01 -1.360753051E-04  7.862210904E+04  1.903224110E+02  3.282273040E+02  2.682877250E+02  4.539562357E+02  1.139029929E+00 
       342  1.133764527E-03  2.404094608E-01  2.675248428E-03  7.845244092E+04  1.921032009E+02  3.277046833E+02  2.674313107E+02  4.516934681E+02  1.132089194E+00 
       343  4.137632423E-03  2.404197044E-01  5.149238455E-03  7.974484688E+04  1.866412642E+02  3.283919475E+02  2.685533230E+02  4.485153902E+02  1.142412294E+00 
       344  7.316400202E-03  2.403253331E-01  7.399564588E-03  8.011178338E+04  1.842091127E+02  3.287736448E+02  2.691766922E+02  4.460541926E+02  1.146334290E+00 
       345  1.395577155E-02  2.400667001E-01  1.148649181E-02  8.607668311E+04  1.734070663E+02  3.315400581E+02  2.737362909E+02  4.405147877E+02  1.168076724E+00 
       346  1.735065466E-02  2.397965962E-01  1.337576268E-02  9.036095898E+04  1.608269520E+02  3.337412949E+02  2.773784103E+02  4.290795059E+02  1.188955769E+00 
       347  2.419161170E-02  2.391929427E-01  1.704637434E-02  7.992530078E+04  1.833358002E+02  3.293449326E+02  2.701183739E+02  4.452128677E+02  1.148181960E+00 
       348  2.761839379E-02  2.387452844E-01  1.884103948E-02  7.983759668E+04  1.872192917E+02  3.288351631E+02  2.692787209E+02  4.485383377E+02  1.141710028E+00 
       349  3.105226563E-02  2.382885234E-01  2.062260888E-02  8.102136523E+04  1.855784264E+02  3.294739799E+02  2.703261547E+02  4.439150963E+02  1.140878700E+00 
       350  3.788868369E-02  2.371344800E-01  2.417075674E-02  8.073008838E+04  1.855471020E+02  3.296950874E+02  2.706885147E+02  4.447932053E+02  1.142283686E+00 
       351  4.468291751E-02  2.357525484E-01  2.771953789E-02  8.028258594E+04  1.907122421E+02  3.292050629E+02  2.698856297E+02  4.481083794E+02  1.134640746E+00 
       352  4.805699300E-02  2.349490393E-01  2.948953136E-02  8.067012427E+04  1.900376320E+02  3.294402671E+02  2.702732601E+02  4.460073910E+02  1.135970192E+00 
       353  5.140582287E-02  2.340778219E-01  3.127771149E-02  8.068072510E+04  1.912781191E+02  3.293707047E+02  2.701600285E+02  4.458676357E+02  1.135155603E+00 
       354  5.473006301E-02  2.331020583E-01  3.305777180E-02  7.987751660E+04  1.922465248E+02  3.290519524E+02  2.696356735E+02  4.470707016E+02  1.136046976E+00 
       355  5.803984836E-02  2.320923676E-01  3.484458617E-02  7.848385791E+04  1.965992050E+02  3.280893307E+02  2.680603523E+02  4.496972885E+02  1.130223222E+00 
       356  6.132921494E-02  2.310454118E-01  3.665150486E-02  7.662020941E+04  1.995982273E+02  3.270148255E+02  2.663066820E+02  4.525955633E+02  1.126387084E+00 
       357  6.777528194E-02  2.285846393E-01  4.027160278E-02  8.511421387E+04  2.144380264E+02  3.325469131E+02  2.754232521E+02  4.285186119E+02  1.066857249E+00 
       358  7.097972553E-02  2.273472007E-01  4.209367684E-02  9.220920996E+04  2.289653606E+02  3.360413017E+02  2.812181854E+02  4.118089142E+02  1.015371300E+00 
       359  7.412444428E-02  2.259565065E-01  4.393674079E-02  9.090546387E+04  2.335722709E+02  3.348566971E+02  2.792398901E+02  4.184116096E+02  1.011091854E+00 
       360  7.725834663E-02  2.245514312E-01  4.577102978E-02  8.702895117E+04  2.344012022E+02  3.331958256E+02  2.764684677E+02  4.275408325E+02  1.017318293E+00 
       361  8.037011026E-02  2.231435234E-01  4.763983740E-02  8.978602344E+04  2.325804596E+02  3.350332565E+02  2.795419960E+02  4.215053482E+02  1.018897027E+00 
       362  8.343109451E-02  2.215945322E-01  4.950276897E-02  1.030817096E+05  2.240495054E+02  3.410709553E+02  2.897295527E+02  3.935575290E+02  1.025930188E+00 
       363  8.646988642E-02  2.201046420E-01  5.141624103E-02  1.220082170E+05  2.114887128E+02  3.481378813E+02  3.018575268E+02  3.577277994E+02  1.046869917E+00 
       364  9.242245520E-02  2.169732682E-01  5.534503106E-02  1.187382783E+05  2.199376035E+02  3.498886776E+02  3.048906231E+02  3.526646223E+02  1.006064162E+00 
       365  9.533631835E-02  2.153857768E-01  5.738443174E-02  1.166863433E+05  2.259281044E+02  3.490196815E+02  3.033905158E+02  3.557279005E+02  9.849185403E-01 
       366  9.819952312E-02  2.138016843E-01  5.949569436E-02  1.167599082E+05  2.267975292E+02  3.499133511E+02  3.049496307E+02  3.509424686E+02  9.782020971E-01 
       367  1.009694591E-01  2.121295788E-01  6.167326851E-02  1.189482046E+05  2.267218304E+02  3.514494705E+02  3.076254206E+02  3.444438200E+02  9.729964137E-01 
       368  1.037116704E-01  2.105064985E-01  6.390540356E-02  1.204668872E+05  2.299686308E+02  3.522252312E+02  3.089836102E+02  3.389909048E+02  9.583295844E-01 
       369  1.064180189E-01  2.088777679E-01  6.618856681E-02  1.208658335E+05  2.317250662E+02  3.527396507E+02  3.098869419E+02  3.372151108E+02  9.496064670E-01 
       370  1.090480686E-01  2.071800512E-01  6.850700508E-02  1.209887183E+05  2.363904114E+02  3.526965904E+02  3.098139553E+02  3.366471939E+02  9.334976897E-01 
       371  1.116790455E-01  2.055210471E-01  7.084353951E-02  1.213240281E+05  2.390590725E+02  3.529973636E+02  3.103456106E+02  3.324971938E+02  9.231253974E-01 
       372  1.142974452E-01  2.038484190E-01  7.319785208E-02  1.217768037E+05  2.382891092E+02  3.534631433E+02  3.111666508E+02  3.314590797E+02  9.235219341E-01 
       373  1.168416696E-01  2.021295301E-01  7.558130371E-02  1.220827100E+05  2.382561226E+02  3.540248909E+02  3.121647987E+02  3.309674110E+02  9.224258326E-01 
       374  1.193277496E-01  2.004108846E-01  7.805168345E-02  1.222657140E+05  2.369426415E+02  3.544380836E+02  3.129008501E+02  3.296126571E+02  9.255877389E-01 
       375  1.217693779E-01  1.987784452E-01  8.060399866E-02  1.224388828E+05  2.333182864E+02  3.544854860E+02  3.129834442E+02  3.280629492E+02  9.362747297E-01 
       376  1.240793489E-01  1.970470446E-01  8.322373237E-02  1.227744917E+05  2.284703808E+02  3.542457027E+02  3.125576448E+02  3.272296848E+02  9.506886899E-01 
       377  1.263696524E-01  1.953872062E-01  8.590193330E-02  1.231981525E+05  2.226019956E+02  3.543404361E+02  3.127139649E+02  3.256124978E+02  9.680787968E-01 
       378  1.285811840E-01  1.937639536E-01  8.866989816E-02  1.232659568E+05  2.186562986E+02  3.528888674E+02  3.101418872E+02  3.325082765E+02  9.795011040E-01 
       379  1.378530526E-01  1.861918564E-01  1.119425893E-01  1.224775303E+05  2.236166239E+02  3.545338125E+02  3.130188169E+02  3.212411251E+02  9.623235762E-01 
       380  1.378280879E-01  1.861358471E-01  1.158380052E-01  1.220993132E+05  2.249941144E+02  3.554938192E+02  3.147156420E+02  3.082961330E+02  9.576961156E-01 
       381  1.378172244E-01  1.861105784E-01  1.197328496E-01  1.217403342E+05  2.293259997E+02  3.559457169E+02  3.155152369E+02  3.038083458E+02  9.442089442E-01 
       382  1.378137064E-01  1.861013403E-01  1.236281983E-01  1.223120096E+05  2.311007650E+02  3.557878499E+02  3.152380023E+02  3.138351293E+02  9.363852646E-01 
       383  1.378232998E-01  1.861207539E-01  1.275238734E-01  1.228535714E+05  2.314263656E+02  3.546469239E+02  3.132236276E+02  3.252453937E+02  9.369575558E-01 
       384  1.378388478E-01  1.861485149E-01  1.314192119E-01  1.229680123E+05  2.282287438E+02  3.533069832E+02  3.108632083E+02  3.361427294E+02  9.487270218E-01 
       385  1.378667705E-01  1.861922064E-01  1.353144338E-01  1.228587247E+05  2.239668257E+02  3.527626598E+02  3.099053676E+02  3.345474107E+02  9.609523746E-01 
       386  1.378917792E-01  1.862393165E-01  1.392095884E-01  1.228643806E+05  2.223097202E+02  3.525410403E+02  3.095132684E+02  3.323111846E+02  9.654112482E-01 
       387  1.379128913E-01  1.862912877E-01  1.431056120E-01  1.229925626E+05  2.220147470E+02  3.527685290E+02  3.097827339E+02  3.299518893E+02  9.661050966E-01 
       388  1.379274402E-01  1.863453723E-01  1.469999959E-01  1.231807344E+05  2.209566154E+02  3.536810741E+02  3.109960065E+02  3.256750131E+02  9.694001842E-01 
       389 -3.389247132E-02  1.007789921E-01 -4.300551245E-02  8.754040088E+04  1.540643272E+02  3.330418377E+02  2.762107048E+02  2.357995071E+02  8.588615730E-01 
       390 -3.372456358E-02  1.010433636E-01 -4.002223516E-02  8.741693304E+04  1.547982235E+02  3.329716388E+02  2.760943193E+02  2.367373058E+02  8.583298716E-01 
       391 -3.329024078E-02  1.014074167E-01 -3.707963811E-02  8.730216794E+04  1.550344094E+02  3.329548900E+02  2.760665042E+02  2.369341295E+02  8.580370813E-01 
       392 -3.255620303E-02  1.018883264E-01 -3.421559131E-02  8.719734274E+04  1.555603499E+02  3.329052488E+02  2.759841601E+02  2.375469332E+02  8.576706961E-01 
       393 -3.153373485E-02  1.024554568E-01 -3.145384174E-02  8.710441542E+04  1.565058062E+02  3.328148842E+02  2.758343965E+02  2.384200902E+02  8.559695275E-01 
       394 -3.028950121E-02  1.031058036E-01 -2.880322264E-02  8.701656514E+04  1.572663828E+02  3.327418529E+02  2.757133914E+02  2.394893609E+02  8.560427133E-01 
       395 -2.888173412E-02  1.037838005E-01 -2.624318977E-02  8.691072182E+04  1.579442894E+02  3.326843916E+02  2.756181065E+02  2.399916430E+02  8.545540266E-01 
       396 -2.733119538E-02  1.044792183E-01 -2.377110822E-02  8.680816463E+04  1.585199180E+02  3.326387688E+02  2.755425409E+02  2.405623617E+02  8.538733810E-01 
       397 -2.568342124E-02  1.052055751E-01 -2.135968630E-02  8.669282664E+04  1.592954828E+02  3.325606766E+02  2.754131702E+02  2.418097306E+02  8.547087286E-01 
       398 -2.397735570E-02  1.059146334E-01 -1.899049647E-02  8.655464511E+04  1.595221450E+02  3.325185826E+02  2.753434936E+02  2.422955094E+02  8.557229694E-01 
       399 -2.220871387E-02  1.066063154E-01 -1.667396516E-02  8.618155511E+04  1.606143904E+02  3.323078352E+02  2.749945335E+02  2.442613120E+02  8.573688199E-01 
       400 -2.041003203E-02  1.073389070E-01 -1.437512078E-02  8.558001465E+04  1.623423668E+02  3.319847214E+02  2.744601966E+02  2.467059841E+02  8.570274555E-01 
       401 -1.856976066E-02  1.079715131E-01 -1.211630566E-02  8.494150417E+04  1.647286887E+02  3.316578612E+02  2.739200096E+02  2.496065948E+02  8.552202569E-01 
       402 -1.670953655E-02  1.086522831E-01 -9.860640570E-03  8.444905669E+04  1.681129215E+02  3.313677484E+02  2.734409439E+02  2.520472427E+02  8.462407998E-01 
       403 -1.482329113E-02  1.093026603E-01 -7.620995183E-03  8.440214819E+04  1.711943786E+02  3.313200802E+02  2.733622795E+02  2.529839784E+02  8.337507907E-01 
       404 -1.292306254E-02  1.099268373E-01 -5.385291055E-03  8.531658716E+04  1.715463500E+02  3.318697395E+02  2.742702141E+02  2.497973423E+02  8.214058094E-01 
       405 -1.101845801E-02  1.105590611E-01 -3.137660868E-03  8.714523010E+04  1.699044858E+02  3.328800138E+02  2.759429202E+02  2.440350987E+02  8.113877592E-01 
       406 -9.120841472E-03  1.111701815E-01 -8.914052251E-04  8.956593317E+04  1.672451407E+02  3.341528655E+02  2.780573792E+02  2.352598981E+02  7.978633600E-01 
       407 -7.240675928E-03  1.117476218E-01  1.353994698E-03  9.301377946E+04  1.631641012E+02  3.359633776E+02  2.810790851E+02  2.224268517E+02  7.827104439E-01 
       408 -5.370549944E-03  1.123083196E-01  3.627204146E-03  9.648099646E+04  1.633366208E+02  3.377198544E+02  2.840249498E+02  2.085055840E+02  7.431508396E-01 
       409 -3.530590186E-03  1.128981262E-01  5.933484609E-03  9.843558842E+04  1.703481607E+02  3.389765939E+02  2.861445634E+02  2.001203291E+02  6.815771669E-01 
       410 -1.726912218E-03  1.134387153E-01  8.259926622E-03  9.816226929E+04  1.859623761E+02  3.384326854E+02  2.852254262E+02  2.058230705E+02  6.070455136E-01 
       411  3.734044288E-05  1.140039107E-01  1.062617763E-02  9.732899927E+04  1.938424020E+02  3.381840887E+02  2.848065023E+02  2.080252748E+02  5.697659170E-01 
       412  1.740848712E-03  1.145879687E-01  1.302702968E-02  9.644801450E+04  2.015165785E+02  3.377608753E+02  2.840940304E+02  2.117669213E+02  5.397855977E-01 
       413  3.387617433E-03  1.151172021E-01  1.547343878E-02  9.593557156E+04  2.079532948E+02  3.375077576E+02  2.836683900E+02  2.139058358E+02  5.118279785E-01 
       414  4.957112811E-03  1.157081541E-01  1.796238578E-02  9.540218958E+04  2.154388225E+02  3.371614966E+02  2.830867796E+02  2.183931623E+02  4.865463171E-01 
       415  6.462677552E-03  1.163151534E-01  2.048609031E-02  9.465821899E+04  2.220533137E+02  3.368158979E+02  2.825068521E+02  2.223881965E+02  4.655124629E-01 
       416  7.926557233E-03  1.168909271E-01  2.304605918E-02  9.399702850E+04  2.279255512E+02  3.364649200E+02  2.819180987E+02  2.262350686E+02  4.481221046E-01 
       417  9.338612782E-03  1.175119790E-01  2.562398907E-02  9.367044683E+04  2.329362909E+02  3.362435533E+02  2.815472333E+02  2.284072964E+02  4.306284493E-01 
       418  1.068984297E-02  1.181121478E-01  2.822455248E-02  9.348880627E+04  2.381809038E+02  3.360531993E+02  2.812285655E+02  2.302816274E+02  4.107017331E-01 
       419  1.198650266E-02  1.187330819E-01  3.085849659E-02  9.342661916E+04  2.427520470E+02  3.360225114E+02  2.811773494E+02  2.313686049E+02  3.921186337E-01 
       420  1.322982934E-02  1.193430432E-01  3.352159396E-02  9.343332179E+04  2.464918814E+02  3.361080648E+02  2.813203288E+02  2.321155565E+02  3.770054241E-01 
       421  1.439865389E-02  1.199672983E-01  3.621509854E-02  9.355185040E+04  2.504141805E+02  3.361577966E+02  2.814036399E+02  2.325315627E+02  3.593776013E-01 
       422  1.553995729E-02  1.205631245E-01  3.892438234E-02  9.392150781E+04  2.536620089E+02  3.363371651E+02  2.817040147E+02  2.318668797E+02  3.415347023E-01 
       423  1.662952250E-02  1.211745408E-01  4.165332372E-02  9.444306641E+04  2.566436518E+02  3.365321602E+02  2.820307890E+02  2.314960659E+02  3.264273842E-01 
       424  1.764894372E-02  1.217373945E-01  4.441857664E-02  9.518572180E+04  2.583879376E+02  3.369098127E+02  2.826646881E+02  2.296122959E+02  3.126582169E-01 
       425  1.861873940E-02  1.222791769E-01  4.720617614E-02  9.625354096E+04  2.595289945E+02  3.374662878E+02  2.835990074E+02  2.266555865E+02  2.981687856E-01 
       426  1.950820179E-02  1.228336643E-01  5.001741530E-02  9.735764999E+04  2.608341569E+02  3.380318499E+02  2.845506251E+02  2.232967657E+02  2.814105314E-01 
       427  2.036944420E-02  1.233245632E-01  5.285072558E-02  9.849107785E+04  2.623714540E+02  3.385994592E+02  2.855069262E+02  2.202292384E+02  2.638457896E-01 
       428  2.117157025E-02  1.238295963E-01  5.569831964E-02  9.966178418E+04  2.640979462E+02  3.391259136E+02  2.863954782E+02  2.176370792E+02  2.471504444E-01 
       429  2.190592593E-02  1.242947792E-01  5.857026217E-02  1.007287190E+05  2.658998556E+02  3.396038437E+02  2.872029886E+02  2.153364372E+02  2.307350943E-01 
       430  2.257248913E-02  1.247551336E-01  6.145961794E-02  1.016621509E+05  2.676948500E+02  3.400472412E+02  2.879533205E+02  2.132479620E+02  2.152295616E-01 
       431  2.314781749E-02  1.251835029E-01  6.437124902E-02  1.023584053E+05  2.697994981E+02  3.403752041E+02  2.885088110E+02  2.113777733E+02  1.983268894E-01 
       432  2.363318974E-02  1.255957621E-01  6.730774801E-02  1.028655033E+05  2.723465490E+02  3.405908523E+02  2.888744524E+02  2.101083493E+02  1.808897246E-01 
       433  2.402789138E-02  1.260195069E-01  7.025072331E-02  1.032116665E+05  2.749878273E+02  3.407973003E+02  2.892247849E+02  2.092619715E+02  1.643912485E-01 
       434  2.431727977E-02  1.264030352E-01  7.321094069E-02  1.034080762E+05  2.778977127E+02  3.409285717E+02  2.894476109E+02  2.089032021E+02  1.477494584E-01 
       435  2.453016930E-02  1.268032789E-01  7.617447467E-02  1.034748184E+05  2.810547347E+02  3.410013771E+02  2.895712523E+02  2.093205314E+02  1.326368887E-01 
       436  2.462079541E-02  1.271795605E-01  7.915094878E-02  1.033544593E+05  2.846106570E+02  3.409825351E+02  2.895392563E+02  2.102999111E+02  1.169491354E-01 
       437  2.463902970E-02  1.275610820E-01  8.212637731E-02  1.028747781E+05  2.888324800E+02  3.407493391E+02  2.891434126E+02  2.129490170E+02  1.040280962E-01 
       438  2.457492051E-02  1.279220853E-01  8.510260082E-02  1.020684001E+05  2.933689048E+02  3.403811231E+02  2.885189113E+02  2.162834730E+02  9.192808078E-02 
       439  2.441429013E-02  1.282749863E-01  8.807550525E-02  1.008952597E+05  2.968543115E+02  3.399008688E+02  2.877052698E+02  2.216048304E+02  9.462875490E-02 
       440  2.420234297E-02  1.286273229E-01  9.105186832E-02  9.988721927E+04  2.981180940E+02  3.393914070E+02  2.868433827E+02  2.249851211E+02  1.028872174E-01 
       441  2.388558350E-02  1.289647853E-01  9.401845916E-02  9.986780222E+04  2.966725705E+02  3.393699572E+02  2.868070425E+02  2.254248923E+02  1.151124039E-01 
       442  2.351928731E-02  1.293134864E-01  9.696958543E-02  1.004071815E+05  2.939716063E+02  3.396355123E+02  2.872560903E+02  2.240122120E+02  1.274027088E-01 
       443  2.306449285E-02  1.296327241E-01  9.991680403E-02  1.011674214E+05  2.915430918E+02  3.399770155E+02  2.878341055E+02  2.218622212E+02  1.348673170E-01 
       444  2.257188759E-02  1.299515661E-01  1.028605699E-01  1.019715391E+05  2.889739695E+02  3.403550215E+02  2.884745054E+02  2.189249439E+02  1.401273129E-01 
       445  2.201092100E-02  1.302726916E-01  1.057899135E-01  1.028482727E+05  2.863425509E+02  3.407679043E+02  2.891747756E+02  2.159017409E+02  1.456930787E-01 
       446  2.143382683E-02  1.305960230E-01  1.087107054E-01  1.038205352E+05  2.839129179E+02  3.412415864E+02  2.899794041E+02  2.120636815E+02  1.470714879E-01 
       447  2.076802587E-02  1.309307408E-01  1.116221513E-01  1.049298149E+05  2.812889957E+02  3.418841782E+02  2.910725708E+02  2.073877192E+02  1.466952786E-01 
       448  2.010215597E-02  1.312657467E-01  1.145293522E-01  1.059063076E+05  2.790522757E+02  3.425005341E+02  2.921229906E+02  2.034912691E+02  1.472737896E-01 
       449  1.945135245E-02  1.316056955E-01  1.174374795E-01  1.066175762E+05  2.776566808E+02  3.429311192E+02  2.928577962E+02  2.006160295E+02  1.468667052E-01 
       450  1.885387307E-02  1.319548677E-01  1.203553293E-01  1.071139377E+05  2.768316791E+02  3.431871712E+02  2.932953460E+02  1.990262853E+02  1.480536709E-01 
       451  1.837479322E-02  1.322913677E-01  1.233018373E-01  1.074090032E+05  2.762773857E+02  3.433432989E+02  2.935624418E+02  1.982378659E+02  1.507016458E-01 
       452  1.811263581E-02  1.325954541E-01  1.262715907E-01  1.075573521E+05  2.758404293E+02  3.434470215E+02  2.937398434E+02  1.975969553E+02  1.531201857E-01 
       453  1.805653049E-02  1.328847135E-01  1.292554963E-01  1.075790759E+05  2.756889586E+02  3.434893746E+02  2.938123455E+02  1.979179888E+02  1.575037211E-01 
       454  1.819877737E-02  1.331672438E-01  1.322380588E-01  1.075055723E+05  2.761308105E+02  3.434463489E+02  2.937387483E+02  1.993606298E+02  1.623636354E-01 
       455  1.852494771E-02  1.334510277E-01  1.352129826E-01  1.073487271E+05  2.767416765E+02  3.433766407E+02  2.936193276E+02  2.012061510E+02  1.678230880E-01 
       456  1.890761882E-02  1.337081709E-01  1.381756048E-01  1.071241336E+05  2.772001579E+02  3.433218991E+02  2.935257080E+02  2.030503449E+02  1.739891216E-01 
       457  1.937808835E-02  1.339540030E-01  1.411279949E-01  1.068812494E+05  2.778828769E+02  3.432372568E+02  2.933809564E+02  2.047022915E+02  1.780213965E-01 
       458  1.989552602E-02  1.341916383E-01  1.440726902E-01  1.066236256E+05  2.783496442E+02  3.431945345E+02  2.933079386E+02  2.063099236E+02  1.831771331E-01 
       459  2.048114376E-02  1.344526817E-01  1.469999956E-01  1.062965146E+05  2.796232309E+02  3.430099955E+02  2.929970531E+02  2.086645517E+02  1.857523043E-01 
       460 -4.772920012E-02  1.664853148E-01 -4.258181757E-02  8.245945874E+04  1.820140202E+02  3.302130152E+02  2.715385549E+02  3.434504064E+02  1.012175704E+00 
       461 -4.770031945E-02  1.666117663E-01 -3.916302660E-02  8.230251971E+04  1.815560760E+02  3.301857269E+02  2.714937270E+02  3.428478816E+02  1.012734383E+00 
       462 -4.768621633E-02  1.667606858E-01 -3.574527808E-02  8.196351599E+04  1.829970233E+02  3.299203577E+02  2.710577412E+02  3.444463272E+02  1.010726964E+00 
       463 -4.773671611E-02  1.669008759E-01 -3.232563070E-02  8.148582300E+04  1.847355199E+02  3.295957365E+02  2.705244560E+02  3.469810686E+02  1.009406559E+00 
       464 -4.779814392E-02  1.670685917E-01 -2.890641835E-02  8.091061816E+04  1.858334455E+02  3.293279924E+02  2.700852489E+02  3.483884325E+02  1.008355562E+00 
       465 -4.772832030E-02  1.672854950E-01 -2.549705171E-02  8.023466516E+04  1.889247484E+02  3.288259206E+02  2.692627602E+02  3.508581333E+02  1.002515918E+00 
       466 -4.733274936E-02  1.676197526E-01 -2.211766833E-02  7.956630872E+04  1.916456990E+02  3.284043479E+02  2.685725884E+02  3.540065718E+02  9.992731549E-01 
       467 -4.646629434E-02  1.680852894E-01 -1.884685997E-02  7.937252213E+04  1.940447123E+02  3.282717763E+02  2.683557521E+02  3.544489034E+02  9.933167216E-01 
       468 -4.497458874E-02  1.687177674E-01 -1.583913045E-02  8.098891284E+04  1.928457985E+02  3.291904774E+02  2.698621483E+02  3.498080111E+02  9.913736042E-01 
       469 -4.311049959E-02  1.694263862E-01 -1.306511329E-02  8.419640015E+04  1.878684773E+02  3.310033693E+02  2.728437166E+02  3.412325106E+02  9.952676930E-01 
       470 -4.101650432E-02  1.701661907E-01 -1.047820325E-02  8.714880664E+04  1.820843000E+02  3.325472202E+02  2.753920040E+02  3.325220146E+02  1.000576477E+00 
       471 -3.872443978E-02  1.709287414E-01 -8.043812788E-03  8.732860962E+04  1.781550820E+02  3.326615086E+02  2.755814798E+02  3.328047767E+02  1.013864229E+00 
       472 -3.634257562E-02  1.716543837E-01 -5.706210795E-03  8.516652783E+04  1.803533478E+02  3.314053688E+02  2.735055637E+02  3.393739681E+02  1.016164906E+00 
       473 -3.384972842E-02  1.724025179E-01 -3.469956820E-03  8.126914447E+04  1.867741442E+02  3.293176222E+02  2.700745826E+02  3.501828725E+02  1.012740969E+00 
       474 -3.133060076E-02  1.731099844E-01 -1.271304633E-03  7.688477109E+04  1.980199239E+02  3.266437433E+02  2.657057092E+02  3.635493801E+02  9.983536080E-01 
       475 -2.873453975E-02  1.737912906E-01  8.535856133E-04  7.340316846E+04  2.066371608E+02  3.246259117E+02  2.624338236E+02  3.726126604E+02  9.871483967E-01 
       476 -2.611690126E-02  1.744247281E-01  2.958268427E-03  7.099269043E+04  2.139649057E+02  3.230973611E+02  2.599677358E+02  3.799122753E+02  9.768127352E-01 
       477 -2.348835128E-02  1.750433393E-01  5.058280838E-03  6.970703830E+04  2.185558143E+02  3.221154891E+02  2.583904088E+02  3.830679942E+02  9.678547615E-01 
       478 -2.083113736E-02  1.756162102E-01  7.133742148E-03  6.940402319E+04  2.182602167E+02  3.222592192E+02  2.586196618E+02  3.842439661E+02  9.703585543E-01 
       479 -1.816607045E-02  1.761555279E-01  9.209141426E-03  6.981327563E+04  2.221357374E+02  3.222876577E+02  2.586645670E+02  3.839781075E+02  9.566178545E-01 
       480 -1.549262448E-02  1.766467189E-01  1.128626304E-02  7.243023340E+04  2.206174927E+02  3.242671099E+02  2.618579597E+02  3.751675615E+02  9.436113127E-01 
       481 -1.281959455E-02  1.771087169E-01  1.337222607E-02  8.243024835E+04  2.130585179E+02  3.302496855E+02  2.716240108E+02  3.496788554E+02  9.217065694E-01 
       482 -1.015361520E-02  1.775059034E-01  1.547159933E-02  9.783360191E+04  2.067126362E+02  3.383767298E+02  2.851376843E+02  3.045707985E+02  8.753478974E-01 
       483 -7.491200012E-03  1.778633735E-01  1.757589553E-02  9.444291479E+04  2.220674348E+02  3.364891472E+02  2.819635639E+02  3.123658676E+02  8.333113436E-01 
       484 -4.837064878E-03  1.782590199E-01  1.971143984E-02  8.911980884E+04  2.289307833E+02  3.341725082E+02  2.780928650E+02  3.294821606E+02  8.367368951E-01 
       485 -2.188499166E-03  1.785530451E-01  2.185094162E-02  8.891486752E+04  2.332631072E+02  3.336667255E+02  2.772499056E+02  3.361467259E+02  8.316533833E-01 
       486  4.329096806E-04  1.787998193E-01  2.404680664E-02  8.917470703E+04  2.344312973E+02  3.339346867E+02  2.776953831E+02  3.350099716E+02  8.246826306E-01 
       487  3.027224691E-03  1.790317150E-01  2.627094405E-02  8.922202252E+04  2.367364593E+02  3.339331641E+02  2.776928773E+02  3.354630880E+02  8.171768729E-01 
       488  5.626976121E-03  1.792222402E-01  2.847807669E-02  8.995537878E+04  2.385790730E+02  3.344559221E+02  2.785622082E+02  3.330762656E+02  8.065383565E-01 
       489  8.191038637E-03  1.793338257E-01  3.074695743E-02  9.190639441E+04  2.408850467E+02  3.354961672E+02  2.802995391E+02  3.285679989E+02  7.914132038E-01 
       490  1.074058355E-02  1.794129340E-01  3.303046409E-02  9.516466190E+04  2.418637994E+02  3.370218689E+02  2.828566459E+02  3.214753481E+02  7.770606994E-01 
       491  1.325979491E-02  1.793970135E-01  3.532576038E-02  9.935749536E+04  2.398983102E+02  3.389696326E+02  2.861362295E+02  3.101250596E+02  7.669866746E-01 
       492  1.577166567E-02  1.793535417E-01  3.765132951E-02  1.033573590E+05  2.374756985E+02  3.407637773E+02  2.891708579E+02  2.990646987E+02  7.599481475E-01 
       493  1.825553626E-02  1.792503646E-01  4.000403552E-02  1.061047670E+05  2.352683554E+02  3.421110659E+02  2.914606328E+02  2.924434199E+02  7.592566842E-01 
       494  2.071273564E-02  1.790845686E-01  4.238164633E-02  1.080529680E+05  2.337568453E+02  3.430939037E+02  2.931376908E+02  2.896717863E+02  7.612951859E-01 
       495  2.315348782E-02  1.789033294E-01  4.476881837E-02  1.102529729E+05  2.326496668E+02  3.440840373E+02  2.948318763E+02  2.825935769E+02  7.569458364E-01 
       496  2.554611962E-02  1.786610662E-01  4.720294885E-02  1.126433613E+05  2.310674753E+02  3.451838617E+02  2.967200651E+02  2.732124119E+02  7.525749635E-01 
       497  2.790553153E-02  1.783591187E-01  4.966367300E-02  1.144075115E+05  2.304741993E+02  3.460266294E+02  2.981698675E+02  2.685246010E+02  7.496896591E-01 
       498  3.023553076E-02  1.780531658E-01  5.215009418E-02  1.154350227E+05  2.310025847E+02  3.464791460E+02  2.989501150E+02  2.659777389E+02  7.454714896E-01 
       499  3.255140683E-02  1.777481834E-01  5.464573084E-02  1.162844279E+05  2.313242142E+02  3.467972934E+02  2.994990541E+02  2.628733281E+02  7.414452825E-01 
       500  3.480321611E-02  1.773622653E-01  5.719033452E-02  1.171988656E+05  2.306210848E+02  3.472518702E+02  3.002845595E+02  2.614346855E+02  7.425573743E-01 
       501  3.704366447E-02  1.769956776E-01  5.978074099E-02  1.179699072E+05  2.309127259E+02  3.475424891E+02  3.007872627E+02  2.602568448E+02  7.403916409E-01 
       502  3.923116288E-02  1.766153691E-01  6.237867612E-02  1.185703380E+05  2.316228504E+02  3.477085738E+02  3.010746856E+02  2.574026237E+02  7.351931836E-01 
       503  4.136429871E-02  1.761773997E-01  6.501205622E-02  1.189762104E+05  2.316554323E+02  3.479079093E+02  3.014200395E+02  2.553306180E+02  7.333854453E-01 
       504  4.348069858E-02  1.757484529E-01  6.766046190E-02  1.192211816E+05  2.319778399E+02  3.480386324E+02  3.016464157E+02  2.553503537E+02  7.324295118E-01 
       505  4.554226392E-02  1.753162813E-01  7.034950997E-02  1.193005996E+05  2.325503521E+02  3.481298351E+02  3.018045025E+02  2.548063412E+02  7.300037853E-01 
       506  4.756665315E-02  1.748560179E-01  7.306168772E-02  1.192238758E+05  2.332408538E+02  3.481631093E+02  3.018621750E+02  2.545880588E+02  7.272950681E-01 
       507  4.956604909E-02  1.743615796E-01  7.580968578E-02  1.190526472E+05  2.335514013E+02  3.481567423E+02  3.018511382E+02  2.546289147E+02  7.263239266E-01 
       508  5.152654947E-02  1.738670862E-01  7.855886540E-02  1.189157696E+05  2.340759587E+02  3.480410246E+02  3.016505010E+02  2.557340237E+02  7.255175868E-01 
       509  5.347325952E-02  1.733659220E-01  8.131742073E-02  1.190140362E+05  2.340924932E+02  3.480342703E+02  3.016388246E+02  2.559765130E+02  7.260935103E-01 
       510  5.541917190E-02  1.728212690E-01  8.412523757E-02  1.192719355E+05  2.337557261E+02  3.481045158E+02  3.017605564E+02  2.555540017E+02  7.272515373E-01 
       511  5.731737707E-02  1.722438844E-01  8.698058411E-02  1.196842497E+05  2.340054789E+02  3.482615978E+02  3.020330964E+02  2.543583736E+02  7.253217902E-01 
       512  5.917186437E-02  1.716911252E-01  8.979478553E-02  1.198285084E+05  2.343630722E+02  3.483907731E+02  3.022572970E+02  2.542165359E+02  7.240430609E-01 
       513  6.096387184E-02  1.711643945E-01  9.255110888E-02  1.198316749E+05  2.350832149E+02  3.484044019E+02  3.022809966E+02  2.540663239E+02  7.213351403E-01 
       514  6.270700241E-02  1.705757992E-01  9.544380808E-02  1.196930483E+05  2.362116323E+02  3.483285794E+02  3.021493473E+02  2.544079499E+02  7.171518821E-01 
       515  6.442263795E-02  1.699823167E-01  9.834544530E-02  1.195511778E+05  2.372064884E+02  3.482391198E+02  3.019941053E+02  2.545918054E+02  7.134943281E-01 
       516  6.612271722E-02  1.694054111E-01  1.012510921E-01  1.193471924E+05  2.379025700E+02  3.481498158E+02  3.018392251E+02  2.551497884E+02  7.116334653E-01 
       517  6.776083839E-02  1.688452726E-01  1.042003507E-01  1.191549072E+05  2.384532441E+02  3.480627885E+02  3.016883847E+02  2.558635408E+02  7.105301192E-01 
       518  6.936215302E-02  1.682812898E-01  1.071729988E-01  1.189413229E+05  2.389869653E+02  3.479803981E+02  3.015455468E+02  2.566704947E+02  7.096051741E-01 
       519  7.082677073E-02  1.677321085E-01  1.102128146E-01  1.186872025E+05  2.396896299E+02  3.478917282E+02  3.013920679E+02  2.576471492E+02  7.080390886E-01 
       520  7.220712168E-02  1.672497044E-01  1.133584680E-01  1.185050290E+05  2.403363982E+02  3.478686692E+02  3.013524790E+02  2.585411148E+02  7.068155735E-01 
       521  7.342602904E-02  1.668557431E-01  1.165154693E-01  1.184324634E+05  2.407511982E+02  3.479781985E+02  3.015424409E+02  2.584157917E+02  7.056262069E-01 
       522  7.439926912E-02  1.665467988E-01  1.197652411E-01  1.184245916E+05  2.409591935E+02  3.481747298E+02  3.018827195E+02  2.574444456E+02  7.042532954E-01 
       523  7.498839543E-02  1.664581038E-01  1.231239650E-01  1.184111035E+05  2.406504021E+02  3.484484787E+02  3.023572903E+02  2.559078331E+02  7.044156194E-01 
       524  7.530423640E-02  1.665023734E-01  1.265249777E-01  1.183483215E+05  2.403157620E+02  3.485855145E+02  3.025954576E+02  2.557143960E+02  7.061528219E-01 
       525  7.543612494E-02  1.666233331E-01  1.299370256E-01  1.181752236E+05  2.420296097E+02  3.483263645E+02  3.021457386E+02  2.591619301E+02  7.031845041E-01 
       526  7.553122174E-02  1.667952118E-01  1.333496155E-01  1.180323408E+05  2.441817942E+02  3.479604082E+02  3.015111876E+02  2.619949589E+02  6.986454241E-01 
       527  7.566054780E-02  1.669469890E-01  1.367626796E-01  1.179816919E+05  2.440223188E+02  3.480786934E+02  3.017161884E+02  2.593364005E+02  6.968178954E-01 
       528  7.583993244E-02  1.671002891E-01  1.401745263E-01  1.178907024E+05  2.438862993E+02  3.483532727E+02  3.021930243E+02  2.595166562E+02  6.983838733E-01 
       529  7.600645069E-02  1.672586086E-01  1.435869327E-01  1.177695981E+05  2.438759897E+02  3.488292191E+02  3.030225279E+02  2.582341106E+02  6.993746548E-01 
       530  7.611546960E-02  1.674572299E-01  1.470000031E-01  1.178689796E+05  2.379133048E+02  3.500782952E+02  3.052939997E+02  2.474626360E+02  7.158676414E-01 
       531 -5.220359409E-02  2.342994603E-01 -4.210986580E-02  8.177397260E+04  1.824445209E+02  3.297026935E+02  2.707804444E+02  4.447201402E+02  1.148104768E+00 
       532 -5.220192467E-02  2.343108577E-01 -3.821952920E-02  8.083704904E+04  1.852785671E+02  3.292443092E+02  2.699480869E+02  4.462520390E+02  1.142729647E+00 
       533 -5.220302368E-02  2.343278434E-01 -3.432921672E-02  8.070213101E+04  1.862997215E+02  3.291966745E+02  2.698697374E+02  4.466735339E+02  1.140701557E+00 
       534 -5.220531674E-02  2.343446645E-01 -3.043898101E-02  8.175795277E+04  1.837684546E+02  3.298641296E+02  2.709668946E+02  4.439182463E+02  1.144226173E+00 
       535 -5.220735409E-02  2.343651870E-01 -2.654892396E-02  8.371753662E+04  1.785455036E+02  3.310416698E+02  2.729052811E+02  4.394993019E+02  1.152732387E+00 
       536 -5.221355576E-02  2.343966826E-01 -2.266385481E-02  8.542019094E+04  1.737006641E+02  3.319936983E+02  2.744757932E+02  4.357076979E+02  1.161114562E+00 
       537 -5.221196162E-02  2.344309954E-01 -1.877454498E-02  8.569807411E+04  1.723221638E+02  3.320429015E+02  2.745573114E+02  4.349007112E+02  1.163785707E+00 
       538 -5.222596507E-02  2.344687402E-01 -1.488167101E-02  8.432514796E+04  1.752925892E+02  3.311234423E+02  2.730397716E+02  4.386846686E+02  1.160235847E+00 
       539 -5.222923531E-02  2.345160018E-01 -1.099302079E-02  8.172571429E+04  1.819305664E+02  3.295828938E+02  2.705071604E+02  4.458078127E+02  1.151604464E+00 
       540 -5.210275326E-02  2.345957540E-01 -7.104134264E-03  7.916015430E+04  1.885607730E+02  3.283304249E+02  2.684527800E+02  4.475568388E+02  1.138006394E+00 
       541 -5.114101036E-02  2.348545508E-01 -3.375994418E-03  7.855115132E+04  1.904338187E+02  3.281992375E+02  2.682379785E+02  4.514843410E+02  1.138612231E+00 
       542 -4.917766965E-02  2.353023755E-01 -5.047413344E-05  7.998265015E+04  1.887481208E+02  3.288395262E+02  2.692859631E+02  4.496147327E+02  1.141198844E+00 
       543 -4.661414278E-02  2.358651253E-01  2.823323178E-03  8.160141528E+04  1.841217179E+02  3.299020438E+02  2.710294485E+02  4.448813248E+02  1.147751478E+00 
       544 -4.374488282E-02  2.364440537E-01  5.350106892E-03  8.440698657E+04  1.760648768E+02  3.317410858E+02  2.740598176E+02  4.381419783E+02  1.160633820E+00 
       545 -4.059796688E-02  2.370222596E-01  7.583171126E-03  8.819447589E+04  1.652689517E+02  3.336297708E+02  2.771888785E+02  4.302903340E+02  1.179322424E+00 
       546 -3.738701819E-02  2.375676250E-01  9.702642239E-03  8.690775702E+04  1.679879678E+02  3.328204253E+02  2.758466938E+02  4.317510891E+02  1.173327876E+00 
       547 -3.407522408E-02  2.380263225E-01  1.169481074E-02  8.183459583E+04  1.834725688E+02  3.300310750E+02  2.712445784E+02  4.443893180E+02  1.147026831E+00 
       548 -3.073065008E-02  2.384984497E-01  1.361793802E-02  7.983081946E+04  1.902433782E+02  3.289105713E+02  2.694015017E+02  4.471063058E+02  1.132092919E+00 
       549 -2.732884007E-02  2.388770261E-01  1.546643341E-02  8.134884705E+04  1.868265331E+02  3.296195536E+02  2.705652132E+02  4.431881490E+02  1.136933845E+00 
       550 -2.390908864E-02  2.392176502E-01  1.728468609E-02  8.202109883E+04  1.833289577E+02  3.301281804E+02  2.714009563E+02  4.427808141E+02  1.145382319E+00 
       551 -2.044822495E-02  2.394794424E-01  1.908927170E-02  8.120018472E+04  1.855946916E+02  3.296144044E+02  2.705565492E+02  4.433857760E+02  1.140376588E+00 
       552 -1.699643969E-02  2.397114515E-01  2.086461287E-02  8.067078503E+04  1.882685552E+02  3.292485185E+02  2.699567513E+02  4.443768024E+02  1.135435618E+00 
       553 -1.354033893E-02  2.398615604E-01  2.263394957E-02  8.075159717E+04  1.873468075E+02  3.294779434E+02  2.703344517E+02  4.445607815E+02  1.138826363E+00 
       554 -1.007792796E-02  2.399171479E-01  2.439846914E-02  8.111210022E+04  1.870612917E+02  3.296477714E+02  2.706131761E+02  4.437397594E+02  1.140231581E+00 
       555 -6.592279415E-03  2.399646350E-01  2.619220728E-02  8.052801807E+04  1.884382606E+02  3.292346315E+02  2.699347520E+02  4.435512257E+02  1.138206642E+00 
       556 -3.124907716E-03  2.398994093E-01  2.794309000E-02  7.965536377E+04  1.880626211E+02  3.287986660E+02  2.692217464E+02  4.471470451E+02  1.144599102E+00 
       557  3.338943067E-04  2.398017910E-01  2.968583889E-02  1.045851547E+05  2.073965977E+02  3.418874457E+02  2.911014087E+02  3.907827053E+02  1.048395082E+00 
       558  3.794068913E-03  2.396169640E-01  3.144821874E-02  1.004555974E+05  2.110604382E+02  3.405200105E+02  2.887641807E+02  4.012643676E+02  1.049047343E+00 
       559  7.248441593E-03  2.393064044E-01  3.320284907E-02  9.556307520E+04  2.141037493E+02  3.375861835E+02  2.838079653E+02  4.129603367E+02  1.049985755E+00 
       560  1.068879679E-02  2.389885178E-01  3.498866898E-02  9.214932275E+04  2.133892183E+02  3.358437395E+02  2.808835068E+02  4.169355135E+02  1.054683775E+00 
       561  1.412543948E-02  2.386075767E-01  3.676435012E-02  8.953481299E+04  2.150444245E+02  3.346031427E+02  2.788099518E+02  4.237304115E+02  1.056154937E+00 
       562  1.753589177E-02  2.380598424E-01  3.855175648E-02  8.879556836E+04  2.174277935E+02  3.343707428E+02  2.784219875E+02  4.260095024E+02  1.051458187E+00 
       563  2.093820079E-02  2.375000001E-01  4.035454522E-02  9.174062158E+04  2.148194218E+02  3.363393211E+02  2.817161350E+02  4.215619793E+02  1.054721389E+00 
       564  2.432947450E-02  2.368878370E-01  4.215773147E-02  1.031649878E+05  2.086825710E+02  3.420605457E+02  2.914096119E+02  3.982777551E+02  1.058230406E+00 
       565  2.770729830E-02  2.361795572E-01  4.394886350E-02  1.240059294E+05  2.014649065E+02  3.504615436E+02  3.058936877E+02  3.553682189E+02  1.058351437E+00 
       566  3.105826597E-02  2.354459967E-01  4.578622705E-02  1.317702507E+05  1.983504865E+02  3.532859554E+02  3.108130088E+02  3.376760421E+02  1.062908752E+00 
       567  3.438758923E-02  2.346372217E-01  4.762879820E-02  1.244875272E+05  1.973274709E+02  3.510453418E+02  3.068861276E+02  3.498391150E+02  1.064645158E+00 
       568  3.771502906E-02  2.337669833E-01  4.947240569E-02  1.178313102E+05  2.018407481E+02  3.485750885E+02  3.025792329E+02  3.623267903E+02  1.050024468E+00 
       569  4.101460083E-02  2.329246351E-01  5.135281935E-02  1.186116608E+05  2.039073815E+02  3.486776080E+02  3.027564707E+02  3.618203793E+02  1.043898779E+00 
       570  4.428347740E-02  2.319960665E-01  5.324515281E-02  1.228471899E+05  2.019903414E+02  3.503723080E+02  3.057068503E+02  3.513278067E+02  1.047463631E+00 
       571  4.749748393E-02  2.310181580E-01  5.520824782E-02  1.248521970E+05  2.026283975E+02  3.513893461E+02  3.074830670E+02  3.442967477E+02  1.043289019E+00 
       572  5.066691057E-02  2.300652086E-01  5.723980181E-02  1.247974550E+05  2.060054300E+02  3.513994668E+02  3.075005270E+02  3.439482023E+02  1.033804757E+00 
       573  5.379140778E-02  2.290521307E-01  5.932353399E-02  1.248035189E+05  2.081953787E+02  3.514700679E+02  3.076240125E+02  3.434174858E+02  1.026806785E+00 
       574  5.683956615E-02  2.279793322E-01  6.149869556E-02  1.253475391E+05  2.102448807E+02  3.516891403E+02  3.080078201E+02  3.402008781E+02  1.018633932E+00 
       575  5.985072913E-02  2.269370111E-01  6.373374277E-02  1.256364453E+05  2.141643944E+02  3.516668568E+02  3.079686298E+02  3.362561893E+02  1.005590789E+00 
       576  6.280959972E-02  2.258492183E-01  6.601505396E-02  1.252922172E+05  2.187447201E+02  3.513582633E+02  3.074281101E+02  3.378769929E+02  9.932059265E-01 
       577  6.573461678E-02  2.247295145E-01  6.832363097E-02  1.244779719E+05  2.221303618E+02  3.510035067E+02  3.068078461E+02  3.467781267E+02  9.857854145E-01 
       578  6.865501872E-02  2.236625994E-01  7.064894084E-02  1.235821548E+05  2.251530443E+02  3.507517064E+02  3.063684758E+02  3.524283515E+02  9.772102188E-01 
       579  7.151541969E-02  2.224865137E-01  7.302188293E-02  1.221089731E+05  2.293804860E+02  3.501876812E+02  3.053839149E+02  3.515572443E+02  9.621134289E-01 
       580  7.433322259E-02  2.213060150E-01  7.543149031E-02  1.213267173E+05  2.301717458E+02  3.502456818E+02  3.054849730E+02  3.476017752E+02  9.554423131E-01 
       581  7.711325138E-02  2.201536844E-01  7.789825066E-02  1.227085197E+05  2.331027779E+02  3.512424814E+02  3.072274722E+02  3.416885395E+02  9.433453935E-01 
       582  7.981655167E-02  2.189959972E-01  8.044372180E-02  1.228221105E+05  2.364543581E+02  3.517845926E+02  3.081786385E+02  3.404033918E+02  9.310482638E-01 
       583  8.242371870E-02  2.177951216E-01  8.306797326E-02  1.224502422E+05  2.390577936E+02  3.515495758E+02  3.077665119E+02  3.400789623E+02  9.209876955E-01 
       584  8.497819178E-02  2.166305248E-01  8.576177505E-02  1.222197479E+05  2.369503578E+02  3.515076803E+02  3.076935208E+02  3.392292227E+02  9.255665690E-01 
       585  8.747465708E-02  2.155008942E-01  8.852176985E-02  1.222471694E+05  2.357602334E+02  3.511589661E+02  3.070818400E+02  3.385494647E+02  9.280686285E-01 
       586  8.983863293E-02  2.143275504E-01  9.137087988E-02  1.222736873E+05  2.333443718E+02  3.510339065E+02  3.068619919E+02  3.389578152E+02  9.347398691E-01 
       587  9.211779941E-02  2.131724912E-01  9.430579148E-02  1.224041748E+05  2.295113537E+02  3.511415283E+02  3.070498409E+02  3.390065260E+02  9.457675001E-01 
       588  9.424446159E-02  2.121023496E-01  9.738772987E-02  1.225833974E+05  2.251675956E+02  3.512244580E+02  3.071948902E+02  3.403237289E+02  9.588792159E-01 
       589  9.610967173E-02  2.111612431E-01  1.006666829E-01  1.227106581E+05  2.214635765E+02  3.511247415E+02  3.070208279E+02  3.409522997E+02  9.697098300E-01 
       590  9.742401869E-02  2.103903297E-01  1.042235364E-01  1.228241747E+05  2.187540847E+02  3.509522501E+02  3.067196610E+02  3.415077844E+02  9.775170310E-01 
       591  9.764724840E-02  2.101688920E-01  1.080985861E-01  1.228559473E+05  2.182803535E+02  3.508051233E+02  3.064631996E+02  3.414001622E+02  9.788925089E-01 
       592  9.763062643E-02  2.101108570E-01  1.119846410E-01  1.227445406E+05  2.193283068E+02  3.509359744E+02  3.066936943E+02  3.398196823E+02  9.755735899E-01 
       593  9.759894170E-02  2.100363093E-01  1.158782398E-01  1.225410120E+05  2.210643179E+02  3.516769309E+02  3.079931531E+02  3.390481806E+02  9.701916515E-01 
       594  9.760335841E-02  2.100041055E-01  1.197683889E-01  1.225283538E+05  2.225124560E+02  3.528405612E+02  3.100353897E+02  3.315720526E+02  9.648428296E-01 
       595  9.760552297E-02  2.099886023E-01  1.236588659E-01  1.225449496E+05  2.240002640E+02  3.540418927E+02  3.121478335E+02  3.155830828E+02  9.606691598E-01 
       596  9.760989540E-02  2.100145164E-01  1.275491461E-01  1.227508175E+05  2.252823706E+02  3.550683199E+02  3.139579457E+02  3.012132381E+02  9.589619825E-01 
       597  9.760550437E-02  2.100148949E-01  1.314412195E-01  1.228238198E+05  2.275027809E+02  3.555451279E+02  3.148027401E+02  2.987888784E+02  9.517924227E-01 
       598  9.762031038E-02  2.101034915E-01  1.353312483E-01  1.228876437E+05  2.287037377E+02  3.557406994E+02  3.151544617E+02  3.094487320E+02  9.450552834E-01 
       599  9.762506170E-02  2.101609083E-01  1.392228176E-01  1.229498499E+05  2.283350149E+02  3.553541162E+02  3.144755625E+02  3.182331782E+02  9.456263084E-01 
       600  9.764671237E-02  2.102092269E-01  1.431110049E-01  1.230746580E+05  2.247634599E+02  3.545059555E+02  3.129773829E+02  3.241124701E+02  9.572286988E-01 
       601  9.766256924E-02  2.102587391E-01  1.469999989E-01  1.231588047E+05  2.212148094E+02  3.538774071E+02  3.115861740E+02  3.297052641E+02  9.686488807E-01 
