nodenumber     x-coordinate     y-coordinate     z-coordinate         pressure velocity-magnitude      sound-speed      temperature rel-velocity-magnitude relative-velocity-angle 
         1 -2.216901913E-02  1.039879580E-01 -4.300600202E-02  8.755115767E+04  1.539489841E+02  3.330517334E+02  2.762271111E+02  2.357976674E+02  8.594603742E-01 
         2 -2.197401757E-02  1.042260031E-01 -4.002397295E-02  8.747087848E+04  1.544217919E+02  3.330090532E+02  2.761563147E+02  2.363360436E+02  8.589627743E-01 
         3 -2.150271627E-02  1.045375264E-01 -3.708169353E-02  8.736607947E+04  1.550442466E+02  3.329520144E+02  2.760617087E+02  2.370100805E+02  8.582201432E-01 
         4 -2.072290556E-02  1.049359494E-01 -3.421635317E-02  8.724588940E+04  1.557357831E+02  3.328886456E+02  2.759566283E+02  2.377398624E+02  8.573696287E-01 
         5 -1.964621854E-02  1.053757771E-01 -3.145501365E-02  8.711641113E+04  1.564465647E+02  3.328219566E+02  2.758460531E+02  2.385160961E+02  8.566283360E-01 
         6 -1.833909717E-02  1.058829391E-01 -2.880182754E-02  8.697129175E+04  1.572066908E+02  3.327467890E+02  2.757214990E+02  2.394169898E+02  8.561013937E-01 
         7 -1.686396899E-02  1.064019756E-01 -2.624136390E-02  8.682104639E+04  1.579867134E+02  3.326676760E+02  2.755903902E+02  2.403778334E+02  8.557237219E-01 
         8 -1.524276490E-02  1.069101094E-01 -2.376908005E-02  8.663801550E+04  1.589038165E+02  3.325685706E+02  2.754262428E+02  2.414506812E+02  8.550373074E-01 
         9 -1.353040875E-02  1.074492491E-01 -2.136449246E-02  8.639739172E+04  1.601054833E+02  3.324372373E+02  2.752087317E+02  2.427374456E+02  8.535747081E-01 
        10 -1.175719847E-02  1.079385502E-01 -1.899452623E-02  8.617598114E+04  1.614240968E+02  3.323153455E+02  2.750069776E+02  2.438876109E+02  8.510177182E-01 
        11 -9.920451205E-03  1.084473482E-01 -1.667649769E-02  8.607023706E+04  1.626668528E+02  3.322544786E+02  2.749062475E+02  2.447756916E+02  8.479690854E-01 
        12 -8.053093039E-03  1.089314126E-01 -1.437870322E-02  8.620186478E+04  1.632720014E+02  3.323253441E+02  2.750234803E+02  2.446721375E+02  8.449068745E-01 
        13 -6.139911673E-03  1.093816015E-01 -1.211111235E-02  8.668225000E+04  1.626787505E+02  3.325851583E+02  2.754537201E+02  2.433445606E+02  8.440494221E-01 
        14 -4.213714023E-03  1.098625599E-01 -9.853315987E-03  8.751686719E+04  1.605153217E+02  3.330412560E+02  2.762097816E+02  2.406287966E+02  8.470989987E-01 
        15 -2.267252226E-03  1.102821410E-01 -7.616721013E-03  8.855753662E+04  1.565195351E+02  3.335834999E+02  2.771099730E+02  2.371158953E+02  8.577509262E-01 
        16 -3.058463972E-04  1.106716081E-01 -5.380345181E-03  8.933825220E+04  1.499309244E+02  3.339919395E+02  2.777892370E+02  2.344188495E+02  8.856931850E-01 
        17  1.649896870E-03  1.110991589E-01 -3.144821902E-03  8.744914478E+04  1.468260016E+02  3.329856744E+02  2.761196346E+02  2.434326346E+02  9.344103225E-01 
        18  3.605378217E-03  1.114680886E-01 -8.997268064E-04  7.590880151E+04  1.740879502E+02  3.264404116E+02  2.653705177E+02  2.841230021E+02  9.402593728E-01 
        19  5.548952344E-03  1.118349081E-01  1.356589372E-03  6.997783441E+04  2.080821818E+02  3.228256016E+02  2.595279746E+02  3.064617517E+02  8.473918741E-01 
        20  7.472030685E-03  1.121892539E-01  3.633809071E-03  7.268269548E+04  2.119606945E+02  3.245306309E+02  2.622789581E+02  2.981187478E+02  7.914810535E-01 
        21  9.366594022E-03  1.125505666E-01  5.932977735E-03  7.630459564E+04  2.081252117E+02  3.268003361E+02  2.659581652E+02  2.852482440E+02  7.605846305E-01 
        22  1.122147558E-02  1.129077905E-01  8.263617067E-03  7.866376864E+04  2.087042819E+02  3.281801904E+02  2.682073758E+02  2.772008740E+02  7.275386511E-01 
        23  1.303284284E-02  1.132507638E-01  1.062953057E-02  8.028563008E+04  2.113300586E+02  3.290695625E+02  2.696623071E+02  2.716975946E+02  6.942509590E-01 
        24  1.479928419E-02  1.136234762E-01  1.303021626E-02  8.152939961E+04  2.156268820E+02  3.297239482E+02  2.707357780E+02  2.679247515E+02  6.588203381E-01 
        25  1.649617427E-02  1.139938279E-01  1.547769530E-02  8.262983289E+04  2.205414650E+02  3.302767560E+02  2.716442456E+02  2.648203192E+02  6.227128310E-01 
        26  1.811807173E-02  1.143837002E-01  1.797032872E-02  8.340505396E+04  2.260841055E+02  3.306419215E+02  2.722448621E+02  2.629426079E+02  5.879320325E-01 
        27  1.968166241E-02  1.148013513E-01  2.049621310E-02  8.354797681E+04  2.330789030E+02  3.306811209E+02  2.723093553E+02  2.632558336E+02  5.535867065E-01 
        28  2.119101764E-02  1.152299366E-01  2.305322148E-02  8.303623454E+04  2.417245026E+02  3.304189475E+02  2.718776393E+02  2.658053031E+02  5.186395585E-01 
        29  2.266338778E-02  1.156643914E-01  2.563116057E-02  8.241188947E+04  2.504489481E+02  3.301080294E+02  2.713661709E+02  2.687026870E+02  4.846920699E-01 
        30  2.408077791E-02  1.161159634E-01  2.823658064E-02  8.189669220E+04  2.584797163E+02  3.298853633E+02  2.710001271E+02  2.713198085E+02  4.535954460E-01 
        31  2.544088325E-02  1.165921105E-01  3.086849856E-02  8.136794250E+04  2.664918137E+02  3.296217046E+02  2.705672324E+02  2.742077260E+02  4.238765179E-01 
        32  2.674433127E-02  1.170738851E-01  3.352942364E-02  8.079124170E+04  2.744778597E+02  3.293245239E+02  2.700795245E+02  2.772263987E+02  3.949931874E-01 
        33  2.797950643E-02  1.175445507E-01  3.622298897E-02  8.022955270E+04  2.823305967E+02  3.290404350E+02  2.696136594E+02  2.800298513E+02  3.660949497E-01 
        34  2.916313541E-02  1.180056499E-01  3.893937175E-02  7.991196190E+04  2.896007521E+02  3.288685193E+02  2.693321899E+02  2.820122467E+02  3.371191735E-01 
        35  3.031249539E-02  1.184785399E-01  4.167042727E-02  8.006195813E+04  2.953526380E+02  3.289356961E+02  2.694425144E+02  2.824243761E+02  3.100909666E-01 
        36  3.139929926E-02  1.189405785E-01  4.442941843E-02  8.036792795E+04  3.005844290E+02  3.291194416E+02  2.697436174E+02  2.822320105E+02  2.833754486E-01 
        37  3.242013936E-02  1.193808800E-01  4.721660669E-02  8.089129855E+04  3.056601609E+02  3.293164246E+02  2.700667039E+02  2.812880692E+02  2.542618640E-01 
        38  3.340677803E-02  1.198011670E-01  5.002067675E-02  8.207980511E+04  3.085366093E+02  3.299233977E+02  2.710631948E+02  2.781202844E+02  2.278656666E-01 
        39  3.430413654E-02  1.201853153E-01  5.285529857E-02  8.360862427E+04  3.103101578E+02  3.308182287E+02  2.725361004E+02  2.736519537E+02  2.020750940E-01 
        40  3.515433510E-02  1.205874318E-01  5.570324370E-02  8.547556201E+04  3.108165970E+02  3.318794193E+02  2.742877121E+02  2.680424671E+02  1.785851466E-01 
        41  3.592907297E-02  1.209644065E-01  5.857535950E-02  8.760928613E+04  3.099749041E+02  3.330406551E+02  2.762109251E+02  2.614955482E+02  1.588105545E-01 
        42  3.664355424E-02  1.213334730E-01  6.146049591E-02  8.989635168E+04  3.076710043E+02  3.342285490E+02  2.781849246E+02  2.543378668E+02  1.449895699E-01 
        43  3.727845098E-02  1.217084379E-01  6.437276718E-02  9.211543799E+04  3.043230228E+02  3.354045658E+02  2.801456070E+02  2.473324909E+02  1.381510696E-01 
        44  3.781448665E-02  1.220744111E-01  6.730672953E-02  9.399577710E+04  3.007703915E+02  3.364279222E+02  2.818571091E+02  2.414062881E+02  1.374212089E-01 
        45  3.826762164E-02  1.224563704E-01  7.025293559E-02  9.533780664E+04  2.980193598E+02  3.371466825E+02  2.830624003E+02  2.374930871E+02  1.406711354E-01 
        46  3.856443464E-02  1.228195695E-01  7.317567491E-02  9.611540234E+04  2.957807388E+02  3.376621399E+02  2.839285889E+02  2.349172516E+02  1.463604420E-01 
        47  3.882754171E-02  1.231963568E-01  7.616928387E-02  9.652224329E+04  2.936355379E+02  3.383276267E+02  2.850499820E+02  2.326022890E+02  1.529962926E-01 
        48  3.896508106E-02  1.235573809E-01  7.913505459E-02  9.665876563E+04  2.901415520E+02  3.392666702E+02  2.866457863E+02  2.272912521E+02  1.580555700E-01 
        49  3.903512947E-02  1.239238609E-01  8.213137167E-02  9.662716467E+04  2.818798468E+02  3.410695293E+02  2.897242947E+02  2.134552754E+02  1.666730442E-01 
        50  3.900153017E-02  1.243001337E-01  8.510504302E-02  9.647000671E+04  2.673521399E+02  3.440868977E+02  2.948878915E+02  1.873320620E+02  1.720709009E-01 
        51  3.889299026E-02  1.246700891E-01  8.806950082E-02  9.635031970E+04  2.514474213E+02  3.475761745E+02  3.009015851E+02  1.464975681E+02  1.508603661E-01 
        52  3.870303970E-02  1.250405990E-01  9.105247242E-02  9.642569360E+04  2.424928041E+02  3.503874536E+02  3.057611804E+02  1.083128400E+02  6.681783545E-02 
        53  3.847530202E-02  1.253810613E-01  9.402032493E-02  9.677156815E+04  2.402361877E+02  3.520212997E+02  3.086135311E+02  7.516243230E+01 -1.940364231E-01 
        54  3.809583015E-02  1.257752167E-01  9.695318516E-02  9.846585840E+04  2.411597214E+02  3.529912872E+02  3.103034363E+02  5.040403366E+01 -8.424454778E-01 
        55  3.767199372E-02  1.261489404E-01  9.992435767E-02  1.008432273E+05  2.417273088E+02  3.533770723E+02  3.109735942E+02  4.323148310E+01 -9.413657859E-01 
        56  3.723780727E-02  1.265196365E-01  1.028569506E-01  1.036651678E+05  2.379917919E+02  3.530955033E+02  3.104794755E+02  5.852391484E+01 -3.290887792E-01 
        57  3.672955052E-02  1.269046997E-01  1.057947981E-01  1.058954327E+05  2.379426544E+02  3.518000026E+02  3.082118235E+02  9.403761339E+01  1.777816727E-02 
        58  3.615520807E-02  1.273091289E-01  1.087154776E-01  1.072045356E+05  2.445142083E+02  3.493187590E+02  3.038852377E+02  1.362150722E+02  1.406381810E-01 
        59  3.556812424E-02  1.277144368E-01  1.116309472E-01  1.077471056E+05  2.544836917E+02  3.464367735E+02  2.988871648E+02  1.706876416E+02  1.891679602E-01 
        60  3.495651588E-02  1.281329458E-01  1.145394580E-01  1.079724160E+05  2.629212775E+02  3.443421187E+02  2.952764926E+02  1.898366704E+02  1.996727153E-01 
        61  3.433795015E-02  1.285471243E-01  1.174457346E-01  1.080354471E+05  2.676763959E+02  3.433464432E+02  2.935680585E+02  1.972305691E+02  1.967662785E-01 
        62  3.376061330E-02  1.289460490E-01  1.203607660E-01  1.079972173E+05  2.699353878E+02  3.430297172E+02  2.930261886E+02  1.993074274E+02  1.916632303E-01 
        63  3.331803132E-02  1.293309423E-01  1.232882868E-01  1.079542013E+05  2.715588949E+02  3.429896435E+02  2.929577004E+02  2.003069341E+02  1.870817117E-01 
        64  3.310586596E-02  1.296649637E-01  1.262581306E-01  1.078803555E+05  2.729267263E+02  3.430053287E+02  2.929845109E+02  2.010274146E+02  1.831686441E-01 
        65  3.306639982E-02  1.299493947E-01  1.292495641E-01  1.077148885E+05  2.738938709E+02  3.429850183E+02  2.929498066E+02  2.015410668E+02  1.809752274E-01 
        66  3.322486525E-02  1.302097713E-01  1.322380794E-01  1.075439129E+05  2.747186092E+02  3.429420070E+02  2.928763880E+02  2.022780766E+02  1.806325636E-01 
        67  3.356462385E-02  1.304573038E-01  1.352130229E-01  1.073846937E+05  2.756770216E+02  3.428820389E+02  2.927739468E+02  2.034757532E+02  1.814577277E-01 
        68  3.400410102E-02  1.306751199E-01  1.381765647E-01  1.071822164E+05  2.767631080E+02  3.427849822E+02  2.926081910E+02  2.049294875E+02  1.823212930E-01 
        69  3.451963359E-02  1.308741206E-01  1.411278790E-01  1.069333737E+05  2.778109696E+02  3.426807427E+02  2.924302287E+02  2.064304576E+02  1.836390989E-01 
        70  3.508991352E-02  1.310576265E-01  1.440660380E-01  1.066601727E+05  2.788426678E+02  3.425677967E+02  2.922375429E+02  2.080860863E+02  1.856265638E-01 
        71  3.570211579E-02  1.312503676E-01  1.470000000E-01  1.063200449E+05  2.800657196E+02  3.424295502E+02  2.920023727E+02  2.099714050E+02  1.870226879E-01 
        72 -2.843361623E-02  1.708417341E-01 -4.258217492E-02  8.202578247E+04  1.837142572E+02  3.299730349E+02  2.711438379E+02  3.441693916E+02  1.007590104E+00 
        73 -2.838826984E-02  1.709653765E-01 -3.916427879E-02  8.200107086E+04  1.843296559E+02  3.299412248E+02  2.710916588E+02  3.447534008E+02  1.006549485E+00 
        74 -2.835908450E-02  1.711140563E-01 -3.574649433E-02  8.232765076E+04  1.838085698E+02  3.301547079E+02  2.714426086E+02  3.438463836E+02  1.006696017E+00 
        75 -2.838361088E-02  1.712589164E-01 -3.232950605E-02  8.299799390E+04  1.828628054E+02  3.305326967E+02  2.720645514E+02  3.422146797E+02  1.007019419E+00 
        76 -2.841360827E-02  1.714319125E-01 -2.891476756E-02  8.383477380E+04  1.813722401E+02  3.310072560E+02  2.728463163E+02  3.401693273E+02  1.008561697E+00 
        77 -2.833774301E-02  1.716334782E-01 -2.549995819E-02  8.437702676E+04  1.803988772E+02  3.313049446E+02  2.733371984E+02  3.389296205E+02  1.009763783E+00 
        78 -2.791452343E-02  1.719215161E-01 -2.212016887E-02  8.452831006E+04  1.798316107E+02  3.313773861E+02  2.734567041E+02  3.389319229E+02  1.011752844E+00 
        79 -2.700703325E-02  1.722886754E-01 -1.884820631E-02  8.424203931E+04  1.797608075E+02  3.312299633E+02  2.732135696E+02  3.395469503E+02  1.013124093E+00 
        80 -2.544395246E-02  1.727209334E-01 -1.584518523E-02  8.313665485E+04  1.814356081E+02  3.306000028E+02  2.721755621E+02  3.431341553E+02  1.013693145E+00 
        81 -2.351536464E-02  1.732363399E-01 -1.306823492E-02  8.118230020E+04  1.851473223E+02  3.294769918E+02  2.703299055E+02  3.492484686E+02  1.012094073E+00 
        82 -2.134527601E-02  1.737374909E-01 -1.047435973E-02  7.852741747E+04  1.912796130E+02  3.278880831E+02  2.677294237E+02  3.565350897E+02  1.004989979E+00 
        83 -1.897326710E-02  1.742189522E-01 -8.035177519E-03  7.555854837E+04  1.990944921E+02  3.260949975E+02  2.648094732E+02  3.651988037E+02  9.955558991E-01 
        84 -1.652827274E-02  1.746780172E-01 -5.688541800E-03  7.308549109E+04  2.070556421E+02  3.245169544E+02  2.622526021E+02  3.728025432E+02  9.841369530E-01 
        85 -1.397929867E-02  1.751251779E-01 -3.446989688E-03  7.243354858E+04  2.103124089E+02  3.241437988E+02  2.616496768E+02  3.745001011E+02  9.765596613E-01 
        86 -1.139011487E-02  1.755573757E-01 -1.256774906E-03  7.406378259E+04  2.090544219E+02  3.252032347E+02  2.633657484E+02  3.700572281E+02  9.716948513E-01 
        87 -8.734274343E-03  1.759085237E-01  8.667805443E-04  7.948433026E+04  2.033687652E+02  3.283733938E+02  2.685313442E+02  3.561304579E+02  9.642650941E-01 
        88 -6.073383534E-03  1.762548475E-01  2.984781313E-03  8.877205212E+04  1.911740752E+02  3.336109765E+02  2.771623704E+02  3.312919226E+02  9.632453467E-01 
        89 -3.359730182E-03  1.765819110E-01  5.053045394E-03  9.837806421E+04  1.759719434E+02  3.384360640E+02  2.852335806E+02  3.040864270E+02  9.793636575E-01 
        90 -6.741955509E-04  1.768270807E-01  7.130208361E-03  9.840169875E+04  1.632437851E+02  3.386693531E+02  2.856267923E+02  3.074039141E+02  1.027873156E+00 
        91  2.027043660E-03  1.770783858E-01  9.208570588E-03  7.914646423E+04  1.933682232E+02  3.278630772E+02  2.676942426E+02  3.563442399E+02  9.987802390E-01 
        92  4.731686997E-03  1.772422585E-01  1.127155269E-02  7.221556967E+04  2.142096033E+02  3.241050132E+02  2.615887125E+02  3.761007848E+02  9.660604445E-01 
        93  7.454465044E-03  1.773874983E-01  1.334309669E-02  7.293840536E+04  2.096793458E+02  3.244613211E+02  2.621636961E+02  3.745351946E+02  9.780541803E-01 
        94  1.015989937E-02  1.775222933E-01  1.545596277E-02  7.046660019E+04  2.172680542E+02  3.228226040E+02  2.595261734E+02  3.812268832E+02  9.664694394E-01 
        95  1.284858280E-02  1.775661421E-01  1.756817794E-02  6.707579865E+04  2.283614684E+02  3.206032118E+02  2.559705625E+02  3.920588553E+02  9.524297421E-01 
        96  1.551966693E-02  1.776138061E-01  1.970369132E-02  6.417157172E+04  2.377652264E+02  3.186251006E+02  2.528213634E+02  4.012532029E+02  9.413188156E-01 
        97  1.817410325E-02  1.776258069E-01  2.186017323E-02  6.178874377E+04  2.455806878E+02  3.170606461E+02  2.503432031E+02  4.082223806E+02  9.310476957E-01 
        98  2.080993586E-02  1.775631240E-01  2.403936301E-02  6.015610474E+04  2.523582559E+02  3.159897799E+02  2.486527147E+02  4.128750200E+02  9.191463087E-01 
        99  2.341570779E-02  1.774969016E-01  2.625394818E-02  5.982932275E+04  2.570969181E+02  3.157637978E+02  2.482974463E+02  4.140163012E+02  9.058721773E-01 
       100  2.600295182E-02  1.773818036E-01  2.848806157E-02  6.173118555E+04  2.579410210E+02  3.171225843E+02  2.504548187E+02  4.089546776E+02  8.915488906E-01 
       101  2.856627515E-02  1.771883875E-01  3.074502562E-02  6.724481274E+04  2.530568800E+02  3.209175844E+02  2.565271225E+02  3.932197399E+02  8.739775829E-01 
       102  3.110662233E-02  1.769811535E-01  3.302644514E-02  7.531648950E+04  2.455170555E+02  3.261794338E+02  2.650096750E+02  3.702120686E+02  8.518053982E-01 
       103  3.362247542E-02  1.767159818E-01  3.532849163E-02  8.149251221E+04  2.430546427E+02  3.299155893E+02  2.710684676E+02  3.532334700E+02  8.267921209E-01 
       104  3.610895472E-02  1.763647845E-01  3.765120331E-02  8.231512402E+04  2.488963728E+02  3.301865168E+02  2.715004740E+02  3.521388750E+02  8.052025167E-01 
       105  3.856497337E-02  1.759966372E-01  4.000321012E-02  7.983848172E+04  2.577408586E+02  3.286029679E+02  2.689015478E+02  3.603662703E+02  7.906410741E-01 
       106  4.103059304E-02  1.755360248E-01  4.234569910E-02  7.808552171E+04  2.637336196E+02  3.277342810E+02  2.674777087E+02  3.647254574E+02  7.785383832E-01 
       107  4.340106546E-02  1.750377176E-01  4.474435622E-02  7.931768283E+04  2.658112796E+02  3.285636054E+02  2.688361097E+02  3.606245902E+02  7.637743149E-01 
       108  4.575540032E-02  1.745445103E-01  4.717695363E-02  8.377680920E+04  2.639237564E+02  3.310625815E+02  2.729484615E+02  3.488629823E+02  7.485516118E-01 
       109  4.807037784E-02  1.739953488E-01  4.963532790E-02  8.997302100E+04  2.597552023E+02  3.344022112E+02  2.784827089E+02  3.323563890E+02  7.336643543E-01 
       110  5.034733117E-02  1.734133857E-01  5.212084081E-02  9.518116016E+04  2.579636059E+02  3.370882092E+02  2.829678078E+02  3.187420616E+02  7.168811783E-01 
       111  5.258765486E-02  1.728405975E-01  5.464144749E-02  9.843909326E+04  2.586867867E+02  3.388019028E+02  2.858496037E+02  3.102065201E+02  7.005969882E-01 
       112  5.479076840E-02  1.722430532E-01  5.718902978E-02  1.011291970E+05  2.589997549E+02  3.402050858E+02  2.882220592E+02  3.029815655E+02  6.882827897E-01 
       113  5.694737683E-02  1.716020731E-01  5.976586917E-02  1.041742231E+05  2.584319360E+02  3.416088884E+02  2.906048868E+02  2.941935377E+02  6.772761596E-01 
       114  5.911848447E-02  1.709340834E-01  6.233872565E-02  1.073547129E+05  2.574630912E+02  3.430078685E+02  2.929898430E+02  2.856068422E+02  6.684077733E-01 
       115  6.119351897E-02  1.703313828E-01  6.496775561E-02  1.102715049E+05  2.561375546E+02  3.443516884E+02  2.952901282E+02  2.779625850E+02  6.632691715E-01 
       116  6.319798910E-02  1.696485115E-01  6.765543605E-02  1.131580533E+05  2.544770269E+02  3.456763544E+02  2.975660858E+02  2.703302627E+02  6.597422482E-01 
       117  6.520189851E-02  1.689621155E-01  7.034628384E-02  1.156951021E+05  2.532282524E+02  3.467830572E+02  2.994740572E+02  2.639195299E+02  6.568443999E-01 
       118  6.717992039E-02  1.682884043E-01  7.305807409E-02  1.172782212E+05  2.523419857E+02  3.474450102E+02  3.006182489E+02  2.597769833E+02  6.556482017E-01 
       119  6.910755662E-02  1.675987334E-01  7.579818779E-02  1.189350231E+05  2.509182920E+02  3.480737147E+02  3.017071300E+02  2.561159432E+02  6.576672369E-01 
       120  7.101404689E-02  1.668389198E-01  7.852135391E-02  1.199035391E+05  2.482938846E+02  3.485297816E+02  3.024983594E+02  2.531571364E+02  6.651494582E-01 
       121  7.286652020E-02  1.661304029E-01  8.130170181E-02  1.200412332E+05  2.465400440E+02  3.486400614E+02  3.026898126E+02  2.520465558E+02  6.714373522E-01 
       122  7.473378469E-02  1.653966549E-01  8.408122010E-02  1.200921348E+05  2.445137596E+02  3.487375488E+02  3.028592091E+02  2.509070129E+02  6.789340489E-01 
       123  7.654776682E-02  1.646234676E-01  8.688218818E-02  1.200772446E+05  2.425639071E+02  3.488705215E+02  3.030904741E+02  2.507078285E+02  6.869937573E-01 
       124  7.830115451E-02  1.638494494E-01  8.971806956E-02  1.199609629E+05  2.403731880E+02  3.491053009E+02  3.034996529E+02  2.502488384E+02  6.958742887E-01 
       125  8.003223315E-02  1.630890187E-01  9.257063461E-02  1.197318135E+05  2.383951368E+02  3.494889069E+02  3.041692419E+02  2.493854551E+02  7.039429508E-01 
       126  8.174167210E-02  1.623344685E-01  9.543869445E-02  1.194899243E+05  2.381711543E+02  3.497545657E+02  3.046338124E+02  2.465478015E+02  7.033838267E-01 
       127  8.339566060E-02  1.615413001E-01  9.829620033E-02  1.192814703E+05  2.377709608E+02  3.501010202E+02  3.052392430E+02  2.422569672E+02  7.025413812E-01 
       128  8.500809507E-02  1.607572746E-01  1.012133408E-01  1.191277492E+05  2.365203618E+02  3.506816316E+02  3.062545750E+02  2.367671503E+02  7.048465060E-01 
       129  8.654116005E-02  1.600133249E-01  1.041766726E-01  1.190423215E+05  2.347456995E+02  3.515147864E+02  3.077136568E+02  2.297238388E+02  7.092745560E-01 
       130  8.807530659E-02  1.592883350E-01  1.071513815E-01  1.189585620E+05  2.329284387E+02  3.523762679E+02  3.092242112E+02  2.226201787E+02  7.147209859E-01 
       131  8.946870181E-02  1.585918917E-01  1.101955952E-01  1.188703031E+05  2.308194095E+02  3.533649788E+02  3.109590842E+02  2.153710673E+02  7.217249898E-01 
       132  9.078169785E-02  1.579398834E-01  1.132895212E-01  1.188404357E+05  2.286517700E+02  3.541337118E+02  3.123086895E+02  2.106163481E+02  7.309357068E-01 
       133  9.193376095E-02  1.573753789E-01  1.164622823E-01  1.187963965E+05  2.270737281E+02  3.541602087E+02  3.123526354E+02  2.111034961E+02  7.385973055E-01 
       134  9.287851211E-02  1.569754829E-01  1.197270904E-01  1.187741956E+05  2.274873334E+02  3.532291693E+02  3.107152566E+02  2.190560991E+02  7.394315456E-01 
       135  9.346963790E-02  1.567893278E-01  1.230899614E-01  1.187620374E+05  2.316374403E+02  3.513131869E+02  3.073579973E+02  2.354720343E+02  7.289398108E-01 
       136  9.376445592E-02  1.568076376E-01  1.265149706E-01  1.186651066E+05  2.381253331E+02  3.491882782E+02  3.036482525E+02  2.527713900E+02  7.132966071E-01 
       137  9.391306034E-02  1.569225935E-01  1.299303306E-01  1.185091948E+05  2.419395857E+02  3.480692492E+02  3.017004776E+02  2.604297113E+02  7.043511998E-01 
       138  9.402896493E-02  1.570765633E-01  1.333445553E-01  1.183870908E+05  2.426685629E+02  3.478262768E+02  3.012783947E+02  2.609750051E+02  7.025022991E-01 
       139  9.417960043E-02  1.572174564E-01  1.367593072E-01  1.182806980E+05  2.429340739E+02  3.478582420E+02  3.013337169E+02  2.606726027E+02  7.018933836E-01 
       140  9.437397158E-02  1.573466446E-01  1.401725853E-01  1.181449659E+05  2.435277784E+02  3.479205327E+02  3.014416337E+02  2.612726183E+02  7.009761967E-01 
       141  9.455826038E-02  1.574868932E-01  1.435861248E-01  1.179947741E+05  2.440312229E+02  3.480361358E+02  3.016420077E+02  2.618903758E+02  7.004609448E-01 
       142  9.468914447E-02  1.576724412E-01  1.470000022E-01  1.179337822E+05  2.443728485E+02  3.480988407E+02  3.017631721E+02  2.623695850E+02  7.005034946E-01 
       143 -2.515044289E-02  2.387134140E-01 -4.211006034E-02  8.374205592E+04  1.792119083E+02  3.309073374E+02  2.726822535E+02  4.395196152E+02  1.150830503E+00 
       144 -2.515073613E-02  2.387267259E-01 -3.821832766E-02  8.533064894E+04  1.751074953E+02  3.318304054E+02  2.742057056E+02  4.362504636E+02  1.157908068E+00 
       145 -2.514274647E-02  2.387409373E-01 -3.433018188E-02  8.607360936E+04  1.738295949E+02  3.321908780E+02  2.748016996E+02  4.344920760E+02  1.159539449E+00 
       146 -2.514933814E-02  2.387615668E-01 -3.043885368E-02  8.532807240E+04  1.760177460E+02  3.317734674E+02  2.741112994E+02  4.359578620E+02  1.155571969E+00 
       147 -2.514205174E-02  2.387863737E-01 -2.655197175E-02  8.356153043E+04  1.803290873E+02  3.308593715E+02  2.726031693E+02  4.395409254E+02  1.148581249E+00 
       148 -2.514801404E-02  2.388163633E-01 -2.268742808E-02  8.182944739E+04  1.853310632E+02  3.298331758E+02  2.709143030E+02  4.443509111E+02  1.140984160E+00 
       149 -2.514603624E-02  2.387984711E-01 -1.877579094E-02  8.059512012E+04  1.880716972E+02  3.291541443E+02  2.698000641E+02  4.467252655E+02  1.136688784E+00 
       150 -2.513833525E-02  2.388756875E-01 -1.487946342E-02  7.978913281E+04  1.896704918E+02  3.287600003E+02  2.691540474E+02  4.480089278E+02  1.134069540E+00 
       151 -2.514495058E-02  2.389300222E-01 -1.098752945E-02  7.983756085E+04  1.896267315E+02  3.288098096E+02  2.692356720E+02  4.482820258E+02  1.134479693E+00 
       152 -2.501801490E-02  2.389948317E-01 -7.101428526E-03  8.185691083E+04  1.841560749E+02  3.300794344E+02  2.713207765E+02  4.440197942E+02  1.143575873E+00 
       153 -2.403359079E-02  2.391541778E-01 -3.362202731E-03  8.695353281E+04  1.714612301E+02  3.328644217E+02  2.759191109E+02  4.328916654E+02  1.164123258E+00 
       154 -2.203079393E-02  2.393877231E-01 -4.501692070E-05  8.957927160E+04  1.661469599E+02  3.340604858E+02  2.779036212E+02  4.269535999E+02  1.171993697E+00 
       155 -1.942355624E-02  2.396357170E-01  2.825132604E-03  8.558486615E+04  1.759066634E+02  3.319301739E+02  2.743727501E+02  4.360765908E+02  1.155895297E+00 
       156 -1.648721574E-02  2.398964014E-01  5.342831758E-03  8.114330109E+04  1.865675601E+02  3.294096110E+02  2.702195914E+02  4.462552469E+02  1.139581478E+00 
       157 -1.330897545E-02  2.400801911E-01  7.594698846E-03  8.029893982E+04  1.872706959E+02  3.288727741E+02  2.693396201E+02  4.476873741E+02  1.139499711E+00 
       158 -1.004552185E-02  2.402353079E-01  9.709455816E-03  8.061193616E+04  1.853012125E+02  3.290255995E+02  2.695904031E+02  4.463941183E+02  1.143331505E+00 
       159 -6.714656287E-03  2.403804415E-01  1.171394437E-02  8.039091623E+04  1.860460594E+02  3.288852724E+02  2.693606873E+02  4.466231698E+02  1.142101488E+00 
       160 -3.322138608E-03  2.404066774E-01  1.362735999E-02  8.009511646E+04  1.859442530E+02  3.288992176E+02  2.693830249E+02  4.484972327E+02  1.145045004E+00 
       161  9.783589121E-05  2.404201762E-01  1.547870720E-02  8.027233203E+04  1.848144696E+02  3.290757957E+02  2.696735673E+02  4.476364055E+02  1.147800313E+00 
       162  3.534439975E-03  2.403949673E-01  1.730379042E-02  8.138332275E+04  1.825841150E+02  3.298472748E+02  2.709464149E+02  4.455604286E+02  1.152507719E+00 
       163  6.969024296E-03  2.402279751E-01  1.908412837E-02  9.090290179E+04  1.541879401E+02  3.350276122E+02  2.795440936E+02  4.220322897E+02  1.203164161E+00 
       164  1.043411823E-02  2.400800089E-01  2.085152946E-02  7.851556725E+04  1.889246241E+02  3.285443898E+02  2.688038440E+02  4.432463295E+02  1.135466794E+00 
       165  1.388371434E-02  2.398652026E-01  2.263181169E-02  7.925922864E+04  1.844969108E+02  3.289379129E+02  2.694484913E+02  4.399076633E+02  1.142172700E+00 
       166  1.734145131E-02  2.394992745E-01  2.440657916E-02  7.872891003E+04  1.856209126E+02  3.286490951E+02  2.689738486E+02  4.420242729E+02  1.140392296E+00 
       167  2.080043859E-02  2.391294908E-01  2.615375350E-02  7.861446622E+04  1.882495443E+02  3.284911187E+02  2.687148488E+02  4.449306196E+02  1.136982551E+00 
       168  2.424052770E-02  2.387186889E-01  2.792040504E-02  7.888677161E+04  1.903599951E+02  3.286174636E+02  2.689214575E+02  4.457251081E+02  1.132834492E+00 
       169  2.766624902E-02  2.381908713E-01  2.968394578E-02  7.898672424E+04  1.927644949E+02  3.287040992E+02  2.690629992E+02  4.463930120E+02  1.127902124E+00 
       170  3.108229850E-02  2.375970478E-01  3.144655572E-02  7.880697119E+04  1.955430279E+02  3.286401999E+02  2.689585474E+02  4.472537143E+02  1.122419540E+00 
       171  3.449726266E-02  2.369314331E-01  3.319569832E-02  7.873375085E+04  1.979747692E+02  3.285262434E+02  2.687730055E+02  4.473666823E+02  1.117410237E+00 
       172  3.787267708E-02  2.362004853E-01  3.498142333E-02  7.899285608E+04  1.996005862E+02  3.286004467E+02  2.688957496E+02  4.463660069E+02  1.114160072E+00 
       173  4.123744789E-02  2.354271843E-01  3.677379579E-02  7.910333374E+04  2.015974355E+02  3.286287231E+02  2.689421253E+02  4.458516765E+02  1.110784218E+00 
       174  4.456263149E-02  2.345133553E-01  3.856958315E-02  7.837461168E+04  2.053489867E+02  3.282504987E+02  2.683224722E+02  4.468394406E+02  1.104542945E+00 
       175  4.789152860E-02  2.335402793E-01  4.034492433E-02  7.681692548E+04  2.104142669E+02  3.274206041E+02  2.669671632E+02  4.498088517E+02  1.096399355E+00 
       176  5.119514426E-02  2.325727211E-01  4.215365701E-02  7.504637201E+04  2.159017838E+02  3.263668264E+02  2.652516780E+02  4.534725169E+02  1.087770602E+00 
       177  5.444737908E-02  2.314873556E-01  4.396264389E-02  7.325297565E+04  2.209869368E+02  3.252509037E+02  2.634408839E+02  4.569995587E+02  1.080127858E+00 
       178  5.771043354E-02  2.303389779E-01  4.576361213E-02  7.122818192E+04  2.275138940E+02  3.238669287E+02  2.612049787E+02  4.612056980E+02  1.069739613E+00 
       179  6.093363739E-02  2.292015055E-01  4.761570799E-02  6.866130835E+04  2.359102650E+02  3.222170639E+02  2.585519218E+02  4.666130075E+02  1.056207405E+00 
       180  6.411569228E-02  2.279427553E-01  4.946832252E-02  6.657813794E+04  2.472916040E+02  3.209397278E+02  2.565072775E+02  4.713441639E+02  1.033612795E+00 
       181  6.728438578E-02  2.267057043E-01  5.135068917E-02  6.838799048E+04  2.587344480E+02  3.225132790E+02  2.590412860E+02  4.673880949E+02  9.976242539E-01 
       182  7.045491472E-02  2.254566135E-01  5.324396322E-02  7.857227185E+04  2.655003848E+02  3.287666407E+02  2.692277145E+02  4.428105311E+02  9.481071262E-01 
       183  7.352398986E-02  2.240979077E-01  5.520813549E-02  9.319053870E+04  2.517766476E+02  3.365659456E+02  2.821340952E+02  4.093226881E+02  9.453770947E-01 
       184  7.654294831E-02  2.227589545E-01  5.724026033E-02  1.023207722E+05  2.351144007E+02  3.411196306E+02  2.897759540E+02  3.909953623E+02  9.711631156E-01 
       185  7.954929441E-02  2.214414527E-01  5.933596166E-02  1.089194163E+05  2.382768793E+02  3.442972336E+02  2.952101479E+02  3.773195896E+02  9.524208624E-01 
       186  8.244157493E-02  2.200232159E-01  6.149679439E-02  1.233575254E+05  2.396869621E+02  3.503494492E+02  3.056686401E+02  3.457971725E+02  9.300205410E-01 
       187  8.531452000E-02  2.186177542E-01  6.372436707E-02  1.211933514E+05  2.386141119E+02  3.494675820E+02  3.041286782E+02  3.504229460E+02  9.326950745E-01 
       188  8.816039266E-02  2.172472440E-01  6.601424901E-02  1.222815159E+05  2.329479852E+02  3.499564271E+02  3.049800858E+02  3.474259210E+02  9.472084269E-01 
       189  9.092008057E-02  2.157826082E-01  6.831794754E-02  1.226735455E+05  2.286440900E+02  3.496056914E+02  3.043691802E+02  3.458900344E+02  9.579739539E-01 
       190  9.367581728E-02  2.143255962E-01  7.064980943E-02  1.224240015E+05  2.232333187E+02  3.499301568E+02  3.049344504E+02  3.464581158E+02  9.725295666E-01 
       191  9.641114101E-02  2.128789625E-01  7.302159977E-02  1.224487307E+05  2.209577539E+02  3.501955175E+02  3.053967726E+02  3.444588156E+02  9.781250274E-01 
       192  9.907895187E-02  2.114028516E-01  7.542603674E-02  1.225100920E+05  2.200957754E+02  3.502319298E+02  3.054603350E+02  3.432550626E+02  9.796196353E-01 
       193  1.016896232E-01  2.099003163E-01  7.789626121E-02  1.228070995E+05  2.183264763E+02  3.505212903E+02  3.059657419E+02  3.416613040E+02  9.839283796E-01 
       194  1.042573666E-01  2.084682280E-01  8.044071344E-02  1.230223783E+05  2.164616883E+02  3.512219138E+02  3.071924183E+02  3.408178780E+02  9.890894974E-01 
       195  1.067132028E-01  2.069758083E-01  8.306726980E-02  1.230184802E+05  2.171534133E+02  3.519741214E+02  3.085133906E+02  3.378668326E+02  9.859056172E-01 
       196  1.091091693E-01  2.055182938E-01  8.576040538E-02  1.229438826E+05  2.189710639E+02  3.529662842E+02  3.102605613E+02  3.310324839E+02  9.792149246E-01 
       197  1.114533399E-01  2.040960959E-01  8.851719904E-02  1.228846964E+05  2.203846739E+02  3.544474062E+02  3.128755001E+02  3.212367498E+02  9.745031146E-01 
       198  1.136946430E-01  2.026973542E-01  9.137514269E-02  1.228070527E+05  2.216818375E+02  3.562905459E+02  3.161385356E+02  3.089687988E+02  9.715399793E-01 
       199  1.158224243E-01  2.012857480E-01  9.431046231E-02  1.227694752E+05  2.234484092E+02  3.579295489E+02  3.190491175E+02  2.966253549E+02  9.681968258E-01 
       200  1.177983438E-01  1.999614296E-01  9.738734661E-02  1.227737986E+05  2.253083445E+02  3.590784295E+02  3.210938015E+02  2.875477388E+02  9.642039880E-01 
       201  1.195376812E-01  1.988013159E-01  1.006637087E-01  1.227550983E+05  2.274278857E+02  3.592389635E+02  3.213785048E+02  2.866845404E+02  9.568009735E-01 
       202  1.207748534E-01  1.979244993E-01  1.042263433E-01  1.226982480E+05  2.300508475E+02  3.577137139E+02  3.186644812E+02  2.991699135E+02  9.445097540E-01 
       203  1.209766187E-01  1.976967879E-01  1.080979692E-01  1.226441518E+05  2.329805212E+02  3.547785069E+02  3.134603377E+02  3.217533482E+02  9.326394829E-01 
       204  1.209415894E-01  1.976147862E-01  1.119887176E-01  1.227048743E+05  2.317879765E+02  3.529878078E+02  3.103005370E+02  3.317238408E+02  9.363677255E-01 
       205  1.209136670E-01  1.975679793E-01  1.158784497E-01  1.227859774E+05  2.282246181E+02  3.522187018E+02  3.089449044E+02  3.340742462E+02  9.468925341E-01 
       206  1.209140530E-01  1.975343277E-01  1.197687765E-01  1.228802132E+05  2.251714696E+02  3.517282396E+02  3.080815079E+02  3.351229773E+02  9.560787126E-01 
       207  1.209033119E-01  1.974945510E-01  1.236620610E-01  1.229471663E+05  2.230033586E+02  3.514652584E+02  3.076190724E+02  3.355050254E+02  9.626679718E-01 
       208  1.208998844E-01  1.975608583E-01  1.275528569E-01  1.229746761E+05  2.219720809E+02  3.516447560E+02  3.079353890E+02  3.340964087E+02  9.659412867E-01 
       209  1.209086196E-01  1.975927695E-01  1.314428594E-01  1.229545787E+05  2.216352640E+02  3.521776969E+02  3.088725930E+02  3.309686704E+02  9.667820663E-01 
       210  1.209261261E-01  1.976437754E-01  1.353324952E-01  1.229660354E+05  2.219373802E+02  3.530415180E+02  3.103932808E+02  3.256062312E+02  9.655676235E-01 
       211  1.209477387E-01  1.976921952E-01  1.392217013E-01  1.230358502E+05  2.217216677E+02  3.541487606E+02  3.123448918E+02  3.195110791E+02  9.663277480E-01 
       212  1.209659901E-01  1.977439656E-01  1.431109690E-01  1.232014277E+05  2.212252704E+02  3.552541440E+02  3.142812614E+02  3.133097786E+02  9.682937763E-01 
       213  1.210017723E-01  1.977818072E-01  1.470000027E-01  1.233031777E+05  2.215024147E+02  3.557854052E+02  3.149991636E+02  3.104517679E+02  9.680051915E-01 
       214 -1.337431699E-02  1.053111530E-01 -4.600000000E-02  8.760125879E+04  1.539472122E+02  3.331050491E+02  2.762952690E+02  2.357084923E+02  8.590886965E-01 
       215 -1.336879354E-02  1.054912688E-01 -4.299898917E-02  8.749189722E+04  1.540205965E+02  3.330494280E+02  2.762232919E+02  2.359770508E+02  8.597317804E-01 
       216 -1.321272523E-02  1.057016208E-01 -4.000664894E-02  8.749618604E+04  1.542281656E+02  3.330144730E+02  2.761653099E+02  2.362431774E+02  8.597098142E-01 
       217 -1.269691607E-02  1.059729593E-01 -3.706120983E-02  8.738472143E+04  1.550138293E+02  3.329394119E+02  2.760408059E+02  2.369285290E+02  8.580670958E-01 
       218 -1.181263769E-02  1.063072321E-01 -3.420969757E-02  8.719603036E+04  1.559442759E+02  3.328457359E+02  2.758854600E+02  2.379255903E+02  8.568461176E-01 
       219 -1.066241908E-02  1.066659143E-01 -3.145726216E-02  8.704517974E+04  1.566812415E+02  3.327931888E+02  2.757984102E+02  2.387847768E+02  8.562552842E-01 
       220 -9.280794463E-03  1.070573859E-01 -2.881758489E-02  8.690544190E+04  1.574119131E+02  3.327331768E+02  2.756989491E+02  2.396118705E+02  8.556348678E-01 
       221 -7.735023178E-03  1.074435380E-01 -2.626912607E-02  8.682489655E+04  1.581222411E+02  3.326949881E+02  2.756356714E+02  2.402884657E+02  8.546452620E-01 
       222 -6.047350445E-03  1.078135440E-01 -2.381048416E-02  8.671992506E+04  1.590624036E+02  3.325842399E+02  2.754521972E+02  2.411480599E+02  8.530777490E-01 
       223 -4.299611852E-03  1.081916589E-01 -2.139379423E-02  8.663148280E+04  1.594839224E+02  3.326566238E+02  2.755721153E+02  2.415000703E+02  8.525367517E-01 
       224 -2.461870607E-03  1.085505379E-01 -1.904289133E-02  8.662478256E+04  1.601879460E+02  3.325213845E+02  2.753481812E+02  2.420791139E+02  8.512274591E-01 
       225 -5.886173328E-04  1.088780789E-01 -1.671486844E-02  8.669461114E+04  1.601237701E+02  3.326477271E+02  2.755574144E+02  2.421904056E+02  8.524979096E-01 
       226  1.337912187E-03  1.092215599E-01 -1.443302686E-02  8.685568915E+04  1.597359924E+02  3.325855149E+02  2.754543386E+02  2.423767362E+02  8.557616379E-01 
       227  3.290030235E-03  1.094941851E-01 -1.216353628E-02  8.676541725E+04  1.593295607E+02  3.325207295E+02  2.753469855E+02  2.434933427E+02  8.624064704E-01 
       228  5.262023684E-03  1.097864070E-01 -9.913643549E-03  8.607876038E+04  1.601948880E+02  3.321076268E+02  2.746635544E+02  2.468413274E+02  8.701068854E-01 
       229  7.256339014E-03  1.100495762E-01 -7.679258903E-03  8.428936693E+04  1.645704861E+02  3.311202099E+02  2.730329686E+02  2.537753668E+02  8.719308107E-01 
       230  9.250945095E-03  1.102792579E-01 -5.441700620E-03  8.176802120E+04  1.722518064E+02  3.299308016E+02  2.710749731E+02  2.614944832E+02  8.595119387E-01 
       231  1.125130268E-02  1.105297001E-01 -3.209862298E-03  8.034917041E+04  1.802591858E+02  3.292355995E+02  2.699335680E+02  2.662960286E+02  8.350604698E-01 
       232  1.324504242E-02  1.107259366E-01 -9.692227629E-04  8.099377026E+04  1.843586526E+02  3.295391359E+02  2.704319687E+02  2.650565186E+02  8.092953768E-01 
       233  1.522818012E-02  1.109344875E-01  1.280794701E-03  8.295786230E+04  1.846612520E+02  3.306498470E+02  2.722587490E+02  2.588002472E+02  7.859290875E-01 
       234  1.717717000E-02  1.111306516E-01  3.565314237E-03  8.521380859E+04  1.835136585E+02  3.319888954E+02  2.744682827E+02  2.500835762E+02  7.626059577E-01 
       235  2.098827574E-02  1.115152878E-01  8.199040730E-03  8.911005078E+04  1.872400455E+02  3.340944214E+02  2.779606667E+02  2.378890038E+02  7.042892799E-01 
       236  2.283804163E-02  1.116790561E-01  1.055952489E-02  9.038802991E+04  1.897610363E+02  3.353365750E+02  2.800305209E+02  2.294461826E+02  6.644679294E-01 
       237  2.632960383E-02  1.121198866E-01  1.543269692E-02  9.108289941E+04  2.061950684E+02  3.352308331E+02  2.798538914E+02  2.319085236E+02  5.849400237E-01 
       238  2.959379811E-02  1.126564718E-01  2.044933110E-02  9.029833179E+04  2.222129760E+02  3.347826333E+02  2.791057305E+02  2.376087823E+02  5.198664526E-01 
       239  3.114059063E-02  1.129278581E-01  2.301118304E-02  8.974469016E+04  2.301911791E+02  3.346298375E+02  2.788510578E+02  2.406513662E+02  4.889022651E-01 
       240  3.264987762E-02  1.132456905E-01  2.559358749E-02  8.914974716E+04  2.372214887E+02  3.342096071E+02  2.781514483E+02  2.434524228E+02  4.625867211E-01 
       241  3.807676132E-02  1.146676712E-01  3.621643154E-02  8.786078971E+04  2.617060304E+02  3.333854433E+02  2.767810415E+02  2.518875984E+02  3.693121451E-01 
       242  3.928374460E-02  1.150413043E-01  3.894926042E-02  8.801360742E+04  2.672210462E+02  3.337714331E+02  2.774231439E+02  2.530255661E+02  3.456413022E-01 
       243  4.044503934E-02  1.154301055E-01  4.169676193E-02  8.844057547E+04  2.710574250E+02  3.341352421E+02  2.780280557E+02  2.522658133E+02  3.242458976E-01 
       244  4.154949506E-02  1.158110833E-01  4.446441861E-02  8.908218848E+04  2.745516052E+02  3.344799786E+02  2.786019840E+02  2.510661707E+02  3.029363006E-01 
       245  4.259018966E-02  1.161595968E-01  4.726780086E-02  8.990009249E+04  2.775657110E+02  3.348861250E+02  2.792792033E+02  2.492079412E+02  2.814797712E-01 
       246  4.357921759E-02  1.165132208E-01  5.008364009E-02  9.089322437E+04  2.796450033E+02  3.354192381E+02  2.801689167E+02  2.462636185E+02  2.610222222E-01 
       247  4.448002582E-02  1.168267471E-01  5.293502673E-02  9.205899424E+04  2.818714599E+02  3.359366308E+02  2.810337227E+02  2.433247212E+02  2.394778638E-01 
       248  4.534234860E-02  1.171711221E-01  5.579536500E-02  9.329592969E+04  2.827576542E+02  3.366097870E+02  2.821615162E+02  2.395294743E+02  2.223318657E-01 
       249  4.612355051E-02  1.174912616E-01  5.867935283E-02  9.449797266E+04  2.840934525E+02  3.372235832E+02  2.831914978E+02  2.359609528E+02  2.031264454E-01 
       250  4.681688670E-02  1.178330389E-01  6.158342338E-02  9.564636133E+04  2.850296021E+02  3.378139458E+02  2.841839256E+02  2.327083206E+02  1.877608057E-01 
       251  4.742483443E-02  1.181684938E-01  6.451168194E-02  9.668497461E+04  2.857324524E+02  3.383891220E+02  2.851524162E+02  2.297357521E+02  1.748658027E-01 
       252  4.796175059E-02  1.184973583E-01  6.744925218E-02  9.757599854E+04  2.867425375E+02  3.389218559E+02  2.860506535E+02  2.270662861E+02  1.610887134E-01 
       253  4.839690646E-02  1.188449776E-01  7.040346354E-02  9.833230286E+04  2.880206708E+02  3.392834171E+02  2.866609538E+02  2.249862708E+02  1.478619908E-01 
       254  4.867844520E-02  1.192029192E-01  7.337369276E-02  9.883085770E+04  2.897947952E+02  3.395119951E+02  2.870474249E+02  2.239687564E+02  1.357282136E-01 
       255  4.889804354E-02  1.195863964E-01  7.634446821E-02  9.926166401E+04  2.915311155E+02  3.396468811E+02  2.872757060E+02  2.231899137E+02  1.247473557E-01 
       256  4.901527392E-02  1.199575346E-01  7.936475415E-02  9.953519046E+04  2.937373907E+02  3.397475981E+02  2.874462155E+02  2.232101260E+02  1.138755949E-01 
       257  4.897414798E-02  1.207471392E-01  8.530893469E-02  1.001653223E+05  2.967685890E+02  3.402273331E+02  2.882581978E+02  2.224753113E+02  9.687132202E-02 
       258  4.879835866E-02  1.211503063E-01  8.827262235E-02  1.002584121E+05  2.984536285E+02  3.401522865E+02  2.881313477E+02  2.229078789E+02  9.036860615E-02 
       259  4.854576088E-02  1.215647590E-01  9.126615169E-02  1.004212626E+05  2.993152694E+02  3.400210095E+02  2.879089167E+02  2.224539692E+02  8.520417247E-02 
       260  4.818457029E-02  1.219712360E-01  9.420996830E-02  1.009732636E+05  2.985688156E+02  3.402964878E+02  2.883754786E+02  2.205980713E+02  8.375315840E-02 
       261  4.782320061E-02  1.224212570E-01  9.713670139E-02  1.017217148E+05  2.972407532E+02  3.406053867E+02  2.889003792E+02  2.179873581E+02  8.306335937E-02 
       262  4.734997920E-02  1.228526278E-01  1.001180955E-01  1.028887129E+05  2.949181786E+02  3.412552261E+02  2.900033188E+02  2.142061920E+02  8.336916938E-02 
       263  4.683890011E-02  1.232935874E-01  1.030087938E-01  1.043660095E+05  2.913284565E+02  3.421727706E+02  2.915654442E+02  2.097044134E+02  8.915698755E-02 
       264  4.566507936E-02  1.242316696E-01  1.088390156E-01  1.063280732E+05  2.850472993E+02  3.425302534E+02  2.921742053E+02  2.041550278E+02  1.099414899E-01 
       265  4.352639189E-02  1.257122811E-01  1.174848542E-01  1.075197134E+05  2.609270581E+02  3.464737851E+02  2.989453246E+02  1.684662200E+02  1.410861146E-01 
       266  4.289440586E-02  1.261798267E-01  1.203730247E-01  1.075685387E+05  2.512157230E+02  3.483019603E+02  3.021087996E+02  1.463790563E+02  1.347906850E-01 
       267  4.242365191E-02  1.265975250E-01  1.232861776E-01  1.076880389E+05  2.445770349E+02  3.496615015E+02  3.044673506E+02  1.328762036E+02  1.400702831E-01 
       268  4.208270049E-02  1.270006734E-01  1.262530889E-01  1.077373574E+05  2.429618912E+02  3.498248062E+02  3.047507820E+02  1.328502083E+02  1.552387793E-01 
       269  4.202415066E-02  1.273246053E-01  1.292418903E-01  1.077276416E+05  2.437500139E+02  3.495476325E+02  3.042682696E+02  1.370726925E+02  1.651975638E-01 
       270  4.218523596E-02  1.275849052E-01  1.322314117E-01  1.076222507E+05  2.457060577E+02  3.491135424E+02  3.035131733E+02  1.426924044E+02  1.712781796E-01 
       271  4.252691668E-02  1.278080741E-01  1.352038484E-01  1.074366755E+05  2.484488378E+02  3.487459019E+02  3.028747302E+02  1.489136499E+02  1.739892086E-01 
       272  4.296344289E-02  1.279984053E-01  1.381664338E-01  1.072224685E+05  2.510088185E+02  3.482611136E+02  3.020343033E+02  1.543252439E+02  1.762775008E-01 
       273  4.347514252E-02  1.281630447E-01  1.411197974E-01  1.069183992E+05  2.534280681E+02  3.478198199E+02  3.012692505E+02  1.592187506E+02  1.780953837E-01 
       274  4.403358971E-02  1.283124551E-01  1.440677535E-01  1.065915800E+05  2.556572686E+02  3.475972555E+02  3.008825227E+02  1.632926318E+02  1.788924219E-01 
       275  4.466583781E-02  1.284644007E-01  1.470000034E-01  1.063611303E+05  2.581015017E+02  3.472201266E+02  2.963353232E+02  1.673752092E+02  1.781724820E-01 
       276 -1.390154712E-02  1.725232616E-01 -4.600000033E-02  8.238633945E+04  1.819242535E+02  3.303167683E+02  2.714017328E+02  3.424608470E+02  1.010630041E+00 
       277 -1.389524734E-02  1.726308379E-01 -4.258575940E-02  8.267264304E+04  1.815197282E+02  3.303603887E+02  2.717808212E+02  3.424146354E+02  1.011932994E+00 
       278 -1.388827040E-02  1.727470810E-01 -3.919459871E-02  8.295042691E+04  1.810732665E+02  3.304237993E+02  2.718851923E+02  3.422707976E+02  1.013206621E+00 
       279 -1.387976982E-02  1.728866868E-01 -3.575874102E-02  8.303938573E+04  1.808720594E+02  3.304456153E+02  2.719210741E+02  3.423654656E+02  1.014070681E+00 
       280 -1.386962822E-02  1.730354599E-01 -3.234598001E-02  8.290214322E+04  1.811038429E+02  3.303656538E+02  2.717895576E+02  3.429554672E+02  1.014344797E+00 
       281 -1.385715910E-02  1.732129765E-01 -2.893478341E-02  8.249062418E+04  1.817896553E+02  3.301477847E+02  2.714312140E+02  3.441827558E+02  1.014219184E+00 
       282 -1.381464856E-02  1.733989484E-01 -2.553958976E-02  8.188474156E+04  1.830443169E+02  3.297888758E+02  2.708414956E+02  3.461220052E+02  1.013457703E+00 
       283 -1.334927366E-02  1.736519924E-01 -2.216152427E-02  8.100132267E+04  1.850597725E+02  3.292975110E+02  2.700351541E+02  3.487758864E+02  1.011455574E+00 
       284 -1.220387625E-02  1.739549638E-01 -1.896956374E-02  7.972007910E+04  1.885892706E+02  3.285125427E+02  2.687499485E+02  3.525563183E+02  1.006495193E+00 
       285 -1.057589609E-02  1.742731966E-01 -1.599005111E-02  7.794163672E+04  1.937489690E+02  3.275264995E+02  2.671392902E+02  3.576537741E+02  9.986975551E-01 
       286 -8.586070527E-03  1.745821273E-01 -1.323108332E-02  7.611039731E+04  1.987112127E+02  3.267696086E+02  2.659052091E+02  3.618833581E+02  9.900279198E-01 
       287 -6.371188279E-03  1.748941133E-01 -1.065117603E-02  7.589844689E+04  2.006434649E+02  3.268320491E+02  2.660070658E+02  3.618704690E+02  9.834139996E-01 
       288 -3.959984913E-03  1.752012559E-01 -8.251810021E-03  7.850938474E+04  1.976182353E+02  3.282996739E+02  2.684063088E+02  3.551844918E+02  9.810346873E-01 
       289 -1.474621790E-03  1.754287438E-01 -5.921768022E-03  8.403661405E+04  1.891437944E+02  3.310686591E+02  2.729573062E+02  3.421343208E+02  9.867908091E-01 
       290  1.096342236E-03  1.756586641E-01 -3.684409899E-03  8.932007316E+04  1.805769526E+02  3.335735439E+02  2.770972792E+02  3.288757364E+02  9.944300695E-01 
       291  3.722457199E-03  1.758529720E-01 -1.512169024E-03  9.185330420E+04  1.749321904E+02  3.345206022E+02  2.786697826E+02  3.249997654E+02  1.007723175E+00 
       292  6.390497491E-03  1.759799744E-01  6.206893580E-04  8.849981250E+04  1.767453041E+02  3.331939049E+02  2.764694519E+02  3.321192703E+02  1.012718394E+00 
       293  1.179759467E-02  1.761809281E-01  4.808741428E-03  7.622767578E+04  2.003875809E+02  3.266569290E+02  2.657274323E+02  3.651965790E+02  9.907610118E-01 
       294  1.450804596E-02  1.762121176E-01  6.883706551E-03  7.222326367E+04  2.096528549E+02  3.241539135E+02  2.616689453E+02  3.766098499E+02  9.823689014E-01 
       295  1.722225861E-02  1.762495216E-01  8.953048646E-03  7.040325879E+04  2.155064621E+02  3.227777252E+02  2.594495354E+02  3.826839485E+02  9.752058089E-01 
       296  1.993233776E-02  1.761597577E-01  1.102855473E-02  6.938891797E+04  2.178063412E+02  3.221699944E+02  2.584732475E+02  3.851262207E+02  9.726619571E-01 
       297  2.263244469E-02  1.760920636E-01  1.311525345E-02  6.779676123E+04  2.223134766E+02  3.211912823E+02  2.569065456E+02  3.892429047E+02  9.664442986E-01 
       298  2.532249661E-02  1.759768902E-01  1.521525865E-02  6.597122217E+04  2.297122374E+02  3.198941059E+02  2.548353891E+02  3.955391808E+02  9.554178044E-01 
       299  2.800116021E-02  1.758008440E-01  1.732596334E-02  6.552629688E+04  2.348573074E+02  3.194885702E+02  2.541891909E+02  3.981965742E+02  9.439558014E-01 
       300  3.066011949E-02  1.756198651E-01  1.946182943E-02  6.818041003E+04  2.353656745E+02  3.209915452E+02  2.565981989E+02  3.919882426E+02  9.287719615E-01 
       301  3.850917716E-02  1.748410184E-01  2.602581626E-02  8.748572021E+04  2.347488108E+02  3.339541845E+02  2.777301311E+02  3.354239082E+02  8.234126382E-01 
       302  4.358739934E-02  1.740919978E-01  3.053362568E-02  8.558057129E+04  2.393949947E+02  3.328219061E+02  2.758471174E+02  3.438046646E+02  8.223606460E-01 
       303  4.609287257E-02  1.736863543E-01  3.281922705E-02  8.444965845E+04  2.432308149E+02  3.322304611E+02  2.748668880E+02  3.466114340E+02  8.144512475E-01 
       304  4.855845708E-02  1.731970535E-01  3.512834265E-02  8.446639355E+04  2.486883740E+02  3.320509968E+02  2.745698700E+02  3.472416553E+02  7.969740815E-01 
       305  5.100043215E-02  1.726458906E-01  3.745772352E-02  8.622358923E+04  2.528273382E+02  3.328634300E+02  2.759167647E+02  3.444676390E+02  7.782269884E-01 
       306  5.340036417E-02  1.720848619E-01  3.982071753E-02  9.003718665E+04  2.518857579E+02  3.350604038E+02  2.795773003E+02  3.343909402E+02  7.646387964E-01 
       307  5.576533568E-02  1.714326002E-01  4.220398857E-02  9.515540726E+04  2.481343035E+02  3.379464645E+02  2.844138547E+02  3.202364743E+02  7.547449591E-01 
       308  5.808130114E-02  1.707532671E-01  4.462162642E-02  9.967405886E+04  2.451655035E+02  3.404027898E+02  2.885607205E+02  3.081156304E+02  7.465718088E-01 
       309  6.913202621E-02  1.670049815E-01  5.708998555E-02  1.113969242E+05  2.433310494E+02  3.462723742E+02  2.985948730E+02  2.755517540E+02  7.094012527E-01 
       310  7.325557335E-02  1.653928843E-01  6.228962682E-02  1.150787536E+05  2.412284251E+02  3.478007672E+02  3.012353792E+02  2.658169920E+02  7.063692971E-01 
       311  7.526114685E-02  1.645964451E-01  6.493668120E-02  1.166170352E+05  2.401279373E+02  3.483303089E+02  3.021534615E+02  2.627473946E+02  7.087641358E-01 
       312  8.099008587E-02  1.620989224E-01  7.305121222E-02  1.188099443E+05  2.380139790E+02  3.491510468E+02  3.035778503E+02  2.552990799E+02  7.092660889E-01 
       313  8.281625202E-02  1.612441772E-01  7.580722199E-02  1.190733506E+05  2.374004097E+02  3.491845245E+02  3.036359825E+02  2.544685555E+02  7.115829363E-01 
       314  8.462318717E-02  1.604029889E-01  7.856519154E-02  1.193615222E+05  2.366265831E+02  3.492679682E+02  3.037810011E+02  2.542199388E+02  7.159369141E-01 
       315  8.638808364E-02  1.595156660E-01  8.135371941E-02  1.195244075E+05  2.360559936E+02  3.492941332E+02  3.038264480E+02  2.539858637E+02  7.188248038E-01 
       316  8.818531781E-02  1.586346563E-01  8.418846896E-02  1.195337982E+05  2.360484885E+02  3.491511482E+02  3.035779330E+02  2.534475801E+02  7.167655797E-01 
       317  9.153487112E-02  1.568453452E-01  8.985396979E-02  1.194140676E+05  2.357656722E+02  3.491510663E+02  3.035783710E+02  2.536124878E+02  7.186782323E-01 
       318  9.319079870E-02  1.559467714E-01  9.269883327E-02  1.193419473E+05  2.359458637E+02  3.491730137E+02  3.036166191E+02  2.534040966E+02  7.179403827E-01 
       319  9.639067810E-02  1.541493463E-01  9.845101971E-02  1.192966299E+05  2.368833065E+02  3.490088482E+02  3.033307247E+02  2.536108894E+02  7.154266723E-01 
       320  9.789700787E-02  1.532238030E-01  1.013752208E-01  1.192850638E+05  2.379604990E+02  3.488618021E+02  3.030749846E+02  2.537940292E+02  7.103060372E-01 
       321  9.939560036E-02  1.523575645E-01  1.043121280E-01  1.191962490E+05  2.387087975E+02  3.486883011E+02  3.027735672E+02  2.543798904E+02  7.084946558E-01 
       322  1.008373928E-01  1.515239935E-01  1.072922639E-01  1.189669043E+05  2.395531368E+02  3.484260979E+02  3.023183804E+02  2.553172817E+02  7.066454217E-01 
       323  1.021925752E-01  1.507164957E-01  1.103173974E-01  1.187023154E+05  2.409406686E+02  3.481293831E+02  3.018040109E+02  2.566206994E+02  7.021310534E-01 
       324  1.063175391E-01  1.486079647E-01  1.265700906E-01  1.184065469E+05  2.426308975E+02  3.488796005E+02  3.031096458E+02  2.551463928E+02  6.967503428E-01 
       325  1.064822206E-01  1.487022474E-01  1.299738775E-01  1.186084746E+05  2.381846008E+02  3.502419281E+02  3.054827194E+02  2.444102936E+02  7.071298808E-01 
       326  1.066476119E-01  1.488146338E-01  1.333799290E-01  1.184666094E+05  2.326629524E+02  3.514961014E+02  3.076721725E+02  2.328954506E+02  7.237973809E-01 
       327  1.068180965E-01  1.489318139E-01  1.367854531E-01  1.181831172E+05  2.292717896E+02  3.520159187E+02  3.085807343E+02  2.282869720E+02  7.368735969E-01 
       328  1.069979625E-01  1.490578552E-01  1.401905319E-01  1.179832939E+05  2.298681011E+02  3.515505066E+02  3.077658787E+02  2.333127918E+02  7.375796437E-01 
       329  1.071817424E-01  1.491887345E-01  1.435955648E-01  1.178769692E+05  2.340379000E+02  3.503098907E+02  3.054087963E+02  2.442701950E+02  7.270134650E-01 
       330  1.073851999E-01  1.493347905E-01  1.470000044E-01  1.178712148E+05  2.406714096E+02  3.487492981E+02  3.015362244E+02  2.576861343E+02  7.103070915E-01 
       331 -5.132010553E-03  2.399711247E-01 -4.600000034E-02  8.406393311E+04  1.731887627E+02  3.309707336E+02  2.731439095E+02  4.394875755E+02  1.165692858E+00 
       332 -5.128125210E-03  2.399809281E-01 -4.210430258E-02  8.395403247E+04  1.753770723E+02  3.305069799E+02  2.720231514E+02  4.412813807E+02  1.162123308E+00 
       333 -5.125201508E-03  2.399922328E-01 -3.820870464E-02  8.200938269E+04  1.786498544E+02  3.298115244E+02  2.708806882E+02  4.439427886E+02  1.156794201E+00 
       334 -5.121813889E-03  2.400095995E-01 -3.431329778E-02  8.028244614E+04  1.828824179E+02  3.289051362E+02  2.693930235E+02  4.474496679E+02  1.149995747E+00 
       335 -5.119016059E-03  2.400291916E-01 -3.041776666E-02  7.889051337E+04  1.860893936E+02  3.282190603E+02  2.682699114E+02  4.500458086E+02  1.144843764E+00 
       336 -5.114574788E-03  2.400538233E-01 -2.652182619E-02  7.802228470E+04  1.877132534E+02  3.279952480E+02  2.679036396E+02  4.510986155E+02  1.141949830E+00 
       337 -5.109553763E-03  2.400828758E-01 -2.262552630E-02  7.836049011E+04  1.869024742E+02  3.283851027E+02  2.685436234E+02  4.500514936E+02  1.142866168E+00 
       338 -5.103895973E-03  2.401152952E-01 -1.872899116E-02  8.131465588E+04  1.816520561E+02  3.298551972E+02  2.709568503E+02  4.443901017E+02  1.150001112E+00 
       339 -4.925504783E-03  2.402473149E-01 -7.056915668E-03  8.427183627E+04  1.731955682E+02  3.314185086E+02  2.735317490E+02  4.381056713E+02  1.164690253E+00 
       340 -3.715119829E-03  2.403023013E-01 -3.373311706E-03  8.025452374E+04  1.813542919E+02  3.296741428E+02  2.706576725E+02  4.449248252E+02  1.151133694E+00 
       341 -1.562012846E-03  2.403581740E-01 -1.360753051E-04  7.970722984E+04  1.855717756E+02  3.287204928E+02  2.690903419E+02  4.481861740E+02  1.144101925E+00 
       342  1.133764527E-03  2.404094608E-01  2.675248428E-03  7.986103198E+04  1.849194841E+02  3.287599440E+02  2.691552544E+02  4.478507366E+02  1.145582438E+00 
       343  4.137632423E-03  2.404197044E-01  5.149238455E-03  7.981476274E+04  1.839770443E+02  3.288660320E+02  2.693287830E+02  4.476068925E+02  1.147896363E+00 
       344  7.316400202E-03  2.403253331E-01  7.399564588E-03  7.957082222E+04  1.848319287E+02  3.287588016E+02  2.691527407E+02  4.482528380E+02  1.146863853E+00 
       345  1.395577155E-02  2.400667001E-01  1.148649181E-02  8.638616895E+04  1.720982857E+02  3.318921680E+02  2.743162842E+02  4.391331005E+02  1.169810127E+00 
       346  1.735065466E-02  2.397965962E-01  1.337576268E-02  9.015118848E+04  1.596454830E+02  3.338129692E+02  2.774970169E+02  4.287065887E+02  1.191356152E+00 
       347  2.419161170E-02  2.391929427E-01  1.704637434E-02  7.956153223E+04  1.859878616E+02  3.289495926E+02  2.694716454E+02  4.472743149E+02  1.143471465E+00 
       348  2.761839379E-02  2.387452844E-01  1.884103948E-02  7.972144922E+04  1.885768051E+02  3.287381516E+02  2.691205902E+02  4.488950233E+02  1.138431668E+00 
       349  3.105226563E-02  2.382885234E-01  2.062260888E-02  8.106599707E+04  1.848783875E+02  3.296941891E+02  2.706866932E+02  4.449301548E+02  1.143443286E+00 
       350  3.788868369E-02  2.371344800E-01  2.417075674E-02  8.041410693E+04  1.868644371E+02  3.296028080E+02  2.705366764E+02  4.457857437E+02  1.139976218E+00 
       351  4.468291751E-02  2.357525484E-01  2.771953789E-02  8.024556055E+04  1.894921055E+02  3.294629593E+02  2.703099117E+02  4.468446884E+02  1.136721931E+00 
       352  4.805699300E-02  2.349490393E-01  2.948953136E-02  8.094271960E+04  1.895087156E+02  3.296471381E+02  2.706124182E+02  4.439408693E+02  1.135617053E+00 
       353  5.140582287E-02  2.340778219E-01  3.127771149E-02  8.096416162E+04  1.904464779E+02  3.295213680E+02  2.704048424E+02  4.435629883E+02  1.134764634E+00 
       354  5.473006301E-02  2.331020583E-01  3.305777180E-02  7.988647949E+04  1.933043175E+02  3.288383102E+02  2.692844200E+02  4.456715012E+02  1.131317303E+00 
       355  5.803984836E-02  2.320923676E-01  3.484458617E-02  7.829351367E+04  1.975313244E+02  3.278086739E+02  2.676009541E+02  4.494370575E+02  1.126340605E+00 
       356  6.132921494E-02  2.310454118E-01  3.665150486E-02  7.663696204E+04  2.017980912E+02  3.268655827E+02  2.660629339E+02  4.525244021E+02  1.120767422E+00 
       357  6.777528194E-02  2.285846393E-01  4.027160278E-02  8.444176074E+04  2.137895699E+02  3.322739410E+02  2.749771843E+02  4.309626389E+02  1.070284113E+00 
       358  7.097972553E-02  2.273472007E-01  4.209367684E-02  9.152584961E+04  2.269739437E+02  3.362239914E+02  2.815251846E+02  4.152006721E+02  1.021974668E+00 
       359  7.412444428E-02  2.259565065E-01  4.393674079E-02  9.053781030E+04  2.340608454E+02  3.347050152E+02  2.789861412E+02  4.193411913E+02  1.008642461E+00 
       360  7.725834663E-02  2.245514312E-01  4.577102978E-02  8.621492139E+04  2.348819590E+02  3.328038902E+02  2.758176651E+02  4.281466827E+02  1.015297271E+00 
       361  8.037011026E-02  2.231435234E-01  4.763983740E-02  8.816194727E+04  2.343741531E+02  3.345941010E+02  2.788091278E+02  4.230255394E+02  1.014177844E+00 
       362  8.343109451E-02  2.215945322E-01  4.950276897E-02  1.012610744E+05  2.294474359E+02  3.406316559E+02  2.889857457E+02  3.932943239E+02  1.010042767E+00 
       363  8.646988642E-02  2.201046420E-01  5.141624103E-02  1.225785601E+05  2.173858485E+02  3.488047543E+02  3.030242991E+02  3.566491470E+02  1.030212035E+00 
       364  9.242245520E-02  2.169732682E-01  5.534503106E-02  1.182135720E+05  2.285846505E+02  3.496684790E+02  3.045134764E+02  3.544716549E+02  9.808081537E-01 
       365  9.533631835E-02  2.153857768E-01  5.738443174E-02  1.165834303E+05  2.278620098E+02  3.494413776E+02  3.041270590E+02  3.565877624E+02  9.796297364E-01 
       366  9.819952312E-02  2.138016843E-01  5.949569436E-02  1.174990498E+05  2.285784435E+02  3.499934406E+02  3.050837822E+02  3.526739464E+02  9.721509069E-01 
       367  1.009694591E-01  2.121295788E-01  6.167326851E-02  1.192408135E+05  2.300494738E+02  3.506405029E+02  3.062054882E+02  3.468887129E+02  9.618859068E-01 
       368  1.037116704E-01  2.105064985E-01  6.390540356E-02  1.200414985E+05  2.305109129E+02  3.511831064E+02  3.071500301E+02  3.443060036E+02  9.563924111E-01 
       369  1.064180189E-01  2.088777679E-01  6.618856681E-02  1.205058389E+05  2.304785242E+02  3.513098354E+02  3.073673248E+02  3.434384460E+02  9.537850171E-01 
       370  1.090480686E-01  2.071800512E-01  6.850700508E-02  1.211918638E+05  2.304521856E+02  3.513749752E+02  3.074811420E+02  3.417051563E+02  9.518805854E-01 
       371  1.116790455E-01  2.055210471E-01  7.084353951E-02  1.218395833E+05  2.309664626E+02  3.515297976E+02  3.077532158E+02  3.396140623E+02  9.490462355E-01 
       372  1.142974452E-01  2.038484190E-01  7.319785208E-02  1.222994365E+05  2.306227407E+02  3.515693512E+02  3.078201475E+02  3.379483318E+02  9.485880621E-01 
       373  1.168416696E-01  2.021295301E-01  7.558130371E-02  1.225902871E+05  2.299487495E+02  3.517222557E+02  3.080901051E+02  3.361858826E+02  9.494981989E-01 
       374  1.193277496E-01  2.004108846E-01  7.805168345E-02  1.227264591E+05  2.287857466E+02  3.518441653E+02  3.083067420E+02  3.346168675E+02  9.520583749E-01 
       375  1.217693779E-01  1.987784452E-01  8.060399866E-02  1.227395354E+05  2.273492422E+02  3.518765421E+02  3.083642092E+02  3.344644918E+02  9.559078775E-01 
       376  1.240793489E-01  1.970470446E-01  8.322373237E-02  1.228197588E+05  2.253058157E+02  3.520045929E+02  3.085897503E+02  3.341383238E+02  9.614324979E-01 
       377  1.263696524E-01  1.953872062E-01  8.590193330E-02  1.231237369E+05  2.233493181E+02  3.523633201E+02  3.092140536E+02  3.327778651E+02  9.663557210E-01 
       378  1.285811840E-01  1.937639536E-01  8.866989816E-02  1.232865419E+05  2.212415693E+02  3.515202122E+02  3.077309771E+02  3.371496501E+02  9.725719318E-01 
       379  1.378530526E-01  1.861918564E-01  1.119425893E-01  1.230968208E+05  2.188005714E+02  3.557475271E+02  3.151669140E+02  3.133261681E+02  9.770215936E-01 
       380  1.378280879E-01  1.861358471E-01  1.158380052E-01  1.228929121E+05  2.204446912E+02  3.570876331E+02  3.175446415E+02  2.996409321E+02  9.735405222E-01 
       381  1.378172244E-01  1.861105784E-01  1.197328496E-01  1.221855125E+05  2.250200963E+02  3.572810683E+02  3.178903790E+02  2.975294580E+02  9.590427037E-01 
       382  1.378137064E-01  1.861013403E-01  1.236281983E-01  1.222786139E+05  2.288143687E+02  3.564728026E+02  3.164585078E+02  3.070705409E+02  9.441377698E-01 
       383  1.378232998E-01  1.861207539E-01  1.275238734E-01  1.226015058E+05  2.297122463E+02  3.550197043E+02  3.138867064E+02  3.189455450E+02  9.411194103E-01 
       384  1.378388478E-01  1.861485149E-01  1.314192119E-01  1.229177707E+05  2.269326027E+02  3.538235311E+02  3.117733013E+02  3.271710497E+02  9.504253150E-01 
       385  1.378667705E-01  1.861922064E-01  1.353144338E-01  1.231202256E+05  2.238361653E+02  3.533015501E+02  3.108523580E+02  3.287295394E+02  9.605575800E-01 
       386  1.378917792E-01  1.862393165E-01  1.392095884E-01  1.232223351E+05  2.224022530E+02  3.529269056E+02  3.101904068E+02  3.294580544E+02  9.649559953E-01 
       387  1.379128913E-01  1.862912877E-01  1.431056120E-01  1.232690497E+05  2.218731075E+02  3.529177729E+02  3.099997815E+02  3.280235639E+02  9.661729076E-01 
       388  1.379274402E-01  1.863453723E-01  1.469999959E-01  1.233052717E+05  2.210120850E+02  3.536250925E+02  3.107231846E+02  3.218657336E+02  9.685498495E-01 
       389 -3.389247132E-02  1.007789921E-01 -4.300551245E-02  8.754349658E+04  1.539780416E+02  3.330570526E+02  2.762359180E+02  2.358294373E+02  8.594235815E-01 
       390 -3.372456358E-02  1.010433636E-01 -4.002223516E-02  8.745584885E+04  1.544882269E+02  3.330188669E+02  2.761725644E+02  2.364241403E+02  8.589016650E-01 
       391 -3.329024078E-02  1.014074167E-01 -3.707963811E-02  8.734160184E+04  1.551270413E+02  3.329590530E+02  2.760733614E+02  2.370788482E+02  8.579936665E-01 
       392 -3.255620303E-02  1.018883264E-01 -3.421559131E-02  8.722093846E+04  1.558551823E+02  3.328838390E+02  2.759486215E+02  2.378402083E+02  8.570569337E-01 
       393 -3.153373485E-02  1.024554568E-01 -3.145384174E-02  8.710302548E+04  1.565878326E+02  3.328078711E+02  2.758227593E+02  2.386015099E+02  8.561524865E-01 
       394 -3.028950121E-02  1.031058036E-01 -2.880322264E-02  8.700391579E+04  1.572959661E+02  3.327446865E+02  2.757180154E+02  2.393527163E+02  8.553957256E-01 
       395 -2.888173412E-02  1.037838005E-01 -2.624318977E-02  8.693558746E+04  1.578998045E+02  3.327037808E+02  2.756502260E+02  2.399994244E+02  8.548679423E-01 
       396 -2.733119538E-02  1.044792183E-01 -2.377110822E-02  8.686452499E+04  1.584248078E+02  3.326677178E+02  2.755905242E+02  2.406329036E+02  8.547447341E-01 
       397 -2.568342124E-02  1.052055751E-01 -2.135968630E-02  8.672059037E+04  1.590213825E+02  3.325951677E+02  2.754702597E+02  2.414633525E+02  8.549301905E-01 
       398 -2.397735570E-02  1.059146334E-01 -1.899049647E-02  8.651241312E+04  1.596669042E+02  3.324864202E+02  2.752901464E+02  2.425442475E+02  8.557317022E-01 
       399 -2.220871387E-02  1.066063154E-01 -1.667396516E-02  8.619550714E+04  1.605912052E+02  3.323158166E+02  2.750077236E+02  2.441334221E+02  8.568613434E-01 
       400 -2.041003203E-02  1.073389070E-01 -1.437512078E-02  8.565699570E+04  1.622619425E+02  3.320210108E+02  2.745200886E+02  2.466104476E+02  8.571511470E-01 
       401 -1.856976066E-02  1.079715131E-01 -1.211630566E-02  8.494536526E+04  1.650448333E+02  3.316305400E+02  2.738748546E+02  2.497608766E+02  8.539686095E-01 
       402 -1.670953655E-02  1.086522831E-01 -9.860640570E-03  8.447193367E+04  1.680974980E+02  3.313707106E+02  2.734457946E+02  2.521509773E+02  8.467845386E-01 
       403 -1.482329113E-02  1.093026603E-01 -7.620995183E-03  8.431032484E+04  1.711349611E+02  3.312837120E+02  2.733023124E+02  2.528606791E+02  8.336334031E-01 
       404 -1.292306254E-02  1.099268373E-01 -5.385291055E-03  8.497197119E+04  1.724711862E+02  3.316557512E+02  2.739167042E+02  2.507207069E+02  8.196398076E-01 
       405 -1.101845801E-02  1.105590611E-01 -3.137660868E-03  8.676617020E+04  1.709186553E+02  3.326517868E+02  2.755646638E+02  2.447515866E+02  8.084020277E-01 
       406 -9.120841472E-03  1.111701815E-01 -8.914052251E-04  8.936938235E+04  1.676216062E+02  3.340676963E+02  2.779158056E+02  2.355611783E+02  7.970544340E-01 
       407 -7.240675928E-03  1.117476218E-01  1.353994698E-03  9.295248145E+04  1.636346779E+02  3.359130691E+02  2.809950231E+02  2.224517268E+02  7.801011928E-01 
       408 -5.370549944E-03  1.123083196E-01  3.627204146E-03  9.638067603E+04  1.637964725E+02  3.376576505E+02  2.839204392E+02  2.092182422E+02  7.424083073E-01 
       409 -3.530590186E-03  1.128981262E-01  5.933484609E-03  9.836832047E+04  1.732139796E+02  3.386672584E+02  2.856211038E+02  2.027650016E+02  6.718144699E-01 
       410 -1.726912218E-03  1.134387153E-01  8.259926622E-03  9.806317725E+04  1.851770468E+02  3.384739747E+02  2.852947974E+02  2.043996859E+02  6.074500373E-01 
       411  3.734044288E-05  1.140039107E-01  1.062617763E-02  9.724832422E+04  1.943346052E+02  3.381017275E+02  2.846676641E+02  2.083508320E+02  5.680198828E-01 
       412  1.740848712E-03  1.145879687E-01  1.302702968E-02  9.646340977E+04  2.019589536E+02  3.377073047E+02  2.840036337E+02  2.129114814E+02  5.404197935E-01 
       413  3.387617433E-03  1.151172021E-01  1.547343878E-02  9.596223758E+04  2.083421232E+02  3.374775962E+02  2.836173992E+02  2.156880425E+02  5.151608844E-01 
       414  4.957112811E-03  1.157081541E-01  1.796238578E-02  9.541889807E+04  2.153040407E+02  3.371708174E+02  2.831021571E+02  2.188494947E+02  4.887433229E-01 
       415  6.462677552E-03  1.163151534E-01  2.048609031E-02  9.460446265E+04  2.222675343E+02  3.367339725E+02  2.823691001E+02  2.229677606E+02  4.660996553E-01 
       416  7.926557233E-03  1.168909271E-01  2.304605918E-02  9.389182520E+04  2.282088819E+02  3.363664072E+02  2.817528708E+02  2.265898283E+02  4.477843177E-01 
       417  9.338612782E-03  1.175119790E-01  2.562398907E-02  9.355397416E+04  2.332374931E+02  3.361747823E+02  2.814318213E+02  2.288777901E+02  4.305105814E-01 
       418  1.068984297E-02  1.181121478E-01  2.822455248E-02  9.340843289E+04  2.379373416E+02  3.360889692E+02  2.812880965E+02  2.304565259E+02  4.126798275E-01 
       419  1.198650266E-02  1.187330819E-01  3.085849659E-02  9.334365375E+04  2.424145720E+02  3.360564761E+02  2.812337739E+02  2.317827344E+02  3.953955045E-01 
       420  1.322982934E-02  1.193430432E-01  3.352159396E-02  9.339974718E+04  2.465651947E+02  3.360763107E+02  2.812669456E+02  2.326365433E+02  3.781886017E-01 
       421  1.439865389E-02  1.199672983E-01  3.621509854E-02  9.361020908E+04  2.502491045E+02  3.361840600E+02  2.814473957E+02  2.329332872E+02  3.615887309E-01 
       422  1.553995729E-02  1.205631245E-01  3.892438234E-02  9.406754019E+04  2.534521068E+02  3.364149683E+02  2.818341711E+02  2.324036877E+02  3.445471169E-01 
       423  1.662952250E-02  1.211745408E-01  4.165332372E-02  9.463491382E+04  2.562414268E+02  3.366930810E+02  2.823004245E+02  2.315141187E+02  3.286080742E-01 
       424  1.764894372E-02  1.217373945E-01  4.441857664E-02  9.537343420E+04  2.583703942E+02  3.370710820E+02  2.829347845E+02  2.299626767E+02  3.136745018E-01 
       425  1.861873940E-02  1.222791769E-01  4.720617614E-02  9.638171672E+04  2.600681963E+02  3.375723093E+02  2.837769112E+02  2.273408261E+02  2.972450696E-01 
       426  1.950820179E-02  1.228336643E-01  5.001741530E-02  9.734138815E+04  2.618840657E+02  3.380355474E+02  2.845561922E+02  2.247903776E+02  2.804024423E-01 
       427  2.036944420E-02  1.233245632E-01  5.285072558E-02  9.826430963E+04  2.636223745E+02  3.384939936E+02  2.853286424E+02  2.222488063E+02  2.637503070E-01 
       428  2.117157025E-02  1.238295963E-01  5.569831964E-02  9.924117664E+04  2.651847892E+02  3.389749575E+02  2.861401086E+02  2.194773345E+02  2.473795684E-01 
       429  2.190592593E-02  1.242947792E-01  5.857026217E-02  1.001780884E+05  2.668066940E+02  3.394298735E+02  2.869086351E+02  2.167835732E+02  2.306557391E-01 
       430  2.257248913E-02  1.247551336E-01  6.145961794E-02  1.010562344E+05  2.685637789E+02  3.398479786E+02  2.876158390E+02  2.143614159E+02  2.141470890E-01 
       431  2.314781749E-02  1.251835029E-01  6.437124902E-02  1.018282502E+05  2.704844551E+02  3.402205753E+02  2.882467823E+02  2.121652999E+02  1.971252756E-01 
       432  2.363318974E-02  1.255957621E-01  6.730774801E-02  1.024767651E+05  2.727586226E+02  3.405215728E+02  2.887569630E+02  2.105575802E+02  1.800172561E-01 
       433  2.402789138E-02  1.260195069E-01  7.025072331E-02  1.029827622E+05  2.751934767E+02  3.407898769E+02  2.892122078E+02  2.093369026E+02  1.633332232E-01 
       434  2.431727977E-02  1.264030352E-01  7.321094069E-02  1.033032334E+05  2.780792103E+02  3.409552460E+02  2.894928513E+02  2.088591576E+02  1.463494161E-01 
       435  2.453016930E-02  1.268032789E-01  7.617447467E-02  1.034099653E+05  2.813233027E+02  3.410257587E+02  2.896126370E+02  2.090793786E+02  1.298633239E-01 
       436  2.462079541E-02  1.271795605E-01  7.915094878E-02  1.033141241E+05  2.848374259E+02  3.410170643E+02  2.895978432E+02  2.098770539E+02  1.137230903E-01 
       437  2.463902970E-02  1.275610820E-01  8.212637731E-02  1.029820393E+05  2.888559957E+02  3.408610377E+02  2.893329201E+02  2.120634828E+02  1.000994111E-01 
       438  2.457492051E-02  1.279220853E-01  8.510260082E-02  1.022674380E+05  2.930800875E+02  3.405271658E+02  2.887664499E+02  2.152869406E+02  8.945757684E-02 
       439  2.441429013E-02  1.282749863E-01  8.807550525E-02  1.011966901E+05  2.966563393E+02  3.399890921E+02  2.878544814E+02  2.201428210E+02  8.962605957E-02 
       440  2.420234297E-02  1.286273229E-01  9.105186832E-02  1.005087222E+05  2.969789225E+02  3.397032468E+02  2.873706285E+02  2.233926418E+02  1.031318425E-01 
       441  2.388558350E-02  1.289647853E-01  9.401845916E-02  1.005143379E+05  2.953604552E+02  3.396698020E+02  2.873140218E+02  2.236358756E+02  1.156002973E-01 
       442  2.351928731E-02  1.293134864E-01  9.696958543E-02  1.009656003E+05  2.922594274E+02  3.398796835E+02  2.876692307E+02  2.219805418E+02  1.294135504E-01 
       443  2.306449285E-02  1.296327241E-01  9.991680403E-02  1.018508394E+05  2.883951063E+02  3.402768593E+02  2.883419867E+02  2.184566398E+02  1.402235408E-01 
       444  2.257188759E-02  1.299515661E-01  1.028605699E-01  1.030731821E+05  2.844259138E+02  3.408749075E+02  2.893564529E+02  2.138547487E+02  1.477408754E-01 
       445  2.201092100E-02  1.302726916E-01  1.057899135E-01  1.043431902E+05  2.815614047E+02  3.414994534E+02  2.904177805E+02  2.097710403E+02  1.509994667E-01 
       446  2.143382683E-02  1.305960230E-01  1.087107054E-01  1.054340674E+05  2.797102147E+02  3.420645547E+02  2.913796930E+02  2.064460011E+02  1.512722775E-01 
       447  2.076802587E-02  1.309307408E-01  1.116221513E-01  1.062235605E+05  2.784595089E+02  3.425805779E+02  2.922594452E+02  2.037460079E+02  1.503616925E-01 
       448  2.010215597E-02  1.312657467E-01  1.145293522E-01  1.067981235E+05  2.778734913E+02  3.429974499E+02  2.929711199E+02  2.020876951E+02  1.494172364E-01 
       449  1.945135245E-02  1.316056955E-01  1.174374795E-01  1.071639283E+05  2.779109924E+02  3.432804527E+02  2.934546745E+02  2.013833468E+02  1.483590207E-01 
       450  1.885387307E-02  1.319548677E-01  1.203553293E-01  1.073352981E+05  2.780536184E+02  3.434247875E+02  2.937014740E+02  2.011535639E+02  1.485696229E-01 
       451  1.837479322E-02  1.322913677E-01  1.233018373E-01  1.073683501E+05  2.779866161E+02  3.434656210E+02  2.937713594E+02  2.011300859E+02  1.509580673E-01 
       452  1.811263581E-02  1.325954541E-01  1.262715907E-01  1.073499004E+05  2.779952002E+02  3.434652920E+02  2.937707872E+02  2.015536757E+02  1.544723161E-01 
       453  1.805653049E-02  1.328847135E-01  1.292554963E-01  1.073570271E+05  2.782538910E+02  3.434654694E+02  2.937711239E+02  2.024699893E+02  1.584129429E-01 
       454  1.819877737E-02  1.331672438E-01  1.322380588E-01  1.073456030E+05  2.785632800E+02  3.434589926E+02  2.937600212E+02  2.035375385E+02  1.626400111E-01 
       455  1.852494771E-02  1.334510277E-01  1.352129826E-01  1.072549519E+05  2.788989772E+02  3.434052910E+02  2.936681963E+02  2.046857317E+02  1.672012753E-01 
       456  1.890761882E-02  1.337081709E-01  1.381756048E-01  1.070493950E+05  2.792974095E+02  3.432964561E+02  2.934820091E+02  2.059154238E+02  1.714920088E-01 
       457  1.937808835E-02  1.339540030E-01  1.411279949E-01  1.067946345E+05  2.798813131E+02  3.431626604E+02  2.932533271E+02  2.072985725E+02  1.751775185E-01 
       458  1.989552602E-02  1.341916383E-01  1.440726902E-01  1.065657018E+05  2.805290186E+02  3.430413417E+02  2.930460055E+02  2.087466580E+02  1.786971498E-01 
       459  2.048114376E-02  1.344526817E-01  1.469999956E-01  1.063226475E+05  2.812835360E+02  3.428982487E+02  2.927996159E+02  2.103542929E+02  1.817861879E-01 
       460 -4.772920012E-02  1.664853148E-01 -4.258181757E-02  8.253150461E+04  1.813476595E+02  3.302814370E+02  2.716509013E+02  3.428977321E+02  1.013401392E+00 
       461 -4.770031945E-02  1.666117663E-01 -3.916302660E-02  8.229525226E+04  1.819060448E+02  3.301359022E+02  2.714115962E+02  3.437270741E+02  1.012990396E+00 
       462 -4.768621633E-02  1.667606858E-01 -3.574527808E-02  8.187074426E+04  1.829747500E+02  3.298830981E+02  2.709960971E+02  3.450892706E+02  1.011816710E+00 
       463 -4.773671611E-02  1.669008759E-01 -3.232563070E-02  8.130155151E+04  1.845321736E+02  3.295459929E+02  2.704426260E+02  3.469007111E+02  1.009821605E+00 
       464 -4.779814392E-02  1.670685917E-01 -2.890641835E-02  8.063736865E+04  1.864515581E+02  3.291561766E+02  2.698032255E+02  3.490673456E+02  1.007282902E+00 
       465 -4.772832030E-02  1.672854950E-01 -2.549705171E-02  7.991365979E+04  1.886898434E+02  3.287351885E+02  2.691135445E+02  3.512881594E+02  1.003795736E+00 
       466 -4.733274936E-02  1.676197526E-01 -2.211766833E-02  7.926366089E+04  1.914399426E+02  3.283553433E+02  2.684919806E+02  3.534791641E+02  9.985498488E-01 
       467 -4.646629434E-02  1.680852894E-01 -1.884685997E-02  7.936553448E+04  1.931771520E+02  3.284530137E+02  2.686520571E+02  3.535673282E+02  9.927852512E-01 
       468 -4.497458874E-02  1.687177674E-01 -1.583913045E-02  8.165956543E+04  1.904982281E+02  3.297790537E+02  2.708277578E+02  3.475912085E+02  9.909578562E-01 
       469 -4.311049959E-02  1.694263862E-01 -1.306511329E-02  8.512980371E+04  1.842251620E+02  3.317635593E+02  2.740971603E+02  3.379666939E+02  9.956276584E-01 
       470 -4.101650432E-02  1.701661907E-01 -1.047820325E-02  8.776751318E+04  1.787515841E+02  3.331398506E+02  2.763735275E+02  3.310916252E+02  1.003089216E+00 
       471 -3.872443978E-02  1.709287414E-01 -8.043812788E-03  8.762457288E+04  1.767436366E+02  3.330499454E+02  2.762246082E+02  3.317920346E+02  1.011155261E+00 
       472 -3.634257562E-02  1.716543837E-01 -5.706210795E-03  8.556074463E+04  1.787452116E+02  3.319171333E+02  2.743494396E+02  3.375858555E+02  1.013762102E+00 
       473 -3.384972842E-02  1.724025179E-01 -3.469956820E-03  8.163988263E+04  1.856553738E+02  3.296945934E+02  2.706905165E+02  3.486698442E+02  1.009581847E+00 
       474 -3.133060076E-02  1.731099844E-01 -1.271304633E-03  7.657781073E+04  1.976127626E+02  3.267041671E+02  2.658019458E+02  3.630316215E+02  9.960522391E-01 
       475 -2.873453975E-02  1.737912906E-01  8.535856133E-04  7.253817236E+04  2.088064990E+02  3.241717033E+02  2.616958284E+02  3.747943001E+02  9.818003736E-01 
       476 -2.611690126E-02  1.744247281E-01  2.958268427E-03  7.082916956E+04  2.140511603E+02  3.230648627E+02  2.599102473E+02  3.803222928E+02  9.755840115E-01 
       477 -2.348835128E-02  1.750433393E-01  5.058280838E-03  7.021689310E+04  2.152992387E+02  3.227869718E+02  2.594634894E+02  3.808389227E+02  9.724496165E-01 
       478 -2.083113736E-02  1.756162102E-01  7.133742148E-03  6.973132446E+04  2.183421578E+02  3.224299059E+02  2.588894444E+02  3.829628220E+02  9.666583892E-01 
       479 -1.816607045E-02  1.761555279E-01  9.209141426E-03  6.970767578E+04  2.213298016E+02  3.224967489E+02  2.589973621E+02  3.838110695E+02  9.583424553E-01 
       480 -1.549262448E-02  1.766467189E-01  1.128626304E-02  7.252928003E+04  2.209276237E+02  3.245064116E+02  2.622428312E+02  3.757154751E+02  9.427955039E-01 
       481 -1.281959455E-02  1.771087169E-01  1.337222607E-02  8.332842743E+04  2.130395980E+02  3.308249121E+02  2.725688400E+02  3.472010107E+02  9.164874498E-01 
       482 -1.015361520E-02  1.775059034E-01  1.547159933E-02  9.912234184E+04  2.073945176E+02  3.386585232E+02  2.856105786E+02  3.048252265E+02  8.716096460E-01 
       483 -7.491200012E-03  1.778633735E-01  1.757589553E-02  9.720529443E+04  2.195646629E+02  3.380671043E+02  2.846131372E+02  3.101800365E+02  8.357229680E-01 
       484 -4.837064878E-03  1.782590199E-01  1.971143984E-02  8.907811865E+04  2.281707830E+02  3.341988382E+02  2.781364098E+02  3.298374376E+02  8.353494778E-01 
       485 -2.188499166E-03  1.785530451E-01  2.185094162E-02  8.822061975E+04  2.313542690E+02  3.336324763E+02  2.771923462E+02  3.350394779E+02  8.333980700E-01 
       486  4.329096806E-04  1.787998193E-01  2.404680664E-02  8.889061279E+04  2.348981495E+02  3.338740940E+02  2.775937405E+02  3.334510975E+02  8.191161826E-01 
       487  3.027224691E-03  1.790317150E-01  2.627094405E-02  8.870253052E+04  2.374904380E+02  3.337648335E+02  2.774116330E+02  3.349957230E+02  8.131371127E-01 
       488  5.626976121E-03  1.792222402E-01  2.847807669E-02  8.944457520E+04  2.388447950E+02  3.342080855E+02  2.781494482E+02  3.336502357E+02  8.066389188E-01 
       489  8.191038637E-03  1.793338257E-01  3.074695743E-02  9.177857117E+04  2.389000909E+02  3.354754167E+02  2.802648985E+02  3.276030362E+02  7.970344545E-01 
       490  1.074058355E-02  1.794129340E-01  3.303046409E-02  9.552750531E+04  2.372528575E+02  3.373654447E+02  2.834334799E+02  3.172421012E+02  7.870447388E-01 
       491  1.325979491E-02  1.793970135E-01  3.532576038E-02  9.970899158E+04  2.347270072E+02  3.393827572E+02  2.868329051E+02  3.057258978E+02  7.792402189E-01 
       492  1.577166567E-02  1.793535417E-01  3.765132951E-02  1.030941232E+05  2.328860912E+02  3.410230851E+02  2.896104698E+02  2.968051157E+02  7.736188723E-01 
       493  1.825553626E-02  1.792503646E-01  4.000403552E-02  1.054035093E+05  2.323550990E+02  3.421333580E+02  2.914981341E+02  2.909954071E+02  7.680348661E-01 
       494  2.071273564E-02  1.790845686E-01  4.238164633E-02  1.073378547E+05  2.321885016E+02  3.429974985E+02  2.929721469E+02  2.858951813E+02  7.623666313E-01 
       495  2.315348782E-02  1.789033294E-01  4.476881837E-02  1.093900096E+05  2.316822860E+02  3.438845520E+02  2.944895306E+02  2.804077892E+02  7.578530377E-01 
       496  2.554611962E-02  1.786610662E-01  4.720294885E-02  1.113785723E+05  2.310276842E+02  3.447872839E+02  2.960377216E+02  2.750710917E+02  7.543667536E-01 
       497  2.790553153E-02  1.783591187E-01  4.966367300E-02  1.131402993E+05  2.306006956E+02  3.456012888E+02  2.974370203E+02  2.704606934E+02  7.510267794E-01 
       498  3.023553076E-02  1.780531658E-01  5.215009418E-02  1.146661208E+05  2.304260862E+02  3.462649462E+02  2.985800631E+02  2.666079588E+02  7.477974119E-01 
       499  3.255140683E-02  1.777481834E-01  5.464573084E-02  1.159613254E+05  2.301516026E+02  3.468162372E+02  2.995315384E+02  2.629150342E+02  7.455290677E-01 
       500  3.480321611E-02  1.773622653E-01  5.719033452E-02  1.169979208E+05  2.302330488E+02  3.472341144E+02  3.002536530E+02  2.600915196E+02  7.425897806E-01 
       501  3.704366447E-02  1.769956776E-01  5.978074099E-02  1.178327877E+05  2.303196070E+02  3.475845137E+02  3.008598614E+02  2.576268106E+02  7.402920639E-01 
       502  3.923116288E-02  1.766153691E-01  6.237867612E-02  1.184886381E+05  2.305629001E+02  3.478486800E+02  3.013172626E+02  2.556681724E+02  7.378532570E-01 
       503  4.136429871E-02  1.761773997E-01  6.501205622E-02  1.189955828E+05  2.308723864E+02  3.480621734E+02  3.016871254E+02  2.543381586E+02  7.355790234E-01 
       504  4.348069858E-02  1.757484529E-01  6.766046190E-02  1.193609526E+05  2.311737876E+02  3.482151203E+02  3.019523258E+02  2.537524433E+02  7.341366038E-01 
       505  4.554226392E-02  1.753162813E-01  7.034950997E-02  1.196170835E+05  2.315811634E+02  3.483221655E+02  3.021380062E+02  2.535558720E+02  7.326499932E-01 
       506  4.756665315E-02  1.748560179E-01  7.306168772E-02  1.196677136E+05  2.319681119E+02  3.483554418E+02  3.021956491E+02  2.538592069E+02  7.316437401E-01 
       507  4.956604909E-02  1.743615796E-01  7.580968578E-02  1.195564761E+05  2.325275180E+02  3.482979264E+02  3.020958781E+02  2.543916299E+02  7.301256836E-01 
       508  5.152654947E-02  1.738670862E-01  7.855886540E-02  1.194980947E+05  2.328818373E+02  3.482798058E+02  3.020644051E+02  2.551018584E+02  7.296676191E-01 
       509  5.347325952E-02  1.733659220E-01  8.131742073E-02  1.198564943E+05  2.329056047E+02  3.484009582E+02  3.022746122E+02  2.545803241E+02  7.295305793E-01 
       510  5.541917190E-02  1.728212690E-01  8.412523757E-02  1.197249391E+05  2.322748811E+02  3.483421059E+02  3.021724771E+02  2.548274399E+02  7.325115827E-01 
       511  5.731737707E-02  1.722438844E-01  8.698058411E-02  1.200448210E+05  2.324312293E+02  3.484615380E+02  3.023797836E+02  2.536805792E+02  7.309876187E-01 
       512  5.917186437E-02  1.716911252E-01  8.979478553E-02  1.202667471E+05  2.331194384E+02  3.485601979E+02  3.025512682E+02  2.531617899E+02  7.280249570E-01 
       513  6.096387184E-02  1.711643945E-01  9.255110888E-02  1.202918089E+05  2.341677577E+02  3.485441533E+02  3.025234110E+02  2.531706468E+02  7.240700892E-01 
       514  6.270700241E-02  1.705757992E-01  9.544380808E-02  1.201229363E+05  2.354221272E+02  3.484569192E+02  3.023719463E+02  2.531576114E+02  7.190669198E-01 
       515  6.442263795E-02  1.699823167E-01  9.834544530E-02  1.199370438E+05  2.367841121E+02  3.483744085E+02  3.022286780E+02  2.534125500E+02  7.139228004E-01 
       516  6.612271722E-02  1.694054111E-01  1.012510921E-01  1.197144552E+05  2.380749793E+02  3.482813594E+02  3.020672693E+02  2.540986645E+02  7.096661087E-01 
       517  6.776083839E-02  1.688452726E-01  1.042003507E-01  1.194854221E+05  2.390353016E+02  3.482058755E+02  3.019362620E+02  2.546897321E+02  7.067182225E-01 
       518  6.936215302E-02  1.682812898E-01  1.071729988E-01  1.192136671E+05  2.397280650E+02  3.481252126E+02  3.017962914E+02  2.555773280E+02  7.050904555E-01 
       519  7.082677073E-02  1.677321085E-01  1.102128146E-01  1.189081013E+05  2.404109697E+02  3.480461383E+02  3.016592472E+02  2.565798250E+02  7.034757016E-01 
       520  7.220712168E-02  1.672497044E-01  1.133584680E-01  1.187772092E+05  2.411550433E+02  3.480789955E+02  3.017163330E+02  2.574102418E+02  7.016363017E-01 
       521  7.342602904E-02  1.668557431E-01  1.165154693E-01  1.188017799E+05  2.415649323E+02  3.482441378E+02  3.020027843E+02  2.576396422E+02  7.006475939E-01 
       522  7.439926912E-02  1.665467988E-01  1.197652411E-01  1.187346381E+05  2.416098351E+02  3.484021792E+02  3.022769084E+02  2.574665964E+02  7.006747341E-01 
       523  7.498839543E-02  1.664581038E-01  1.231239650E-01  1.186144150E+05  2.417583103E+02  3.485196476E+02  3.024807339E+02  2.573954792E+02  7.006327882E-01 
       524  7.530423640E-02  1.665023734E-01  1.265249777E-01  1.185225386E+05  2.420930281E+02  3.485671878E+02  3.025631728E+02  2.574985986E+02  7.000439726E-01 
       525  7.543612494E-02  1.666233331E-01  1.299370256E-01  1.184027754E+05  2.428621025E+02  3.484593868E+02  3.023760662E+02  2.585368309E+02  6.986406967E-01 
       526  7.553122174E-02  1.667952118E-01  1.333496155E-01  1.181924734E+05  2.441627564E+02  3.482362800E+02  3.019890499E+02  2.604371481E+02  6.961937752E-01 
       527  7.566054780E-02  1.669469890E-01  1.367626796E-01  1.179955750E+05  2.449290786E+02  3.481764669E+02  3.018854742E+02  2.609913292E+02  6.945463531E-01 
       528  7.583993244E-02  1.671002891E-01  1.401745263E-01  1.178694170E+05  2.444365295E+02  3.484685965E+02  3.023933266E+02  2.587342850E+02  6.953272624E-01 
       529  7.600645069E-02  1.672586086E-01  1.435869327E-01  1.178460695E+05  2.419963541E+02  3.492273424E+02  3.037134266E+02  2.529058902E+02  7.010188694E-01 
       530  7.611546960E-02  1.674572299E-01  1.470000031E-01  1.179625322E+05  2.377539437E+02  3.502134328E+02  3.055057554E+02  2.452228677E+02  7.129463949E-01 
       531 -5.220359409E-02  2.342994603E-01 -4.210986580E-02  8.159908762E+04  1.834749265E+02  3.296527944E+02  2.706924804E+02  4.445612094E+02  1.145368518E+00 
       532 -5.220192467E-02  2.343108577E-01 -3.821952920E-02  8.096030655E+04  1.856376716E+02  3.293990940E+02  2.702017314E+02  4.454523454E+02  1.140948960E+00 
       533 -5.220302368E-02  2.343278434E-01 -3.432921672E-02  8.139285626E+04  1.856350254E+02  3.296246287E+02  2.705722218E+02  4.449590880E+02  1.140462609E+00 
       534 -5.220531674E-02  2.343446645E-01 -3.043898101E-02  8.305427834E+04  1.818016063E+02  3.305721977E+02  2.721320333E+02  4.413619666E+02  1.146443811E+00 
       535 -5.220735409E-02  2.343651870E-01 -2.654892396E-02  8.489006250E+04  1.766875925E+02  3.317174149E+02  2.740199184E+02  4.367338181E+02  1.154625408E+00 
       536 -5.221355576E-02  2.343966826E-01 -2.266385481E-02  8.575880291E+04  1.738266477E+02  3.321819499E+02  2.747866048E+02  4.347927083E+02  1.159810214E+00 
       537 -5.221196162E-02  2.344309954E-01 -1.877454498E-02  8.533637207E+04  1.743495072E+02  3.317067609E+02  2.740021891E+02  4.362920185E+02  1.159890151E+00 
       538 -5.222596507E-02  2.344687402E-01 -1.488167101E-02  8.359384628E+04  1.777486155E+02  3.306852498E+02  2.723176104E+02  4.407980933E+02  1.155850293E+00 
       539 -5.222923531E-02  2.345160018E-01 -1.099302079E-02  8.132396387E+04  1.829454383E+02  3.295755055E+02  2.704926068E+02  4.456313083E+02  1.147993973E+00 
       540 -5.210275326E-02  2.345957540E-01 -7.104134264E-03  7.988249933E+04  1.871774963E+02  3.288872889E+02  2.693631347E+02  4.484016339E+02  1.140634027E+00 
       541 -5.114101036E-02  2.348545508E-01 -3.375994418E-03  7.992420747E+04  1.863651334E+02  3.290419784E+02  2.696164791E+02  4.472308401E+02  1.141482177E+00 
       542 -4.917766965E-02  2.353023755E-01 -5.047413344E-05  8.035424512E+04  1.854131007E+02  3.293170013E+02  2.700673723E+02  4.471001740E+02  1.143855039E+00 
       543 -4.661414278E-02  2.358651253E-01  2.823323178E-03  8.145328333E+04  1.840186903E+02  3.299407215E+02  2.710919042E+02  4.453835382E+02  1.145790339E+00 
       544 -4.374488282E-02  2.364440537E-01  5.350106892E-03  8.492647498E+04  1.763713632E+02  3.318557091E+02  2.742508919E+02  4.376197810E+02  1.157253312E+00 
       545 -4.059796688E-02  2.370222596E-01  7.583171126E-03  8.908086560E+04  1.647609019E+02  3.339262233E+02  2.776808653E+02  4.281091197E+02  1.177140625E+00 
       546 -3.738701819E-02  2.375676250E-01  9.702642239E-03  8.779988922E+04  1.677148385E+02  3.331400974E+02  2.763766775E+02  4.312941837E+02  1.172461153E+00 
       547 -3.407522408E-02  2.380263225E-01  1.169481074E-02  8.232199475E+04  1.826463330E+02  3.303615131E+02  2.717874112E+02  4.435703959E+02  1.147198020E+00 
       548 -3.073065008E-02  2.384984497E-01  1.361793802E-02  7.985136859E+04  1.901501902E+02  3.289249151E+02  2.694244916E+02  4.484270449E+02  1.133412431E+00 
       549 -2.732884007E-02  2.388770261E-01  1.546643341E-02  8.117846899E+04  1.856652064E+02  3.295915875E+02  2.705181627E+02  4.445545745E+02  1.140501931E+00 
       550 -2.390908864E-02  2.392176502E-01  1.728468609E-02  8.162085609E+04  1.847487103E+02  3.297406232E+02  2.707630894E+02  4.437465584E+02  1.142199440E+00 
       551 -2.044822495E-02  2.394794424E-01  1.908927170E-02  8.072404004E+04  1.868031089E+02  3.293980279E+02  2.702014910E+02  4.465173578E+02  1.140529280E+00 
       552 -1.699643969E-02  2.397114515E-01  2.086461287E-02  8.052713684E+04  1.884022570E+02  3.294549012E+02  2.702957973E+02  4.473638601E+02  1.138293728E+00 
       553 -1.354033893E-02  2.398615604E-01  2.263394957E-02  8.107946143E+04  1.871975956E+02  3.298434181E+02  2.709339695E+02  4.455279160E+02  1.140368171E+00 
       554 -1.007792796E-02  2.399171479E-01  2.439846914E-02  8.142528979E+04  1.860996265E+02  3.299643173E+02  2.711315956E+02  4.440199928E+02  1.142891070E+00 
       555 -6.592279415E-03  2.399646350E-01  2.619220728E-02  8.061038599E+04  1.870995045E+02  3.293856401E+02  2.701803260E+02  4.457095737E+02  1.143695232E+00 
       556 -3.124907716E-03  2.398994093E-01  2.794309000E-02  7.957618115E+04  1.892757139E+02  3.286413136E+02  2.689615307E+02  4.461548882E+02  1.139910802E+00 
       557  3.338943067E-04  2.398017910E-01  2.968583889E-02  1.021671204E+05  2.084697065E+02  3.405818232E+02  2.888723189E+02  3.994232144E+02  1.051594439E+00 
       558  3.794068913E-03  2.396169640E-01  3.144821874E-02  9.923574731E+04  2.128727660E+02  3.394649339E+02  2.869767418E+02  4.052903357E+02  1.049095191E+00 
       559  7.248441593E-03  2.393064044E-01  3.320284907E-02  9.507298633E+04  2.130141535E+02  3.372898636E+02  2.833059549E+02  4.152498856E+02  1.055834636E+00 
       560  1.068879679E-02  2.389885178E-01  3.498866898E-02  9.233495776E+04  2.133670635E+02  3.358765535E+02  2.809358578E+02  4.198351450E+02  1.056527350E+00 
       561  1.412543948E-02  2.386075767E-01  3.676435012E-02  8.937717163E+04  2.138685904E+02  3.346247530E+02  2.788440285E+02  4.243304739E+02  1.058168948E+00 
       562  1.753589177E-02  2.380598424E-01  3.855175648E-02  8.821104541E+04  2.156196289E+02  3.341931038E+02  2.781254158E+02  4.263700485E+02  1.055459566E+00 
       563  2.093820079E-02  2.375000001E-01  4.035454522E-02  9.156161816E+04  2.138374119E+02  3.363553267E+02  2.817456455E+02  4.206194134E+02  1.055213042E+00 
       564  2.432947450E-02  2.368878370E-01  4.215773147E-02  1.047599729E+05  2.075125962E+02  3.429069339E+02  2.928565428E+02  3.883869652E+02  1.054750115E+00 
       565  2.770729830E-02  2.361795572E-01  4.394886350E-02  1.242687231E+05  1.986903186E+02  3.507278996E+02  3.063466620E+02  3.467841454E+02  1.062958648E+00 
       566  3.105826597E-02  2.354459967E-01  4.578622705E-02  1.288049504E+05  1.962847002E+02  3.523912969E+02  3.092404675E+02  3.392659850E+02  1.067939825E+00 
       567  3.438758923E-02  2.346372217E-01  4.762879820E-02  1.216741653E+05  1.975009191E+02  3.503179828E+02  3.056129577E+02  3.538830784E+02  1.060857138E+00 
       568  3.771502906E-02  2.337669833E-01  4.947240569E-02  1.183815009E+05  2.014659944E+02  3.491992955E+02  3.036617980E+02  3.589559722E+02  1.049165533E+00 
       569  4.101460083E-02  2.329246351E-01  5.135281935E-02  1.205911439E+05  2.025595918E+02  3.498625784E+02  3.048169923E+02  3.525471983E+02  1.044540790E+00 
       570  4.428347740E-02  2.319960665E-01  5.324515281E-02  1.227972364E+05  2.030912780E+02  3.508310413E+02  3.065064287E+02  3.475457363E+02  1.042044889E+00 
       571  4.749748393E-02  2.310181580E-01  5.520824782E-02  1.231143486E+05  2.041163282E+02  3.512787056E+02  3.072890434E+02  3.475326977E+02  1.038249904E+00 
       572  5.066691057E-02  2.300652086E-01  5.723980181E-02  1.235463269E+05  2.059207340E+02  3.513970728E+02  3.074959011E+02  3.462292103E+02  1.032230267E+00 
       573  5.379140778E-02  2.290521307E-01  5.932353399E-02  1.243432368E+05  2.083605424E+02  3.514067956E+02  3.075129302E+02  3.436633817E+02  1.024185546E+00 
       574  5.683956615E-02  2.279793322E-01  6.149869556E-02  1.248703779E+05  2.113263359E+02  3.513685532E+02  3.074460716E+02  3.420287247E+02  1.014408205E+00 
       575  5.985072913E-02  2.269370111E-01  6.373374277E-02  1.248951719E+05  2.146678324E+02  3.512777805E+02  3.072872639E+02  3.421020470E+02  1.003877252E+00 
       576  6.280959972E-02  2.258492183E-01  6.601505396E-02  1.244778018E+05  2.180509842E+02  3.511225743E+02  3.070156956E+02  3.423964271E+02  9.930770181E-01 
       577  6.573461678E-02  2.247295145E-01  6.832363097E-02  1.239488778E+05  2.217455015E+02  3.508987513E+02  3.066243305E+02  3.428719168E+02  9.811276421E-01 
       578  6.865501872E-02  2.236625994E-01  7.064894084E-02  1.233092175E+05  2.249388151E+02  3.506859722E+02  3.062526149E+02  3.440246332E+02  9.710653718E-01 
       579  7.151541969E-02  2.224865137E-01  7.302188293E-02  1.219526614E+05  2.272252741E+02  3.502085924E+02  3.054194503E+02  3.461129808E+02  9.635730851E-01 
       580  7.433322259E-02  2.213060150E-01  7.543149031E-02  1.217961758E+05  2.275503902E+02  3.502699594E+02  3.055265164E+02  3.461996937E+02  9.616859760E-01 
       581  7.711325138E-02  2.201536844E-01  7.789825066E-02  1.239366312E+05  2.283975719E+02  3.513021428E+02  3.073299389E+02  3.406036649E+02  9.563776357E-01 
       582  7.981655167E-02  2.189959972E-01  8.044372180E-02  1.241166564E+05  2.313052936E+02  3.515152292E+02  3.077035933E+02  3.385911803E+02  9.456459014E-01 
       583  8.242371870E-02  2.177951216E-01  8.306797326E-02  1.236807710E+05  2.329047432E+02  3.515325108E+02  3.077348366E+02  3.377293663E+02  9.391605705E-01 
       584  8.497819178E-02  2.166305248E-01  8.576177505E-02  1.233050286E+05  2.340058715E+02  3.515418519E+02  3.077522522E+02  3.370973273E+02  9.345521659E-01 
       585  8.747465708E-02  2.155008942E-01  8.852176985E-02  1.229603560E+05  2.338001642E+02  3.516029606E+02  3.078605833E+02  3.362663403E+02  9.340344500E-01 
       586  8.983863293E-02  2.143275504E-01  9.137087988E-02  1.226727012E+05  2.325288389E+02  3.516592259E+02  3.079603930E+02  3.353672266E+02  9.367310591E-01 
       587  9.211779941E-02  2.131724912E-01  9.430579148E-02  1.225505363E+05  2.310318480E+02  3.517115455E+02  3.080526972E+02  3.344931946E+02  9.402860704E-01 
       588  9.424446159E-02  2.121023496E-01  9.738772987E-02  1.227191363E+05  2.288760441E+02  3.518313413E+02  3.082632864E+02  3.348595259E+02  9.464624211E-01 
       589  9.610967173E-02  2.111612431E-01  1.006666829E-01  1.229298316E+05  2.261507923E+02  3.518513746E+02  3.082984209E+02  3.356614906E+02  9.543717202E-01 
       590  9.742401869E-02  2.103903297E-01  1.042235364E-01  1.230824362E+05  2.229708855E+02  3.516294721E+02  3.079088557E+02  3.367206070E+02  9.636373545E-01 
       591  9.764724840E-02  2.101688920E-01  1.080985861E-01  1.230717673E+05  2.207562850E+02  3.510588250E+02  3.069086218E+02  3.374616508E+02  9.701420739E-01 
       592  9.763062643E-02  2.101108570E-01  1.119846410E-01  1.229017799E+05  2.196941320E+02  3.507687859E+02  3.064002423E+02  3.387862369E+02  9.736023805E-01 
       593  9.759894170E-02  2.100363093E-01  1.158782398E-01  1.226800416E+05  2.208203889E+02  3.512615964E+02  3.072629912E+02  3.372306693E+02  9.698037845E-01 
       594  9.760335841E-02  2.100041055E-01  1.197683889E-01  1.225721419E+05  2.223341555E+02  3.525118827E+02  3.094565955E+02  3.285022593E+02  9.638216812E-01 
       595  9.760552297E-02  2.099886023E-01  1.236588659E-01  1.226236173E+05  2.235563067E+02  3.542184476E+02  3.124599809E+02  3.156641670E+02  9.595855760E-01 
       596  9.760989540E-02  2.100145164E-01  1.275491461E-01  1.227595861E+05  2.247922658E+02  3.555853734E+02  3.148750422E+02  3.069727516E+02  9.563518079E-01 
       597  9.760550437E-02  2.100148949E-01  1.314412195E-01  1.229227891E+05  2.257448716E+02  3.561608839E+02  3.158962317E+02  3.057427530E+02  9.534496106E-01 
       598  9.762031038E-02  2.101034915E-01  1.353312483E-01  1.230368461E+05  2.260114030E+02  3.560012491E+02  3.156185398E+02  3.103874663E+02  9.526002028E-01 
       599  9.762506170E-02  2.101609083E-01  1.392228176E-01  1.231121868E+05  2.253595881E+02  3.553838892E+02  3.145277854E+02  3.168655896E+02  9.546841860E-01 
       600  9.764671237E-02  2.102092269E-01  1.431110049E-01  1.231845522E+05  2.239542871E+02  3.545948915E+02  3.131329958E+02  3.221286459E+02  9.594098749E-01 
       601  9.766256924E-02  2.102587391E-01  1.469999989E-01  1.232953091E+05  2.223711510E+02  3.540774231E+02  3.119369278E+02  3.253503752E+02  9.647378065E-01 
