nodenumber     x-coordinate     y-coordinate     z-coordinate         pressure velocity-magnitude      sound-speed      temperature rel-velocity-magnitude relative-velocity-angle 
         1 -2.216901913E-02  1.039879580E-01 -4.300600202E-02  8.755064238E+04  1.539397196E+02  3.330441201E+02  2.762144474E+02  2.357946944E+02  8.595575991E-01 
         2 -2.197401757E-02  1.042260031E-01 -4.002397295E-02  8.745448593E+04  1.548248050E+02  3.329666587E+02  2.760859990E+02  2.366364952E+02  8.578638267E-01 
         3 -2.150271627E-02  1.045375264E-01 -3.708169353E-02  8.735052911E+04  1.548866605E+02  3.329620376E+02  2.760783267E+02  2.368758838E+02  8.586187414E-01 
         4 -2.072290556E-02  1.049359494E-01 -3.421635317E-02  8.724009229E+04  1.553330302E+02  3.329256444E+02  2.760180602E+02  2.373550861E+02  8.583904533E-01 
         5 -1.964621854E-02  1.053757771E-01 -3.145501365E-02  8.710931616E+04  1.563031440E+02  3.328287659E+02  2.758575554E+02  2.385512109E+02  8.576850574E-01 
         6 -1.833909717E-02  1.058829391E-01 -2.880182754E-02  8.696473022E+04  1.572018633E+02  3.327384977E+02  2.757078600E+02  2.392633204E+02  8.557222690E-01 
         7 -1.686396899E-02  1.064019756E-01 -2.624136390E-02  8.677584497E+04  1.582585397E+02  3.326224842E+02  2.755156050E+02  2.406517382E+02  8.554093130E-01 
         8 -1.524276490E-02  1.069101094E-01 -2.376908005E-02  8.657841443E+04  1.589213889E+02  3.325400019E+02  2.753789806E+02  2.414730906E+02  8.550490160E-01 
         9 -1.353040875E-02  1.074492491E-01 -2.136449246E-02  8.637639063E+04  1.601167667E+02  3.324278827E+02  2.751933036E+02  2.426007435E+02  8.530379413E-01 
        10 -1.175719847E-02  1.079385502E-01 -1.899452623E-02  8.616684027E+04  1.614219294E+02  3.323139975E+02  2.750047739E+02  2.438825831E+02  8.510570843E-01 
        11 -9.920451205E-03  1.084473482E-01 -1.667649769E-02  8.608904486E+04  1.625967922E+02  3.322660127E+02  2.749253423E+02  2.447422476E+02  8.482548189E-01 
        12 -8.053093039E-03  1.089314126E-01 -1.437870322E-02  8.628285489E+04  1.632719157E+02  3.323557996E+02  2.750739545E+02  2.444804770E+02  8.441390311E-01 
        13 -6.139911673E-03  1.093816015E-01 -1.211111235E-02  8.675224121E+04  1.625440159E+02  3.326205454E+02  2.755123701E+02  2.432307601E+02  8.444933984E-01 
        14 -4.213714023E-03  1.098625599E-01 -9.853315987E-03  8.758555225E+04  1.600593176E+02  3.331040821E+02  2.763140793E+02  2.402379408E+02  8.483218476E-01 
        15 -2.267252226E-03  1.102821410E-01 -7.616721013E-03  8.859174658E+04  1.562965899E+02  3.336009541E+02  2.771392365E+02  2.370339890E+02  8.587540574E-01 
        16 -3.058463972E-04  1.106716081E-01 -5.380345181E-03  8.931305566E+04  1.500022578E+02  3.339565325E+02  2.777304525E+02  2.341392093E+02  8.843366317E-01 
        17  1.649896870E-03  1.110991589E-01 -3.144821902E-03  8.747921143E+04  1.458699447E+02  3.330505462E+02  2.762269878E+02  2.420028837E+02  9.365306012E-01 
        18  3.605378217E-03  1.114680886E-01 -8.997268064E-04  7.563263440E+04  1.777128694E+02  3.261268201E+02  2.648619561E+02  2.879855399E+02  9.369017314E-01 
        19  5.548952344E-03  1.118349081E-01  1.356589372E-03  6.990563422E+04  2.060013385E+02  3.230271704E+02  2.598506966E+02  3.032510548E+02  8.454352138E-01 
        20  7.472030685E-03  1.121892539E-01  3.633809071E-03  7.288024316E+04  2.091128476E+02  3.250375027E+02  2.630980505E+02  2.945130073E+02  7.913099963E-01 
        21  9.366594022E-03  1.125505666E-01  5.932977735E-03  7.661611102E+04  2.072871939E+02  3.272138722E+02  2.666326632E+02  2.839371300E+02  7.595916954E-01 
        22  1.122147558E-02  1.129077905E-01  8.263617067E-03  7.909225896E+04  2.073279763E+02  3.286233078E+02  2.689327864E+02  2.734302291E+02  7.210192580E-01 
        23  1.303284284E-02  1.132507638E-01  1.062953057E-02  8.065710104E+04  2.091373182E+02  3.295386029E+02  2.704322507E+02  2.683008950E+02  6.937065837E-01 
        24  1.479928419E-02  1.136234762E-01  1.303021626E-02  8.177593231E+04  2.137183875E+02  3.301274910E+02  2.713993301E+02  2.659443190E+02  6.620658920E-01 
        25  1.649617427E-02  1.139938279E-01  1.547769530E-02  8.275510254E+04  2.192340286E+02  3.305788784E+02  2.721417670E+02  2.635207517E+02  6.254901714E-01 
        26  1.811807173E-02  1.143837002E-01  1.797032872E-02  8.342476843E+04  2.250092249E+02  3.308696656E+02  2.726206393E+02  2.619476991E+02  5.905344216E-01 
        27  1.968166241E-02  1.148013513E-01  2.049621310E-02  8.351016492E+04  2.315617054E+02  3.309091735E+02  2.726856081E+02  2.619660404E+02  5.572535349E-01 
        28  2.119101764E-02  1.152299366E-01  2.305322148E-02  8.306052954E+04  2.402003000E+02  3.305832932E+02  2.721486369E+02  2.644480318E+02  5.224398598E-01 
        29  2.266338778E-02  1.156643914E-01  2.563116057E-02  8.249377570E+04  2.493040240E+02  3.301806016E+02  2.714863280E+02  2.680940764E+02  4.889585506E-01 
        30  2.408077791E-02  1.161159634E-01  2.823658064E-02  8.197686676E+04  2.572944496E+02  3.299484699E+02  2.711046011E+02  2.705809398E+02  4.571757093E-01 
        31  2.544088325E-02  1.165921105E-01  3.086849856E-02  8.139507275E+04  2.652130938E+02  3.296713028E+02  2.706494312E+02  2.727425637E+02  4.251693129E-01 
        32  2.674433127E-02  1.170738851E-01  3.352942364E-02  8.077305334E+04  2.739410372E+02  3.292285213E+02  2.699231877E+02  2.760080447E+02  3.933849107E-01 
        33  2.797950643E-02  1.175445507E-01  3.622298897E-02  8.021473544E+04  2.828002614E+02  3.287843999E+02  2.691953566E+02  2.797975558E+02  3.628826325E-01 
        34  2.916313541E-02  1.180056499E-01  3.893937175E-02  7.990207622E+04  2.899780568E+02  3.286732157E+02  2.690133277E+02  2.820531734E+02  3.352889456E-01 
        35  3.031249539E-02  1.184785399E-01  4.167042727E-02  7.997161514E+04  2.951839472E+02  3.289142394E+02  2.694076691E+02  2.822602808E+02  3.101601760E-01 
        36  3.139929926E-02  1.189405785E-01  4.442941843E-02  8.022037842E+04  3.010892137E+02  3.290776697E+02  2.696752577E+02  2.827059556E+02  2.823932962E-01 
        37  3.242013936E-02  1.193808800E-01  4.721660669E-02  8.079703931E+04  3.066424578E+02  3.293982943E+02  2.702014560E+02  2.820836045E+02  2.520340015E-01 
        38  3.340677803E-02  1.198011670E-01  5.002067675E-02  8.210933850E+04  3.095777051E+02  3.301899946E+02  2.715020694E+02  2.789426627E+02  2.254007509E-01 
        39  3.430413654E-02  1.201853153E-01  5.285529857E-02  8.384821484E+04  3.110922451E+02  3.311432018E+02  2.730720501E+02  2.742006979E+02  1.998647368E-01 
        40  3.515433510E-02  1.205874318E-01  5.570324370E-02  8.596015576E+04  3.110344048E+02  3.322695255E+02  2.749334068E+02  2.680811844E+02  1.774018714E-01 
        41  3.592907297E-02  1.209644065E-01  5.857535950E-02  8.832851514E+04  3.091706471E+02  3.335738592E+02  2.770966182E+02  2.607825561E+02  1.603272040E-01 
        42  3.664355424E-02  1.213334730E-01  6.146049591E-02  9.077807947E+04  3.059115567E+02  3.348343740E+02  2.791943479E+02  2.528353500E+02  1.489099117E-01 
        43  3.727845098E-02  1.217084379E-01  6.437276718E-02  9.304348145E+04  3.020779791E+02  3.358819618E+02  2.809433308E+02  2.453928595E+02  1.434233231E-01 
        44  3.781448665E-02  1.220744111E-01  6.730672953E-02  9.484096997E+04  2.983367643E+02  3.367222862E+02  2.823499813E+02  2.394198294E+02  1.439184253E-01 
        45  3.826762164E-02  1.224563704E-01  7.025293559E-02  9.600736505E+04  2.956617239E+02  3.372723379E+02  2.832728179E+02  2.357509745E+02  1.479642588E-01 
        46  3.856443464E-02  1.228195695E-01  7.317567491E-02  9.658204297E+04  2.936701050E+02  3.376590881E+02  2.839231415E+02  2.338418198E+02  1.550747380E-01 
        47  3.882754171E-02  1.231963568E-01  7.616928387E-02  9.673995389E+04  2.919456198E+02  3.382192987E+02  2.848676664E+02  2.319169874E+02  1.610431882E-01 
        48  3.896508106E-02  1.235573809E-01  7.913505459E-02  9.667947461E+04  2.870958328E+02  3.394429321E+02  2.869484253E+02  2.241808281E+02  1.666803211E-01 
        49  3.903512947E-02  1.239238609E-01  8.213137167E-02  9.658455127E+04  2.762193215E+02  3.417544651E+02  2.908957250E+02  2.050096345E+02  1.766666665E-01 
        50  3.900153017E-02  1.243001337E-01  8.510504302E-02  9.646869107E+04  2.580944198E+02  3.454234920E+02  2.971869291E+02  1.703316646E+02  1.843365086E-01 
        51  3.889299026E-02  1.246700891E-01  8.806950082E-02  9.613955499E+04  2.399724531E+02  3.493068595E+02  3.038932576E+02  1.229107974E+02  1.762211507E-01 
        52  3.870303970E-02  1.250405990E-01  9.105247242E-02  9.604136816E+04  2.336942430E+02  3.517166977E+02  3.080704312E+02  8.171661854E+01  4.189038955E-02 
        53  3.847530202E-02  1.253810613E-01  9.402032493E-02  9.653386115E+04  2.331941130E+02  3.527829062E+02  3.099368922E+02  4.838855529E+01 -3.722952325E-01 
        54  3.809583015E-02  1.257752167E-01  9.695318516E-02  9.681336914E+04  2.341527901E+02  3.527960587E+02  3.099541664E+02  4.112357426E+01 -1.638526082E+00 
        55  3.767199372E-02  1.261489404E-01  9.992435767E-02  9.808547900E+04  2.482768679E+02  3.524094028E+02  3.092722597E+02  4.827716064E+01 -1.995031577E+00 
        56  3.723780727E-02  1.265196365E-01  1.028569506E-01  9.972225894E+04  2.545998998E+02  3.515142485E+02  3.077044336E+02  6.838089104E+01 -1.095001337E+00 
        57  3.672955052E-02  1.269046997E-01  1.057947981E-01  1.011689695E+05  2.443081155E+02  3.498670616E+02  3.048264155E+02  1.109135776E+02 -4.309684434E-02 
        58  3.615520807E-02  1.273091289E-01  1.087154776E-01  1.034527271E+05  2.368361039E+02  3.475218039E+02  3.007559719E+02  1.502589703E+02  2.599413097E-01 
        59  3.556812424E-02  1.277144368E-01  1.116309472E-01  1.059816879E+05  2.433106728E+02  3.450019562E+02  2.964094822E+02  1.769326462E+02  2.866949786E-01 
        60  3.495651588E-02  1.281329458E-01  1.145394580E-01  1.076065774E+05  2.508053460E+02  3.438622680E+02  2.944520860E+02  1.856866274E+02  2.631415571E-01 
        61  3.433795015E-02  1.285471243E-01  1.174457346E-01  1.081743770E+05  2.587850146E+02  3.435486736E+02  2.939146528E+02  1.895571506E+02  2.261998171E-01 
        62  3.376061330E-02  1.289460490E-01  1.203607660E-01  1.080997545E+05  2.665563750E+02  3.433214316E+02  2.935260394E+02  1.929531386E+02  1.905742870E-01 
        63  3.331803132E-02  1.293309423E-01  1.232882868E-01  1.079812114E+05  2.695399947E+02  3.433380915E+02  2.935539306E+02  1.959723440E+02  1.846065804E-01 
        64  3.310586596E-02  1.296649637E-01  1.262581306E-01  1.079785291E+05  2.709179206E+02  3.431106572E+02  2.931652255E+02  1.973466614E+02  1.828814822E-01 
        65  3.306639982E-02  1.299493947E-01  1.292495641E-01  1.079731262E+05  2.710693573E+02  3.429600099E+02  2.929074404E+02  1.996246853E+02  1.916232305E-01 
        66  3.322486525E-02  1.302097713E-01  1.322380794E-01  1.078895783E+05  2.718870353E+02  3.428333790E+02  2.926910974E+02  2.013895466E+02  1.948089255E-01 
        67  3.356462385E-02  1.304573038E-01  1.352130229E-01  1.076705286E+05  2.729811474E+02  3.427673221E+02  2.925783957E+02  2.021980985E+02  1.933489153E-01 
        68  3.400410102E-02  1.306751199E-01  1.381765647E-01  1.073441265E+05  2.743898425E+02  3.426958928E+02  2.924564734E+02  2.029790046E+02  1.898805806E-01 
        69  3.451963359E-02  1.308741206E-01  1.411278790E-01  1.070341150E+05  2.759077103E+02  3.426238537E+02  2.923334239E+02  2.047771630E+02  1.894070280E-01 
        70  3.508991352E-02  1.310576265E-01  1.440660380E-01  1.066923494E+05  2.775630059E+02  3.425179267E+02  2.921526768E+02  2.072099149E+02  1.903469244E-01 
        71  3.570211579E-02  1.312503676E-01  1.470000000E-01  1.062962539E+05  2.793555298E+02  3.423327980E+02  2.918339653E+02  2.099438343E+02  1.912828702E-01 
        72 -2.843361623E-02  1.708417341E-01 -4.258217492E-02  8.208728833E+04  1.839613876E+02  3.299793005E+02  2.711542244E+02  3.445260820E+02  1.007487424E+00 
        73 -2.838826984E-02  1.709653765E-01 -3.916427879E-02  8.216968353E+04  1.836326017E+02  3.300702002E+02  2.713037546E+02  3.446253686E+02  1.008852844E+00 
        74 -2.835908450E-02  1.711140563E-01 -3.574649433E-02  8.237197455E+04  1.836333390E+02  3.301809280E+02  2.714858725E+02  3.426495202E+02  1.005474698E+00 
        75 -2.838361088E-02  1.712589164E-01 -3.232950605E-02  8.275745361E+04  1.837520294E+02  3.303257504E+02  2.717243366E+02  3.436897154E+02  1.007042345E+00 
        76 -2.841360827E-02  1.714319125E-01 -2.891476756E-02  8.322173364E+04  1.823920155E+02  3.306893539E+02  2.723227191E+02  3.413727412E+02  1.007559743E+00 
        77 -2.833774301E-02  1.716334782E-01 -2.549995819E-02  8.379011731E+04  1.811386546E+02  3.310212309E+02  2.728696047E+02  3.399895425E+02  1.009448413E+00 
        78 -2.791452343E-02  1.719215161E-01 -2.212016887E-02  8.423128613E+04  1.811627655E+02  3.311282291E+02  2.730460377E+02  3.391002026E+02  1.007917739E+00 
        79 -2.700703325E-02  1.722886754E-01 -1.884820631E-02  8.416728613E+04  1.802172074E+02  3.311391134E+02  2.730643482E+02  3.409749727E+02  1.014504191E+00 
        80 -2.544395246E-02  1.727209334E-01 -1.584518523E-02  8.325559967E+04  1.815428926E+02  3.306201208E+02  2.722088532E+02  3.438245647E+02  1.015063760E+00 
        81 -2.351536464E-02  1.732363399E-01 -1.306823492E-02  8.130413559E+04  1.851935726E+02  3.295079813E+02  2.703806441E+02  3.489669382E+02  1.011833849E+00 
        82 -2.134527601E-02  1.737374909E-01 -1.047435973E-02  7.876404477E+04  1.906039222E+02  3.281165590E+02  2.681035829E+02  3.544850489E+02  1.003624073E+00 
        83 -1.897326710E-02  1.742189522E-01 -8.035177519E-03  7.588770975E+04  1.975967727E+02  3.264050343E+02  2.653128542E+02  3.630308442E+02  9.964469592E-01 
        84 -1.652827274E-02  1.746780172E-01 -5.688541800E-03  7.356539923E+04  2.057615147E+02  3.247873034E+02  2.626917956E+02  3.698852010E+02  9.827401303E-01 
        85 -1.397929867E-02  1.751251779E-01 -3.446989688E-03  7.269233020E+04  2.092175303E+02  3.243111005E+02  2.619223132E+02  3.730126095E+02  9.774682410E-01 
        86 -1.139011487E-02  1.755573757E-01 -1.256774906E-03  7.351610193E+04  2.105542533E+02  3.248078947E+02  2.627257824E+02  3.715083537E+02  9.697901979E-01 
        87 -8.734274343E-03  1.759085237E-01  8.667805443E-04  7.809990247E+04  2.053427640E+02  3.276235249E+02  2.673047092E+02  3.597141793E+02  9.642847618E-01 
        88 -6.073383534E-03  1.762548475E-01  2.984781313E-03  8.819605298E+04  1.899046677E+02  3.334733598E+02  2.769358696E+02  3.310881364E+02  9.674803754E-01 
        89 -3.359730182E-03  1.765819110E-01  5.053045394E-03  9.755846716E+04  1.763767633E+02  3.380090945E+02  2.845144919E+02  3.057148690E+02  9.801376141E-01 
        90 -6.741955509E-04  1.768270807E-01  7.130208361E-03  9.694728670E+04  1.677786047E+02  3.376472853E+02  2.839058272E+02  3.108575524E+02  1.017259033E+00 
        91  2.027043660E-03  1.770783858E-01  9.208570588E-03  7.871572101E+04  1.937618339E+02  3.279219224E+02  2.677936604E+02  3.601566560E+02  1.004255155E+00 
        92  4.731686997E-03  1.772422585E-01  1.127155269E-02  7.402096092E+04  2.116140842E+02  3.249561289E+02  2.629645662E+02  3.735178559E+02  9.698968674E-01 
        93  7.454465044E-03  1.773874983E-01  1.334309669E-02  7.397430721E+04  2.075847725E+02  3.251112401E+02  2.632153587E+02  3.703416266E+02  9.770761710E-01 
        94  1.015989937E-02  1.775222933E-01  1.545596277E-02  7.090492117E+04  2.156480594E+02  3.232292922E+02  2.601822235E+02  3.788716244E+02  9.681504764E-01 
        95  1.284858280E-02  1.775661421E-01  1.756817794E-02  6.744808035E+04  2.268590201E+02  3.210122633E+02  2.566246216E+02  3.913934360E+02  9.570972156E-01 
        96  1.551966693E-02  1.776138061E-01  1.970369132E-02  6.442211914E+04  2.371354923E+02  3.188033748E+02  2.531102231E+02  4.016330814E+02  9.452597853E-01 
        97  1.817410325E-02  1.776258069E-01  2.186017323E-02  6.168473169E+04  2.448470449E+02  3.170060949E+02  2.502619648E+02  4.077319112E+02  9.334798558E-01 
        98  2.080993586E-02  1.775631240E-01  2.403936301E-02  5.972639563E+04  2.523181086E+02  3.156318316E+02  2.480958424E+02  4.121545382E+02  9.187723082E-01 
        99  2.341570779E-02  1.774969016E-01  2.625394818E-02  5.930325354E+04  2.577687330E+02  3.152695436E+02  2.475277343E+02  4.149345341E+02  9.063917007E-01 
       100  2.600295182E-02  1.773818036E-01  2.848806157E-02  6.106405811E+04  2.598232670E+02  3.165546856E+02  2.495601158E+02  4.111748447E+02  8.911108188E-01 
       101  2.856627515E-02  1.771883875E-01  3.074502562E-02  6.650596436E+04  2.557715216E+02  3.203695993E+02  2.556642389E+02  3.956879711E+02  8.718461022E-01 
       102  3.110662233E-02  1.769811535E-01  3.302644514E-02  7.493655347E+04  2.464564104E+02  3.260062561E+02  2.647363834E+02  3.711096926E+02  8.518055286E-01 
       103  3.362247542E-02  1.767159818E-01  3.532849163E-02  8.166688794E+04  2.427421064E+02  3.299707031E+02  2.711616116E+02  3.528369789E+02  8.281457536E-01 
       104  3.610895472E-02  1.763647845E-01  3.765120331E-02  8.306118799E+04  2.472878158E+02  3.307067866E+02  2.723591681E+02  3.503119993E+02  8.082071897E-01 
       105  3.856497337E-02  1.759966372E-01  4.000321012E-02  8.061537613E+04  2.560087423E+02  3.293770754E+02  2.701718932E+02  3.571511229E+02  7.913598488E-01 
       106  4.103059304E-02  1.755360248E-01  4.234569910E-02  7.836057821E+04  2.642049932E+02  3.280140180E+02  2.679368710E+02  3.635019413E+02  7.752858888E-01 
       107  4.340106546E-02  1.750377176E-01  4.474435622E-02  7.870965625E+04  2.680075240E+02  3.282536989E+02  2.683295236E+02  3.630241756E+02  7.613894325E-01 
       108  4.575540032E-02  1.745445103E-01  4.717695363E-02  8.212984790E+04  2.665727115E+02  3.303595123E+02  2.717888179E+02  3.523519917E+02  7.460823059E-01 
       109  4.807037784E-02  1.739953488E-01  4.963532790E-02  8.833437402E+04  2.618572178E+02  3.337694683E+02  2.774359512E+02  3.358637085E+02  7.328386661E-01 
       110  5.034733117E-02  1.734133857E-01  5.212084081E-02  9.494250586E+04  2.571503735E+02  3.373282585E+02  2.833768482E+02  3.165476532E+02  7.169524543E-01 
       111  5.258765486E-02  1.728405975E-01  5.464144749E-02  9.937800342E+04  2.569964638E+02  3.395333176E+02  2.870857334E+02  3.045141125E+02  6.981967874E-01 
       112  5.479076840E-02  1.722430532E-01  5.718902978E-02  1.022118054E+05  2.581569290E+02  3.408024235E+02  2.892348490E+02  2.997363272E+02  6.866109893E-01 
       113  5.694737683E-02  1.716020731E-01  5.976586917E-02  1.051571938E+05  2.578360994E+02  3.420785308E+02  2.914051490E+02  2.932414579E+02  6.782377241E-01 
       114  5.911848447E-02  1.709340834E-01  6.233872565E-02  1.084903759E+05  2.568439685E+02  3.434964216E+02  2.938255558E+02  2.845816101E+02  6.694273500E-01 
       115  6.119351897E-02  1.703313828E-01  6.496775561E-02  1.113350686E+05  2.554044065E+02  3.448211079E+02  2.960964994E+02  2.752604823E+02  6.627567932E-01 
       116  6.319798910E-02  1.696485115E-01  6.765543605E-02  1.135839119E+05  2.536315756E+02  3.459669390E+02  2.980666103E+02  2.684541912E+02  6.607158286E-01 
       117  6.520189851E-02  1.689621155E-01  7.034628384E-02  1.156763291E+05  2.528046551E+02  3.467956657E+02  2.994958858E+02  2.636131191E+02  6.581772175E-01 
       118  6.717992039E-02  1.682884043E-01  7.305807409E-02  1.174139600E+05  2.509859934E+02  3.475384388E+02  3.007800827E+02  2.597024908E+02  6.610855032E-01 
       119  6.910755662E-02  1.675987334E-01  7.579818779E-02  1.188280568E+05  2.496497748E+02  3.480629561E+02  3.016887288E+02  2.572312167E+02  6.639890452E-01 
       120  7.101404689E-02  1.668389198E-01  7.852135391E-02  1.197476031E+05  2.468003906E+02  3.485439539E+02  3.025230975E+02  2.541323082E+02  6.723097912E-01 
       121  7.286652020E-02  1.661304029E-01  8.130170181E-02  1.197609214E+05  2.452969344E+02  3.485604116E+02  3.025516808E+02  2.534034143E+02  6.780995470E-01 
       122  7.473378469E-02  1.653966549E-01  8.408122010E-02  1.196818179E+05  2.437655582E+02  3.485804787E+02  3.025868397E+02  2.537305260E+02  6.849364638E-01 
       123  7.654776682E-02  1.646234676E-01  8.688218818E-02  1.195837769E+05  2.422258539E+02  3.487276955E+02  3.028432550E+02  2.539706731E+02  6.915813442E-01 
       124  7.830115451E-02  1.638494494E-01  8.971806956E-02  1.194166641E+05  2.419085159E+02  3.489742222E+02  3.032729378E+02  2.539397526E+02  6.930881254E-01 
       125  8.003223315E-02  1.630890187E-01  9.257063461E-02  1.192901191E+05  2.424698615E+02  3.491598120E+02  3.035972476E+02  2.530195904E+02  6.904167235E-01 
       126  8.174167210E-02  1.623344685E-01  9.543869445E-02  1.192186978E+05  2.418074985E+02  3.494598076E+02  3.041210575E+02  2.508350599E+02  6.919984617E-01 
       127  8.339566060E-02  1.615413001E-01  9.829620033E-02  1.191062787E+05  2.394113570E+02  3.501451918E+02  3.053192893E+02  2.479319188E+02  7.003641335E-01 
       128  8.500809507E-02  1.607572746E-01  1.012133408E-01  1.188302841E+05  2.383674564E+02  3.508381805E+02  3.065320673E+02  2.439868006E+02  7.027442441E-01 
       129  8.654116005E-02  1.600133249E-01  1.041766726E-01  1.185693251E+05  2.387442203E+02  3.512330947E+02  3.072221897E+02  2.381402974E+02  6.978655148E-01 
       130  8.807530659E-02  1.592883350E-01  1.071513815E-01  1.185983140E+05  2.380896096E+02  3.516621051E+02  3.079697318E+02  2.288308353E+02  6.961157098E-01 
       131  8.946870181E-02  1.585918917E-01  1.101955952E-01  1.186879916E+05  2.308405641E+02  3.531680582E+02  3.106090087E+02  2.176005819E+02  7.251034668E-01 
       132  9.078169785E-02  1.579398834E-01  1.132895212E-01  1.185925963E+05  2.246563864E+02  3.540457594E+02  3.121509652E+02  2.117945457E+02  7.520953999E-01 
       133  9.193376095E-02  1.573753789E-01  1.164622823E-01  1.185803065E+05  2.269058111E+02  3.535117478E+02  3.112095792E+02  2.097498164E+02  7.402702449E-01 
       134  9.287851211E-02  1.569754829E-01  1.197270904E-01  1.185420008E+05  2.304032665E+02  3.525727273E+02  3.095591413E+02  2.162009924E+02  7.254926790E-01 
       135  9.346963790E-02  1.567893278E-01  1.230899614E-01  1.184185900E+05  2.339542483E+02  3.508903484E+02  3.066174244E+02  2.369290167E+02  7.211265876E-01 
       136  9.376445592E-02  1.568076376E-01  1.265149706E-01  1.184554243E+05  2.393425832E+02  3.488639221E+02  3.030836115E+02  2.563540893E+02  7.115720231E-01 
       137  9.391306034E-02  1.569225935E-01  1.299303306E-01  1.183388037E+05  2.415367374E+02  3.478956213E+02  3.013995676E+02  2.608426704E+02  7.065369915E-01 
       138  9.402896493E-02  1.570765633E-01  1.333445553E-01  1.181996621E+05  2.412385092E+02  3.477693167E+02  3.011802320E+02  2.590324640E+02  7.066646665E-01 
       139  9.417960043E-02  1.572174564E-01  1.367593072E-01  1.180720168E+05  2.422028508E+02  3.477169552E+02  3.010893474E+02  2.599834433E+02  7.044597436E-01 
       140  9.437397158E-02  1.573466446E-01  1.401725853E-01  1.179357745E+05  2.432464044E+02  3.477510352E+02  3.011484571E+02  2.615501111E+02  7.025845172E-01 
       141  9.455826038E-02  1.574868932E-01  1.435861248E-01  1.178734511E+05  2.437005472E+02  3.479352802E+02  3.014673469E+02  2.617613094E+02  7.017056479E-01 
       142  9.468914447E-02  1.576724412E-01  1.470000022E-01  1.178351968E+05  2.439940538E+02  3.480425110E+02  3.016644859E+02  2.620121202E+02  7.016660124E-01 
       143 -2.515044289E-02  2.387134140E-01 -4.211006034E-02  8.311427336E+04  1.812389538E+02  3.305570660E+02  2.721047229E+02  4.416067549E+02  1.147961971E+00 
       144 -2.515073613E-02  2.387267259E-01 -3.821832766E-02  8.446981079E+04  1.780728324E+02  3.313070035E+02  2.733414192E+02  4.386184459E+02  1.153001645E+00 
       145 -2.514274647E-02  2.387409373E-01 -3.433018188E-02  8.574564731E+04  1.745549245E+02  3.320552590E+02  2.745777420E+02  4.328114085E+02  1.156434285E+00 
       146 -2.514933814E-02  2.387615668E-01 -3.043885368E-02  8.599777504E+04  1.750753936E+02  3.321020292E+02  2.746548279E+02  4.353320017E+02  1.157591516E+00 
       147 -2.514205174E-02  2.387863737E-01 -2.655197175E-02  8.483508084E+04  1.783300337E+02  3.314174763E+02  2.735243769E+02  4.382369518E+02  1.152630255E+00 
       148 -2.514801404E-02  2.388163633E-01 -2.268742808E-02  8.265603497E+04  1.813465039E+02  3.304713217E+02  2.719657756E+02  4.397839393E+02  1.147208684E+00 
       149 -2.514603624E-02  2.387984711E-01 -1.877579094E-02  8.069129492E+04  1.875093880E+02  3.293041344E+02  2.700466347E+02  4.454424973E+02  1.137021020E+00 
       150 -2.513833525E-02  2.388756875E-01 -1.487946342E-02  7.913570998E+04  1.919622840E+02  3.283070504E+02  2.684133539E+02  4.497140698E+02  1.130589600E+00 
       151 -2.514495058E-02  2.389300222E-01 -1.098752945E-02  7.904629999E+04  1.914236063E+02  3.282665361E+02  2.683476523E+02  4.510637596E+02  1.133390148E+00 
       152 -2.501801490E-02  2.389948317E-01 -7.101428526E-03  8.094025793E+04  1.882641723E+02  3.291842263E+02  2.698520318E+02  4.460990356E+02  1.135855371E+00 
       153 -2.403359079E-02  2.391541778E-01 -3.362202731E-03  8.577838848E+04  1.740167919E+02  3.320635004E+02  2.745924912E+02  4.362456824E+02  1.160997229E+00 
       154 -2.203079393E-02  2.393877231E-01 -4.501692070E-05  8.936937389E+04  1.658273021E+02  3.338707954E+02  2.775886769E+02  4.287052900E+02  1.174365618E+00 
       155 -1.942355624E-02  2.396357170E-01  2.825132604E-03  8.658144431E+04  1.749220976E+02  3.321954199E+02  2.748137025E+02  4.335844523E+02  1.156246822E+00 
       156 -1.648721574E-02  2.398964014E-01  5.342831758E-03  8.155878717E+04  1.835424123E+02  3.299147434E+02  2.710507038E+02  4.467571344E+02  1.147860203E+00 
       157 -1.330897545E-02  2.400801911E-01  7.594698846E-03  8.005846301E+04  1.896340499E+02  3.285797596E+02  2.688607893E+02  4.461552010E+02  1.132041959E+00 
       158 -1.004552185E-02  2.402353079E-01  9.709455816E-03  8.067321716E+04  1.854303353E+02  3.291410413E+02  2.697807698E+02  4.477788181E+02  1.144334594E+00 
       159 -6.714656287E-03  2.403804415E-01  1.171394437E-02  8.067350548E+04  1.836815293E+02  3.291892861E+02  2.698594248E+02  4.458854173E+02  1.147100195E+00 
       160 -3.322138608E-03  2.404066774E-01  1.362735999E-02  7.992668274E+04  1.856624269E+02  3.287261622E+02  2.691012920E+02  4.474278696E+02  1.144107475E+00 
       161  9.783589121E-05  2.404201762E-01  1.547870720E-02  7.980487622E+04  1.882527623E+02  3.284166059E+02  2.685942602E+02  4.478849812E+02  1.139176186E+00 
       162  3.534439975E-03  2.403949673E-01  1.730379042E-02  8.205629077E+04  1.835011845E+02  3.298905716E+02  2.710251856E+02  4.462702007E+02  1.150591869E+00 
       163  6.969024296E-03  2.402279751E-01  1.908412837E-02  9.149856390E+04  1.558738242E+02  3.353793952E+02  2.801311893E+02  4.224533226E+02  1.200160229E+00 
       164  1.043411823E-02  2.400800089E-01  2.085152946E-02  7.898717099E+04  1.906441816E+02  3.286366287E+02  2.689558061E+02  4.496806703E+02  1.137909908E+00 
       165  1.388371434E-02  2.398652026E-01  2.263181169E-02  7.950005182E+04  1.866278009E+02  3.289858201E+02  2.695250788E+02  4.475769939E+02  1.144074225E+00 
       166  1.734145131E-02  2.394992745E-01  2.440657916E-02  7.917868860E+04  1.850819135E+02  3.291254597E+02  2.697532845E+02  4.429332457E+02  1.143904932E+00 
       167  2.080043859E-02  2.391294908E-01  2.615375350E-02  7.897117207E+04  1.873880727E+02  3.289122428E+02  2.694056625E+02  4.418807313E+02  1.137156980E+00 
       168  2.424052770E-02  2.387186889E-01  2.792040504E-02  7.903870435E+04  1.896426883E+02  3.288534045E+02  2.693091376E+02  4.435588331E+02  1.133420039E+00 
       169  2.766624902E-02  2.381908713E-01  2.968394578E-02  7.886063196E+04  1.913227777E+02  3.288585324E+02  2.693169761E+02  4.429086537E+02  1.129208278E+00 
       170  3.108229850E-02  2.375970478E-01  3.144655572E-02  7.848363354E+04  1.949535110E+02  3.285747333E+02  2.688523135E+02  4.437241025E+02  1.121165560E+00 
       171  3.449726266E-02  2.369314331E-01  3.319569832E-02  7.852164124E+04  1.963374655E+02  3.287022939E+02  2.690622165E+02  4.437919121E+02  1.118452749E+00 
       172  3.787267708E-02  2.362004853E-01  3.498142333E-02  7.899942126E+04  1.967567103E+02  3.291996875E+02  2.698785896E+02  4.413184614E+02  1.116638230E+00 
       173  4.123744789E-02  2.354271843E-01  3.677379579E-02  7.930054175E+04  1.980372453E+02  3.294574337E+02  2.703020220E+02  4.390541368E+02  1.113471856E+00 
       174  4.456263149E-02  2.345133553E-01  3.856958315E-02  7.873077820E+04  2.027119648E+02  3.288819458E+02  2.693582742E+02  4.392401640E+02  1.104372997E+00 
       175  4.789152860E-02  2.335402793E-01  4.034492433E-02  7.711930133E+04  2.075856217E+02  3.278766713E+02  2.677138889E+02  4.415142543E+02  1.095220314E+00 
       176  5.119514426E-02  2.325727211E-01  4.215365701E-02  7.515676157E+04  2.132324718E+02  3.266451197E+02  2.657064161E+02  4.450631464E+02  1.085435367E+00 
       177  5.444737908E-02  2.314873556E-01  4.396264389E-02  7.319350806E+04  2.195125964E+02  3.253421494E+02  2.635903262E+02  4.517922087E+02  1.077775092E+00 
       178  5.771043354E-02  2.303389779E-01  4.576361213E-02  7.106075284E+04  2.267305384E+02  3.237562960E+02  2.610273718E+02  4.580838416E+02  1.068199431E+00 
       179  6.093363739E-02  2.292015055E-01  4.761570799E-02  6.866004187E+04  2.340272746E+02  3.222765083E+02  2.586464548E+02  4.627045460E+02  1.055786313E+00 
       180  6.411569228E-02  2.279427553E-01  4.946832252E-02  6.686666772E+04  2.449195662E+02  3.213043184E+02  2.570879345E+02  4.656725101E+02  1.033338208E+00 
       181  6.728438578E-02  2.267057043E-01  5.135068917E-02  6.900287244E+04  2.596275744E+02  3.228053179E+02  2.595163207E+02  4.638298893E+02  9.912754539E-01 
       182  7.045491472E-02  2.254566135E-01  5.324396322E-02  8.080206592E+04  2.636530633E+02  3.299939156E+02  2.712569699E+02  4.365533791E+02  9.476590306E-01 
       183  7.352398986E-02  2.240979077E-01  5.520813549E-02  9.642627319E+04  2.503891926E+02  3.378421292E+02  2.842711096E+02  4.039160080E+02  9.465660769E-01 
       184  7.654294831E-02  2.227589545E-01  5.724026033E-02  1.040809349E+05  2.331789344E+02  3.425175729E+02  2.921602829E+02  3.832901896E+02  9.744691342E-01 
       185  7.954929441E-02  2.214414527E-01  5.933596166E-02  1.081506331E+05  2.409703679E+02  3.442854681E+02  2.951867628E+02  3.786591396E+02  9.470989089E-01 
       186  8.244157493E-02  2.200232159E-01  6.149679439E-02  1.251845234E+05  2.440499611E+02  3.503425751E+02  3.056621323E+02  3.448956070E+02  9.190954566E-01 
       187  8.531452000E-02  2.186177542E-01  6.372436707E-02  1.193109078E+05  2.380570213E+02  3.493744884E+02  3.039706849E+02  3.522746441E+02  9.362666360E-01 
       188  8.816039266E-02  2.172472440E-01  6.601424901E-02  1.216189026E+05  2.335091090E+02  3.498373880E+02  3.047735205E+02  3.510923133E+02  9.480302408E-01 
       189  9.092008057E-02  2.157826082E-01  6.831794754E-02  1.217261262E+05  2.274212428E+02  3.497968247E+02  3.047031913E+02  3.487045064E+02  9.627095915E-01 
       190  9.367581728E-02  2.143255962E-01  7.064980943E-02  1.217452657E+05  2.253005088E+02  3.496494689E+02  3.044462117E+02  3.465204339E+02  9.670234128E-01 
       191  9.641114101E-02  2.128789625E-01  7.302159977E-02  1.224686500E+05  2.198317853E+02  3.502876842E+02  3.055584626E+02  3.457806873E+02  9.816593346E-01 
       192  9.907895187E-02  2.114028516E-01  7.542603674E-02  1.226844429E+05  2.217778213E+02  3.499326785E+02  3.049393795E+02  3.447123220E+02  9.754745653E-01 
       193  1.016896232E-01  2.099003163E-01  7.789626121E-02  1.228116549E+05  2.185409100E+02  3.505718942E+02  3.060543938E+02  3.433102374E+02  9.842709592E-01 
       194  1.042573666E-01  2.084682280E-01  8.044071344E-02  1.227732111E+05  2.212539879E+02  3.507908335E+02  3.064387970E+02  3.437604156E+02  9.759065979E-01 
       195  1.067132028E-01  2.069758083E-01  8.306726980E-02  1.227966072E+05  2.225052367E+02  3.513938625E+02  3.074942649E+02  3.423883004E+02  9.711996032E-01 
       196  1.091091693E-01  2.055182938E-01  8.576040538E-02  1.227940812E+05  2.230134618E+02  3.525660298E+02  3.095541778E+02  3.384906886E+02  9.681098848E-01 
       197  1.114533399E-01  2.040960959E-01  8.851719904E-02  1.227216781E+05  2.231757121E+02  3.541791085E+02  3.123997835E+02  3.326311216E+02  9.662088329E-01 
       198  1.136946430E-01  2.026973542E-01  9.137514269E-02  1.224708926E+05  2.241704012E+02  3.556915017E+02  3.150721269E+02  3.228320449E+02  9.622017210E-01 
       199  1.158224243E-01  2.012857480E-01  9.431046231E-02  1.223879269E+05  2.259836808E+02  3.569490180E+02  3.172984257E+02  3.076947403E+02  9.585020149E-01 
       200  1.177983438E-01  1.999614296E-01  9.738734661E-02  1.224045068E+05  2.273794446E+02  3.581128435E+02  3.193652778E+02  2.922276156E+02  9.582827184E-01 
       201  1.195376812E-01  1.988013159E-01  1.006637087E-01  1.224587149E+05  2.317416618E+02  3.580765020E+02  3.192994717E+02  2.835786742E+02  9.466523569E-01 
       202  1.207748534E-01  1.979244993E-01  1.042263433E-01  1.223886647E+05  2.345263039E+02  3.568049386E+02  3.170419476E+02  2.937030327E+02  9.342936124E-01 
       203  1.209766187E-01  1.976967879E-01  1.080979692E-01  1.224423820E+05  2.344772363E+02  3.541472478E+02  3.123418341E+02  3.255348985E+02  9.316826061E-01 
       204  1.209415894E-01  1.976147862E-01  1.119887176E-01  1.226376342E+05  2.306850632E+02  3.520496262E+02  3.086468635E+02  3.352981334E+02  9.414887326E-01 
       205  1.209136670E-01  1.975679793E-01  1.158784497E-01  1.227194905E+05  2.274814949E+02  3.511239076E+02  3.070213775E+02  3.394425977E+02  9.507914667E-01 
       206  1.209140530E-01  1.975343277E-01  1.197687765E-01  1.227389411E+05  2.237547078E+02  3.511082292E+02  3.069935527E+02  3.396662632E+02  9.617291498E-01 
       207  1.209033119E-01  1.974945510E-01  1.236620610E-01  1.227688399E+05  2.206190319E+02  3.514982454E+02  3.076774883E+02  3.352231406E+02  9.699906809E-01 
       208  1.208998844E-01  1.975608583E-01  1.275528569E-01  1.227190852E+05  2.209574185E+02  3.518671826E+02  3.083286206E+02  3.370784404E+02  9.702629225E-01 
       209  1.209086196E-01  1.975927695E-01  1.314428594E-01  1.227305757E+05  2.206433504E+02  3.524659240E+02  3.093809142E+02  3.373703644E+02  9.714507135E-01 
       210  1.209261261E-01  1.976437754E-01  1.353324952E-01  1.228052556E+05  2.218671374E+02  3.530669624E+02  3.104385663E+02  3.319420102E+02  9.672686288E-01 
       211  1.209477387E-01  1.976921952E-01  1.392217013E-01  1.227999129E+05  2.209765366E+02  3.539200904E+02  3.119416201E+02  3.216807269E+02  9.705388867E-01 
       212  1.209659901E-01  1.977439656E-01  1.431109690E-01  1.230001303E+05  2.193325062E+02  3.549860225E+02  3.138077613E+02  3.078923563E+02  9.765499511E-01 
       213  1.210017723E-01  1.977818072E-01  1.470000027E-01  1.231566357E+05  2.207292757E+02  3.554329138E+02  3.144227819E+02  3.018618984E+02  9.735048003E-01 
       214 -1.337431699E-02  1.053111530E-01 -4.600000000E-02  8.764618652E+04  1.546459980E+02  3.330519409E+02  2.764545708E+02  2.355899715E+02  8.547565341E-01 
       215 -1.336879354E-02  1.054912688E-01 -4.299898917E-02  8.749008618E+04  1.539227495E+02  3.330658350E+02  2.762505074E+02  2.358373528E+02  8.597594108E-01 
       216 -1.321272523E-02  1.057016208E-01 -4.000664894E-02  8.748424609E+04  1.542662344E+02  3.330065613E+02  2.761521626E+02  2.364364758E+02  8.601883799E-01 
       217 -1.269691607E-02  1.059729593E-01 -3.706120983E-02  8.737266066E+04  1.546431579E+02  3.329629337E+02  2.760798196E+02  2.365009954E+02  8.586093130E-01 
       218 -1.181263769E-02  1.063072321E-01 -3.420969757E-02  8.717155865E+04  1.560542333E+02  3.328306125E+02  2.758604528E+02  2.384138785E+02  8.580648987E-01 
       219 -1.066241908E-02  1.066659143E-01 -3.145726216E-02  8.704827325E+04  1.565750115E+02  3.327959759E+02  2.758030232E+02  2.389098262E+02  8.573883866E-01 
       220 -9.280794463E-03  1.070573859E-01 -2.881758489E-02  8.685168139E+04  1.576141250E+02  3.326948217E+02  2.756354322E+02  2.399164426E+02  8.555531886E-01 
       221 -7.735023178E-03  1.074435380E-01 -2.626912607E-02  8.677935077E+04  1.580012118E+02  3.326890186E+02  2.756258148E+02  2.399977401E+02  8.542256132E-01 
       222 -6.047350445E-03  1.078135440E-01 -2.381048416E-02  8.669936843E+04  1.591558340E+02  3.325598685E+02  2.754118634E+02  2.412314011E+02  8.528166793E-01 
       223 -4.299611852E-03  1.081916589E-01 -2.139379423E-02  8.662335926E+04  1.594418263E+02  3.326585886E+02  2.755754187E+02  2.414037988E+02  8.526286813E-01 
       224 -2.461870607E-03  1.085505379E-01 -1.904289133E-02  8.665519105E+04  1.599984099E+02  3.325512407E+02  2.753976247E+02  2.417237843E+02  8.510222745E-01 
       225 -5.886173328E-04  1.088780789E-01 -1.671486844E-02  8.677303470E+04  1.598425666E+02  3.326968667E+02  2.756388422E+02  2.417976173E+02  8.525844967E-01 
       226  1.337912187E-03  1.092215599E-01 -1.443302686E-02  8.688926588E+04  1.597123584E+02  3.326038711E+02  2.754847304E+02  2.422147965E+02  8.553277910E-01 
       227  3.290030235E-03  1.094941851E-01 -1.216353628E-02  8.672533842E+04  1.592534658E+02  3.325105399E+02  2.753302519E+02  2.436003385E+02  8.632665281E-01 
       228  5.262023684E-03  1.097864070E-01 -9.913643549E-03  8.605100460E+04  1.602699307E+02  3.320738603E+02  2.746078402E+02  2.471344985E+02  8.710183475E-01 
       229  7.256339014E-03  1.100495762E-01 -7.679258903E-03  8.412507814E+04  1.649012577E+02  3.310150304E+02  2.728596500E+02  2.541107314E+02  8.714856372E-01 
       230  9.250945095E-03  1.102792579E-01 -5.441700620E-03  8.192855789E+04  1.728400797E+02  3.298630858E+02  2.709637679E+02  2.619721157E+02  8.585944789E-01 
       231  1.125130268E-02  1.105297001E-01 -3.209862298E-03  8.064694629E+04  1.796636591E+02  3.293664093E+02  2.701482534E+02  2.661570897E+02  8.376885392E-01 
       232  1.324504242E-02  1.107259366E-01 -9.692227629E-04  8.143843091E+04  1.833548245E+02  3.297977276E+02  2.708564186E+02  2.636792555E+02  8.099210039E-01 
       233  1.522818012E-02  1.109344875E-01  1.280794701E-03  8.332315967E+04  1.842949467E+02  3.308003941E+02  2.725067310E+02  2.585091810E+02  7.871135622E-01 
       234  1.717717000E-02  1.111306516E-01  3.565314237E-03  8.545910352E+04  1.831717587E+02  3.321069107E+02  2.746632805E+02  2.496371746E+02  7.629464567E-01 
       235  2.098827574E-02  1.115152878E-01  8.199040730E-03  8.920319629E+04  1.869400129E+02  3.341466694E+02  2.780475044E+02  2.369795647E+02  7.029983476E-01 
       236  2.283804163E-02  1.116790561E-01  1.055952489E-02  9.043864459E+04  1.912115418E+02  3.351598496E+02  2.797352393E+02  2.305251262E+02  6.605339418E-01 
       237  2.632960383E-02  1.121198866E-01  1.543269692E-02  9.111808545E+04  2.045426445E+02  3.353943958E+02  2.801271381E+02  2.306075211E+02  5.901344493E-01 
       238  2.959379811E-02  1.126564718E-01  2.044933110E-02  9.030815100E+04  2.214442024E+02  3.349139504E+02  2.793249006E+02  2.366862917E+02  5.211613597E-01 
       239  3.114059063E-02  1.129278581E-01  2.301118304E-02  8.979309080E+04  2.287805468E+02  3.348364980E+02  2.791957189E+02  2.394183670E+02  4.925421225E-01 
       240  3.264987762E-02  1.132456905E-01  2.559358749E-02  8.922513589E+04  2.360793380E+02  3.344392936E+02  2.785337747E+02  2.423943788E+02  4.652401854E-01 
       241  3.807676132E-02  1.146676712E-01  3.621643154E-02  8.778807650E+04  2.599973601E+02  3.337682358E+02  2.774170141E+02  2.505903331E+02  3.737008251E-01 
       242  3.928374460E-02  1.150413043E-01  3.894926042E-02  8.784958820E+04  2.656633439E+02  3.341054859E+02  2.779783907E+02  2.515858846E+02  3.488373559E-01 
       243  4.044503934E-02  1.154301055E-01  4.169676193E-02  8.822515225E+04  2.697518523E+02  3.344222200E+02  2.785057786E+02  2.513354080E+02  3.281341420E-01 
       244  4.154949506E-02  1.158110833E-01  4.446441861E-02  8.888779785E+04  2.729056816E+02  3.348175507E+02  2.791648197E+02  2.497432365E+02  3.071360737E-01 
       245  4.259018966E-02  1.161595968E-01  4.726780086E-02  8.979040654E+04  2.755545900E+02  3.352800218E+02  2.799371975E+02  2.471823056E+02  2.849748862E-01 
       246  4.357921759E-02  1.165132208E-01  5.008364009E-02  9.090446338E+04  2.779282179E+02  3.357715664E+02  2.807595577E+02  2.443548250E+02  2.634891104E-01 
       247  4.448002582E-02  1.168267471E-01  5.293502673E-02  9.223103199E+04  2.795722268E+02  3.363955769E+02  2.818031145E+02  2.411009727E+02  2.440493719E-01 
       248  4.534234860E-02  1.171711221E-01  5.579536500E-02  9.372580908E+04  2.804592724E+02  3.370872803E+02  2.829639835E+02  2.369822044E+02  2.258046344E-01 
       249  4.612355051E-02  1.174912616E-01  5.867935283E-02  9.508928809E+04  2.816750870E+02  3.377559700E+02  2.840883331E+02  2.331903915E+02  2.065116540E-01 
       250  4.681688670E-02  1.178330389E-01  6.158342338E-02  9.631499805E+04  2.824549713E+02  3.383956337E+02  2.851647606E+02  2.298158302E+02  1.916090362E-01 
       251  4.742483443E-02  1.181684938E-01  6.451168194E-02  9.736884570E+04  2.832314110E+02  3.389594574E+02  2.861146240E+02  2.270285892E+02  1.790361963E-01 
       252  4.796175059E-02  1.184973583E-01  6.744925218E-02  9.822057666E+04  2.846312504E+02  3.394024563E+02  2.868625717E+02  2.249848862E+02  1.655071704E-01 
       253  4.839690646E-02  1.188449776E-01  7.040346354E-02  9.884775507E+04  2.860503743E+02  3.396774639E+02  2.873272140E+02  2.236348747E+02  1.543920019E-01 
       254  4.867844520E-02  1.192029192E-01  7.337369276E-02  9.920055703E+04  2.878298021E+02  3.398407157E+02  2.876042172E+02  2.229732803E+02  1.437440114E-01 
       255  4.889804354E-02  1.195863964E-01  7.634446821E-02  9.952273497E+04  2.898594189E+02  3.398750619E+02  2.876623492E+02  2.223345482E+02  1.316132000E-01 
       256  4.901527392E-02  1.199575346E-01  7.936475415E-02  9.967147986E+04  2.924380460E+02  3.398726581E+02  2.876583174E+02  2.226976176E+02  1.198479387E-01 
       257  4.897414798E-02  1.207471392E-01  8.530893469E-02  9.959762109E+04  2.967848892E+02  3.400332031E+02  2.879293938E+02  2.242131157E+02  1.041213032E-01 
       258  4.879835866E-02  1.211503063E-01  8.827262235E-02  9.954264355E+04  2.992004089E+02  3.398257599E+02  2.875783005E+02  2.248606377E+02  9.405314270E-02 
       259  4.854576088E-02  1.215647590E-01  9.126615169E-02  9.959547498E+04  3.007056989E+02  3.397063404E+02  2.873760304E+02  2.257738197E+02  9.073600061E-02 
       260  4.818457029E-02  1.219712360E-01  9.420996830E-02  1.000063514E+05  3.013330889E+02  3.398264299E+02  2.875793887E+02  2.247574929E+02  8.426053270E-02 
       261  4.782320061E-02  1.224212570E-01  9.713670139E-02  1.005625259E+05  3.008182335E+02  3.401270866E+02  2.880892849E+02  2.232546406E+02  8.311078697E-02 
       262  4.734997920E-02  1.228526278E-01  1.001180955E-01  1.015362344E+05  3.001605034E+02  3.406311378E+02  2.889430504E+02  2.210692673E+02  7.950919215E-02 
       263  4.683890011E-02  1.232935874E-01  1.030087938E-01  1.028730021E+05  2.972594629E+02  3.415055304E+02  2.904291352E+02  2.164049835E+02  7.979342299E-02 
       264  4.566507936E-02  1.242316696E-01  1.088390156E-01  1.050575968E+05  2.925153555E+02  3.419829670E+02  2.912413120E+02  2.096688656E+02  8.504319100E-02 
       265  4.352639189E-02  1.257122811E-01  1.174848542E-01  1.081214666E+05  2.683692597E+02  3.450956549E+02  2.965712427E+02  1.855479346E+02  1.530490047E-01 
       266  4.289440586E-02  1.261798267E-01  1.203730247E-01  1.083613899E+05  2.627490674E+02  3.459805195E+02  2.980919569E+02  1.742378032E+02  1.491687934E-01 
       267  4.242365191E-02  1.265975250E-01  1.232861776E-01  1.080282511E+05  2.658391414E+02  3.462716884E+02  2.985929747E+02  1.661052986E+02  9.788261012E-02 
       268  4.208270049E-02  1.270006734E-01  1.262530889E-01  1.073005371E+05  2.605630341E+02  3.473646965E+02  3.004844818E+02  1.451774845E+02  6.202925229E-02 
       269  4.202415066E-02  1.273246053E-01  1.292418903E-01  1.069539215E+05  2.497803984E+02  3.480297576E+02  3.016324456E+02  1.377085225E+02  1.218079385E-01 
       270  4.218523596E-02  1.275849052E-01  1.322314117E-01  1.070598542E+05  2.429368290E+02  3.483432406E+02  3.021788481E+02  1.408809977E+02  1.881980316E-01 
       271  4.252691668E-02  1.278080741E-01  1.352038484E-01  1.071716456E+05  2.452776304E+02  3.484473083E+02  3.023627902E+02  1.503928226E+02  2.046539553E-01 
       272  4.296344289E-02  1.279984053E-01  1.381664338E-01  1.071048607E+05  2.497101577E+02  3.484155698E+02  3.023100768E+02  1.564796906E+02  1.951594356E-01 
       273  4.347514252E-02  1.281630447E-01  1.411197974E-01  1.068142788E+05  2.531076100E+02  3.482391405E+02  3.020022479E+02  1.610840797E+02  1.886787671E-01 
       274  4.403358971E-02  1.283124551E-01  1.440677535E-01  1.064945339E+05  2.554700695E+02  3.480164243E+02  3.016109123E+02  1.651561962E+02  1.877983252E-01 
       275  4.466583781E-02  1.284644007E-01  1.470000034E-01  1.063040502E+05  2.578134570E+02  3.474317161E+02  2.944139296E+02  1.692417663E+02  1.874465594E-01 
       276 -1.390154712E-02  1.725232616E-01 -4.600000033E-02  8.229501221E+04  1.821062008E+02  3.302163213E+02  2.715867853E+02  3.423818476E+02  1.009905009E+00 
       277 -1.389524734E-02  1.726308379E-01 -4.258575940E-02  8.260394132E+04  1.815976120E+02  3.302834344E+02  2.716542883E+02  3.422274525E+02  1.011385743E+00 
       278 -1.388827040E-02  1.727470810E-01 -3.919459871E-02  8.285691338E+04  1.812143976E+02  3.303734407E+02  2.718024127E+02  3.424680458E+02  1.013126600E+00 
       279 -1.387976982E-02  1.728866868E-01 -3.575874102E-02  8.288317240E+04  1.811735193E+02  3.304146012E+02  2.718701852E+02  3.428358772E+02  1.013891890E+00 
       280 -1.386962822E-02  1.730354599E-01 -3.234598001E-02  8.295493251E+04  1.814936867E+02  3.303565392E+02  2.717745583E+02  3.432946872E+02  1.013649124E+00 
       281 -1.385715910E-02  1.732129765E-01 -2.893478341E-02  8.245325071E+04  1.821227940E+02  3.301672456E+02  2.714631659E+02  3.447438815E+02  1.014249429E+00 
       282 -1.381464856E-02  1.733989484E-01 -2.553958976E-02  8.194848630E+04  1.825730929E+02  3.299037791E+02  2.710302296E+02  3.457051974E+02  1.014461447E+00 
       283 -1.334927366E-02  1.736519924E-01 -2.216152427E-02  8.126166371E+04  1.845517444E+02  3.294300759E+02  2.702526746E+02  3.479171056E+02  1.011791584E+00 
       284 -1.220387625E-02  1.739549638E-01 -1.896956374E-02  7.998003223E+04  1.883961391E+02  3.286540394E+02  2.689814205E+02  3.527681026E+02  1.007694051E+00 
       285 -1.057589609E-02  1.742731966E-01 -1.599005111E-02  7.841004723E+04  1.931677847E+02  3.277257718E+02  2.674643399E+02  3.563937229E+02  9.983103684E-01 
       286 -8.586070527E-03  1.745821273E-01 -1.323108332E-02  7.655535432E+04  1.981019235E+02  3.268958905E+02  2.661109724E+02  3.606989191E+02  9.898907930E-01 
       287 -6.371188279E-03  1.748941133E-01 -1.065117603E-02  7.599597454E+04  1.998296407E+02  3.268506722E+02  2.660374572E+02  3.601194461E+02  9.829176032E-01 
       288 -3.959984913E-03  1.752012559E-01 -8.251810021E-03  7.777227796E+04  1.989327607E+02  3.278445777E+02  2.676605878E+02  3.549943199E+02  9.761068926E-01 
       289 -1.474621790E-03  1.754287438E-01 -5.921768022E-03  8.253430275E+04  1.914257348E+02  3.303917428E+02  2.718440616E+02  3.458289272E+02  9.853868805E-01 
       290  1.096342236E-03  1.756586641E-01 -3.684409899E-03  8.896978508E+04  1.817203742E+02  3.332381626E+02  2.765416525E+02  3.338312734E+02  9.985955721E-01 
       291  3.722457199E-03  1.758529720E-01 -1.512169024E-03  9.189428613E+04  1.760697465E+02  3.343551865E+02  2.783944368E+02  3.256593046E+02  1.005402654E+00 
       292  6.390497491E-03  1.759799744E-01  6.206893580E-04  8.799380225E+04  1.776846266E+02  3.330696468E+02  2.762630234E+02  3.340284290E+02  1.013079911E+00 
       293  1.179759467E-02  1.761809281E-01  4.808741428E-03  7.644191602E+04  2.019442329E+02  3.266519852E+02  2.657193031E+02  3.650827255E+02  9.852768034E-01 
       294  1.450804596E-02  1.762121176E-01  6.883706551E-03  7.263957471E+04  2.086709900E+02  3.243306446E+02  2.619532280E+02  3.741744442E+02  9.806481749E-01 
       295  1.722225861E-02  1.762495216E-01  8.953048646E-03  7.065808008E+04  2.131982651E+02  3.230587463E+02  2.599015770E+02  3.807395935E+02  9.788550287E-01 
       296  1.993233776E-02  1.761597577E-01  1.102855473E-02  6.921883887E+04  2.178970432E+02  3.221008949E+02  2.583627739E+02  3.849587059E+02  9.719473794E-01 
       297  2.263244469E-02  1.760920636E-01  1.311525345E-02  6.745482813E+04  2.229851360E+02  3.209777012E+02  2.565643578E+02  3.900863380E+02  9.659296647E-01 
       298  2.532249661E-02  1.759768902E-01  1.521525865E-02  6.579576709E+04  2.296879177E+02  3.197675858E+02  2.546335382E+02  3.969732475E+02  9.586021341E-01 
       299  2.800116021E-02  1.758008440E-01  1.732596334E-02  6.541492407E+04  2.348220139E+02  3.193393421E+02  2.539519053E+02  3.990505257E+02  9.459404126E-01 
       300  3.066011949E-02  1.756198651E-01  1.946182943E-02  6.773828149E+04  2.355419860E+02  3.207465363E+02  2.562036462E+02  3.934803791E+02  9.313160088E-01 
       301  3.850917716E-02  1.748410184E-01  2.602581626E-02  8.685850415E+04  2.344829464E+02  3.336088581E+02  2.771568699E+02  3.348103619E+02  8.234932311E-01 
       302  4.358739934E-02  1.740919978E-01  3.053362568E-02  8.602305273E+04  2.349302778E+02  3.331264191E+02  2.763531027E+02  3.409716997E+02  8.328689523E-01 
       303  4.609287257E-02  1.736863543E-01  3.281922705E-02  8.514418042E+04  2.382912359E+02  3.328344679E+02  2.758685207E+02  3.436042118E+02  8.262900710E-01 
       304  4.855845708E-02  1.731970535E-01  3.512834265E-02  8.485254712E+04  2.440585332E+02  3.324240761E+02  2.751874008E+02  3.456840677E+02  8.102611434E-01 
       305  5.100043215E-02  1.726458906E-01  3.745772352E-02  8.568246436E+04  2.469748158E+02  3.331119008E+02  2.763282175E+02  3.431320066E+02  7.960739955E-01 
       306  5.340036417E-02  1.720848619E-01  3.982071753E-02  8.869561011E+04  2.483944864E+02  3.348401194E+02  2.792074974E+02  3.354712148E+02  7.785068369E-01 
       307  5.576533568E-02  1.714326002E-01  4.220398857E-02  9.413126706E+04  2.473256145E+02  3.376241561E+02  2.838724951E+02  3.225591216E+02  7.614971497E-01 
       308  5.808130114E-02  1.707532671E-01  4.462162642E-02  9.988523525E+04  2.457966849E+02  3.404855145E+02  2.887031375E+02  3.077588006E+02  7.441425605E-01 
       309  6.913202621E-02  1.670049815E-01  5.708998555E-02  1.127377733E+05  2.425013590E+02  3.469593372E+02  2.997808995E+02  2.736673584E+02  7.104349956E-01 
       310  7.325557335E-02  1.653928843E-01  6.228962682E-02  1.157930112E+05  2.408339465E+02  3.484609959E+02  3.023806243E+02  2.658932390E+02  7.079342767E-01 
       311  7.526114685E-02  1.645964451E-01  6.493668120E-02  1.168292920E+05  2.398637314E+02  3.488286457E+02  3.030187073E+02  2.629381905E+02  7.099655829E-01 
       312  8.099008587E-02  1.620989224E-01  7.305121222E-02  1.187124258E+05  2.385760708E+02  3.494343491E+02  3.040708618E+02  2.580079174E+02  7.095537037E-01 
       313  8.281625202E-02  1.612441772E-01  7.580722199E-02  1.189409326E+05  2.389570045E+02  3.493586655E+02  3.039391823E+02  2.568691673E+02  7.075184062E-01 
       314  8.462318717E-02  1.604029889E-01  7.856519154E-02  1.190764280E+05  2.387133923E+02  3.493200912E+02  3.038720245E+02  2.564510918E+02  7.095817905E-01 
       315  8.638808364E-02  1.595156660E-01  8.135371941E-02  1.191114683E+05  2.386015272E+02  3.491885338E+02  3.036430535E+02  2.565079403E+02  7.108922843E-01 
       316  8.818531781E-02  1.586346563E-01  8.418846896E-02  1.191081798E+05  2.382566527E+02  3.489812264E+02  3.032825471E+02  2.561675368E+02  7.104133405E-01 
       317  9.153487112E-02  1.568453452E-01  8.985396979E-02  1.190132059E+05  2.375040464E+02  3.489417949E+02  3.032145133E+02  2.551176906E+02  7.130115777E-01 
       318  9.319079870E-02  1.559467714E-01  9.269883327E-02  1.189508984E+05  2.376905479E+02  3.488985348E+02  3.031395531E+02  2.545132179E+02  7.119150162E-01 
       319  9.639067810E-02  1.541493463E-01  9.845101971E-02  1.189848809E+05  2.385426922E+02  3.486889763E+02  3.027749710E+02  2.548569431E+02  7.099279650E-01 
       320  9.789700787E-02  1.532238030E-01  1.013752208E-01  1.189426899E+05  2.390304074E+02  3.485872540E+02  3.025982299E+02  2.547151718E+02  7.068824321E-01 
       321  9.939560036E-02  1.523575645E-01  1.043121280E-01  1.188764180E+05  2.394962006E+02  3.484307556E+02  3.023264179E+02  2.548640690E+02  7.057996392E-01 
       322  1.008373928E-01  1.515239935E-01  1.072922639E-01  1.187672197E+05  2.398507843E+02  3.482631798E+02  3.020356369E+02  2.554663944E+02  7.056428865E-01 
       323  1.021925752E-01  1.507164957E-01  1.103173974E-01  1.186925281E+05  2.412755542E+02  3.480300493E+02  3.016317444E+02  2.565802326E+02  7.007971499E-01 
       324  1.063175391E-01  1.486079647E-01  1.265700906E-01  1.182112383E+05  2.408366432E+02  3.489287415E+02  3.031952019E+02  2.557468796E+02  7.042836994E-01 
       325  1.064822206E-01  1.487022474E-01  1.299738775E-01  1.183471719E+05  2.365318642E+02  3.504206467E+02  3.057952805E+02  2.459170074E+02  7.154991776E-01 
       326  1.066476119E-01  1.488146338E-01  1.333799290E-01  1.182568945E+05  2.309146385E+02  3.518135719E+02  3.082287903E+02  2.291007156E+02  7.320172787E-01 
       327  1.068180965E-01  1.489318139E-01  1.367854531E-01  1.180435176E+05  2.276045303E+02  3.524357605E+02  3.093174896E+02  2.180839157E+02  7.451694384E-01 
       328  1.069979625E-01  1.490578552E-01  1.401905319E-01  1.179662061E+05  2.292368641E+02  3.519494781E+02  3.084659977E+02  2.249273567E+02  7.424522787E-01 
       329  1.071817424E-01  1.491887345E-01  1.435955648E-01  1.180542363E+05  2.363031816E+02  3.503302441E+02  3.055029221E+02  2.445386791E+02  7.202701457E-01 
       330  1.073851999E-01  1.493347905E-01  1.470000044E-01  1.180038086E+05  2.442971191E+02  3.483319321E+02  3.012431793E+02  2.647433701E+02  7.031084001E-01 
       331 -5.132010553E-03  2.399711247E-01 -4.600000034E-02  8.378139404E+04  1.732209949E+02  3.311998272E+02  2.726369228E+02  4.384152870E+02  1.164555207E+00 
       332 -5.128125210E-03  2.399809281E-01 -4.210430258E-02  8.445371924E+04  1.745992312E+02  3.309070883E+02  2.726815391E+02  4.396933346E+02  1.162463762E+00 
       333 -5.125201508E-03  2.399922328E-01 -3.820870464E-02  8.350224353E+04  1.772781235E+02  3.303334761E+02  2.717383351E+02  4.421517706E+02  1.158422783E+00 
       334 -5.121813889E-03  2.400095995E-01 -3.431329778E-02  8.161987778E+04  1.813657863E+02  3.294654881E+02  2.703125757E+02  4.459320524E+02  1.152313955E+00 
       335 -5.119016059E-03  2.400291916E-01 -3.041776666E-02  7.968798382E+04  1.862985121E+02  3.285233741E+02  2.687688058E+02  4.497519815E+02  1.144161431E+00 
       336 -5.114574788E-03  2.400538233E-01 -2.652182619E-02  7.838838365E+04  1.890744146E+02  3.280590045E+02  2.680081383E+02  4.508717036E+02  1.138413149E+00 
       337 -5.109553763E-03  2.400828758E-01 -2.262552630E-02  7.806593201E+04  1.891626647E+02  3.281935234E+02  2.682290258E+02  4.499234991E+02  1.137135042E+00 
       338 -5.103895973E-03  2.401152952E-01 -1.872899116E-02  8.029651343E+04  1.853512131E+02  3.292913406E+02  2.700287793E+02  4.460785053E+02  1.142622589E+00 
       339 -4.925504783E-03  2.402473149E-01 -7.056915668E-03  8.795909782E+04  1.702961543E+02  3.323866091E+02  2.751327102E+02  4.321433331E+02  1.167828969E+00 
       340 -3.715119829E-03  2.403023013E-01 -3.373311706E-03  8.185174023E+04  1.802949554E+02  3.302530437E+02  2.716174831E+02  4.431803615E+02  1.153833006E+00 
       341 -1.562012846E-03  2.403581740E-01 -1.360753051E-04  7.850640041E+04  1.906166264E+02  3.281545388E+02  2.681675812E+02  4.548084171E+02  1.139493396E+00 
       342  1.133764527E-03  2.404094608E-01  2.675248428E-03  7.855178052E+04  1.917294593E+02  3.277586050E+02  2.675189705E+02  4.517945557E+02  1.133299854E+00 
       343  4.137632423E-03  2.404197044E-01  5.149238455E-03  7.970340329E+04  1.869881515E+02  3.283749962E+02  2.685256556E+02  4.470150757E+02  1.139947707E+00 
       344  7.316400202E-03  2.403253331E-01  7.399564588E-03  8.005714131E+04  1.834779017E+02  3.288399473E+02  2.692856045E+02  4.468183574E+02  1.149095333E+00 
       345  1.395577155E-02  2.400667001E-01  1.148649181E-02  8.607162793E+04  1.735866051E+02  3.315468292E+02  2.737471504E+02  4.380786743E+02  1.165023129E+00 
       346  1.735065466E-02  2.397965962E-01  1.337576268E-02  9.024865527E+04  1.597542248E+02  3.337789574E+02  2.774408188E+02  4.306722221E+02  1.192780912E+00 
       347  2.419161170E-02  2.391929427E-01  1.704637434E-02  7.960074414E+04  1.853872528E+02  3.290999374E+02  2.697177010E+02  4.459887619E+02  1.143729672E+00 
       348  2.761839379E-02  2.387452844E-01  1.884103948E-02  7.949571582E+04  1.869839916E+02  3.288144989E+02  2.692454643E+02  4.476386871E+02  1.141384810E+00 
       349  3.105226563E-02  2.382885234E-01  2.062260888E-02  8.064723877E+04  1.844611320E+02  3.296060295E+02  2.705428772E+02  4.457569046E+02  1.145795174E+00 
       350  3.788868369E-02  2.371344800E-01  2.417075674E-02  8.062567725E+04  1.855175514E+02  3.296850815E+02  2.706721840E+02  4.436701927E+02  1.141221814E+00 
       351  4.468291751E-02  2.357525484E-01  2.771953789E-02  8.028167285E+04  1.900782890E+02  3.291392899E+02  2.697791996E+02  4.475101357E+02  1.135487273E+00 
       352  4.805699300E-02  2.349490393E-01  2.948953136E-02  8.071797327E+04  1.912787313E+02  3.292838788E+02  2.700169520E+02  4.470030918E+02  1.134030443E+00 
       353  5.140582287E-02  2.340778219E-01  3.127771149E-02  8.078303906E+04  1.910248318E+02  3.294328060E+02  2.702597256E+02  4.461250172E+02  1.135691725E+00 
       354  5.473006301E-02  2.331020583E-01  3.305777180E-02  8.001055469E+04  1.939710178E+02  3.289214783E+02  2.694218826E+02  4.475857544E+02  1.131990567E+00 
       355  5.803984836E-02  2.320923676E-01  3.484458617E-02  7.850254688E+04  1.963801441E+02  3.281095676E+02  2.680931072E+02  4.497742729E+02  1.130467810E+00 
       356  6.132921494E-02  2.310454118E-01  3.665150486E-02  7.663183780E+04  2.007366004E+02  3.270676398E+02  2.663943918E+02  4.525921694E+02  1.124860349E+00 
       357  6.777528194E-02  2.285846393E-01  4.027160278E-02  8.521520703E+04  2.148280869E+02  3.327266045E+02  2.757250595E+02  4.300421371E+02  1.066853866E+00 
       358  7.097972553E-02  2.273472007E-01  4.209367684E-02  9.216122559E+04  2.304186840E+02  3.359733353E+02  2.811050739E+02  4.129830780E+02  1.011610523E+00 
       359  7.412444428E-02  2.259565065E-01  4.393674079E-02  9.092152393E+04  2.340475335E+02  3.346077862E+02  2.788252649E+02  4.179305630E+02  1.009211948E+00 
       360  7.725834663E-02  2.245514312E-01  4.577102978E-02  8.714334229E+04  2.342072344E+02  3.331270733E+02  2.763549747E+02  4.256646309E+02  1.017008588E+00 
       361  8.037011026E-02  2.231435234E-01  4.763983740E-02  8.980156445E+04  2.321895828E+02  3.351159439E+02  2.796806755E+02  4.208706360E+02  1.019991845E+00 
       362  8.343109451E-02  2.215945322E-01  4.950276897E-02  1.032612571E+05  2.217815661E+02  3.412516842E+02  2.900359302E+02  3.941656632E+02  1.032384068E+00 
       363  8.646988642E-02  2.201046420E-01  5.141624103E-02  1.218218740E+05  2.106330705E+02  3.480508318E+02  3.016995034E+02  3.589953318E+02  1.050381441E+00 
       364  9.242245520E-02  2.169732682E-01  5.534503106E-02  1.189860120E+05  2.200349994E+02  3.499449444E+02  3.049859238E+02  3.525678844E+02  1.005782794E+00 
       365  9.533631835E-02  2.153857768E-01  5.738443174E-02  1.165443536E+05  2.231645625E+02  3.492633691E+02  3.038117437E+02  3.559741960E+02  9.936415199E-01 
       366  9.819952312E-02  2.138016843E-01  5.949569436E-02  1.167342744E+05  2.261181736E+02  3.497070637E+02  3.045882854E+02  3.527331409E+02  9.805328324E-01 
       367  1.009694591E-01  2.121295788E-01  6.167326851E-02  1.187732822E+05  2.277211437E+02  3.512284889E+02  3.072418509E+02  3.440244513E+02  9.701258745E-01 
       368  1.037116704E-01  2.105064985E-01  6.390540356E-02  1.202921157E+05  2.309973536E+02  3.522950125E+02  3.091048288E+02  3.392839003E+02  9.555082060E-01 
       369  1.064180189E-01  2.088777679E-01  6.618856681E-02  1.208992700E+05  2.331235294E+02  3.526284637E+02  3.096894550E+02  3.366102467E+02  9.452056624E-01 
       370  1.090480686E-01  2.071800512E-01  6.850700508E-02  1.211852339E+05  2.345035925E+02  3.528312569E+02  3.100475349E+02  3.369565201E+02  9.389502890E-01 
       371  1.116790455E-01  2.055210471E-01  7.084353951E-02  1.214778135E+05  2.384847636E+02  3.529466248E+02  3.102525949E+02  3.347563081E+02  9.253677931E-01 
       372  1.142974452E-01  2.038484190E-01  7.319785208E-02  1.218398420E+05  2.386541171E+02  3.531532841E+02  3.106172123E+02  3.319766102E+02  9.227122813E-01 
       373  1.168416696E-01  2.021295301E-01  7.558130371E-02  1.221886929E+05  2.376838989E+02  3.536550388E+02  3.115070210E+02  3.308513126E+02  9.241140187E-01 
       374  1.193277496E-01  2.004108846E-01  7.805168345E-02  1.223662440E+05  2.368182902E+02  3.541276512E+02  3.123483438E+02  3.305102282E+02  9.258725168E-01 
       375  1.217693779E-01  1.987784452E-01  8.060399866E-02  1.224497200E+05  2.343330917E+02  3.543843555E+02  3.128039942E+02  3.292227011E+02  9.331908152E-01 
       376  1.240793489E-01  1.970470446E-01  8.322373237E-02  1.227092954E+05  2.295781679E+02  3.543385601E+02  3.127232409E+02  3.274149380E+02  9.474003725E-01 
       377  1.263696524E-01  1.953872062E-01  8.590193330E-02  1.231227700E+05  2.236684682E+02  3.546494331E+02  3.132640580E+02  3.241246258E+02  9.650495257E-01 
       378  1.285811840E-01  1.937639536E-01  8.866989816E-02  1.232419918E+05  2.194889472E+02  3.532429061E+02  3.107697544E+02  3.313484006E+02  9.772941470E-01 
       379  1.378530526E-01  1.861918564E-01  1.119425893E-01  1.224379526E+05  2.239352531E+02  3.544480906E+02  3.128679428E+02  3.217425842E+02  9.613355137E-01 
       380  1.378280879E-01  1.861358471E-01  1.158380052E-01  1.221497361E+05  2.248130112E+02  3.553638296E+02  3.144856386E+02  3.083644695E+02  9.585650526E-01 
       381  1.378172244E-01  1.861105784E-01  1.197328496E-01  1.218264297E+05  2.292587943E+02  3.557224050E+02  3.151194034E+02  3.033548970E+02  9.449209440E-01 
       382  1.378137064E-01  1.861013403E-01  1.236281983E-01  1.223935897E+05  2.316650438E+02  3.554765236E+02  3.146854572E+02  3.133993576E+02  9.345499054E-01 
       383  1.378232998E-01  1.861207539E-01  1.275238734E-01  1.229282330E+05  2.303332778E+02  3.545992357E+02  3.131384249E+02  3.258888012E+02  9.402927364E-01 
       384  1.378388478E-01  1.861485149E-01  1.314192119E-01  1.230259698E+05  2.276542965E+02  3.532767988E+02  3.108091856E+02  3.366288870E+02  9.506083081E-01 
       385  1.378667705E-01  1.861922064E-01  1.353144338E-01  1.228724815E+05  2.236699593E+02  3.527672458E+02  3.099137123E+02  3.347447221E+02  9.619112350E-01 
       386  1.378917792E-01  1.862393165E-01  1.392095884E-01  1.228382206E+05  2.221860888E+02  3.525600122E+02  3.095471538E+02  3.324142891E+02  9.658159097E-01 
       387  1.379128913E-01  1.862912877E-01  1.431056120E-01  1.229485969E+05  2.220684537E+02  3.527726018E+02  3.098294871E+02  3.301809522E+02  9.659906938E-01 
       388  1.379274402E-01  1.863453723E-01  1.469999959E-01  1.231533481E+05  2.212548251E+02  3.536434197E+02  3.110879741E+02  3.262020831E+02  9.685600698E-01 
       389 -3.389247132E-02  1.007789921E-01 -4.300551245E-02  8.752165820E+04  1.541740608E+02  3.330233459E+02  2.761800709E+02  2.359512901E+02  8.588044308E-01 
       390 -3.372456358E-02  1.010433636E-01 -4.002223516E-02  8.742109271E+04  1.547817088E+02  3.329792697E+02  2.761070203E+02  2.365868006E+02  8.578805569E-01 
       391 -3.329024078E-02  1.014074167E-01 -3.707963811E-02  8.732322052E+04  1.549337150E+02  3.329698786E+02  2.760913671E+02  2.369059376E+02  8.585012779E-01 
       392 -3.255620303E-02  1.018883264E-01 -3.421559131E-02  8.722406238E+04  1.556107139E+02  3.329129603E+02  2.759969519E+02  2.375032580E+02  8.572424763E-01 
       393 -3.153373485E-02  1.024554568E-01 -3.145384174E-02  8.710946062E+04  1.566468078E+02  3.328037806E+02  2.758160111E+02  2.383941595E+02  8.551445841E-01 
       394 -3.028950121E-02  1.031058036E-01 -2.880322264E-02  8.698790242E+04  1.573860386E+02  3.327236090E+02  2.756831495E+02  2.397138250E+02  8.561577009E-01 
       395 -2.888173412E-02  1.037838005E-01 -2.624318977E-02  8.687855591E+04  1.581524705E+02  3.326493689E+02  2.755600708E+02  2.402527718E+02  8.543622767E-01 
       396 -2.733119538E-02  1.044792183E-01 -2.377110822E-02  8.680389571E+04  1.587187207E+02  3.326142233E+02  2.755018606E+02  2.408823070E+02  8.539069391E-01 
       397 -2.568342124E-02  1.052055751E-01 -2.135968630E-02  8.672512828E+04  1.591202665E+02  3.325936237E+02  2.754677308E+02  2.414664711E+02  8.543806553E-01 
       398 -2.397735570E-02  1.059146334E-01 -1.899049647E-02  8.652621213E+04  1.596757464E+02  3.324876146E+02  2.752921629E+02  2.425395059E+02  8.558122907E-01 
       399 -2.220871387E-02  1.066063154E-01 -1.667396516E-02  8.619462515E+04  1.607140425E+02  3.323026496E+02  2.749859997E+02  2.442452751E+02  8.566975838E-01 
       400 -2.041003203E-02  1.073389070E-01 -1.437512078E-02  8.568235272E+04  1.617990389E+02  3.320760365E+02  2.746112481E+02  2.466293249E+02  8.597284066E-01 
       401 -1.856976066E-02  1.079715131E-01 -1.211630566E-02  8.504378449E+04  1.647737342E+02  3.316853226E+02  2.739652339E+02  2.493680359E+02  8.540532494E-01 
       402 -1.670953655E-02  1.086522831E-01 -9.860640570E-03  8.439806369E+04  1.684004664E+02  3.313247261E+02  2.733699570E+02  2.524598639E+02  8.461662019E-01 
       403 -1.482329113E-02  1.093026603E-01 -7.620995183E-03  8.439777492E+04  1.708960238E+02  3.313492314E+02  2.734104022E+02  2.524389523E+02  8.334809834E-01 
       404 -1.292306254E-02  1.099268373E-01 -5.385291055E-03  8.535562476E+04  1.715243816E+02  3.318880711E+02  2.743006535E+02  2.500987825E+02  8.225840777E-01 
       405 -1.101845801E-02  1.105590611E-01 -3.137660868E-03  8.702213419E+04  1.703994244E+02  3.327805638E+02  2.757780620E+02  2.438533111E+02  8.078711582E-01 
       406 -9.120841472E-03  1.111701815E-01 -8.914052251E-04  8.945370102E+04  1.671983496E+02  3.341157600E+02  2.779954789E+02  2.354749817E+02  7.989190512E-01 
       407 -7.240675928E-03  1.117476218E-01  1.353994698E-03  9.294718204E+04  1.635548527E+02  3.358932619E+02  2.809622484E+02  2.226990068E+02  7.811744986E-01 
       408 -5.370549944E-03  1.123083196E-01  3.627204146E-03  9.644124817E+04  1.637535434E+02  3.376463299E+02  2.839019847E+02  2.087352395E+02  7.424323391E-01 
       409 -3.530590186E-03  1.128981262E-01  5.933484609E-03  9.856585289E+04  1.762495080E+02  3.383318701E+02  2.850564412E+02  2.063206475E+02  6.643735571E-01 
       410 -1.726912218E-03  1.134387153E-01  8.259926622E-03  9.813304199E+04  1.841384830E+02  3.386137977E+02  2.855309639E+02  2.033057075E+02  6.104101157E-01 
       411  3.734044288E-05  1.140039107E-01  1.062617763E-02  9.730859814E+04  1.939368181E+02  3.381416035E+02  2.847347918E+02  2.083825336E+02  5.700970078E-01 
       412  1.740848712E-03  1.145879687E-01  1.302702968E-02  9.648694857E+04  2.016854317E+02  3.377621931E+02  2.840963149E+02  2.128683755E+02  5.420215932E-01 
       413  3.387617433E-03  1.151172021E-01  1.547343878E-02  9.592970181E+04  2.078951510E+02  3.375403283E+02  2.837232520E+02  2.142053187E+02  5.131504199E-01 
       414  4.957112811E-03  1.157081541E-01  1.796238578E-02  9.538823413E+04  2.153934035E+02  3.371582332E+02  2.830812740E+02  2.178594661E+02  4.850139553E-01 
       415  6.462677552E-03  1.163151534E-01  2.048609031E-02  9.467243091E+04  2.221108360E+02  3.367869501E+02  2.824580798E+02  2.221516008E+02  4.643729050E-01 
       416  7.926557233E-03  1.168909271E-01  2.304605918E-02  9.402253674E+04  2.277497540E+02  3.364858150E+02  2.819530780E+02  2.260942619E+02  4.486221345E-01 
       417  9.338612782E-03  1.175119790E-01  2.562398907E-02  9.366160990E+04  2.326943993E+02  3.362806385E+02  2.816093501E+02  2.286177526E+02  4.326572964E-01 
       418  1.068984297E-02  1.181121478E-01  2.822455248E-02  9.349877570E+04  2.378312971E+02  3.361109332E+02  2.813251109E+02  2.304725807E+02  4.133732433E-01 
       419  1.198650266E-02  1.187330819E-01  3.085849659E-02  9.342192120E+04  2.429662627E+02  3.359734921E+02  2.810953391E+02  2.317298092E+02  3.921441685E-01 
       420  1.322982934E-02  1.193430432E-01  3.352159396E-02  9.337211095E+04  2.467362047E+02  3.360367815E+02  2.812012348E+02  2.321984581E+02  3.759277283E-01 
       421  1.439865389E-02  1.199672983E-01  3.621509854E-02  9.353118396E+04  2.504332691E+02  3.361441402E+02  2.813808636E+02  2.326059476E+02  3.596718153E-01 
       422  1.553995729E-02  1.205631245E-01  3.892438234E-02  9.396455862E+04  2.536170407E+02  3.363700212E+02  2.817591119E+02  2.319129550E+02  3.420397611E-01 
       423  1.662952250E-02  1.211745408E-01  4.165332372E-02  9.452616748E+04  2.565265216E+02  3.366054988E+02  2.821538104E+02  2.312838422E+02  3.262558964E-01 
       424  1.764894372E-02  1.217373945E-01  4.441857664E-02  9.529638721E+04  2.585560692E+02  3.369663103E+02  2.827594566E+02  2.296057956E+02  3.115861561E-01 
       425  1.861873940E-02  1.222791769E-01  4.720617614E-02  9.636264514E+04  2.597981540E+02  3.374976418E+02  2.836517125E+02  2.267002125E+02  2.967365357E-01 
       426  1.950820179E-02  1.228336643E-01  5.001741530E-02  9.746324777E+04  2.610070171E+02  3.380495203E+02  2.845805744E+02  2.235623605E+02  2.814233181E-01 
       427  2.036944420E-02  1.233245632E-01  5.285072558E-02  9.858307660E+04  2.622100599E+02  3.386506287E+02  2.855932279E+02  2.200764688E+02  2.642546489E-01 
       428  2.117157025E-02  1.238295963E-01  5.569831964E-02  9.973119617E+04  2.637686901E+02  3.391863871E+02  2.864975672E+02  2.171023207E+02  2.471233781E-01 
       429  2.190592593E-02  1.242947792E-01  5.857026217E-02  1.007640938E+05  2.656109371E+02  3.396328964E+02  2.872521639E+02  2.148784351E+02  2.307833256E-01 
       430  2.257248913E-02  1.247551336E-01  6.145961794E-02  1.016467974E+05  2.676102257E+02  3.400217857E+02  2.879102936E+02  2.131585035E+02  2.154428605E-01 
       431  2.314781749E-02  1.251835029E-01  6.437124902E-02  1.023176519E+05  2.697342539E+02  3.403517971E+02  2.884692402E+02  2.114965692E+02  1.991939708E-01 
       432  2.363318974E-02  1.255957621E-01  6.730774801E-02  1.028307865E+05  2.723356972E+02  3.405764847E+02  2.888501191E+02  2.102578232E+02  1.815321490E-01 
       433  2.402789138E-02  1.260195069E-01  7.025072331E-02  1.032021772E+05  2.750958385E+02  3.407846527E+02  2.892033272E+02  2.094576426E+02  1.644836050E-01 
       434  2.431727977E-02  1.264030352E-01  7.321094069E-02  1.034221064E+05  2.780183277E+02  3.409304504E+02  2.894508266E+02  2.090280666E+02  1.474897014E-01 
       435  2.453016930E-02  1.268032789E-01  7.617447467E-02  1.034817808E+05  2.811525054E+02  3.409967985E+02  2.895635123E+02  2.093700562E+02  1.322273845E-01 
       436  2.462079541E-02  1.271795605E-01  7.915094878E-02  1.033544349E+05  2.845982282E+02  3.410001299E+02  2.895691423E+02  2.103701057E+02  1.173347222E-01 
       437  2.463902970E-02  1.275610820E-01  8.212637731E-02  1.028604534E+05  2.888405986E+02  3.407607498E+02  2.891628904E+02  2.127612591E+02  1.031935379E-01 
       438  2.457492051E-02  1.279220853E-01  8.510260082E-02  1.020817419E+05  2.934871423E+02  3.403694540E+02  2.884991774E+02  2.165968072E+02  9.253314597E-02 
       439  2.441429013E-02  1.282749863E-01  8.807550525E-02  1.007596882E+05  2.975125512E+02  3.397660201E+02  2.874769034E+02  2.216193834E+02  9.062397838E-02 
       440  2.420234297E-02  1.286273229E-01  9.105186832E-02  9.986888812E+04  2.983704034E+02  3.393733125E+02  2.868128005E+02  2.255593020E+02  1.037352370E-01 
       441  2.388558350E-02  1.289647853E-01  9.401845916E-02  9.991231290E+04  2.965204555E+02  3.394011011E+02  2.868597634E+02  2.253141413E+02  1.155828766E-01 
       442  2.351928731E-02  1.293134864E-01  9.696958543E-02  1.004289597E+05  2.938939548E+02  3.396531173E+02  2.872859017E+02  2.240182634E+02  1.278910144E-01 
       443  2.306449285E-02  1.296327241E-01  9.991680403E-02  1.011384619E+05  2.916355181E+02  3.399623203E+02  2.878092203E+02  2.218229842E+02  1.341705834E-01 
       444  2.257188759E-02  1.299515661E-01  1.028605699E-01  1.019199688E+05  2.893917522E+02  3.403058577E+02  2.883911858E+02  2.191929665E+02  1.386847189E-01 
       445  2.201092100E-02  1.302726916E-01  1.057899135E-01  1.028431301E+05  2.869282156E+02  3.407411866E+02  2.891294862E+02  2.161727824E+02  1.431912532E-01 
       446  2.143382683E-02  1.305960230E-01  1.087107054E-01  1.038776603E+05  2.838415266E+02  3.413131129E+02  2.901009572E+02  2.125526041E+02  1.494073867E-01 
       447  2.076802587E-02  1.309307408E-01  1.116221513E-01  1.049769805E+05  2.812049828E+02  3.419036884E+02  2.911058903E+02  2.076576786E+02  1.482485672E-01 
       448  2.010215597E-02  1.312657467E-01  1.145293522E-01  1.058580537E+05  2.791446896E+02  3.424632235E+02  2.920592737E+02  2.036943617E+02  1.474631401E-01 
       449  1.945135245E-02  1.316056955E-01  1.174374795E-01  1.065255410E+05  2.776904676E+02  3.429226043E+02  2.928432748E+02  2.009716825E+02  1.480083381E-01 
       450  1.885387307E-02  1.319548677E-01  1.203553293E-01  1.069898689E+05  2.769641993E+02  3.431719522E+02  2.932693269E+02  1.993826169E+02  1.485691821E-01 
       451  1.837479322E-02  1.322913677E-01  1.233018373E-01  1.073274172E+05  2.762815552E+02  3.433409033E+02  2.935583324E+02  1.984164405E+02  1.513374718E-01 
       452  1.811263581E-02  1.325954541E-01  1.262715907E-01  1.075737056E+05  2.756221027E+02  3.434860001E+02  2.938066158E+02  1.976786823E+02  1.548234178E-01 
       453  1.805653049E-02  1.328847135E-01  1.292554963E-01  1.076775000E+05  2.753942819E+02  3.435473428E+02  2.939115305E+02  1.977348909E+02  1.586896523E-01 
       454  1.819877737E-02  1.331672438E-01  1.322380588E-01  1.076578050E+05  2.756178427E+02  3.435466874E+02  2.939104093E+02  1.987495952E+02  1.633326441E-01 
       455  1.852494771E-02  1.334510277E-01  1.352129826E-01  1.075198519E+05  2.764245245E+02  3.434456561E+02  2.937374743E+02  2.008044897E+02  1.683360114E-01 
       456  1.890761882E-02  1.337081709E-01  1.381756048E-01  1.072865511E+05  2.770423193E+02  3.433680655E+02  2.936046295E+02  2.028296610E+02  1.741718102E-01 
       457  1.937808835E-02  1.339540030E-01  1.411279949E-01  1.070044998E+05  2.776242142E+02  3.432902792E+02  2.934715712E+02  2.046898079E+02  1.795674565E-01 
       458  1.989552602E-02  1.341916383E-01  1.440726902E-01  1.066986845E+05  2.783645646E+02  3.431856582E+02  2.932927004E+02  2.062882582E+02  1.830177423E-01 
       459  2.048114376E-02  1.344526817E-01  1.469999956E-01  1.062988281E+05  2.793583326E+02  3.430331039E+02  2.930352097E+02  2.084589491E+02  1.866096724E-01 
       460 -4.772920012E-02  1.664853148E-01 -4.258181757E-02  8.245943481E+04  1.817838313E+02  3.302336726E+02  2.715724874E+02  3.433700317E+02  1.012842455E+00 
       461 -4.770031945E-02  1.666117663E-01 -3.916302660E-02  8.229947040E+04  1.812524019E+02  3.302051215E+02  2.715256386E+02  3.427898672E+02  1.013680189E+00 
       462 -4.768621633E-02  1.667606858E-01 -3.574527808E-02  8.198807898E+04  1.829644139E+02  3.299242783E+02  2.710643029E+02  3.445051675E+02  1.010989690E+00 
       463 -4.773671611E-02  1.669008759E-01 -3.232563070E-02  8.149428394E+04  1.850688238E+02  3.295692005E+02  2.704811687E+02  3.471526728E+02  1.008662846E+00 
       464 -4.779814392E-02  1.670685917E-01 -2.890641835E-02  8.091487036E+04  1.858983202E+02  3.293240356E+02  2.700787745E+02  3.483916187E+02  1.008139338E+00 
       465 -4.772832030E-02  1.672854950E-01 -2.549705171E-02  8.024900952E+04  1.886033113E+02  3.288667893E+02  2.693295584E+02  3.508561454E+02  1.003625633E+00 
       466 -4.733274936E-02  1.676197526E-01 -2.211766833E-02  7.959271814E+04  1.918711426E+02  3.284062667E+02  2.685757060E+02  3.536219635E+02  9.979843367E-01 
       467 -4.646629434E-02  1.680852894E-01 -1.884685997E-02  7.938277670E+04  1.948349859E+02  3.282030572E+02  2.682438008E+02  3.549389828E+02  9.926911844E-01 
       468 -4.497458874E-02  1.687177674E-01 -1.583913045E-02  8.095970776E+04  1.939854360E+02  3.290413017E+02  2.696182084E+02  3.508362474E+02  9.918217454E-01 
       469 -4.311049959E-02  1.694263862E-01 -1.306511329E-02  8.409923706E+04  1.891270552E+02  3.307724323E+02  2.724632163E+02  3.425123634E+02  9.954645447E-01 
       470 -4.101650432E-02  1.701661907E-01 -1.047820325E-02  8.688285596E+04  1.833055820E+02  3.322939034E+02  2.749731045E+02  3.351644554E+02  1.003919143E+00 
       471 -3.872443978E-02  1.709287414E-01 -8.043812788E-03  8.721937073E+04  1.799417295E+02  3.324570217E+02  2.752432222E+02  3.326820121E+02  1.010467410E+00 
       472 -3.634257562E-02  1.716543837E-01 -5.706210795E-03  8.512106348E+04  1.808946142E+02  3.313382015E+02  2.733959522E+02  3.407093334E+02  1.018407106E+00 
       473 -3.384972842E-02  1.724025179E-01 -3.469956820E-03  8.115509265E+04  1.877854841E+02  3.291442163E+02  2.697892320E+02  3.503271623E+02  1.010465264E+00 
       474 -3.133060076E-02  1.731099844E-01 -1.271304633E-03  7.679793817E+04  1.976956604E+02  3.266488085E+02  2.657141974E+02  3.635325344E+02  1.000316858E+00 
       475 -2.873453975E-02  1.737912906E-01  8.535856133E-04  7.341108618E+04  2.077195101E+02  3.244955254E+02  2.622227402E+02  3.728586493E+02  9.842514545E-01 
       476 -2.611690126E-02  1.744247281E-01  2.958268427E-03  7.100233777E+04  2.136296291E+02  3.231200852E+02  2.600059867E+02  3.791649280E+02  9.762194734E-01 
       477 -2.348835128E-02  1.750433393E-01  5.058280838E-03  6.976999127E+04  2.167988069E+02  3.224405416E+02  2.589127778E+02  3.837077760E+02  9.744581319E-01 
       478 -2.083113736E-02  1.756162102E-01  7.133742148E-03  6.954154785E+04  2.208315363E+02  3.220259218E+02  2.582440095E+02  3.838339643E+02  9.611653183E-01 
       479 -1.816607045E-02  1.761555279E-01  9.209141426E-03  6.981307813E+04  2.202744951E+02  3.225096226E+02  2.590236320E+02  3.832436256E+02  9.615775645E-01 
       480 -1.549262448E-02  1.766467189E-01  1.128626304E-02  7.235729370E+04  2.216163893E+02  3.240222063E+02  2.614662781E+02  3.768540993E+02  9.442224056E-01 
       481 -1.281959455E-02  1.771087169E-01  1.337222607E-02  8.224680963E+04  2.135156014E+02  3.301612918E+02  2.714782403E+02  3.481198022E+02  9.174095346E-01 
       482 -1.015361520E-02  1.775059034E-01  1.547159933E-02  9.777913995E+04  2.087246139E+02  3.379889977E+02  2.844822317E+02  3.072491566E+02  8.709620115E-01 
       483 -7.491200012E-03  1.778633735E-01  1.757589553E-02  9.529790186E+04  2.201487207E+02  3.372147827E+02  2.831797771E+02  3.114770594E+02  8.376190085E-01 
       484 -4.837064878E-03  1.782590199E-01  1.971143984E-02  8.918631348E+04  2.295209904E+02  3.340761862E+02  2.779304905E+02  3.282175446E+02  8.325084299E-01 
       485 -2.188499166E-03  1.785530451E-01  2.185094162E-02  8.853875345E+04  2.316273261E+02  3.336409826E+02  2.772083042E+02  3.348636833E+02  8.355405489E-01 
       486  4.329096806E-04  1.787998193E-01  2.404680664E-02  8.907898975E+04  2.359207687E+02  3.336626911E+02  2.772431679E+02  3.368636341E+02  8.234729618E-01 
       487  3.027224691E-03  1.790317150E-01  2.627094405E-02  8.935847058E+04  2.375667992E+02  3.339720299E+02  2.777567351E+02  3.371119313E+02  8.173146495E-01 
       488  5.626976121E-03  1.792222402E-01  2.847807669E-02  8.995288306E+04  2.391261628E+02  3.343258238E+02  2.783461077E+02  3.355211403E+02  8.090322595E-01 
       489  8.191038637E-03  1.793338257E-01  3.074695743E-02  9.174252563E+04  2.396448860E+02  3.353925791E+02  2.801264131E+02  3.291078882E+02  7.967329975E-01 
       490  1.074058355E-02  1.794129340E-01  3.303046409E-02  9.496868469E+04  2.405223665E+02  3.369627486E+02  2.827573251E+02  3.209725381E+02  7.807858129E-01 
       491  1.325979491E-02  1.793970135E-01  3.532576038E-02  9.932591541E+04  2.396337795E+02  3.389772830E+02  2.861499925E+02  3.106343403E+02  7.684598705E-01 
       492  1.577166567E-02  1.793535417E-01  3.765132951E-02  1.034218174E+05  2.378318477E+02  3.408120031E+02  2.892528920E+02  2.997609434E+02  7.595661180E-01 
       493  1.825553626E-02  1.792503646E-01  4.000403552E-02  1.062037493E+05  2.364152272E+02  3.421213756E+02  2.914780664E+02  2.915223985E+02  7.537237145E-01 
       494  2.071273564E-02  1.790845686E-01  4.238164633E-02  1.081968497E+05  2.350026108E+02  3.431509136E+02  2.932348890E+02  2.879065654E+02  7.544066422E-01 
       495  2.315348782E-02  1.789033294E-01  4.476881837E-02  1.104561797E+05  2.333792050E+02  3.441732631E+02  2.949848194E+02  2.837240486E+02  7.554435041E-01 
       496  2.554611962E-02  1.786610662E-01  4.720294885E-02  1.128433242E+05  2.317135582E+02  3.452161808E+02  2.967755041E+02  2.753566551E+02  7.524290625E-01 
       497  2.790553153E-02  1.783591187E-01  4.966367300E-02  1.144957407E+05  2.307218075E+02  3.460057735E+02  2.981336164E+02  2.684807196E+02  7.486413065E-01 
       498  3.023553076E-02  1.780531658E-01  5.215009418E-02  1.153863445E+05  2.307056234E+02  3.464866028E+02  2.989628646E+02  2.662720242E+02  7.466475349E-01 
       499  3.255140683E-02  1.777481834E-01  5.464573084E-02  1.161937050E+05  2.312783067E+02  3.467791016E+02  2.994679539E+02  2.637461426E+02  7.424899121E-01 
       500  3.480321611E-02  1.773622653E-01  5.719033452E-02  1.171075588E+05  2.308642987E+02  3.471776807E+02  3.001563597E+02  2.605366006E+02  7.409878373E-01 
       501  3.704366447E-02  1.769956776E-01  5.978074099E-02  1.178844735E+05  2.306790965E+02  3.475386770E+02  3.007807341E+02  2.599159915E+02  7.411098140E-01 
       502  3.923116288E-02  1.766153691E-01  6.237867612E-02  1.184848431E+05  2.313542688E+02  3.477393084E+02  3.011279783E+02  2.583854284E+02  7.371907793E-01 
       503  4.136429871E-02  1.761773997E-01  6.501205622E-02  1.189190088E+05  2.319835596E+02  3.478728243E+02  3.013592274E+02  2.556114726E+02  7.323828225E-01 
       504  4.348069858E-02  1.757484529E-01  6.766046190E-02  1.192155229E+05  2.320090432E+02  3.480290365E+02  3.016298666E+02  2.550518045E+02  7.320522945E-01 
       505  4.554226392E-02  1.753162813E-01  7.034950997E-02  1.193526582E+05  2.324396038E+02  3.481296082E+02  3.018042078E+02  2.550831861E+02  7.307027113E-01 
       506  4.756665315E-02  1.748560179E-01  7.306168772E-02  1.193238491E+05  2.331898794E+02  3.481749918E+02  3.018827984E+02  2.550206635E+02  7.278607492E-01 
       507  4.956604909E-02  1.743615796E-01  7.580968578E-02  1.191869007E+05  2.336453977E+02  3.481853822E+02  3.019007728E+02  2.548685222E+02  7.261864981E-01 
       508  5.152654947E-02  1.738670862E-01  7.855886540E-02  1.190694467E+05  2.338387315E+02  3.481582112E+02  3.018536552E+02  2.553374547E+02  7.261515486E-01 
       509  5.347325952E-02  1.733659220E-01  8.131742073E-02  1.191653845E+05  2.341141844E+02  3.481255642E+02  3.017970435E+02  2.557520375E+02  7.257825154E-01 
       510  5.541917190E-02  1.728212690E-01  8.412523757E-02  1.192742631E+05  2.337260535E+02  3.481177663E+02  3.017835934E+02  2.556754355E+02  7.275196210E-01 
       511  5.731737707E-02  1.722438844E-01  8.698058411E-02  1.196922958E+05  2.339191211E+02  3.482749479E+02  3.020562547E+02  2.543451623E+02  7.257009936E-01 
       512  5.917186437E-02  1.716911252E-01  8.979478553E-02  1.198534572E+05  2.346402726E+02  3.483522778E+02  3.021905846E+02  2.541973961E+02  7.229316267E-01 
       513  6.096387184E-02  1.711643945E-01  9.255110888E-02  1.198249406E+05  2.354152637E+02  3.483827403E+02  3.022434211E+02  2.542711430E+02  7.201460702E-01 
       514  6.270700241E-02  1.705757992E-01  9.544380808E-02  1.196833916E+05  2.363799348E+02  3.483234620E+02  3.021405306E+02  2.544880252E+02  7.165629305E-01 
       515  6.442263795E-02  1.699823167E-01  9.834544530E-02  1.195044123E+05  2.374491276E+02  3.482189214E+02  3.019590737E+02  2.548274550E+02  7.127150049E-01 
       516  6.612271722E-02  1.694054111E-01  1.012510921E-01  1.192740648E+05  2.381214073E+02  3.481219239E+02  3.017908475E+02  2.553688049E+02  7.109428640E-01 
       517  6.776083839E-02  1.688452726E-01  1.042003507E-01  1.190983148E+05  2.385873584E+02  3.480456212E+02  3.016586317E+02  2.559923357E+02  7.101203080E-01 
       518  6.936215302E-02  1.682812898E-01  1.071729988E-01  1.188888493E+05  2.391535659E+02  3.479543235E+02  3.015002915E+02  2.566835637E+02  7.088931606E-01 
       519  7.082677073E-02  1.677321085E-01  1.102128146E-01  1.186894534E+05  2.396886139E+02  3.479080992E+02  3.014204121E+02  2.577669179E+02  7.081463891E-01 
       520  7.220712168E-02  1.672497044E-01  1.133584680E-01  1.185391304E+05  2.404213241E+02  3.478854290E+02  3.013813714E+02  2.586915904E+02  7.066400885E-01 
       521  7.342602904E-02  1.668557431E-01  1.165154693E-01  1.184338647E+05  2.407593875E+02  3.479780819E+02  3.015423346E+02  2.584049890E+02  7.056030990E-01 
       522  7.439926912E-02  1.665467988E-01  1.197652411E-01  1.184138367E+05  2.408202016E+02  3.481753502E+02  3.018839812E+02  2.574473505E+02  7.048750939E-01 
       523  7.498839543E-02  1.664581038E-01  1.231239650E-01  1.183307598E+05  2.406574059E+02  3.483905735E+02  3.022568226E+02  2.558000107E+02  7.042071074E-01 
       524  7.530423640E-02  1.665023734E-01  1.265249777E-01  1.182515068E+05  2.404219909E+02  3.485119767E+02  3.024676585E+02  2.556484709E+02  7.056169137E-01 
       525  7.543612494E-02  1.666233331E-01  1.299370256E-01  1.181243945E+05  2.418118935E+02  3.483140755E+02  3.021245174E+02  2.590161610E+02  7.041158639E-01 
       526  7.553122174E-02  1.667952118E-01  1.333496155E-01  1.179723765E+05  2.441338449E+02  3.479142952E+02  3.014314713E+02  2.623234720E+02  6.994089112E-01 
       527  7.566054780E-02  1.669469890E-01  1.367626796E-01  1.178996555E+05  2.440092902E+02  3.480211182E+02  3.016164274E+02  2.591530576E+02  6.967449039E-01 
       528  7.583993244E-02  1.671002891E-01  1.401745263E-01  1.178292406E+05  2.438860304E+02  3.483095598E+02  3.021172100E+02  2.596519165E+02  6.985276579E-01 
       529  7.600645069E-02  1.672586086E-01  1.435869327E-01  1.177767162E+05  2.439842980E+02  3.487916214E+02  3.029573328E+02  2.585830076E+02  6.993483650E-01 
       530  7.611546960E-02  1.674572299E-01  1.470000031E-01  1.178638312E+05  2.379575877E+02  3.500572257E+02  3.052608471E+02  2.476198974E+02  7.158596148E-01 
       531 -5.220359409E-02  2.342994603E-01 -4.210986580E-02  8.180345276E+04  1.822155159E+02  3.297378551E+02  2.708307366E+02  4.444910709E+02  1.148432680E+00 
       532 -5.220192467E-02  2.343108577E-01 -3.821952920E-02  8.075338892E+04  1.854548336E+02  3.291844916E+02  2.698501908E+02  4.464505551E+02  1.142492346E+00 
       533 -5.220302368E-02  2.343278434E-01 -3.432921672E-02  8.057098831E+04  1.866629663E+02  3.290878336E+02  2.696914739E+02  4.468478462E+02  1.139948284E+00 
       534 -5.220531674E-02  2.343446645E-01 -3.043898101E-02  8.169974687E+04  1.836133672E+02  3.298349435E+02  2.709193851E+02  4.439655693E+02  1.144622372E+00 
       535 -5.220735409E-02  2.343651870E-01 -2.654892396E-02  8.367907568E+04  1.780031509E+02  3.310799236E+02  2.729685307E+02  4.393614731E+02  1.153953359E+00 
       536 -5.221355576E-02  2.343966826E-01 -2.266385481E-02  8.534384757E+04  1.737372746E+02  3.319585513E+02  2.744175594E+02  4.355648807E+02  1.160885127E+00 
       537 -5.221196162E-02  2.344309954E-01 -1.877454498E-02  8.567393672E+04  1.725801832E+02  3.319889882E+02  2.744679325E+02  4.350826861E+02  1.163279049E+00 
       538 -5.222596507E-02  2.344687402E-01 -1.488167101E-02  8.431200288E+04  1.755585085E+02  3.311007804E+02  2.730024289E+02  4.391754004E+02  1.160059474E+00 
       539 -5.222923531E-02  2.345160018E-01 -1.099302079E-02  8.169083850E+04  1.814892191E+02  3.296405563E+02  2.706015236E+02  4.467372363E+02  1.153861543E+00 
       540 -5.210275326E-02  2.345957540E-01 -7.104134264E-03  7.912131720E+04  1.890109895E+02  3.282644985E+02  2.683459909E+02  4.476533157E+02  1.137333904E+00 
       541 -5.114101036E-02  2.348545508E-01 -3.375994418E-03  7.857008418E+04  1.917526003E+02  3.280246251E+02  2.679531699E+02  4.502162243E+02  1.134288586E+00 
       542 -4.917766965E-02  2.353023755E-01 -5.047413344E-05  7.996579150E+04  1.891263561E+02  3.287736263E+02  2.691785202E+02  4.516544333E+02  1.142832641E+00 
       543 -4.661414278E-02  2.358651253E-01  2.823323178E-03  8.147684851E+04  1.859577358E+02  3.296586375E+02  2.706297188E+02  4.466697359E+02  1.145947324E+00 
       544 -4.374488282E-02  2.364440537E-01  5.350106892E-03  8.429514734E+04  1.779128332E+02  3.314909892E+02  2.736466253E+02  4.388229566E+02  1.157002607E+00 
       545 -4.059796688E-02  2.370222596E-01  7.583171126E-03  8.814430481E+04  1.655295165E+02  3.335972457E+02  2.771354566E+02  4.295252001E+02  1.178921463E+00 
       546 -3.738701819E-02  2.375676250E-01  9.702642239E-03  8.694665863E+04  1.679071327E+02  3.328982103E+02  2.759759097E+02  4.330786462E+02  1.174548747E+00 
       547 -3.407522408E-02  2.380263225E-01  1.169481074E-02  8.186231592E+04  1.830727389E+02  3.300956597E+02  2.713513079E+02  4.432126808E+02  1.146438746E+00 
       548 -3.073065008E-02  2.384984497E-01  1.361793802E-02  7.996703101E+04  1.893861827E+02  3.290509329E+02  2.696320647E+02  4.486108854E+02  1.136291979E+00 
       549 -2.732884007E-02  2.388770261E-01  1.546643341E-02  8.138600574E+04  1.869315233E+02  3.297099366E+02  2.707132874E+02  4.422785764E+02  1.135785565E+00 
       550 -2.390908864E-02  2.392176502E-01  1.728468609E-02  8.207433170E+04  1.848712274E+02  3.300148287E+02  2.712144156E+02  4.425216677E+02  1.141082491E+00 
       551 -2.044822495E-02  2.394794424E-01  1.908927170E-02  8.128967130E+04  1.861064734E+02  3.296901095E+02  2.706802742E+02  4.437791800E+02  1.139906594E+00 
       552 -1.699643969E-02  2.397114515E-01  2.086461287E-02  8.086280432E+04  1.866824608E+02  3.294886484E+02  2.703503852E+02  4.453331079E+02  1.140003592E+00 
       553 -1.354033893E-02  2.398615604E-01  2.263394957E-02  8.073767041E+04  1.883119793E+02  3.292389622E+02  2.699419327E+02  4.439814835E+02  1.135570683E+00 
       554 -1.007792796E-02  2.399171479E-01  2.439846914E-02  8.106742676E+04  1.866025429E+02  3.296735234E+02  2.706547832E+02  4.435716233E+02  1.141029874E+00 
       555 -6.592279415E-03  2.399646350E-01  2.619220728E-02  8.065568457E+04  1.870160928E+02  3.294376001E+02  2.702679129E+02  4.440538750E+02  1.142900456E+00 
       556 -3.124907716E-03  2.398994093E-01  2.794309000E-02  7.940772998E+04  1.898861761E+02  3.286575260E+02  2.689896183E+02  4.466010571E+02  1.138254546E+00 
       557  3.338943067E-04  2.398017910E-01  2.968583889E-02  1.041005459E+05  2.107109931E+02  3.412770162E+02  2.900538414E+02  3.955828924E+02  1.041292558E+00 
       558  3.794068913E-03  2.396169640E-01  3.144821874E-02  1.009240598E+05  2.136916704E+02  3.404012837E+02  2.885596385E+02  3.990415087E+02  1.039227007E+00 
       559  7.248441593E-03  2.393064044E-01  3.320284907E-02  9.604574561E+04  2.130350132E+02  3.382655544E+02  2.849499445E+02  4.117948208E+02  1.052525569E+00 
       560  1.068879679E-02  2.389885178E-01  3.498866898E-02  9.285489819E+04  2.180820003E+02  3.360523796E+02  2.812341022E+02  4.207138290E+02  1.046432141E+00 
       561  1.412543948E-02  2.386075767E-01  3.676435012E-02  8.981755884E+04  2.159351969E+02  3.348102570E+02  2.791557550E+02  4.221488352E+02  1.051901523E+00 
       562  1.753589177E-02  2.380598424E-01  3.855175648E-02  8.871740869E+04  2.172102718E+02  3.343221073E+02  2.783417034E+02  4.244141655E+02  1.051293679E+00 
       563  2.093820079E-02  2.375000001E-01  4.035454522E-02  9.147903809E+04  2.153574266E+02  3.361445837E+02  2.813893423E+02  4.193445435E+02  1.051648740E+00 
       564  2.432947450E-02  2.368878370E-01  4.215773147E-02  1.034505211E+05  2.070113609E+02  3.422608732E+02  2.917585104E+02  3.953934964E+02  1.059930957E+00 
       565  2.770729830E-02  2.361795572E-01  4.394886350E-02  1.242522339E+05  1.988800547E+02  3.508011975E+02  3.064847436E+02  3.546440215E+02  1.065560061E+00 
       566  3.105826597E-02  2.354459967E-01  4.578622705E-02  1.316581776E+05  2.001759634E+02  3.531951847E+02  3.106536951E+02  3.400950851E+02  1.057236778E+00 
       567  3.438758923E-02  2.346372217E-01  4.762879820E-02  1.244242148E+05  2.002882391E+02  3.508174285E+02  3.064877448E+02  3.513623670E+02  1.056152501E+00 
       568  3.771502906E-02  2.337669833E-01  4.947240569E-02  1.177744922E+05  2.012825911E+02  3.486734643E+02  3.027492244E+02  3.620914876E+02  1.052934956E+00 
       569  4.101460083E-02  2.329246351E-01  5.135281935E-02  1.185050266E+05  2.031574268E+02  3.488434205E+02  3.030442681E+02  3.602314405E+02  1.045176149E+00 
       570  4.428347740E-02  2.319960665E-01  5.324515281E-02  1.228433057E+05  2.036306049E+02  3.502026014E+02  3.054102230E+02  3.521617608E+02  1.042951245E+00 
       571  4.749748393E-02  2.310181580E-01  5.520824782E-02  1.248557102E+05  2.028199043E+02  3.512034340E+02  3.071578116E+02  3.460406089E+02  1.043506574E+00 
       572  5.066691057E-02  2.300652086E-01  5.723980181E-02  1.247581733E+05  2.048966364E+02  3.513858828E+02  3.074769672E+02  3.440312592E+02  1.036193444E+00 
       573  5.379140778E-02  2.290521307E-01  5.932353399E-02  1.247863340E+05  2.084974004E+02  3.514216682E+02  3.075393966E+02  3.436120676E+02  1.025970098E+00 
       574  5.683956615E-02  2.279793322E-01  6.149869556E-02  1.253618804E+05  2.111876554E+02  3.516656380E+02  3.079665937E+02  3.414525700E+02  1.016951397E+00 
       575  5.985072913E-02  2.269370111E-01  6.373374277E-02  1.256852041E+05  2.136091871E+02  3.517699604E+02  3.081494179E+02  3.381144543E+02  1.007832892E+00 
       576  6.280959972E-02  2.258492183E-01  6.601505396E-02  1.253707470E+05  2.177921089E+02  3.515018293E+02  3.076795395E+02  3.360112216E+02  9.939819287E-01 
       577  6.573461678E-02  2.247295145E-01  6.832363097E-02  1.246811967E+05  2.221484332E+02  3.511276312E+02  3.070246606E+02  3.404280992E+02  9.832727946E-01 
       578  6.865501872E-02  2.236625994E-01  7.064894084E-02  1.237960411E+05  2.259824092E+02  3.507761881E+02  3.064106954E+02  3.497307851E+02  9.745063989E-01 
       579  7.151541969E-02  2.224865137E-01  7.302188293E-02  1.221911611E+05  2.281623731E+02  3.504386368E+02  3.058222446E+02  3.536168652E+02  9.674852919E-01 
       580  7.433322259E-02  2.213060150E-01  7.543149031E-02  1.210631296E+05  2.304489274E+02  3.500729856E+02  3.051845345E+02  3.508242064E+02  9.569352064E-01 
       581  7.711325138E-02  2.201536844E-01  7.789825066E-02  1.225586069E+05  2.318433479E+02  3.511128874E+02  3.070002797E+02  3.421238711E+02  9.469997374E-01 
       582  7.981655167E-02  2.189959972E-01  8.044372180E-02  1.227803406E+05  2.361387391E+02  3.516858406E+02  3.080056610E+02  3.400002151E+02  9.318581335E-01 
       583  8.242371870E-02  2.177951216E-01  8.306797326E-02  1.224002681E+05  2.386324749E+02  3.517372246E+02  3.080964203E+02  3.398721466E+02  9.223768190E-01 
       584  8.497819178E-02  2.166305248E-01  8.576177505E-02  1.221205483E+05  2.394389258E+02  3.514319525E+02  3.075608209E+02  3.401620816E+02  9.185228674E-01 
       585  8.747465708E-02  2.155008942E-01  8.852176985E-02  1.220649358E+05  2.358562808E+02  3.513371649E+02  3.073946800E+02  3.391871538E+02  9.280064870E-01 
       586  8.983863293E-02  2.143275504E-01  9.137087988E-02  1.221603398E+05  2.332263136E+02  3.510358615E+02  3.068660150E+02  3.387071633E+02  9.349396173E-01 
       587  9.211779941E-02  2.131724912E-01  9.430579148E-02  1.223703832E+05  2.305056725E+02  3.509318215E+02  3.066831208E+02  3.388207486E+02  9.426323333E-01 
       588  9.424446159E-02  2.121023496E-01  9.738772987E-02  1.226332891E+05  2.263945954E+02  3.510492581E+02  3.068884816E+02  3.398984173E+02  9.551622662E-01 
       589  9.610967173E-02  2.111612431E-01  1.006666829E-01  1.227920627E+05  2.214013263E+02  3.511324002E+02  3.070340576E+02  3.409682330E+02  9.699774819E-01 
       590  9.742401869E-02  2.103903297E-01  1.042235364E-01  1.228638098E+05  2.181905581E+02  3.509828304E+02  3.067729979E+02  3.413634474E+02  9.791497111E-01 
       591  9.764724840E-02  2.101688920E-01  1.080985861E-01  1.228838408E+05  2.178477523E+02  3.508053646E+02  3.064634337E+02  3.415312710E+02  9.801711757E-01 
       592  9.763062643E-02  2.101108570E-01  1.119846410E-01  1.227908016E+05  2.195681535E+02  3.508899182E+02  3.066131143E+02  3.395516882E+02  9.748533017E-01 
       593  9.759894170E-02  2.100363093E-01  1.158782398E-01  1.225769284E+05  2.210178570E+02  3.517308903E+02  3.080875602E+02  3.383867159E+02  9.702654500E-01 
       594  9.760335841E-02  2.100041055E-01  1.197683889E-01  1.225190398E+05  2.221910195E+02  3.529844953E+02  3.102890175E+02  3.312989382E+02  9.658642136E-01 
       595  9.760552297E-02  2.099886023E-01  1.236588659E-01  1.225115065E+05  2.236530035E+02  3.541762997E+02  3.123849554E+02  3.161842478E+02  9.619162962E-01 
       596  9.760989540E-02  2.100145164E-01  1.275491461E-01  1.227143232E+05  2.253881170E+02  3.550544817E+02  3.139335527E+02  3.018951776E+02  9.585524586E-01 
       597  9.760550437E-02  2.100148949E-01  1.314412195E-01  1.228116426E+05  2.273077879E+02  3.555227909E+02  3.147629948E+02  2.997721796E+02  9.521580748E-01 
       598  9.762031038E-02  2.101034915E-01  1.353312483E-01  1.228982655E+05  2.287270359E+02  3.556733212E+02  3.150346572E+02  3.097436682E+02  9.449695738E-01 
       599  9.762506170E-02  2.101609083E-01  1.392228176E-01  1.230032015E+05  2.283950588E+02  3.553170195E+02  3.144093755E+02  3.183810704E+02  9.454092383E-01 
       600  9.764671237E-02  2.102092269E-01  1.431110049E-01  1.231227318E+05  2.249644768E+02  3.545102036E+02  3.129848936E+02  3.240999606E+02  9.565945147E-01 
       601  9.766256924E-02  2.102587391E-01  1.469999989E-01  1.231488643E+05  2.212806001E+02  3.539165564E+02  3.116520138E+02  3.299762821E+02  9.684759043E-01 
