nodenumber     x-coordinate     y-coordinate     z-coordinate         pressure velocity-magnitude      sound-speed      temperature rel-velocity-magnitude relative-velocity-angle 
         1 -2.216901913E-02  1.039879580E-01 -4.300600202E-02  8.761334003E+04  1.536986823E+02  3.330740796E+02  2.762641699E+02  2.356241039E+02  8.602620751E-01 
         2 -2.197401757E-02  1.042260031E-01 -4.002397295E-02  8.747454797E+04  1.544517434E+02  3.330015664E+02  2.761439226E+02  2.364340832E+02  8.591908880E-01 
         3 -2.150271627E-02  1.045375264E-01 -3.708169353E-02  8.736573779E+04  1.550884117E+02  3.329461007E+02  2.760519083E+02  2.369636635E+02  8.578320523E-01 
         4 -2.072290556E-02  1.049359494E-01 -3.421635317E-02  8.725642944E+04  1.557256083E+02  3.328933334E+02  2.759644618E+02  2.377261977E+02  8.574026162E-01 
         5 -1.964621854E-02  1.053757771E-01 -3.145501365E-02  8.714537207E+04  1.563885531E+02  3.328365412E+02  2.758703570E+02  2.384730835E+02  8.568416946E-01 
         6 -1.833909717E-02  1.058829391E-01 -2.880182754E-02  8.701781348E+04  1.570804434E+02  3.327717600E+02  2.757629976E+02  2.393271599E+02  8.565388452E-01 
         7 -1.686396899E-02  1.064019756E-01 -2.624136390E-02  8.683775122E+04  1.579506836E+02  3.326722097E+02  2.755980110E+02  2.403587718E+02  8.558914661E-01 
         8 -1.524276490E-02  1.069101094E-01 -2.376908005E-02  8.659983398E+04  1.590902100E+02  3.325356293E+02  2.753717198E+02  2.415838547E+02  8.544629645E-01 
         9 -1.353040875E-02  1.074492491E-01 -2.136449246E-02  8.633826685E+04  1.604444618E+02  3.323815069E+02  2.751165972E+02  2.429771218E+02  8.525794894E-01 
        10 -1.175719847E-02  1.079385502E-01 -1.899452623E-02  8.611740833E+04  1.615939986E+02  3.322847025E+02  2.749564316E+02  2.442260759E+02  8.513395367E-01 
        11 -9.920451205E-03  1.084473482E-01 -1.667649769E-02  8.599934039E+04  1.626225597E+02  3.322361130E+02  2.748759435E+02  2.449216591E+02  8.487401267E-01 
        12 -8.053093039E-03  1.089314126E-01 -1.437870322E-02  8.618611136E+04  1.633338073E+02  3.323241599E+02  2.750216900E+02  2.446961983E+02  8.446686021E-01 
        13 -6.139911673E-03  1.093816015E-01 -1.211111235E-02  8.668804272E+04  1.627507496E+02  3.325870924E+02  2.754569836E+02  2.431024976E+02  8.428901471E-01 
        14 -4.213714023E-03  1.098625599E-01 -9.853315987E-03  8.752272168E+04  1.607142916E+02  3.330275116E+02  2.761870537E+02  2.406121979E+02  8.459825702E-01 
        15 -2.267252226E-03  1.102821410E-01 -7.616721013E-03  8.852134033E+04  1.565823803E+02  3.335628700E+02  2.770757799E+02  2.371971722E+02  8.576428294E-01 
        16 -3.058463972E-04  1.106716081E-01 -5.380345181E-03  8.935579419E+04  1.498773217E+02  3.340010548E+02  2.778043861E+02  2.345447454E+02  8.864773624E-01 
        17  1.649896870E-03  1.110991589E-01 -3.144821902E-03  8.725942822E+04  1.459686663E+02  3.329525609E+02  2.760653675E+02  2.421202507E+02  9.358866215E-01 
        18  3.605378217E-03  1.114680886E-01 -8.997268064E-04  7.569010974E+04  1.763793950E+02  3.261912031E+02  2.649655876E+02  2.871743875E+02  9.402530249E-01 
        19  5.548952344E-03  1.118349081E-01  1.356589372E-03  6.988163959E+04  2.106503725E+02  3.226085043E+02  2.591795356E+02  3.090531497E+02  8.447753694E-01 
        20  7.472030685E-03  1.121892539E-01  3.633809071E-03  7.283514919E+04  2.128812361E+02  3.245853454E+02  2.623700982E+02  2.989968028E+02  7.905884248E-01 
        21  9.366594022E-03  1.125505666E-01  5.932977735E-03  7.659406104E+04  2.083949128E+02  3.269329326E+02  2.661753459E+02  2.846386452E+02  7.571422402E-01 
        22  1.122147558E-02  1.129077905E-01  8.263617067E-03  7.901305444E+04  2.088148303E+02  3.283089163E+02  2.684195531E+02  2.775307008E+02  7.288326078E-01 
        23  1.303284284E-02  1.132507638E-01  1.062953057E-02  8.056180612E+04  2.105111772E+02  3.292990840E+02  2.700394610E+02  2.706160378E+02  6.953519740E-01 
        24  1.479928419E-02  1.136234762E-01  1.303021626E-02  8.169077002E+04  2.145944436E+02  3.299600002E+02  2.711238187E+02  2.666586344E+02  6.600161542E-01 
        25  1.649617427E-02  1.139938279E-01  1.547769530E-02  8.268272296E+04  2.199469156E+02  3.304382231E+02  2.719099987E+02  2.649467673E+02  6.265051258E-01 
        26  1.811807173E-02  1.143837002E-01  1.797032872E-02  8.336673828E+04  2.259808233E+02  3.307242393E+02  2.723805933E+02  2.643209786E+02  5.937361578E-01 
        27  1.968166241E-02  1.148013513E-01  2.049621310E-02  8.343356970E+04  2.332278130E+02  3.307173085E+02  2.723692045E+02  2.648089933E+02  5.587923550E-01 
        28  2.119101764E-02  1.152299366E-01  2.305322148E-02  8.290797265E+04  2.419640017E+02  3.304441335E+02  2.719194359E+02  2.667505600E+02  5.210264901E-01 
        29  2.266338778E-02  1.156643914E-01  2.563116057E-02  8.235384216E+04  2.509024377E+02  3.301065147E+02  2.713642064E+02  2.690608758E+02  4.835292031E-01 
        30  2.408077791E-02  1.161159634E-01  2.823658064E-02  8.186524567E+04  2.592532866E+02  3.297821653E+02  2.708311002E+02  2.715963955E+02  4.504358443E-01 
        31  2.544088325E-02  1.165921105E-01  3.086849856E-02  8.132791089E+04  2.671725724E+02  3.294321070E+02  2.702565546E+02  2.742873397E+02  4.205027064E-01 
        32  2.674433127E-02  1.170738851E-01  3.352942364E-02  8.076578552E+04  2.748275242E+02  3.291007938E+02  2.697131739E+02  2.769546702E+02  3.920865091E-01 
        33  2.797950643E-02  1.175445507E-01  3.622298897E-02  8.025938840E+04  2.824560996E+02  3.288194844E+02  2.692520779E+02  2.795530716E+02  3.635729362E-01 
        34  2.916313541E-02  1.180056499E-01  3.893937175E-02  7.997989610E+04  2.897541808E+02  3.286534584E+02  2.689802042E+02  2.816907968E+02  3.349239762E-01 
        35  3.031249539E-02  1.184785399E-01  4.167042727E-02  8.010519388E+04  2.957246566E+02  3.287170815E+02  2.690843818E+02  2.823894866E+02  3.078565162E-01 
        36  3.139929926E-02  1.189405785E-01  4.442941843E-02  8.037459253E+04  3.012518584E+02  3.288752252E+02  2.693432211E+02  2.824608035E+02  2.807419448E-01 
        37  3.242013936E-02  1.193808800E-01  4.721660669E-02  8.085426733E+04  3.061402899E+02  3.292341877E+02  2.699316026E+02  2.814361356E+02  2.522809581E-01 
        38  3.340677803E-02  1.198011670E-01  5.002067675E-02  8.201111298E+04  3.088729235E+02  3.299619322E+02  2.711267380E+02  2.781252978E+02  2.260884685E-01 
        39  3.430413654E-02  1.201853153E-01  5.285529857E-02  8.360163257E+04  3.103554459E+02  3.308943453E+02  2.726616993E+02  2.734848289E+02  2.011874383E-01 
        40  3.515433510E-02  1.205874318E-01  5.570324370E-02  8.560291113E+04  3.105489559E+02  3.320077438E+02  2.745003014E+02  2.675447254E+02  1.780904466E-01 
        41  3.592907297E-02  1.209644065E-01  5.857535950E-02  8.792208496E+04  3.092321901E+02  3.332625046E+02  2.765794902E+02  2.605883465E+02  1.593342274E-01 
        42  3.664355424E-02  1.213334730E-01  6.146049591E-02  9.039161914E+04  3.064927959E+02  3.345203176E+02  2.786710377E+02  2.531067615E+02  1.467395497E-01 
        43  3.727845098E-02  1.217084379E-01  6.437276718E-02  9.274096265E+04  3.028937206E+02  3.356821651E+02  2.806095161E+02  2.459398985E+02  1.408356573E-01 
        44  3.781448665E-02  1.220744111E-01  6.730672953E-02  9.466398560E+04  2.992329750E+02  3.366671858E+02  2.822580872E+02  2.400263314E+02  1.409442215E-01 
        45  3.826762164E-02  1.224563704E-01  7.025293559E-02  9.596629681E+04  2.963969288E+02  3.373776660E+02  2.834502749E+02  2.361247579E+02  1.448622938E-01 
        46  3.856443464E-02  1.228195695E-01  7.317567491E-02  9.664589453E+04  2.946440811E+02  3.378311615E+02  2.842127304E+02  2.341665573E+02  1.502847336E-01 
        47  3.882754171E-02  1.231963568E-01  7.616928387E-02  9.685347510E+04  2.931331058E+02  3.384375722E+02  2.852353535E+02  2.324372885E+02  1.556642378E-01 
        48  3.896508106E-02  1.235573809E-01  7.913505459E-02  9.678280859E+04  2.900984497E+02  3.393384705E+02  2.867666588E+02  2.271713028E+02  1.581478901E-01 
        49  3.903512947E-02  1.239238609E-01  8.213137167E-02  9.662596826E+04  2.816989093E+02  3.411075754E+02  2.897865262E+02  2.124998035E+02  1.642881087E-01 
        50  3.900153017E-02  1.243001337E-01  8.510504302E-02  9.653531088E+04  2.666420028E+02  3.440761197E+02  2.948666332E+02  1.848362156E+02  1.681937421E-01 
        51  3.889299026E-02  1.246700891E-01  8.806950082E-02  9.657777850E+04  2.495235474E+02  3.477269475E+02  3.011594687E+02  1.398484004E+02  1.380394375E-01 
        52  3.870303970E-02  1.250405990E-01  9.105247242E-02  9.693933569E+04  2.390806556E+02  3.511330824E+02  3.070587492E+02  9.480003262E+01  1.881104044E-02 
        53  3.847530202E-02  1.253810613E-01  9.402032493E-02  9.715077679E+04  2.335914217E+02  3.530157015E+02  3.103507642E+02  5.625465146E+01 -2.005495184E-01 
        54  3.809583015E-02  1.257752167E-01  9.695318516E-02  9.770061133E+04  2.300989647E+02  3.535495872E+02  3.112805786E+02  3.595112610E+01 -1.576283380E+00 
        55  3.767199372E-02  1.261489404E-01  9.992435767E-02  9.900579907E+04  2.388401403E+02  3.528102856E+02  3.099777293E+02  4.031248248E+01 -1.462392569E+00 
        56  3.723780727E-02  1.265196365E-01  1.028569506E-01  1.015431560E+05  2.477833999E+02  3.518824968E+02  3.083504306E+02  5.548288701E+01 -1.135383412E+00 
        57  3.672955052E-02  1.269046997E-01  1.057947981E-01  1.038988035E+05  2.521765592E+02  3.508559384E+02  3.065536017E+02  9.260194874E+01 -3.715062628E-01 
        58  3.615520807E-02  1.273091289E-01  1.087154776E-01  1.053712417E+05  2.527202063E+02  3.487214556E+02  3.028385029E+02  1.419234886E+02  7.128520764E-02 
        59  3.556812424E-02  1.277144368E-01  1.116309472E-01  1.068035184E+05  2.548737094E+02  3.457566614E+02  2.977096534E+02  1.801625737E+02  2.212758951E-01 
        60  3.495651588E-02  1.281329458E-01  1.145394580E-01  1.078790461E+05  2.591969757E+02  3.438576860E+02  2.944436560E+02  1.899767399E+02  2.242374285E-01 
        61  3.433795015E-02  1.285471243E-01  1.174457346E-01  1.083141506E+05  2.612444863E+02  3.434658608E+02  2.937719240E+02  1.891050510E+02  2.088731055E-01 
        62  3.376061330E-02  1.289460490E-01  1.203607660E-01  1.083685043E+05  2.643134706E+02  3.434205925E+02  2.936945376E+02  1.909561682E+02  1.973320690E-01 
        63  3.331803132E-02  1.293309423E-01  1.232882868E-01  1.082333843E+05  2.684538033E+02  3.432599001E+02  2.934197104E+02  1.954136078E+02  1.889791786E-01 
        64  3.310586596E-02  1.296649637E-01  1.262581306E-01  1.080524924E+05  2.714621329E+02  3.431105719E+02  2.931644397E+02  1.991484756E+02  1.855460849E-01 
        65  3.306639982E-02  1.299493947E-01  1.292495641E-01  1.078861996E+05  2.730373665E+02  3.430430717E+02  2.930491407E+02  2.012562035E+02  1.852940195E-01 
        66  3.322486525E-02  1.302097713E-01  1.322380794E-01  1.077456101E+05  2.738881053E+02  3.430323783E+02  2.930307729E+02  2.025507890E+02  1.867675218E-01 
        67  3.356462385E-02  1.304573038E-01  1.352130229E-01  1.075872805E+05  2.748713501E+02  3.429820907E+02  2.929449664E+02  2.036930809E+02  1.872043067E-01 
        68  3.400410102E-02  1.306751199E-01  1.381765647E-01  1.073645315E+05  2.759506283E+02  3.428928828E+02  2.927925444E+02  2.049545059E+02  1.873791195E-01 
        69  3.451963359E-02  1.308741206E-01  1.411278790E-01  1.070826423E+05  2.771554706E+02  3.427645130E+02  2.925732923E+02  2.064318275E+02  1.876305807E-01 
        70  3.508991352E-02  1.310576265E-01  1.440660380E-01  1.067217416E+05  2.784565272E+02  3.426126637E+02  2.923141353E+02  2.081969388E+02  1.883572133E-01 
        71  3.570211579E-02  1.312503676E-01  1.470000000E-01  1.063137578E+05  2.800856018E+02  3.423993187E+02  2.919500580E+02  2.104197292E+02  1.885150094E-01 
        72 -2.843361623E-02  1.708417341E-01 -4.258217492E-02  8.202724609E+04  1.838908219E+02  3.299495096E+02  2.711052694E+02  3.444580975E+02  1.007555548E+00 
        73 -2.838826984E-02  1.709653765E-01 -3.916427879E-02  8.206781580E+04  1.841620097E+02  3.299647527E+02  2.711305332E+02  3.447752872E+02  1.007308044E+00 
        74 -2.835908450E-02  1.711140563E-01 -3.574649433E-02  8.235622864E+04  1.840507070E+02  3.301259151E+02  2.713954809E+02  3.439576182E+02  1.006392389E+00 
        75 -2.838361088E-02  1.712589164E-01 -3.232950605E-02  8.290071484E+04  1.829815650E+02  3.304695425E+02  2.719608974E+02  3.419836769E+02  1.006516881E+00 
        76 -2.841360827E-02  1.714319125E-01 -2.891476756E-02  8.350502222E+04  1.824932537E+02  3.307846055E+02  2.724795260E+02  3.421324120E+02  1.008400187E+00 
        77 -2.833774301E-02  1.716334782E-01 -2.549995819E-02  8.409185989E+04  1.809209709E+02  3.311517750E+02  2.730846355E+02  3.396463155E+02  1.009398061E+00 
        78 -2.791452343E-02  1.719215161E-01 -2.212016887E-02  8.449630273E+04  1.797549047E+02  3.313695488E+02  2.734439039E+02  3.390176888E+02  1.012295086E+00 
        79 -2.700703325E-02  1.722886754E-01 -1.884820631E-02  8.436436523E+04  1.798122015E+02  3.312428646E+02  2.732349291E+02  3.390895348E+02  1.012272198E+00 
        80 -2.544395246E-02  1.727209334E-01 -1.584518523E-02  8.320520099E+04  1.810104718E+02  3.306538324E+02  2.722644763E+02  3.436810942E+02  1.016369374E+00 
        81 -2.351536464E-02  1.732363399E-01 -1.306823492E-02  8.140761476E+04  1.847247811E+02  3.295889098E+02  2.705133941E+02  3.475750687E+02  1.010678180E+00 
        82 -2.134527601E-02  1.737374909E-01 -1.047435973E-02  7.871002892E+04  1.908832906E+02  3.280505708E+02  2.679949891E+02  3.562214319E+02  1.005807234E+00 
        83 -1.897326710E-02  1.742189522E-01 -8.035177519E-03  7.559027609E+04  1.992312467E+02  3.261300051E+02  2.648671863E+02  3.650629066E+02  9.949144968E-01 
        84 -1.652827274E-02  1.746780172E-01 -5.688541800E-03  7.324833148E+04  2.064438319E+02  3.246304255E+02  2.624365752E+02  3.724354463E+02  9.855647124E-01 
        85 -1.397929867E-02  1.751251779E-01 -3.446989688E-03  7.266915735E+04  2.107824183E+02  3.242239976E+02  2.617789812E+02  3.737711411E+02  9.734673034E-01 
        86 -1.139011487E-02  1.755573757E-01 -1.256774906E-03  7.378850317E+04  2.102071893E+02  3.249644303E+02  2.629770756E+02  3.723502698E+02  9.724021517E-01 
        87 -8.734274343E-03  1.759085237E-01  8.667805443E-04  7.889336475E+04  2.023596275E+02  3.282670488E+02  2.683560193E+02  3.571008451E+02  9.688380612E-01 
        88 -6.073383534E-03  1.762548475E-01  2.984781313E-03  8.858164270E+04  1.911759471E+02  3.334364779E+02  2.768750186E+02  3.312690871E+02  9.630599557E-01 
        89 -3.359730182E-03  1.765819110E-01  5.053045394E-03  9.803361975E+04  1.757195779E+02  3.383109090E+02  2.850227937E+02  3.051571429E+02  9.814421353E-01 
        90 -6.741955509E-04  1.768270807E-01  7.130208361E-03  9.801616215E+04  1.656357872E+02  3.382141078E+02  2.848593258E+02  3.062726758E+02  1.018517832E+00 
        91  2.027043660E-03  1.770783858E-01  9.208570588E-03  7.904834492E+04  1.912662605E+02  3.280900994E+02  2.680652373E+02  3.567913382E+02  1.006088788E+00 
        92  4.731686997E-03  1.772422585E-01  1.127155269E-02  7.271309998E+04  2.130938302E+02  3.243810371E+02  2.620343668E+02  3.759917555E+02  9.700707229E-01 
        93  7.454465044E-03  1.773874983E-01  1.334309669E-02  7.338541794E+04  2.099085127E+02  3.246448321E+02  2.624602873E+02  3.729196723E+02  9.742280168E-01 
        94  1.015989937E-02  1.775222933E-01  1.545596277E-02  7.078115860E+04  2.179409618E+02  3.229770764E+02  2.597761347E+02  3.824433658E+02  9.671311072E-01 
        95  1.284858280E-02  1.775661421E-01  1.756817794E-02  6.724984497E+04  2.290939858E+02  3.206403208E+02  2.560313935E+02  3.938120031E+02  9.541851394E-01 
        96  1.551966693E-02  1.776138061E-01  1.970369132E-02  6.420526367E+04  2.375494931E+02  3.186206417E+02  2.528161063E+02  4.010650148E+02  9.418886574E-01 
        97  1.817410325E-02  1.776258069E-01  2.186017323E-02  6.174636963E+04  2.453997943E+02  3.169057236E+02  2.501004224E+02  4.080536008E+02  9.313620515E-01 
        98  2.080993586E-02  1.775631240E-01  2.403936301E-02  6.004295093E+04  2.519979925E+02  3.157846875E+02  2.483308749E+02  4.124387712E+02  9.193152152E-01 
        99  2.341570779E-02  1.774969016E-01  2.625394818E-02  5.955171887E+04  2.564401083E+02  3.155833282E+02  2.480143447E+02  4.129530029E+02  9.057748374E-01 
       100  2.600295182E-02  1.773818036E-01  2.848806157E-02  6.128537744E+04  2.576729603E+02  3.169498453E+02  2.501822472E+02  4.081737480E+02  8.909286596E-01 
       101  2.856627515E-02  1.771883875E-01  3.074502562E-02  6.671362134E+04  2.534018879E+02  3.207943773E+02  2.563350325E+02  3.930217829E+02  8.730180636E-01 
       102  3.110662233E-02  1.769811535E-01  3.302644514E-02  7.503107251E+04  2.460212717E+02  3.262019796E+02  2.650533943E+02  3.698940859E+02  8.503255788E-01 
       103  3.362247542E-02  1.767159818E-01  3.532849163E-02  8.178261194E+04  2.437542958E+02  3.300555286E+02  2.712999616E+02  3.533936310E+02  8.250759691E-01 
       104  3.610895472E-02  1.763647845E-01  3.765120331E-02  8.316228699E+04  2.485529921E+02  3.306432328E+02  2.722505918E+02  3.505188737E+02  8.036965700E-01 
       105  3.856497337E-02  1.759966372E-01  4.000321012E-02  8.056407111E+04  2.558904849E+02  3.293472114E+02  2.701214585E+02  3.569898748E+02  7.909451886E-01 
       106  4.103059304E-02  1.755360248E-01  4.234569910E-02  7.823276689E+04  2.634980696E+02  3.281048739E+02  2.680840748E+02  3.638318089E+02  7.777440693E-01 
       107  4.340106546E-02  1.750377176E-01  4.474435622E-02  7.895100273E+04  2.672336738E+02  3.286033428E+02  2.689008449E+02  3.619807155E+02  7.616444400E-01 
       108  4.575540032E-02  1.745445103E-01  4.717695363E-02  8.278097144E+04  2.659426942E+02  3.308425574E+02  2.725848682E+02  3.516963415E+02  7.470075125E-01 
       109  4.807037784E-02  1.739953488E-01  4.963532790E-02  8.893349756E+04  2.610579805E+02  3.341677780E+02  2.780938940E+02  3.345577936E+02  7.332327962E-01 
       110  5.034733117E-02  1.734133857E-01  5.212084081E-02  9.484470947E+04  2.577777805E+02  3.370955505E+02  2.829818764E+02  3.181503773E+02  7.168287374E-01 
       111  5.258765486E-02  1.728405975E-01  5.464144749E-02  9.873258398E+04  2.574998856E+02  3.390100060E+02  2.862013035E+02  3.080528545E+02  7.014780901E-01 
       112  5.479076840E-02  1.722430532E-01  5.718902978E-02  1.015886570E+05  2.578296032E+02  3.404447203E+02  2.886282558E+02  3.009321623E+02  6.894244906E-01 
       113  5.694737683E-02  1.716020731E-01  5.976586917E-02  1.047066630E+05  2.572369649E+02  3.418826413E+02  2.910713115E+02  2.924140697E+02  6.791814049E-01 
       114  5.911848447E-02  1.709340834E-01  6.233872565E-02  1.081873474E+05  2.553725663E+02  3.433947790E+02  2.936513400E+02  2.835373108E+02  6.733973537E-01 
       115  6.119351897E-02  1.703313828E-01  6.496775561E-02  1.110380332E+05  2.540920510E+02  3.445988264E+02  2.957138295E+02  2.758405476E+02  6.682621986E-01 
       116  6.319798910E-02  1.696485115E-01  6.765543605E-02  1.131644907E+05  2.533653631E+02  3.454968433E+02  2.972569075E+02  2.700332103E+02  6.637119232E-01 
       117  6.520189851E-02  1.689621155E-01  7.034628384E-02  1.150813911E+05  2.526069288E+02  3.463446465E+02  2.987174425E+02  2.659085312E+02  6.617996916E-01 
       118  6.717992039E-02  1.682884043E-01  7.305807409E-02  1.168210405E+05  2.517302990E+02  3.471488848E+02  3.001061363E+02  2.620082541E+02  6.607117001E-01 
       119  6.910755662E-02  1.675987334E-01  7.579818779E-02  1.183409797E+05  2.505845878E+02  3.477953465E+02  3.012248209E+02  2.577142920E+02  6.607898790E-01 
       120  7.101404689E-02  1.668389198E-01  7.852135391E-02  1.194243759E+05  2.475476611E+02  3.482852719E+02  3.020741768E+02  2.541623933E+02  6.692499151E-01 
       121  7.286652020E-02  1.661304029E-01  8.130170181E-02  1.196197146E+05  2.457961977E+02  3.483588020E+02  3.022016971E+02  2.536171227E+02  6.762072442E-01 
       122  7.473378469E-02  1.653966549E-01  8.408122010E-02  1.196541675E+05  2.447775383E+02  3.484564629E+02  3.023712502E+02  2.538283062E+02  6.808538102E-01 
       123  7.654776682E-02  1.646234676E-01  8.688218818E-02  1.196848916E+05  2.441854677E+02  3.486070709E+02  3.026328936E+02  2.536472597E+02  6.832228210E-01 
       124  7.830115451E-02  1.638494494E-01  8.971806956E-02  1.196769224E+05  2.426991196E+02  3.488951473E+02  3.031342030E+02  2.528233585E+02  6.887477338E-01 
       125  8.003223315E-02  1.630890187E-01  9.257063461E-02  1.194973105E+05  2.418882322E+02  3.493522644E+02  3.039316497E+02  2.529267778E+02  6.926269066E-01 
       126  8.174167210E-02  1.623344685E-01  9.543869445E-02  1.193300417E+05  2.436245983E+02  3.495023122E+02  3.041935823E+02  2.520919209E+02  6.850799299E-01 
       127  8.339566060E-02  1.615413001E-01  9.829620033E-02  1.193472298E+05  2.432136666E+02  3.497114033E+02  3.045585043E+02  2.476573784E+02  6.831716704E-01 
       128  8.500809507E-02  1.607572746E-01  1.012133408E-01  1.193564402E+05  2.395926943E+02  3.505045571E+02  3.059453042E+02  2.423669372E+02  6.948900674E-01 
       129  8.654116005E-02  1.600133249E-01  1.041766726E-01  1.192102126E+05  2.365827535E+02  3.514806731E+02  3.076538901E+02  2.368902365E+02  7.051027357E-01 
       130  8.807530659E-02  1.592883350E-01  1.071513815E-01  1.190850950E+05  2.346270747E+02  3.523969116E+02  3.092584524E+02  2.294558363E+02  7.103668340E-01 
       131  8.946870181E-02  1.585918917E-01  1.101955952E-01  1.189051482E+05  2.309074477E+02  3.536023513E+02  3.113739593E+02  2.186947292E+02  7.233476541E-01 
       132  9.078169785E-02  1.579398834E-01  1.132895212E-01  1.187115928E+05  2.277340510E+02  3.543223739E+02  3.126396365E+02  2.103794695E+02  7.364471355E-01 
       133  9.193376095E-02  1.573753789E-01  1.164622823E-01  1.185944764E+05  2.265281680E+02  3.541842322E+02  3.123946774E+02  2.097571840E+02  7.421501661E-01 
       134  9.287851211E-02  1.569754829E-01  1.197270904E-01  1.185199462E+05  2.277436606E+02  3.531880590E+02  3.106429126E+02  2.194013143E+02  7.402455627E-01 
       135  9.346963790E-02  1.567893278E-01  1.230899614E-01  1.184865149E+05  2.327513416E+02  3.511906781E+02  3.071446452E+02  2.390467408E+02  7.276840983E-01 
       136  9.376445592E-02  1.568076376E-01  1.265149706E-01  1.184547770E+05  2.396494966E+02  3.489723339E+02  3.032735047E+02  2.560695772E+02  7.100330619E-01 
       137  9.391306034E-02  1.569225935E-01  1.299303306E-01  1.183696372E+05  2.428093939E+02  3.478658915E+02  3.013481817E+02  2.613812122E+02  7.018962558E-01 
       138  9.402896493E-02  1.570765633E-01  1.333445553E-01  1.182324351E+05  2.425662622E+02  3.477025452E+02  3.010641518E+02  2.603766651E+02  7.023958638E-01 
       139  9.417960043E-02  1.572174564E-01  1.367593072E-01  1.181144277E+05  2.428188586E+02  3.477350721E+02  3.011203914E+02  2.605201278E+02  7.022746261E-01 
       140  9.437397158E-02  1.573466446E-01  1.401725853E-01  1.180334418E+05  2.437503753E+02  3.477919869E+02  3.012191114E+02  2.619467523E+02  7.008551033E-01 
       141  9.455826038E-02  1.574868932E-01  1.435861248E-01  1.179817732E+05  2.440707630E+02  3.479985720E+02  3.015770574E+02  2.621356807E+02  7.005855516E-01 
       142  9.468914447E-02  1.576724412E-01  1.470000022E-01  1.179199395E+05  2.443209515E+02  3.481149521E+02  3.017950382E+02  2.621932278E+02  7.005401626E-01 
       143 -2.515044289E-02  2.387134140E-01 -4.211006034E-02  8.328924872E+04  1.808759912E+02  3.306617675E+02  2.722772875E+02  4.404326419E+02  1.147635022E+00 
       144 -2.515073613E-02  2.387267259E-01 -3.821832766E-02  8.489685233E+04  1.769867329E+02  3.315066186E+02  2.736710571E+02  4.373186961E+02  1.154304952E+00 
       145 -2.514274647E-02  2.387409373E-01 -3.433018188E-02  8.602222264E+04  1.744137437E+02  3.321388727E+02  2.747156188E+02  4.354510687E+02  1.159007379E+00 
       146 -2.514933814E-02  2.387615668E-01 -3.043885368E-02  8.582808488E+04  1.748234079E+02  3.321021224E+02  2.746547377E+02  4.335267928E+02  1.156480155E+00 
       147 -2.514205174E-02  2.387863737E-01 -2.655197175E-02  8.436074005E+04  1.780558104E+02  3.313310742E+02  2.733810822E+02  4.385667511E+02  1.153472668E+00 
       148 -2.514801404E-02  2.388163633E-01 -2.268742808E-02  8.225189095E+04  1.839564085E+02  3.300796220E+02  2.713194584E+02  4.420433153E+02  1.142307968E+00 
       149 -2.514603624E-02  2.387984711E-01 -1.877579094E-02  8.022366016E+04  1.890767975E+02  3.289230194E+02  2.694218521E+02  4.484071732E+02  1.136219427E+00 
       150 -2.513833525E-02  2.388756875E-01 -1.487946342E-02  7.922965956E+04  1.902829855E+02  3.284833447E+02  2.687013015E+02  4.484168898E+02  1.132993631E+00 
       151 -2.514495058E-02  2.389300222E-01 -1.098752945E-02  7.943201639E+04  1.899386059E+02  3.284898916E+02  2.687122245E+02  4.487429969E+02  1.134210206E+00 
       152 -2.501801490E-02  2.389948317E-01 -7.101428526E-03  8.122546753E+04  1.852263448E+02  3.294957107E+02  2.703617378E+02  4.462154198E+02  1.143258282E+00 
       153 -2.403359079E-02  2.391541778E-01 -3.362202731E-03  8.594523932E+04  1.738400047E+02  3.321122752E+02  2.746731749E+02  4.357446500E+02  1.160975439E+00 
       154 -2.203079393E-02  2.393877231E-01 -4.501692070E-05  8.976070602E+04  1.646593071E+02  3.341374947E+02  2.780323261E+02  4.270148034E+02  1.175862454E+00 
       155 -1.942355624E-02  2.396357170E-01  2.825132604E-03  8.677712161E+04  1.719158386E+02  3.325968659E+02  2.754761765E+02  4.322278948E+02  1.162477631E+00 
       156 -1.648721574E-02  2.398964014E-01  5.342831758E-03  8.121084711E+04  1.886148036E+02  3.292215786E+02  2.699139829E+02  4.467072334E+02  1.135053253E+00 
       157 -1.330897545E-02  2.400801911E-01  7.594698846E-03  7.945937024E+04  1.904972050E+02  3.283896585E+02  2.685497041E+02  4.498016300E+02  1.133763969E+00 
       158 -1.004552185E-02  2.402353079E-01  9.709455816E-03  8.021548828E+04  1.867830813E+02  3.287931385E+02  2.692107897E+02  4.488379583E+02  1.142335622E+00 
       159 -6.714656287E-03  2.403804415E-01  1.171394437E-02  8.068749904E+04  1.857055262E+02  3.289707317E+02  2.695010132E+02  4.471945690E+02  1.143659453E+00 
       160 -3.322138608E-03  2.404066774E-01  1.362735999E-02  8.003426755E+04  1.856180543E+02  3.289039276E+02  2.693907223E+02  4.484356093E+02  1.145754164E+00 
       161  9.783589121E-05  2.404201762E-01  1.547870720E-02  7.984494385E+04  1.874043450E+02  3.287462897E+02  2.691352143E+02  4.497044907E+02  1.143667735E+00 
       162  3.534439975E-03  2.403949673E-01  1.730379042E-02  8.111519043E+04  1.858939171E+02  3.292963791E+02  2.700435982E+02  4.485579147E+02  1.147449814E+00 
       163  6.969024296E-03  2.402279751E-01  1.908412837E-02  9.143738977E+04  1.547279937E+02  3.354300559E+02  2.802176554E+02  4.247459998E+02  1.202724366E+00 
       164  1.043411823E-02  2.400800089E-01  2.085152946E-02  7.910142448E+04  1.868513942E+02  3.288256437E+02  2.692646106E+02  4.457658018E+02  1.143163907E+00 
       165  1.388371434E-02  2.398652026E-01  2.263181169E-02  7.894094086E+04  1.853955541E+02  3.286528704E+02  2.689811981E+02  4.453644166E+02  1.145907793E+00 
       166  1.734145131E-02  2.394992745E-01  2.440657916E-02  7.866983789E+04  1.880838153E+02  3.283403912E+02  2.684700246E+02  4.464100385E+02  1.139967913E+00 
       167  2.080043859E-02  2.391294908E-01  2.615375350E-02  7.869959554E+04  1.888171471E+02  3.284151450E+02  2.685912581E+02  4.461420605E+02  1.137055581E+00 
       168  2.424052770E-02  2.387186889E-01  2.792040504E-02  7.878284937E+04  1.907370665E+02  3.285155778E+02  2.687555521E+02  4.451268001E+02  1.132022723E+00 
       169  2.766624902E-02  2.381908713E-01  2.968394578E-02  7.868241992E+04  1.942384675E+02  3.284343586E+02  2.686225629E+02  4.463730240E+02  1.124999188E+00 
       170  3.108229850E-02  2.375970478E-01  3.144655572E-02  7.849693506E+04  1.976525483E+02  3.282650940E+02  2.683458059E+02  4.493977327E+02  1.119856079E+00 
       171  3.449726266E-02  2.369314331E-01  3.319569832E-02  7.863420364E+04  1.983721979E+02  3.284814426E+02  2.687009852E+02  4.492602112E+02  1.118899419E+00 
       172  3.787267708E-02  2.362004853E-01  3.498142333E-02  7.907071301E+04  1.988021967E+02  3.289254041E+02  2.694287710E+02  4.453203316E+02  1.115894448E+00 
       173  4.123744789E-02  2.354271843E-01  3.677379579E-02  7.928370422E+04  1.996783133E+02  3.291699066E+02  2.698283935E+02  4.401361227E+02  1.110183110E+00 
       174  4.456263149E-02  2.345133553E-01  3.856958315E-02  7.856188702E+04  2.027469050E+02  3.287590581E+02  2.691551547E+02  4.373519167E+02  1.101129544E+00 
       175  4.789152860E-02  2.335402793E-01  4.034492433E-02  7.699556488E+04  2.072819725E+02  3.277525631E+02  2.675099828E+02  4.401886249E+02  1.093508016E+00 
       176  5.119514426E-02  2.325727211E-01  4.215365701E-02  7.510582275E+04  2.131312464E+02  3.265801462E+02  2.655996170E+02  4.476991537E+02  1.087800432E+00 
       177  5.444737908E-02  2.314873556E-01  4.396264389E-02  7.325308076E+04  2.199825063E+02  3.253424103E+02  2.635894315E+02  4.549772609E+02  1.080185593E+00 
       178  5.771043354E-02  2.303389779E-01  4.576361213E-02  7.127814615E+04  2.275218325E+02  3.238662170E+02  2.612048191E+02  4.609839547E+02  1.069390022E+00 
       179  6.093363739E-02  2.292015055E-01  4.761570799E-02  6.871840234E+04  2.362336125E+02  3.221929178E+02  2.585126524E+02  4.661316929E+02  1.054544633E+00 
       180  6.411569228E-02  2.279427553E-01  4.946832252E-02  6.680901611E+04  2.477662182E+02  3.209550047E+02  2.565302868E+02  4.709709644E+02  1.031470925E+00 
       181  6.728438578E-02  2.267057043E-01  5.135068917E-02  6.898940662E+04  2.573030887E+02  3.230289059E+02  2.598775597E+02  4.647645073E+02  9.978010003E-01 
       182  7.045491472E-02  2.254566135E-01  5.324396322E-02  7.971205493E+04  2.646319132E+02  3.293607407E+02  2.701892776E+02  4.426312542E+02  9.500428643E-01 
       183  7.352398986E-02  2.240979077E-01  5.520813549E-02  9.511965308E+04  2.515431867E+02  3.372369690E+02  2.832640529E+02  4.057193098E+02  9.446771070E-01 
       184  7.654294831E-02  2.227589545E-01  5.724026033E-02  1.042902729E+05  2.327844310E+02  3.421458346E+02  2.915220474E+02  3.866952323E+02  9.761809587E-01 
       185  7.954929441E-02  2.214414527E-01  5.933596166E-02  1.086825225E+05  2.427514491E+02  3.436768599E+02  2.941475739E+02  3.789194489E+02  9.426604062E-01 
       186  8.244157493E-02  2.200232159E-01  6.149679439E-02  1.246893711E+05  2.370392456E+02  3.513076630E+02  3.073477631E+02  3.431440048E+02  9.369219840E-01 
       187  8.531452000E-02  2.186177542E-01  6.372436707E-02  1.207889510E+05  2.404501657E+02  3.495088668E+02  3.042027490E+02  3.521402566E+02  9.288991210E-01 
       188  8.816039266E-02  2.172472440E-01  6.601424901E-02  1.221770969E+05  2.349213791E+02  3.498407478E+02  3.047800860E+02  3.480152102E+02  9.417824578E-01 
       189  9.092008057E-02  2.157826082E-01  6.831794754E-02  1.219319530E+05  2.274231507E+02  3.498755266E+02  3.048393655E+02  3.479908272E+02  9.620896108E-01 
       190  9.367581728E-02  2.143255962E-01  7.064980943E-02  1.217880322E+05  2.233914284E+02  3.499228071E+02  3.049213501E+02  3.488620114E+02  9.729775491E-01 
       191  9.641114101E-02  2.128789625E-01  7.302159977E-02  1.221020723E+05  2.211120251E+02  3.499950268E+02  3.050471848E+02  3.463597353E+02  9.781545531E-01 
       192  9.907895187E-02  2.114028516E-01  7.542603674E-02  1.221069893E+05  2.193519142E+02  3.501789539E+02  3.053679698E+02  3.462992506E+02  9.825404976E-01 
       193  1.016896232E-01  2.099003163E-01  7.789626121E-02  1.221713972E+05  2.203122494E+02  3.502651701E+02  3.055188394E+02  3.460415149E+02  9.788839119E-01 
       194  1.042573666E-01  2.084682280E-01  8.044071344E-02  1.224196884E+05  2.202376560E+02  3.506636667E+02  3.062153347E+02  3.423321450E+02  9.778408576E-01 
       195  1.067132028E-01  2.069758083E-01  8.306726980E-02  1.226766453E+05  2.195037120E+02  3.516755107E+02  3.079887836E+02  3.396488266E+02  9.788874149E-01 
       196  1.091091693E-01  2.055182938E-01  8.576040538E-02  1.226164964E+05  2.215262740E+02  3.527097132E+02  3.098090336E+02  3.354787977E+02  9.719149715E-01 
       197  1.114533399E-01  2.040960959E-01  8.851719904E-02  1.225230889E+05  2.235083726E+02  3.538428124E+02  3.118077012E+02  3.290781619E+02  9.647575290E-01 
       198  1.136946430E-01  2.026973542E-01  9.137514269E-02  1.225086197E+05  2.243777269E+02  3.553486959E+02  3.144673543E+02  3.193961261E+02  9.615004934E-01 
       199  1.158224243E-01  2.012857480E-01  9.431046231E-02  1.225438818E+05  2.259787914E+02  3.567969755E+02  3.170314516E+02  3.074674290E+02  9.571155714E-01 
       200  1.177983438E-01  1.999614296E-01  9.738734661E-02  1.225502202E+05  2.290446850E+02  3.579794440E+02  3.191301545E+02  2.941382225E+02  9.497723477E-01 
       201  1.195376812E-01  1.988013159E-01  1.006637087E-01  1.225847070E+05  2.306847059E+02  3.585568432E+02  3.201586051E+02  2.872138259E+02  9.466134964E-01 
       202  1.207748534E-01  1.979244993E-01  1.042263433E-01  1.223948873E+05  2.315129775E+02  3.573898513E+02  3.180870829E+02  3.022511785E+02  9.418987632E-01 
       203  1.209766187E-01  1.976967879E-01  1.080979692E-01  1.225568794E+05  2.343289138E+02  3.544025357E+02  3.127954724E+02  3.307175602E+02  9.312001891E-01 
       204  1.209415894E-01  1.976147862E-01  1.119887176E-01  1.228059091E+05  2.334971220E+02  3.524292935E+02  3.093149577E+02  3.340477449E+02  9.319508753E-01 
       205  1.209136670E-01  1.975679793E-01  1.158784497E-01  1.228821094E+05  2.300113980E+02  3.517424509E+02  3.081067426E+02  3.343266854E+02  9.415820278E-01 
       206  1.209140530E-01  1.975343277E-01  1.197687765E-01  1.229596820E+05  2.255520447E+02  3.516124381E+02  3.078776289E+02  3.364972613E+02  9.553014804E-01 
       207  1.209033119E-01  1.974945510E-01  1.236620610E-01  1.229696652E+05  2.219803721E+02  3.516213197E+02  3.078927978E+02  3.356049917E+02  9.657041742E-01 
       208  1.208998844E-01  1.975608583E-01  1.275528569E-01  1.229849887E+05  2.214262141E+02  3.517876878E+02  3.081866280E+02  3.356527990E+02  9.678895929E-01 
       209  1.209086196E-01  1.975927695E-01  1.314428594E-01  1.229480493E+05  2.214904367E+02  3.522297186E+02  3.089641629E+02  3.353283041E+02  9.680321334E-01 
       210  1.209261261E-01  1.976437754E-01  1.353324952E-01  1.230018360E+05  2.217145455E+02  3.529713115E+02  3.102690081E+02  3.295343285E+02  9.668320415E-01 
       211  1.209477387E-01  1.976921952E-01  1.392217013E-01  1.230136159E+05  2.214278551E+02  3.539475408E+02  3.119888523E+02  3.210955847E+02  9.675654704E-01 
       212  1.209659901E-01  1.977439656E-01  1.431109690E-01  1.231644010E+05  2.211127021E+02  3.550608492E+02  3.139395950E+02  3.116409800E+02  9.690782123E-01 
       213  1.210017723E-01  1.977818072E-01  1.470000027E-01  1.232820439E+05  2.217943773E+02  3.556459103E+02  3.147719641E+02  3.070867128E+02  9.678259417E-01 
       214 -1.337431699E-02  1.053111530E-01 -4.600000000E-02  8.757293848E+04  1.539420338E+02  3.331018715E+02  2.763503265E+02  2.355660076E+02  8.585965410E-01 
       215 -1.336879354E-02  1.054912688E-01 -4.299898917E-02  8.752946655E+04  1.539553618E+02  3.330630741E+02  2.762459154E+02  2.358924184E+02  8.597904816E-01 
       216 -1.321272523E-02  1.057016208E-01 -4.000664894E-02  8.750826855E+04  1.542876415E+02  3.330127335E+02  2.761624107E+02  2.364377575E+02  8.600907326E-01 
       217 -1.269691607E-02  1.059729593E-01 -3.706120983E-02  8.738587155E+04  1.551033626E+02  3.329330857E+02  2.760304063E+02  2.369481134E+02  8.576571895E-01 
       218 -1.181263769E-02  1.063072321E-01 -3.420969757E-02  8.725665638E+04  1.558551975E+02  3.328647464E+02  2.759170744E+02  2.378249462E+02  8.569734183E-01 
       219 -1.066241908E-02  1.066659143E-01 -3.145726216E-02  8.707574678E+04  1.565594347E+02  3.328178712E+02  2.758393980E+02  2.386289386E+02  8.563927348E-01 
       220 -9.280794463E-03  1.070573859E-01 -2.881758489E-02  8.691626045E+04  1.572737245E+02  3.327558612E+02  2.757365270E+02  2.395512211E+02  8.561388313E-01 
       221 -7.735023178E-03  1.074435380E-01 -2.626912607E-02  8.682843597E+04  1.581559222E+02  3.326860036E+02  2.756208211E+02  2.403029851E+02  8.544775234E-01 
       222 -6.047350445E-03  1.078135440E-01 -2.381048416E-02  8.664752773E+04  1.593368002E+02  3.325391941E+02  2.753775694E+02  2.413889290E+02  8.524142194E-01 
       223 -4.299611852E-03  1.081916589E-01 -2.139379423E-02  8.653815526E+04  1.598529578E+02  3.325975728E+02  2.754742818E+02  2.418411265E+02  8.517191027E-01 
       224 -2.461870607E-03  1.085505379E-01 -1.904289133E-02  8.660984863E+04  1.603043406E+02  3.325127854E+02  2.753338349E+02  2.421309367E+02  8.508367689E-01 
       225 -5.886173328E-04  1.088780789E-01 -1.671486844E-02  8.671997596E+04  1.601771390E+02  3.326547602E+02  2.755690657E+02  2.422988284E+02  8.526557367E-01 
       226  1.337912187E-03  1.092215599E-01 -1.443302686E-02  8.687411528E+04  1.597422201E+02  3.325883345E+02  2.754589435E+02  2.424391225E+02  8.559300050E-01 
       227  3.290030235E-03  1.094941851E-01 -1.216353628E-02  8.673018685E+04  1.593938172E+02  3.325000504E+02  2.753127476E+02  2.435404506E+02  8.622254652E-01 
       228  5.262023684E-03  1.097864070E-01 -9.913643549E-03  8.604755066E+04  1.603594879E+02  3.320665004E+02  2.745956630E+02  2.471580275E+02  8.703109002E-01 
       229  7.256339014E-03  1.100495762E-01 -7.679258903E-03  8.405660698E+04  1.650442468E+02  3.309886532E+02  2.728162056E+02  2.542528828E+02  8.712003020E-01 
       230  9.250945095E-03  1.102792579E-01 -5.441700620E-03  8.172711121E+04  1.729551771E+02  3.298344157E+02  2.709166896E+02  2.624023152E+02  8.591293491E-01 
       231  1.125130268E-02  1.105297001E-01 -3.209862298E-03  8.041381689E+04  1.801234226E+02  3.292894468E+02  2.700219760E+02  2.663587794E+02  8.361418862E-01 
       232  1.324504242E-02  1.107259366E-01 -9.692227629E-04  8.125505542E+04  1.836129451E+02  3.297222185E+02  2.707325258E+02  2.640525360E+02  8.095843829E-01 
       233  1.522818012E-02  1.109344875E-01  1.280794701E-03  8.318447217E+04  1.845094194E+02  3.307421036E+02  2.724107485E+02  2.583797178E+02  7.853129692E-01 
       234  1.717717000E-02  1.111306516E-01  3.565314237E-03  8.533292676E+04  1.833045483E+02  3.320473785E+02  2.745650864E+02  2.498119583E+02  7.627354339E-01 
       235  2.098827574E-02  1.115152878E-01  8.199040730E-03  8.923993750E+04  1.871526442E+02  3.341228199E+02  2.780082169E+02  2.375491028E+02  7.036632858E-01 
       236  2.283804163E-02  1.116790561E-01  1.055952489E-02  9.054176105E+04  1.899407761E+02  3.354058239E+02  2.801462817E+02  2.295580220E+02  6.639656830E-01 
       237  2.632960383E-02  1.121198866E-01  1.543269692E-02  9.115524463E+04  2.046623096E+02  3.354809494E+02  2.802716980E+02  2.309564095E+02  5.903951451E-01 
       238  2.959379811E-02  1.126564718E-01  2.044933110E-02  9.025420020E+04  2.208289747E+02  3.349971256E+02  2.794636641E+02  2.362008691E+02  5.227982374E-01 
       239  3.114059063E-02  1.129278581E-01  2.301118304E-02  8.974129990E+04  2.281050459E+02  3.349529151E+02  2.793900685E+02  2.388912177E+02  4.942985413E-01 
       240  3.264987762E-02  1.132456905E-01  2.559358749E-02  8.916287695E+04  2.359627479E+02  3.344435018E+02  2.785409576E+02  2.424649917E+02  4.660872745E-01 
       241  3.807676132E-02  1.146676712E-01  3.621643154E-02  8.790153326E+04  2.609602673E+02  3.335837647E+02  2.771103944E+02  2.515667061E+02  3.720973607E-01 
       242  3.928374460E-02  1.150413043E-01  3.894926042E-02  8.803989166E+04  2.664491124E+02  3.340058854E+02  2.778131647E+02  2.526594863E+02  3.484463368E-01 
       243  4.044503934E-02  1.154301055E-01  4.169676193E-02  8.844154592E+04  2.704166771E+02  3.343447514E+02  2.783769400E+02  2.520715962E+02  3.270799754E-01 
       244  4.154949506E-02  1.158110833E-01  4.446441861E-02  8.906067432E+04  2.739228287E+02  3.346859760E+02  2.789456043E+02  2.507887297E+02  3.054148611E-01 
       245  4.259018966E-02  1.161595968E-01  4.726780086E-02  8.985808102E+04  2.770691811E+02  3.350557088E+02  2.795625621E+02  2.489699364E+02  2.833647496E-01 
       246  4.357921759E-02  1.165132208E-01  5.008364009E-02  9.082385254E+04  2.795437126E+02  3.354817867E+02  2.802737617E+02  2.464611273E+02  2.623859197E-01 
       247  4.448002582E-02  1.168267471E-01  5.293502673E-02  9.196145303E+04  2.814832422E+02  3.360140165E+02  2.811632622E+02  2.430459511E+02  2.405808023E-01 
       248  4.534234860E-02  1.171711221E-01  5.579536500E-02  9.324096729E+04  2.826577187E+02  3.366059380E+02  2.821552448E+02  2.395196400E+02  2.229264388E-01 
       249  4.612355051E-02  1.174912616E-01  5.867935283E-02  9.454688965E+04  2.836252480E+02  3.372674484E+02  2.832655258E+02  2.355457649E+02  2.042584028E-01 
       250  4.681688670E-02  1.178330389E-01  6.158342338E-02  9.581119336E+04  2.841851273E+02  3.379201431E+02  2.843627930E+02  2.319661331E+02  1.898037679E-01 
       251  4.742483443E-02  1.181684938E-01  6.451168194E-02  9.696622559E+04  2.847470322E+02  3.385341339E+02  2.853969460E+02  2.289790916E+02  1.777469087E-01 
       252  4.796175059E-02  1.184973583E-01  6.744925218E-02  9.797717578E+04  2.857170353E+02  3.390989876E+02  2.863498650E+02  2.263967333E+02  1.646357011E-01 
       253  4.839690646E-02  1.188449776E-01  7.040346354E-02  9.883577432E+04  2.867283386E+02  3.394948351E+02  2.870182631E+02  2.241829075E+02  1.524130272E-01 
       254  4.867844520E-02  1.192029192E-01  7.337369276E-02  9.936537122E+04  2.881206470E+02  3.397728940E+02  2.874888871E+02  2.228961591E+02  1.415605571E-01 
       255  4.889804354E-02  1.195863964E-01  7.634446821E-02  9.974769084E+04  2.902078915E+02  3.398446047E+02  2.876103553E+02  2.228141668E+02  1.313316525E-01 
       256  4.901527392E-02  1.199575346E-01  7.936475415E-02  9.991230630E+04  2.924414224E+02  3.399252276E+02  2.877470937E+02  2.224212809E+02  1.185894629E-01 
       257  4.897414798E-02  1.207471392E-01  8.530893469E-02  1.000312031E+05  2.967311325E+02  3.401649857E+02  2.881526718E+02  2.231577797E+02  1.000006646E-01 
       258  4.879835866E-02  1.211503063E-01  8.827262235E-02  9.992552539E+04  2.990822487E+02  3.399871635E+02  2.878515091E+02  2.240344887E+02  9.125181753E-02 
       259  4.854576088E-02  1.215647590E-01  9.126615169E-02  1.000276304E+05  3.003021478E+02  3.398372078E+02  2.875976479E+02  2.245553528E+02  8.800394650E-02 
       260  4.818457029E-02  1.219712360E-01  9.420996830E-02  1.004924555E+05  3.002824519E+02  3.400967440E+02  2.880372064E+02  2.230678067E+02  8.357929807E-02 
       261  4.782320061E-02  1.224212570E-01  9.713670139E-02  1.010642173E+05  3.000076542E+02  3.403135834E+02  2.884055500E+02  2.215245428E+02  8.079181472E-02 
       262  4.734997920E-02  1.228526278E-01  1.001180955E-01  1.020042227E+05  2.986435204E+02  3.409177704E+02  2.894301682E+02  2.182174568E+02  7.688871305E-02 
       263  4.683890011E-02  1.232935874E-01  1.030087938E-01  1.033361939E+05  2.960535116E+02  3.417841290E+02  2.909037105E+02  2.136557421E+02  7.575356396E-02 
       264  4.566507936E-02  1.242316696E-01  1.088390156E-01  1.059407416E+05  2.887317743E+02  3.424258540E+02  2.919963549E+02  2.034057294E+02  8.326077324E-02 
       265  4.352639189E-02  1.257122811E-01  1.174848542E-01  1.082261393E+05  2.653992575E+02  3.452262893E+02  2.967978908E+02  1.822906194E+02  1.618743393E-01 
       266  4.289440586E-02  1.261798267E-01  1.203730247E-01  1.079593640E+05  2.538754387E+02  3.476232204E+02  3.009370918E+02  1.557417280E+02  1.501709061E-01 
       267  4.242365191E-02  1.265975250E-01  1.232861776E-01  1.077530614E+05  2.449659500E+02  3.497828800E+02  3.046802446E+02  1.294752872E+02  1.264836364E-01 
       268  4.208270049E-02  1.270006734E-01  1.262530889E-01  1.077134688E+05  2.406833191E+02  3.503006821E+02  3.055810661E+02  1.247544556E+02  1.493235752E-01 
       269  4.202415066E-02  1.273246053E-01  1.292418903E-01  1.076659509E+05  2.404721888E+02  3.499883423E+02  3.050371759E+02  1.298625143E+02  1.695879998E-01 
       270  4.218523596E-02  1.275849052E-01  1.322314117E-01  1.075323314E+05  2.423741010E+02  3.494618573E+02  3.041213397E+02  1.377732102E+02  1.826855818E-01 
       271  4.252691668E-02  1.278080741E-01  1.352038484E-01  1.073694758E+05  2.459974995E+02  3.490892013E+02  3.034738933E+02  1.464330177E+02  1.855730728E-01 
       272  4.296344289E-02  1.279984053E-01  1.381664338E-01  1.071926049E+05  2.493487609E+02  3.485900304E+02  3.026082067E+02  1.530039936E+02  1.852040230E-01 
       273  4.347514252E-02  1.281630447E-01  1.411197974E-01  1.069389824E+05  2.523073357E+02  3.481513608E+02  3.018465553E+02  1.583132286E+02  1.839504656E-01 
       274  4.403358971E-02  1.283124551E-01  1.440677535E-01  1.066559102E+05  2.548315415E+02  3.479771481E+02  3.015414309E+02  1.623514410E+02  1.819703594E-01 
       275  4.466583781E-02  1.284644007E-01  1.470000034E-01  1.063640198E+05  2.578331373E+02  3.475272512E+02  2.954838511E+02  1.665951148E+02  1.775853891E-01 
       276 -1.390154712E-02  1.725232616E-01 -4.600000033E-02  8.230239548E+04  1.814783796E+02  3.303741217E+02  2.712459648E+02  3.414650934E+02  1.010353235E+00 
       277 -1.389524734E-02  1.726308379E-01 -4.258575940E-02  8.276961841E+04  1.814701723E+02  3.303619606E+02  2.717833659E+02  3.422182654E+02  1.011755763E+00 
       278 -1.388827040E-02  1.727470810E-01 -3.919459871E-02  8.289955978E+04  1.815191306E+02  3.303621510E+02  2.717836816E+02  3.427293212E+02  1.012511624E+00 
       279 -1.387976982E-02  1.728866868E-01 -3.575874102E-02  8.292870818E+04  1.813944423E+02  3.303686474E+02  2.717944274E+02  3.427376009E+02  1.012970933E+00 
       280 -1.386962822E-02  1.730354599E-01 -3.234598001E-02  8.275243320E+04  1.812993116E+02  3.303267358E+02  2.717254696E+02  3.427891371E+02  1.013428715E+00 
       281 -1.385715910E-02  1.732129765E-01 -2.893478341E-02  8.247335701E+04  1.817720985E+02  3.301575169E+02  2.714472240E+02  3.440579416E+02  1.014100009E+00 
       282 -1.381464856E-02  1.733989484E-01 -2.553958976E-02  8.197753432E+04  1.830749280E+02  3.298261790E+02  2.709027438E+02  3.461690408E+02  1.013445372E+00 
       283 -1.334927366E-02  1.736519924E-01 -2.216152427E-02  8.119718676E+04  1.844803928E+02  3.294249680E+02  2.702440970E+02  3.479079949E+02  1.011855739E+00 
       284 -1.220387625E-02  1.739549638E-01 -1.896956374E-02  8.007443896E+04  1.876332979E+02  3.287065487E+02  2.690675106E+02  3.513780575E+02  1.007638820E+00 
       285 -1.057589609E-02  1.742731966E-01 -1.599005111E-02  7.828999923E+04  1.923234779E+02  3.278073448E+02  2.675974365E+02  3.557212590E+02  9.999116606E-01 
       286 -8.586070527E-03  1.745821273E-01 -1.323108332E-02  7.636417287E+04  1.978931454E+02  3.269510752E+02  2.662009122E+02  3.614934649E+02  9.922767176E-01 
       287 -6.371188279E-03  1.748941133E-01 -1.065117603E-02  7.594574881E+04  2.004136382E+02  3.268467505E+02  2.660311370E+02  3.617332094E+02  9.842194503E-01 
       288 -3.959984913E-03  1.752012559E-01 -8.251810021E-03  7.816787683E+04  1.982546100E+02  3.281119685E+02  2.680983326E+02  3.543746821E+02  9.775006066E-01 
       289 -1.474621790E-03  1.754287438E-01 -5.921768022E-03  8.340002032E+04  1.898106648E+02  3.308029819E+02  2.725205422E+02  3.425509253E+02  9.858346155E-01 
       290  1.096342236E-03  1.756586641E-01 -3.684409899E-03  8.929111006E+04  1.797863869E+02  3.335285462E+02  2.770232600E+02  3.290421392E+02  9.978887884E-01 
       291  3.722457199E-03  1.758529720E-01 -1.512169024E-03  9.155571240E+04  1.752167788E+02  3.344239511E+02  2.785088739E+02  3.240639229E+02  1.005877092E+00 
       292  6.390497491E-03  1.759799744E-01  6.206893580E-04  8.796126416E+04  1.772358599E+02  3.331655102E+02  2.764206810E+02  3.320255375E+02  1.010930032E+00 
       293  1.179759467E-02  1.761809281E-01  4.808741428E-03  7.657541211E+04  1.997356644E+02  3.269806747E+02  2.662543983E+02  3.640073242E+02  9.906831384E-01 
       294  1.450804596E-02  1.762121176E-01  6.883706551E-03  7.260522510E+04  2.096283627E+02  3.244097481E+02  2.620831375E+02  3.758515148E+02  9.810560495E-01 
       295  1.722225861E-02  1.762495216E-01  8.953048646E-03  7.056249414E+04  2.156121330E+02  3.228858833E+02  2.596237411E+02  3.835398903E+02  9.766400158E-01 
       296  1.993233776E-02  1.761597577E-01  1.102855473E-02  6.924798438E+04  2.182862453E+02  3.221106377E+02  2.583781204E+02  3.861578064E+02  9.732059389E-01 
       297  2.263244469E-02  1.760920636E-01  1.311525345E-02  6.762859521E+04  2.223949871E+02  3.211657677E+02  2.568649368E+02  3.905731926E+02  9.690126255E-01 
       298  2.532249661E-02  1.759768902E-01  1.521525865E-02  6.599354419E+04  2.287483072E+02  3.200498238E+02  2.550831347E+02  3.958590240E+02  9.592330791E-01 
       299  2.800116021E-02  1.758008440E-01  1.732596334E-02  6.565185156E+04  2.336341381E+02  3.196721487E+02  2.544815731E+02  3.973545399E+02  9.460975975E-01 
       300  3.066011949E-02  1.756198651E-01  1.946182943E-02  6.814178162E+04  2.346733141E+02  3.210564036E+02  2.567012968E+02  3.919542432E+02  9.308497701E-01 
       301  3.850917716E-02  1.748410184E-01  2.602581626E-02  8.704229834E+04  2.342821074E+02  3.338684044E+02  2.775870724E+02  3.360224342E+02  8.259932455E-01 
       302  4.358739934E-02  1.740919978E-01  3.053362568E-02  8.608797192E+04  2.383848085E+02  3.330096521E+02  2.761578989E+02  3.418660774E+02  8.224686980E-01 
       303  4.609287257E-02  1.736863543E-01  3.281922705E-02  8.521021680E+04  2.412475367E+02  3.326059856E+02  2.754886017E+02  3.441857204E+02  8.170863129E-01 
       304  4.855845708E-02  1.731970535E-01  3.512834265E-02  8.495270142E+04  2.458327932E+02  3.323372059E+02  2.750433636E+02  3.454908371E+02  8.036973923E-01 
       305  5.100043215E-02  1.726458906E-01  3.745772352E-02  8.589851135E+04  2.490175591E+02  3.329760809E+02  2.761027775E+02  3.440289431E+02  7.905144077E-01 
       306  5.340036417E-02  1.720848619E-01  3.982071753E-02  8.892384570E+04  2.492514532E+02  3.347795181E+02  2.791070983E+02  3.358719449E+02  7.761109509E-01 
       307  5.576533568E-02  1.714326002E-01  4.220398857E-02  9.399905075E+04  2.474647291E+02  3.373984003E+02  2.834918894E+02  3.223152770E+02  7.603164818E-01 
       308  5.808130114E-02  1.707532671E-01  4.462162642E-02  9.929672310E+04  2.454531927E+02  3.400254545E+02  2.879231214E+02  3.076362740E+02  7.449664297E-01 
       309  6.913202621E-02  1.670049815E-01  5.708998555E-02  1.122382571E+05  2.428264070E+02  3.467532434E+02  2.994254947E+02  2.747759790E+02  7.103447057E-01 
       310  7.325557335E-02  1.653928843E-01  6.228962682E-02  1.152551876E+05  2.412127696E+02  3.482129383E+02  3.019499474E+02  2.659269794E+02  7.066371045E-01 
       311  7.526114685E-02  1.645964451E-01  6.493668120E-02  1.163882617E+05  2.397999306E+02  3.487286644E+02  3.028451271E+02  2.637053490E+02  7.111278623E-01 
       312  8.099008587E-02  1.620989224E-01  7.305121222E-02  1.185724141E+05  2.392989922E+02  3.492715149E+02  3.037874794E+02  2.564069576E+02  7.051891387E-01 
       313  8.281625202E-02  1.612441772E-01  7.580722199E-02  1.188680918E+05  2.387187881E+02  3.492743797E+02  3.037923927E+02  2.554478951E+02  7.072194815E-01 
       314  8.462318717E-02  1.604029889E-01  7.856519154E-02  1.191321543E+05  2.378993092E+02  3.493310690E+02  3.038908997E+02  2.551668162E+02  7.116802614E-01 
       315  8.638808364E-02  1.595156660E-01  8.135371941E-02  1.192761870E+05  2.373012671E+02  3.493108177E+02  3.038555703E+02  2.546129913E+02  7.143251225E-01 
       316  8.818531781E-02  1.586346563E-01  8.418846896E-02  1.192960888E+05  2.373499362E+02  3.491094170E+02  3.035054039E+02  2.534962777E+02  7.115160987E-01 
       317  9.153487112E-02  1.568453452E-01  8.985396979E-02  1.190050881E+05  2.363452687E+02  3.490407600E+02  3.033865299E+02  2.533819447E+02  7.160918768E-01 
       318  9.319079870E-02  1.559467714E-01  9.269883327E-02  1.189428877E+05  2.362315273E+02  3.490352364E+02  3.033771229E+02  2.530899906E+02  7.164982781E-01 
       319  9.639067810E-02  1.541493463E-01  9.845101971E-02  1.190707129E+05  2.362836761E+02  3.488882294E+02  3.031210480E+02  2.535037479E+02  7.177852131E-01 
       320  9.789700787E-02  1.532238030E-01  1.013752208E-01  1.191633965E+05  2.370904059E+02  3.488111434E+02  3.029869809E+02  2.536990719E+02  7.137652440E-01 
       321  9.939560036E-02  1.523575645E-01  1.043121280E-01  1.191756621E+05  2.377525215E+02  3.486735497E+02  3.027479153E+02  2.542204037E+02  7.122427747E-01 
       322  1.008373928E-01  1.515239935E-01  1.072922639E-01  1.190039482E+05  2.386714420E+02  3.484161720E+02  3.023011150E+02  2.553511944E+02  7.102666795E-01 
       323  1.021925752E-01  1.507164957E-01  1.103173974E-01  1.188113442E+05  2.402414975E+02  3.481238899E+02  3.017944903E+02  2.569393754E+02  7.052887715E-01 
       324  1.063175391E-01  1.486079647E-01  1.265700906E-01  1.183160977E+05  2.432884521E+02  3.486739655E+02  3.027520332E+02  2.561553764E+02  6.948975474E-01 
       325  1.064822206E-01  1.487022474E-01  1.299738775E-01  1.183551934E+05  2.390634460E+02  3.499756699E+02  3.050184364E+02  2.454660301E+02  7.045821697E-01 
       326  1.066476119E-01  1.488146338E-01  1.333799290E-01  1.182219004E+05  2.328342628E+02  3.513617210E+02  3.074377174E+02  2.308476105E+02  7.235329151E-01 
       327  1.068180965E-01  1.489318139E-01  1.367854531E-01  1.180824043E+05  2.283355026E+02  3.521618690E+02  3.088370895E+02  2.225388203E+02  7.410543561E-01 
       328  1.069979625E-01  1.490578552E-01  1.401905319E-01  1.180153926E+05  2.289292583E+02  3.518194580E+02  3.082376518E+02  2.287950745E+02  7.422660366E-01 
       329  1.071817424E-01  1.491887345E-01  1.435955648E-01  1.179495571E+05  2.350341396E+02  3.503544750E+02  3.055087280E+02  2.456494541E+02  7.250675596E-01 
       330  1.073851999E-01  1.493347905E-01  1.470000044E-01  1.179304609E+05  2.424117355E+02  3.485568466E+02  3.013639908E+02  2.617141571E+02  7.073195428E-01 
       331 -5.132010553E-03  2.399711247E-01 -4.600000034E-02  8.404172412E+04  1.733951797E+02  3.310946217E+02  2.729479313E+02  4.397479668E+02  1.165433683E+00 
       332 -5.128125210E-03  2.399809281E-01 -4.210430258E-02  8.417489038E+04  1.746308737E+02  3.307268057E+02  2.723846993E+02  4.403524179E+02  1.163034957E+00 
       333 -5.125201508E-03  2.399922328E-01 -3.820870464E-02  8.257748029E+04  1.771824652E+02  3.301089976E+02  2.713691473E+02  4.422192421E+02  1.158693377E+00 
       334 -5.121813889E-03  2.400095995E-01 -3.431329778E-02  8.088586377E+04  1.811623253E+02  3.292373036E+02  2.699376565E+02  4.455284083E+02  1.152321856E+00 
       335 -5.119016059E-03  2.400291916E-01 -3.041776666E-02  7.924722210E+04  1.864433584E+02  3.283341378E+02  2.684588139E+02  4.497479322E+02  1.143721328E+00 
       336 -5.114574788E-03  2.400538233E-01 -2.652182619E-02  7.813188452E+04  1.891224762E+02  3.279668553E+02  2.678576922E+02  4.517313132E+02  1.139195819E+00 
       337 -5.109553763E-03  2.400828758E-01 -2.262552630E-02  7.841210986E+04  1.884462163E+02  3.282711563E+02  2.683569307E+02  4.509646444E+02  1.140056336E+00 
       338 -5.103895973E-03  2.401152952E-01 -1.872899116E-02  8.080373822E+04  1.828615558E+02  3.296441035E+02  2.706087546E+02  4.452777452E+02  1.147898375E+00 
       339 -4.925504783E-03  2.402473149E-01 -7.056915668E-03  8.681223953E+04  1.701541121E+02  3.322001427E+02  2.748222699E+02  4.348454949E+02  1.169196238E+00 
       340 -3.715119829E-03  2.403023013E-01 -3.373311706E-03  8.174728333E+04  1.791318789E+02  3.302321725E+02  2.715799659E+02  4.427754493E+02  1.154832727E+00 
       341 -1.562012846E-03  2.403581740E-01 -1.360753051E-04  7.827209650E+04  1.882706688E+02  3.282952160E+02  2.683977947E+02  4.518276626E+02  1.141654956E+00 
       342  1.133764527E-03  2.404094608E-01  2.675248428E-03  7.850693335E+04  1.891383996E+02  3.279277267E+02  2.677952967E+02  4.527721081E+02  1.140886512E+00 
       343  4.137632423E-03  2.404197044E-01  5.149238455E-03  8.009083278E+04  1.854373017E+02  3.285632533E+02  2.688336783E+02  4.480187685E+02  1.144987116E+00 
       344  7.316400202E-03  2.403253331E-01  7.399564588E-03  7.991378565E+04  1.840045187E+02  3.288455097E+02  2.692949719E+02  4.458754091E+02  1.146547583E+00 
       345  1.395577155E-02  2.400667001E-01  1.148649181E-02  8.641856445E+04  1.714749317E+02  3.319542732E+02  2.744201632E+02  4.369070778E+02  1.169649221E+00 
       346  1.735065466E-02  2.397965962E-01  1.337576268E-02  8.997380664E+04  1.595079994E+02  3.339448547E+02  2.777163582E+02  4.277504539E+02  1.190773174E+00 
       347  2.419161170E-02  2.391929427E-01  1.704637434E-02  7.961701074E+04  1.853121834E+02  3.292531662E+02  2.699684525E+02  4.487673264E+02  1.146949619E+00 
       348  2.761839379E-02  2.387452844E-01  1.884103948E-02  7.972080469E+04  1.879256649E+02  3.289507675E+02  2.694684334E+02  4.486537476E+02  1.139987558E+00 
       349  3.105226563E-02  2.382885234E-01  2.062260888E-02  8.097068945E+04  1.847452288E+02  3.297419701E+02  2.707657862E+02  4.446259270E+02  1.143774509E+00 
       350  3.788868369E-02  2.371344800E-01  2.417075674E-02  8.077659619E+04  1.861968250E+02  3.297987442E+02  2.708584538E+02  4.458230972E+02  1.141886048E+00 
       351  4.468291751E-02  2.357525484E-01  2.771953789E-02  8.037728906E+04  1.904639816E+02  3.293249969E+02  2.700830822E+02  4.466815796E+02  1.133826263E+00 
       352  4.805699300E-02  2.349490393E-01  2.948953136E-02  8.071355225E+04  1.906388125E+02  3.294777131E+02  2.703344908E+02  4.459545059E+02  1.134348372E+00 
       353  5.140582287E-02  2.340778219E-01  3.127771149E-02  8.063114063E+04  1.906260738E+02  3.295040379E+02  2.703770599E+02  4.445218792E+02  1.135256656E+00 
       354  5.473006301E-02  2.331020583E-01  3.305777180E-02  7.980338867E+04  1.937176266E+02  3.288515282E+02  2.693069305E+02  4.461535797E+02  1.130847394E+00 
       355  5.803984836E-02  2.320923676E-01  3.484458617E-02  7.836176318E+04  1.974574146E+02  3.278475266E+02  2.676644478E+02  4.489043922E+02  1.126118653E+00 
       356  6.132921494E-02  2.310454118E-01  3.665150486E-02  7.666407181E+04  2.006338021E+02  3.270204837E+02  2.663150311E+02  4.520062803E+02  1.123046549E+00 
       357  6.777528194E-02  2.285846393E-01  4.027160278E-02  8.472265820E+04  2.163642159E+02  3.320175476E+02  2.745427055E+02  4.303724251E+02  1.063338012E+00 
       358  7.097972553E-02  2.273472007E-01  4.209367684E-02  9.168715039E+04  2.313778706E+02  3.355103188E+02  2.803290310E+02  4.139002876E+02  1.009387158E+00 
       359  7.412444428E-02  2.259565065E-01  4.393674079E-02  9.056794458E+04  2.330926433E+02  3.348141689E+02  2.791650600E+02  4.198077126E+02  1.012002362E+00 
       360  7.725834663E-02  2.245514312E-01  4.577102978E-02  8.670491260E+04  2.323800220E+02  3.333041134E+02  2.766477489E+02  4.290948811E+02  1.022882804E+00 
       361  8.037011026E-02  2.231435234E-01  4.763983740E-02  8.895269141E+04  2.330686951E+02  3.348167152E+02  2.791796265E+02  4.212109337E+02  1.016339093E+00 
       362  8.343109451E-02  2.215945322E-01  4.950276897E-02  1.019941263E+05  2.248047746E+02  3.408113537E+02  2.892913723E+02  3.957070270E+02  1.022194210E+00 
       363  8.646988642E-02  2.201046420E-01  5.141624103E-02  1.221020291E+05  2.120580134E+02  3.480622597E+02  3.017246113E+02  3.584870920E+02  1.046331841E+00 
       364  9.242245520E-02  2.169732682E-01  5.534503106E-02  1.182404038E+05  2.197809086E+02  3.499858017E+02  3.050643396E+02  3.480246153E+02  1.005625233E+00 
       365  9.533631835E-02  2.153857768E-01  5.738443174E-02  1.163005370E+05  2.207296717E+02  3.497214336E+02  3.046162038E+02  3.523098221E+02  9.996662233E-01 
       366  9.819952312E-02  2.138016843E-01  5.949569436E-02  1.171272881E+05  2.217954388E+02  3.510489025E+02  3.069424496E+02  3.470715466E+02  9.930324554E-01 
       367  1.009694591E-01  2.121295788E-01  6.167326851E-02  1.185817271E+05  2.257695441E+02  3.528020144E+02  3.100191517E+02  3.369221430E+02  9.754357208E-01 
       368  1.037116704E-01  2.105064985E-01  6.390540356E-02  1.191290015E+05  2.321277676E+02  3.538232718E+02  3.118227453E+02  3.317370682E+02  9.508447498E-01 
       369  1.064180189E-01  2.088777679E-01  6.618856681E-02  1.194933569E+05  2.353658180E+02  3.540859852E+02  3.122866917E+02  3.311828327E+02  9.371987171E-01 
       370  1.090480686E-01  2.071800512E-01  6.850700508E-02  1.202201318E+05  2.360971479E+02  3.538661766E+02  3.118904190E+02  3.326819210E+02  9.321197011E-01 
       371  1.116790455E-01  2.055210471E-01  7.084353951E-02  1.210564832E+05  2.376197765E+02  3.535500588E+02  3.113234358E+02  3.329151654E+02  9.262395818E-01 
       372  1.142974452E-01  2.038484190E-01  7.319785208E-02  1.217631909E+05  2.355917563E+02  3.529765615E+02  3.103003750E+02  3.350927534E+02  9.317184743E-01 
       373  1.168416696E-01  2.021295301E-01  7.558130371E-02  1.223674932E+05  2.321140327E+02  3.524970150E+02  3.094499378E+02  3.363240967E+02  9.417843632E-01 
       374  1.193277496E-01  2.004108846E-01  7.805168345E-02  1.227915424E+05  2.291060474E+02  3.518698649E+02  3.083453636E+02  3.370731349E+02  9.503599703E-01 
       375  1.217693779E-01  1.987784452E-01  8.060399866E-02  1.229796282E+05  2.260780821E+02  3.513573580E+02  3.074443960E+02  3.386548281E+02  9.592674971E-01 
       376  1.240793489E-01  1.970470446E-01  8.322373237E-02  1.230291079E+05  2.228278522E+02  3.511437111E+02  3.070700874E+02  3.397165508E+02  9.685796425E-01 
       377  1.263696524E-01  1.953872062E-01  8.590193330E-02  1.233563255E+05  2.206974328E+02  3.517990433E+02  3.082151197E+02  3.360186428E+02  9.737930875E-01 
       378  1.285811840E-01  1.937639536E-01  8.866989816E-02  1.234098496E+05  2.191923416E+02  3.510211511E+02  3.068508592E+02  3.394117861E+02  9.786160216E-01 
       379  1.378530526E-01  1.861918564E-01  1.119425893E-01  1.228147144E+05  2.179020329E+02  3.553649960E+02  3.144891462E+02  3.148098354E+02  9.810124040E-01 
       380  1.378280879E-01  1.861358471E-01  1.158380052E-01  1.223878223E+05  2.200943265E+02  3.565244303E+02  3.165450144E+02  2.999425611E+02  9.761087690E-01 
       381  1.378172244E-01  1.861105784E-01  1.197328496E-01  1.216997319E+05  2.271295295E+02  3.567902460E+02  3.170186758E+02  2.964356523E+02  9.538024422E-01 
       382  1.378137064E-01  1.861013403E-01  1.236281983E-01  1.220854071E+05  2.326906967E+02  3.561753840E+02  3.159306655E+02  3.080604982E+02  9.319817144E-01 
       383  1.378232998E-01  1.861207539E-01  1.275238734E-01  1.227397529E+05  2.320143048E+02  3.550619415E+02  3.139620140E+02  3.227428010E+02  9.352204200E-01 
       384  1.378388478E-01  1.861485149E-01  1.314192119E-01  1.231333265E+05  2.278025521E+02  3.537378329E+02  3.116242687E+02  3.311487717E+02  9.488825146E-01 
       385  1.378667705E-01  1.861922064E-01  1.353144338E-01  1.231997994E+05  2.230228504E+02  3.531570168E+02  3.105987788E+02  3.319839330E+02  9.634513818E-01 
       386  1.378917792E-01  1.862393165E-01  1.392095884E-01  1.232079597E+05  2.214854625E+02  3.527600085E+02  3.098972809E+02  3.317433127E+02  9.679388506E-01 
       387  1.379128913E-01  1.862912877E-01  1.431056120E-01  1.232402934E+05  2.214102083E+02  3.528142494E+02  3.097558524E+02  3.291849735E+02  9.678363838E-01 
       388  1.379274402E-01  1.863453723E-01  1.469999959E-01  1.233292808E+05  2.200893579E+02  3.537255230E+02  3.106477299E+02  3.218208284E+02  9.715944976E-01 
       389 -3.389247132E-02  1.007789921E-01 -4.300551245E-02  8.756698389E+04  1.538715258E+02  3.330722733E+02  2.762612076E+02  2.357120132E+02  8.596004024E-01 
       390 -3.372456358E-02  1.010433636E-01 -4.002223516E-02  8.746815950E+04  1.546150161E+02  3.330093476E+02  2.761568201E+02  2.366161881E+02  8.588915790E-01 
       391 -3.329024078E-02  1.014074167E-01 -3.707963811E-02  8.734136832E+04  1.551058951E+02  3.329602292E+02  2.760753193E+02  2.370468573E+02  8.579991481E-01 
       392 -3.255620303E-02  1.018883264E-01 -3.421559131E-02  8.723344287E+04  1.557329669E+02  3.328951743E+02  2.759675096E+02  2.377743189E+02  8.575456494E-01 
       393 -3.153373485E-02  1.024554568E-01 -3.145384174E-02  8.712514729E+04  1.565919469E+02  3.328125651E+02  2.758305264E+02  2.386320136E+02  8.562432727E-01 
       394 -3.028950121E-02  1.031058036E-01 -2.880322264E-02  8.702056085E+04  1.572496473E+02  3.327514299E+02  2.757291879E+02  2.393784496E+02  8.557478639E-01 
       395 -2.888173412E-02  1.037838005E-01 -2.624318977E-02  8.692537917E+04  1.578665244E+02  3.327009658E+02  2.756455553E+02  2.399844626E+02  8.550261850E-01 
       396 -2.733119538E-02  1.044792183E-01 -2.377110822E-02  8.683264564E+04  1.584355307E+02  3.326548694E+02  2.755692317E+02  2.406089461E+02  8.546034636E-01 
       397 -2.568342124E-02  1.052055751E-01 -2.135968630E-02  8.671901547E+04  1.591257832E+02  3.325906948E+02  2.754629310E+02  2.414384709E+02  8.543443666E-01 
       398 -2.397735570E-02  1.059146334E-01 -1.899049647E-02  8.652801706E+04  1.596136866E+02  3.324993199E+02  2.753116089E+02  2.424836035E+02  8.558356895E-01 
       399 -2.220871387E-02  1.066063154E-01 -1.667396516E-02  8.617136734E+04  1.606648756E+02  3.323012893E+02  2.749837321E+02  2.441463431E+02  8.565186446E-01 
       400 -2.041003203E-02  1.073389070E-01 -1.437512078E-02  8.555392447E+04  1.625256000E+02  3.319597751E+02  2.744188864E+02  2.470234907E+02  8.571555407E-01 
       401 -1.856976066E-02  1.079715131E-01 -1.211630566E-02  8.483451080E+04  1.653502409E+02  3.315555274E+02  2.737509526E+02  2.500048063E+02  8.531756807E-01 
       402 -1.670953655E-02  1.086522831E-01 -9.860640570E-03  8.428404562E+04  1.684134022E+02  3.312838306E+02  2.733023790E+02  2.524971237E+02  8.462087197E-01 
       403 -1.482329113E-02  1.093026603E-01 -7.620995183E-03  8.426334619E+04  1.716147927E+02  3.312489223E+02  2.732448831E+02  2.531994083E+02  8.323172523E-01 
       404 -1.292306254E-02  1.099268373E-01 -5.385291055E-03  8.517355176E+04  1.720500975E+02  3.317707367E+02  2.741066236E+02  2.501583462E+02  8.199994545E-01 
       405 -1.101845801E-02  1.105590611E-01 -3.137660868E-03  8.697219437E+04  1.707105450E+02  3.327474788E+02  2.757231374E+02  2.442852794E+02  8.079421087E-01 
       406 -9.120841472E-03  1.111701815E-01 -8.914052251E-04  8.943446942E+04  1.671797281E+02  3.341202027E+02  2.780030642E+02  2.353171721E+02  7.986066863E-01 
       407 -7.240675928E-03  1.117476218E-01  1.353994698E-03  9.291177695E+04  1.632551412E+02  3.358985390E+02  2.809709229E+02  2.224974399E+02  7.822836821E-01 
       408 -5.370549944E-03  1.123083196E-01  3.627204146E-03  9.656772107E+04  1.649964185E+02  3.376299801E+02  2.838739176E+02  2.098117781E+02  7.375764577E-01 
       409 -3.530590186E-03  1.128981262E-01  5.933484609E-03  9.857320500E+04  1.752329299E+02  3.385371495E+02  2.854026529E+02  2.044925276E+02  6.663114192E-01 
       410 -1.726912218E-03  1.134387153E-01  8.259926622E-03  9.814052905E+04  1.843289113E+02  3.386186795E+02  2.855393138E+02  2.032949266E+02  6.098084264E-01 
       411  3.734044288E-05  1.140039107E-01  1.062617763E-02  9.738273486E+04  1.943609815E+02  3.381627007E+02  2.847704988E+02  2.087457614E+02  5.692150602E-01 
       412  1.740848712E-03  1.145879687E-01  1.302702968E-02  9.656293862E+04  2.026547995E+02  3.376611998E+02  2.839263521E+02  2.140052672E+02  5.401786924E-01 
       413  3.387617433E-03  1.151172021E-01  1.547343878E-02  9.600352679E+04  2.088926034E+02  3.374360082E+02  2.835476843E+02  2.161677785E+02  5.136587148E-01 
       414  4.957112811E-03  1.157081541E-01  1.796238578E-02  9.546533215E+04  2.156345668E+02  3.371919684E+02  2.831377826E+02  2.186949041E+02  4.863318373E-01 
       415  6.462677552E-03  1.163151534E-01  2.048609031E-02  9.465118872E+04  2.225418606E+02  3.367668009E+02  2.824244084E+02  2.227420878E+02  4.639272690E-01 
       416  7.926557233E-03  1.168909271E-01  2.304605918E-02  9.393846814E+04  2.282170134E+02  3.363964317E+02  2.818034739E+02  2.264629865E+02  4.473048388E-01 
       417  9.338612782E-03  1.175119790E-01  2.562398907E-02  9.361801733E+04  2.331235374E+02  3.361785262E+02  2.814384681E+02  2.289608196E+02  4.314601675E-01 
       418  1.068984297E-02  1.181121478E-01  2.822455248E-02  9.348091431E+04  2.377909819E+02  3.360711226E+02  2.812583703E+02  2.303099598E+02  4.129610751E-01 
       419  1.198650266E-02  1.187330819E-01  3.085849659E-02  9.339267908E+04  2.421421356E+02  3.360479688E+02  2.812195532E+02  2.312810580E+02  3.952695131E-01 
       420  1.322982934E-02  1.193430432E-01  3.352159396E-02  9.342401811E+04  2.463421093E+02  3.360550551E+02  2.812313652E+02  2.321596974E+02  3.778815266E-01 
       421  1.439865389E-02  1.199672983E-01  3.621509854E-02  9.363905402E+04  2.500971368E+02  3.361657639E+02  2.814167752E+02  2.328191994E+02  3.621654301E-01 
       422  1.553995729E-02  1.205631245E-01  3.892438234E-02  9.408857782E+04  2.533782908E+02  3.363964832E+02  2.818032405E+02  2.324322106E+02  3.450950299E-01 
       423  1.662952250E-02  1.211745408E-01  4.165332372E-02  9.464347235E+04  2.563453777E+02  3.366514014E+02  2.822306057E+02  2.317447981E+02  3.288851538E-01 
       424  1.764894372E-02  1.217373945E-01  4.441857664E-02  9.535336905E+04  2.584788063E+02  3.370247107E+02  2.828570714E+02  2.301336368E+02  3.136894752E-01 
       425  1.861873940E-02  1.222791769E-01  4.720617614E-02  9.628973781E+04  2.603932901E+02  3.374743601E+02  2.836121591E+02  2.276440953E+02  2.965012862E-01 
       426  1.950820179E-02  1.228336643E-01  5.001741530E-02  9.720422214E+04  2.621645008E+02  3.379207927E+02  2.843632100E+02  2.251771306E+02  2.802352462E-01 
       427  2.036944420E-02  1.233245632E-01  5.285072558E-02  9.814646228E+04  2.639477072E+02  3.383817018E+02  2.851394012E+02  2.225566643E+02  2.630136737E-01 
       428  2.117157025E-02  1.238295963E-01  5.569831964E-02  9.914145374E+04  2.654114532E+02  3.388801932E+02  2.859803853E+02  2.197267685E+02  2.470183403E-01 
       429  2.190592593E-02  1.242947792E-01  5.857026217E-02  1.000930176E+05  2.669284191E+02  3.393404493E+02  2.867575245E+02  2.169933262E+02  2.307423335E-01 
       430  2.257248913E-02  1.247551336E-01  6.145961794E-02  1.010015142E+05  2.687465963E+02  3.397470303E+02  2.874451723E+02  2.145937796E+02  2.139608366E-01 
       431  2.314781749E-02  1.251835029E-01  6.437124902E-02  1.018443425E+05  2.705192213E+02  3.401559019E+02  2.881374502E+02  2.122559943E+02  1.972936415E-01 
       432  2.363318974E-02  1.255957621E-01  6.730774801E-02  1.026421289E+05  2.726002626E+02  3.405270147E+02  2.887663186E+02  2.103594210E+02  1.802377525E-01 
       433  2.402789138E-02  1.260195069E-01  7.025072331E-02  1.033408594E+05  2.749296837E+02  3.408746147E+02  2.893561630E+02  2.089523115E+02  1.634687195E-01 
       434  2.431727977E-02  1.264030352E-01  7.321094069E-02  1.038416504E+05  2.775091629E+02  3.411485882E+02  2.898213806E+02  2.081704044E+02  1.471846383E-01 
       435  2.453016930E-02  1.268032789E-01  7.617447467E-02  1.040101799E+05  2.806144953E+02  3.412571602E+02  2.900058360E+02  2.082288084E+02  1.309222784E-01 
       436  2.462079541E-02  1.271795605E-01  7.915094878E-02  1.038102202E+05  2.841577911E+02  3.412043548E+02  2.899160025E+02  2.092436198E+02  1.154402831E-01 
       437  2.463902970E-02  1.275610820E-01  8.212637731E-02  1.031666326E+05  2.884310045E+02  3.409213595E+02  2.894354305E+02  2.120186071E+02  1.026520652E-01 
       438  2.457492051E-02  1.279220853E-01  8.510260082E-02  1.023176632E+05  2.926807976E+02  3.405395720E+02  2.887874237E+02  2.154390447E+02  9.264002733E-02 
       439  2.441429013E-02  1.282749863E-01  8.807550525E-02  1.012342840E+05  2.962955614E+02  3.400337144E+02  2.879302829E+02  2.201136400E+02  9.182875973E-02 
       440  2.420234297E-02  1.286273229E-01  9.105186832E-02  1.002672778E+05  2.975682387E+02  3.395500060E+02  2.871116403E+02  2.240674967E+02  1.024102879E-01 
       441  2.388558350E-02  1.289647853E-01  9.401845916E-02  1.002184769E+05  2.957517007E+02  3.395602832E+02  2.871289365E+02  2.243930908E+02  1.164016258E-01 
       442  2.351928731E-02  1.293134864E-01  9.696958543E-02  1.007618090E+05  2.928423637E+02  3.398231030E+02  2.875736857E+02  2.227364714E+02  1.290309822E-01 
       443  2.306449285E-02  1.296327241E-01  9.991680403E-02  1.015872468E+05  2.900751019E+02  3.401972532E+02  2.882072220E+02  2.198626566E+02  1.357179335E-01 
       444  2.257188759E-02  1.299515661E-01  1.028605699E-01  1.024787861E+05  2.875401068E+02  3.406216993E+02  2.889268007E+02  2.164341364E+02  1.389760757E-01 
       445  2.201092100E-02  1.302726916E-01  1.057899135E-01  1.034271761E+05  2.850030031E+02  3.410854679E+02  2.897140143E+02  2.128567281E+02  1.419051189E-01 
       446  2.143382683E-02  1.305960230E-01  1.087107054E-01  1.044751649E+05  2.821481724E+02  3.416041279E+02  2.905960091E+02  2.090272954E+02  1.461370441E-01 
       447  2.076802587E-02  1.309307408E-01  1.116221513E-01  1.055723574E+05  2.790499249E+02  3.422376709E+02  2.916750870E+02  2.045006180E+02  1.495512817E-01 
       448  2.010215597E-02  1.312657467E-01  1.145293522E-01  1.064526782E+05  2.766715174E+02  3.428193331E+02  2.926671124E+02  2.006215963E+02  1.513353526E-01 
       449  1.945135245E-02  1.316056955E-01  1.174374795E-01  1.070447148E+05  2.757434263E+02  3.431935186E+02  2.933061187E+02  1.990448952E+02  1.530590246E-01 
       450  1.885387307E-02  1.319548677E-01  1.203553293E-01  1.073656990E+05  2.758092084E+02  3.433800538E+02  2.936249669E+02  1.990675677E+02  1.547168487E-01 
       451  1.837479322E-02  1.322913677E-01  1.233018373E-01  1.075085957E+05  2.761772594E+02  3.434541445E+02  2.937517576E+02  1.992841768E+02  1.553071691E-01 
       452  1.811263581E-02  1.325954541E-01  1.262715907E-01  1.075375171E+05  2.766071224E+02  3.434728060E+02  2.937837629E+02  2.000717564E+02  1.575880684E-01 
       453  1.805653049E-02  1.328847135E-01  1.292554963E-01  1.075030930E+05  2.769974232E+02  3.434844403E+02  2.938036470E+02  2.011187348E+02  1.612041329E-01 
       454  1.819877737E-02  1.331672438E-01  1.322380588E-01  1.074135869E+05  2.775811514E+02  3.434615551E+02  2.937644916E+02  2.024138045E+02  1.645569957E-01 
       455  1.852494771E-02  1.334510277E-01  1.352129826E-01  1.072764516E+05  2.783295303E+02  3.433922769E+02  2.936459320E+02  2.039754092E+02  1.680992260E-01 
       456  1.890761882E-02  1.337081709E-01  1.381756048E-01  1.070943516E+05  2.791391594E+02  3.432906915E+02  2.934721879E+02  2.055450535E+02  1.711189549E-01 
       457  1.937808835E-02  1.339540030E-01  1.411279949E-01  1.068639005E+05  2.799917765E+02  3.431695504E+02  2.932651198E+02  2.072155516E+02  1.742258236E-01 
       458  1.989552602E-02  1.341916383E-01  1.440726902E-01  1.066176117E+05  2.807223000E+02  3.430649200E+02  2.930863028E+02  2.088181328E+02  1.778104760E-01 
       459  2.048114376E-02  1.344526817E-01  1.469999956E-01  1.063163574E+05  2.816873055E+02  3.428926172E+02  2.927903280E+02  2.107479057E+02  1.807959238E-01 
       460 -4.772920012E-02  1.664853148E-01 -4.258181757E-02  8.250061865E+04  1.814554188E+02  3.302545753E+02  2.716067720E+02  3.428589330E+02  1.012981634E+00 
       461 -4.770031945E-02  1.666117663E-01 -3.916302660E-02  8.226976892E+04  1.819383186E+02  3.301158297E+02  2.713786305E+02  3.438613071E+02  1.013157132E+00 
       462 -4.768621633E-02  1.667606858E-01 -3.574527808E-02  8.182053467E+04  1.829003484E+02  3.298822150E+02  2.709947352E+02  3.449508286E+02  1.011897726E+00 
       463 -4.773671611E-02  1.669008759E-01 -3.232563070E-02  8.131637305E+04  1.848158889E+02  3.295219173E+02  2.704031754E+02  3.470371656E+02  1.009219393E+00 
       464 -4.779814392E-02  1.670685917E-01 -2.890641835E-02  8.075437476E+04  1.863738308E+02  3.291987362E+02  2.698730230E+02  3.489381094E+02  1.007424895E+00 
       465 -4.772832030E-02  1.672854950E-01 -2.549705171E-02  8.011006152E+04  1.879828036E+02  3.288793430E+02  2.693497148E+02  3.498574805E+02  1.003740953E+00 
       466 -4.733274936E-02  1.676197526E-01 -2.211766833E-02  7.952635498E+04  1.910656037E+02  3.284807162E+02  2.686971889E+02  3.534808731E+02  1.000014564E+00 
       467 -4.646629434E-02  1.680852894E-01 -1.884685997E-02  7.955049533E+04  1.930425899E+02  3.284696655E+02  2.686792716E+02  3.540629772E+02  9.942980944E-01 
       468 -4.497458874E-02  1.687177674E-01 -1.583913045E-02  8.132862769E+04  1.908741693E+02  3.295683012E+02  2.704811621E+02  3.483390913E+02  9.911811221E-01 
       469 -4.311049959E-02  1.694263862E-01 -1.306511329E-02  8.458368140E+04  1.854480906E+02  3.314215631E+02  2.735328741E+02  3.383972664E+02  9.923989736E-01 
       470 -4.101650432E-02  1.701661907E-01 -1.047820325E-02  8.753913965E+04  1.790921335E+02  3.330211220E+02  2.761765957E+02  3.319875088E+02  1.003429249E+00 
       471 -3.872443978E-02  1.709287414E-01 -8.043812788E-03  8.760383801E+04  1.771766324E+02  3.329755902E+02  2.761012421E+02  3.327967329E+02  1.011303061E+00 
       472 -3.634257562E-02  1.716543837E-01 -5.706210795E-03  8.547608594E+04  1.789321365E+02  3.318768635E+02  2.742832050E+02  3.374520779E+02  1.012962922E+00 
       473 -3.384972842E-02  1.724025179E-01 -3.469956820E-03  8.165465881E+04  1.857145231E+02  3.297506607E+02  2.707821789E+02  3.481469529E+02  1.008757662E+00 
       474 -3.133060076E-02  1.731099844E-01 -1.271304633E-03  7.702949518E+04  1.967069070E+02  3.270100613E+02  2.662996545E+02  3.615015390E+02  9.966600221E-01 
       475 -2.873453975E-02  1.737912906E-01  8.535856133E-04  7.320080762E+04  2.066555181E+02  3.246195707E+02  2.624191580E+02  3.729139042E+02  9.853435047E-01 
       476 -2.611690126E-02  1.744247281E-01  2.958268427E-03  7.065469287E+04  2.131601815E+02  3.230700836E+02  2.599194670E+02  3.794437108E+02  9.769437071E-01 
       477 -2.348835128E-02  1.750433393E-01  5.058280838E-03  6.974968323E+04  2.169989043E+02  3.224323889E+02  2.588942852E+02  3.824376436E+02  9.703607121E-01 
       478 -2.083113736E-02  1.756162102E-01  7.133742148E-03  6.970803906E+04  2.184884186E+02  3.223801088E+02  2.588096113E+02  3.839153261E+02  9.683711845E-01 
       479 -1.816607045E-02  1.761555279E-01  9.209141426E-03  7.020453052E+04  2.201387014E+02  3.227368221E+02  2.593838167E+02  3.817442322E+02  9.583361223E-01 
       480 -1.549262448E-02  1.766467189E-01  1.128626304E-02  7.281827759E+04  2.209656229E+02  3.244517231E+02  2.621539660E+02  3.766195087E+02  9.448360540E-01 
       481 -1.281959455E-02  1.771087169E-01  1.337222607E-02  8.286203455E+04  2.125808985E+02  3.306053998E+02  2.722053888E+02  3.472486234E+02  9.179156423E-01 
       482 -1.015361520E-02  1.775059034E-01  1.547159933E-02  9.839108012E+04  2.071627860E+02  3.384035170E+02  2.851828701E+02  3.055719978E+02  8.746048492E-01 
       483 -7.491200012E-03  1.778633735E-01  1.757589553E-02  9.713082690E+04  2.229871755E+02  3.377241764E+02  2.840365953E+02  3.118250179E+02  8.257821649E-01 
       484 -4.837064878E-03  1.782590199E-01  1.971143984E-02  8.957779346E+04  2.293406258E+02  3.343059893E+02  2.783129568E+02  3.308937674E+02  8.330155686E-01 
       485 -2.188499166E-03  1.785530451E-01  2.185094162E-02  8.844579733E+04  2.318275713E+02  3.335001935E+02  2.769731522E+02  3.365613919E+02  8.343601881E-01 
       486  4.329096806E-04  1.787998193E-01  2.404680664E-02  8.899023193E+04  2.347451687E+02  3.337896252E+02  2.774531975E+02  3.334011993E+02  8.196217120E-01 
       487  3.027224691E-03  1.790317150E-01  2.627094405E-02  8.901867047E+04  2.368387361E+02  3.339714637E+02  2.777563486E+02  3.336417279E+02  8.133458658E-01 
       488  5.626976121E-03  1.792222402E-01  2.847807669E-02  8.967027747E+04  2.390651827E+02  3.343156233E+02  2.783292565E+02  3.331482613E+02  8.055061540E-01 
       489  8.191038637E-03  1.793338257E-01  3.074695743E-02  9.157721301E+04  2.397022388E+02  3.353229420E+02  2.800106297E+02  3.291159089E+02  7.972375145E-01 
       490  1.074058355E-02  1.794129340E-01  3.303046409E-02  9.504774548E+04  2.385011749E+02  3.370271733E+02  2.828654325E+02  3.209819889E+02  7.889576778E-01 
       491  1.325979491E-02  1.793970135E-01  3.532576038E-02  9.931476099E+04  2.358494010E+02  3.390201263E+02  2.862208402E+02  3.087881436E+02  7.802993096E-01 
       492  1.577166567E-02  1.793535417E-01  3.765132951E-02  1.029922473E+05  2.329562464E+02  3.407941265E+02  2.892227898E+02  2.977337136E+02  7.752153976E-01 
       493  1.825553626E-02  1.792503646E-01  4.000403552E-02  1.055060789E+05  2.321857553E+02  3.419859381E+02  2.912476087E+02  2.911413751E+02  7.693083566E-01 
       494  2.071273564E-02  1.790845686E-01  4.238164633E-02  1.073307600E+05  2.324998065E+02  3.427990090E+02  2.926341003E+02  2.866639084E+02  7.626660061E-01 
       495  2.315348782E-02  1.789033294E-01  4.476881837E-02  1.092263389E+05  2.320424123E+02  3.436679578E+02  2.941187282E+02  2.806454730E+02  7.570345011E-01 
       496  2.554611962E-02  1.786610662E-01  4.720294885E-02  1.112532979E+05  2.313154583E+02  3.445481491E+02  2.956277561E+02  2.754368334E+02  7.541193869E-01 
       497  2.790553153E-02  1.783591187E-01  4.966367300E-02  1.131495759E+05  2.305973463E+02  3.453893919E+02  2.970727339E+02  2.707184982E+02  7.515962645E-01 
       498  3.023553076E-02  1.780531658E-01  5.215009418E-02  1.147998590E+05  2.300485859E+02  3.461839697E+02  2.984406300E+02  2.665109403E+02  7.493709195E-01 
       499  3.255140683E-02  1.777481834E-01  5.464573084E-02  1.162579716E+05  2.297942386E+02  3.468713760E+02  2.996269886E+02  2.622912815E+02  7.465119027E-01 
       500  3.480321611E-02  1.773622653E-01  5.719033452E-02  1.172847097E+05  2.300461990E+02  3.473662391E+02  3.004822390E+02  2.594675493E+02  7.427909663E-01 
       501  3.704366447E-02  1.769956776E-01  5.978074099E-02  1.180367344E+05  2.304052866E+02  3.476903183E+02  3.010430357E+02  2.576164968E+02  7.399171134E-01 
       502  3.923116288E-02  1.766153691E-01  6.237867612E-02  1.186287871E+05  2.309523661E+02  3.478855796E+02  3.013811173E+02  2.562328634E+02  7.367310468E-01 
       503  4.136429871E-02  1.761773997E-01  6.501205622E-02  1.190203585E+05  2.311971883E+02  3.480649930E+02  3.016920674E+02  2.550368623E+02  7.348304500E-01 
       504  4.348069858E-02  1.757484529E-01  6.766046190E-02  1.193067136E+05  2.317449102E+02  3.482001753E+02  3.019264307E+02  2.542924080E+02  7.322832476E-01 
       505  4.554226392E-02  1.753162813E-01  7.034950997E-02  1.195295439E+05  2.321909971E+02  3.483182106E+02  3.021311607E+02  2.539159031E+02  7.305000033E-01 
       506  4.756665315E-02  1.748560179E-01  7.306168772E-02  1.196239109E+05  2.326164093E+02  3.483681219E+02  3.022177258E+02  2.535943419E+02  7.288085767E-01 
       507  4.956604909E-02  1.743615796E-01  7.580968578E-02  1.195454290E+05  2.330876808E+02  3.483145553E+02  3.021248187E+02  2.538634089E+02  7.274371835E-01 
       508  5.152654947E-02  1.738670862E-01  7.855886540E-02  1.192920865E+05  2.334087741E+02  3.481958311E+02  3.019188631E+02  2.549473966E+02  7.274467733E-01 
       509  5.347325952E-02  1.733659220E-01  8.131742073E-02  1.191793548E+05  2.333764024E+02  3.481301184E+02  3.018049162E+02  2.551525007E+02  7.281711575E-01 
       510  5.541917190E-02  1.728212690E-01  8.412523757E-02  1.192295581E+05  2.330231823E+02  3.481370479E+02  3.018169050E+02  2.551136606E+02  7.297799293E-01 
       511  5.731737707E-02  1.722438844E-01  8.698058411E-02  1.196510948E+05  2.330564680E+02  3.483044521E+02  3.021073273E+02  2.537932310E+02  7.285903755E-01 
       512  5.917186437E-02  1.716911252E-01  8.979478553E-02  1.198410146E+05  2.334792697E+02  3.483893784E+02  3.022548223E+02  2.533341218E+02  7.267461546E-01 
       513  6.096387184E-02  1.711643945E-01  9.255110888E-02  1.199004446E+05  2.344634925E+02  3.484029783E+02  3.022783924E+02  2.533622036E+02  7.230747184E-01 
       514  6.270700241E-02  1.705757992E-01  9.544380808E-02  1.197711904E+05  2.356522059E+02  3.483481174E+02  3.021832256E+02  2.538226671E+02  7.187958285E-01 
       515  6.442263795E-02  1.699823167E-01  9.834544530E-02  1.195600577E+05  2.365504750E+02  3.482486296E+02  3.020105790E+02  2.545994476E+02  7.160425364E-01 
       516  6.612271722E-02  1.694054111E-01  1.012510921E-01  1.193578545E+05  2.373075087E+02  3.481559558E+02  3.018497479E+02  2.552351584E+02  7.140115495E-01 
       517  6.776083839E-02  1.688452726E-01  1.042003507E-01  1.192675350E+05  2.383186270E+02  3.480839572E+02  3.017250671E+02  2.558612652E+02  7.110419234E-01 
       518  6.936215302E-02  1.682812898E-01  1.071729988E-01  1.192396303E+05  2.390395352E+02  3.480730220E+02  3.017062309E+02  2.566318853E+02  7.093152301E-01 
       519  7.082677073E-02  1.677321085E-01  1.102128146E-01  1.191320797E+05  2.395557690E+02  3.480730765E+02  3.017061551E+02  2.575055538E+02  7.082522800E-01 
       520  7.220712168E-02  1.672497044E-01  1.133584680E-01  1.189216153E+05  2.402663445E+02  3.480562059E+02  3.016770249E+02  2.580304272E+02  7.062964656E-01 
       521  7.342602904E-02  1.668557431E-01  1.165154693E-01  1.186764665E+05  2.410426707E+02  3.480929639E+02  3.017411385E+02  2.577292678E+02  7.034272738E-01 
       522  7.439926912E-02  1.665467988E-01  1.197652411E-01  1.184575270E+05  2.415232520E+02  3.482201171E+02  3.019619498E+02  2.572036605E+02  7.013432253E-01 
       523  7.498839543E-02  1.664581038E-01  1.231239650E-01  1.183176289E+05  2.416457577E+02  3.484038715E+02  3.022805061E+02  2.569674187E+02  7.010680735E-01 
       524  7.530423640E-02  1.665023734E-01  1.265249777E-01  1.182870867E+05  2.417199206E+02  3.485229354E+02  3.024867034E+02  2.566297355E+02  7.008918282E-01 
       525  7.543612494E-02  1.666233331E-01  1.299370256E-01  1.182275918E+05  2.428455200E+02  3.483850574E+02  3.022472458E+02  2.585075703E+02  6.988276243E-01 
       526  7.553122174E-02  1.667952118E-01  1.333496155E-01  1.181424333E+05  2.444205937E+02  3.481452861E+02  3.018314209E+02  2.609752440E+02  6.959031196E-01 
       527  7.566054780E-02  1.669469890E-01  1.367626796E-01  1.180617102E+05  2.451050668E+02  3.481346960E+02  3.018131065E+02  2.611210227E+02  6.940173097E-01 
       528  7.583993244E-02  1.671002891E-01  1.401745263E-01  1.179656409E+05  2.449965050E+02  3.483977451E+02  3.022703676E+02  2.598817507E+02  6.941663329E-01 
       529  7.600645069E-02  1.672586086E-01  1.435869327E-01  1.178332050E+05  2.436166620E+02  3.490148432E+02  3.033444214E+02  2.562632742E+02  6.979502384E-01 
       530  7.611546960E-02  1.674572299E-01  1.470000031E-01  1.179485469E+05  2.382674997E+02  3.501414609E+02  3.053922861E+02  2.462522194E+02  7.125065858E-01 
       531 -5.220359409E-02  2.342994603E-01 -4.210986580E-02  8.161988290E+04  1.830521089E+02  3.296641408E+02  2.707161423E+02  4.441737303E+02  1.146010664E+00 
       532 -5.220192467E-02  2.343108577E-01 -3.821952920E-02  8.087114667E+04  1.855577125E+02  3.293166875E+02  2.700665497E+02  4.459945462E+02  1.141729272E+00 
       533 -5.220302368E-02  2.343278434E-01 -3.432921672E-02  8.106917419E+04  1.858394803E+02  3.294389502E+02  2.702673686E+02  4.456119970E+02  1.140692015E+00 
       534 -5.220531674E-02  2.343446645E-01 -3.043898101E-02  8.243665332E+04  1.824593402E+02  3.302435444E+02  2.715907391E+02  4.420562054E+02  1.145512712E+00 
       535 -5.220735409E-02  2.343651870E-01 -2.654892396E-02  8.429077148E+04  1.777357464E+02  3.313214798E+02  2.733663998E+02  4.385448341E+02  1.153750904E+00 
       536 -5.221355576E-02  2.343966826E-01 -2.266385481E-02  8.555094561E+04  1.740124818E+02  3.320264440E+02  2.745297058E+02  4.359997836E+02  1.160545095E+00 
       537 -5.221196162E-02  2.344309954E-01 -1.877454498E-02  8.549895431E+04  1.733989851E+02  3.318735971E+02  2.742778940E+02  4.358091243E+02  1.161885846E+00 
       538 -5.222596507E-02  2.344687402E-01 -1.488167101E-02  8.403212532E+04  1.764088316E+02  3.309703019E+02  2.727871904E+02  4.397448021E+02  1.158183548E+00 
       539 -5.222923531E-02  2.345160018E-01 -1.099302079E-02  8.184782996E+04  1.814079306E+02  3.298191926E+02  2.708933698E+02  4.442464688E+02  1.150364044E+00 
       540 -5.210275326E-02  2.345957540E-01 -7.104134264E-03  8.000471231E+04  1.866591992E+02  3.289311864E+02  2.694353991E+02  4.479478285E+02  1.141414309E+00 
       541 -5.114101036E-02  2.348545508E-01 -3.375994418E-03  7.966620383E+04  1.879148087E+02  3.288457276E+02  2.692950390E+02  4.481625552E+02  1.138855716E+00 
       542 -4.917766965E-02  2.353023755E-01 -5.047413344E-05  8.028039648E+04  1.872346625E+02  3.291242065E+02  2.697513990E+02  4.491120787E+02  1.141849991E+00 
       543 -4.661414278E-02  2.358651253E-01  2.823323178E-03  8.136350977E+04  1.850172801E+02  3.297827959E+02  2.708325467E+02  4.475542812E+02  1.145968584E+00 
       544 -4.374488282E-02  2.364440537E-01  5.350106892E-03  8.427709918E+04  1.782115285E+02  3.315228794E+02  2.737000775E+02  4.395345731E+02  1.154810331E+00 
       545 -4.059796688E-02  2.370222596E-01  7.583171126E-03  8.860959155E+04  1.657219402E+02  3.337325158E+02  2.773599374E+02  4.290726700E+02  1.175908027E+00 
       546 -3.738701819E-02  2.375676250E-01  9.702642239E-03  8.769650769E+04  1.673698654E+02  3.331809983E+02  2.764447029E+02  4.314428997E+02  1.173548191E+00 
       547 -3.407522408E-02  2.380263225E-01  1.169481074E-02  8.226548914E+04  1.831629210E+02  3.302257080E+02  2.715662746E+02  4.425466928E+02  1.144942041E+00 
       548 -3.073065008E-02  2.384984497E-01  1.361793802E-02  7.970575964E+04  1.906892532E+02  3.287803698E+02  2.691885276E+02  4.502405734E+02  1.134118400E+00 
       549 -2.732884007E-02  2.388770261E-01  1.546643341E-02  8.110106409E+04  1.870526013E+02  3.294725909E+02  2.703234205E+02  4.455225868E+02  1.138353137E+00 
       550 -2.390908864E-02  2.392176502E-01  1.728468609E-02  8.187842555E+04  1.850380701E+02  3.298531619E+02  2.709486012E+02  4.440027431E+02  1.141920379E+00 
       551 -2.044822495E-02  2.394794424E-01  1.908927170E-02  8.143202081E+04  1.868088838E+02  3.296294510E+02  2.705808396E+02  4.468168128E+02  1.140761776E+00 
       552 -1.699643969E-02  2.397114515E-01  2.086461287E-02  8.095464746E+04  1.869672978E+02  3.295694618E+02  2.704834929E+02  4.467995071E+02  1.141394237E+00 
       553 -1.354033893E-02  2.398615604E-01  2.263394957E-02  8.089966504E+04  1.887255630E+02  3.293190517E+02  2.700744247E+02  4.467894192E+02  1.137834318E+00 
       554 -1.007792796E-02  2.399171479E-01  2.439846914E-02  8.095934766E+04  1.868181555E+02  3.295482421E+02  2.704489145E+02  4.453821378E+02  1.142938385E+00 
       555 -6.592279415E-03  2.399646350E-01  2.619220728E-02  8.057967773E+04  1.875114574E+02  3.293013716E+02  2.700435505E+02  4.468037605E+02  1.143743016E+00 
       556 -3.124907716E-03  2.398994093E-01  2.794309000E-02  7.924570703E+04  1.906374102E+02  3.284104576E+02  2.685847111E+02  4.452086849E+02  1.136198685E+00 
       557  3.338943067E-04  2.398017910E-01  2.968583889E-02  1.014891397E+05  2.072438653E+02  3.400845203E+02  2.880292794E+02  4.062193588E+02  1.058387519E+00 
       558  3.794068913E-03  2.396169640E-01  3.144821874E-02  9.934014209E+04  2.103432474E+02  3.396974602E+02  2.873703270E+02  4.020924339E+02  1.050953416E+00 
       559  7.248441593E-03  2.393064044E-01  3.320284907E-02  9.500382129E+04  2.105007019E+02  3.375179958E+02  2.836915083E+02  4.113244705E+02  1.059024319E+00 
       560  1.068879679E-02  2.389885178E-01  3.498866898E-02  9.182519263E+04  2.133974371E+02  3.354774523E+02  2.802699976E+02  4.192855988E+02  1.056883272E+00 
       561  1.412543948E-02  2.386075767E-01  3.676435012E-02  8.933450806E+04  2.141203051E+02  3.344117489E+02  2.784890385E+02  4.250172806E+02  1.059282739E+00 
       562  1.753589177E-02  2.380598424E-01  3.855175648E-02  8.866246045E+04  2.151697483E+02  3.343915386E+02  2.784565144E+02  4.251447945E+02  1.056512095E+00 
       563  2.093820079E-02  2.375000001E-01  4.035454522E-02  9.160453125E+04  2.143030529E+02  3.362957067E+02  2.816443262E+02  4.196659012E+02  1.054384224E+00 
       564  2.432947450E-02  2.368878370E-01  4.215773147E-02  1.030094889E+05  2.078544874E+02  3.420791631E+02  2.914385187E+02  3.959314365E+02  1.057796548E+00 
       565  2.770729830E-02  2.361795572E-01  4.394886350E-02  1.233366003E+05  1.971123612E+02  3.504704494E+02  3.059106312E+02  3.501714377E+02  1.068632657E+00 
       566  3.105826597E-02  2.354459967E-01  4.578622705E-02  1.304196063E+05  1.959648736E+02  3.528381314E+02  3.100262165E+02  3.330485740E+02  1.067996055E+00 
       567  3.438758923E-02  2.346372217E-01  4.762879820E-02  1.232213364E+05  2.002087454E+02  3.503240586E+02  3.056265244E+02  3.487335003E+02  1.054864466E+00 
       568  3.771502906E-02  2.337669833E-01  4.947240569E-02  1.178368381E+05  2.035528359E+02  3.484537408E+02  3.023687840E+02  3.627199450E+02  1.048376380E+00 
       569  4.101460083E-02  2.329246351E-01  5.135281935E-02  1.193311910E+05  2.014621868E+02  3.491358156E+02  3.035546241E+02  3.581765132E+02  1.052570093E+00 
       570  4.428347740E-02  2.319960665E-01  5.324515281E-02  1.229226745E+05  1.991999404E+02  3.505316465E+02  3.059847157E+02  3.493934927E+02  1.055312662E+00 
       571  4.749748393E-02  2.310181580E-01  5.520824782E-02  1.239670337E+05  2.016883969E+02  3.509681845E+02  3.067459030E+02  3.455551491E+02  1.045502190E+00 
       572  5.066691057E-02  2.300652086E-01  5.723980181E-02  1.240013683E+05  2.054291718E+02  3.511146602E+02  3.070017787E+02  3.434258973E+02  1.033654798E+00 
       573  5.379140778E-02  2.290521307E-01  5.932353399E-02  1.244705257E+05  2.088852582E+02  3.513725946E+02  3.074531777E+02  3.434903438E+02  1.023065243E+00 
       574  5.683956615E-02  2.279793322E-01  6.149869556E-02  1.250477251E+05  2.123107061E+02  3.515971031E+02  3.078462553E+02  3.422998409E+02  1.012299363E+00 
       575  5.985072913E-02  2.269370111E-01  6.373374277E-02  1.250671914E+05  2.159316444E+02  3.515471973E+02  3.077588081E+02  3.419264145E+02  1.000806049E+00 
       576  6.280959972E-02  2.258492183E-01  6.601505396E-02  1.245138883E+05  2.194712145E+02  3.513082408E+02  3.073405006E+02  3.424870536E+02  9.894491750E-01 
       577  6.573461678E-02  2.247295145E-01  6.832363097E-02  1.240666991E+05  2.234700749E+02  3.510915575E+02  3.069615388E+02  3.425566382E+02  9.762742585E-01 
       578  6.865501872E-02  2.236625994E-01  7.064894084E-02  1.234781481E+05  2.260115613E+02  3.511008424E+02  3.069778520E+02  3.427296321E+02  9.681474131E-01 
       579  7.151541969E-02  2.224865137E-01  7.302188293E-02  1.220573181E+05  2.293957949E+02  3.506453209E+02  3.061820965E+02  3.457568688E+02  9.577410538E-01 
       580  7.433322259E-02  2.213060150E-01  7.543149031E-02  1.215322166E+05  2.288068690E+02  3.508340216E+02  3.065114226E+02  3.465757675E+02  9.585497901E-01 
       581  7.711325138E-02  2.201536844E-01  7.789825066E-02  1.232094509E+05  2.301883625E+02  3.516447954E+02  3.079304185E+02  3.406448659E+02  9.510526355E-01 
       582  7.981655167E-02  2.189959972E-01  8.044372180E-02  1.237781029E+05  2.326655200E+02  3.518345261E+02  3.082638712E+02  3.380239606E+02  9.409619048E-01 
       583  8.242371870E-02  2.177951216E-01  8.306797326E-02  1.234098975E+05  2.337036781E+02  3.516347980E+02  3.079144611E+02  3.380816879E+02  9.361843131E-01 
       584  8.497819178E-02  2.166305248E-01  8.576177505E-02  1.228937403E+05  2.337959205E+02  3.513617278E+02  3.074368743E+02  3.387496550E+02  9.349414282E-01 
       585  8.747465708E-02  2.155008942E-01  8.852176985E-02  1.224956199E+05  2.327571526E+02  3.511574802E+02  3.070789523E+02  3.394089851E+02  9.374076761E-01 
       586  8.983863293E-02  2.143275504E-01  9.137087988E-02  1.223138088E+05  2.311433578E+02  3.510134048E+02  3.068265958E+02  3.394211950E+02  9.414820876E-01 
       587  9.211779941E-02  2.131724912E-01  9.430579148E-02  1.223793225E+05  2.294066961E+02  3.509836968E+02  3.067746538E+02  3.385916420E+02  9.460057242E-01 
       588  9.424446159E-02  2.121023496E-01  9.738772987E-02  1.226012835E+05  2.279715588E+02  3.510764876E+02  3.069374889E+02  3.382327743E+02  9.500398660E-01 
       589  9.610967173E-02  2.111612431E-01  1.006666829E-01  1.227697401E+05  2.257527689E+02  3.512039200E+02  3.071612462E+02  3.376987228E+02  9.562669119E-01 
       590  9.742401869E-02  2.103903297E-01  1.042235364E-01  1.228345708E+05  2.229835862E+02  3.512016442E+02  3.071584561E+02  3.381569417E+02  9.642869733E-01 
       591  9.764724840E-02  2.101688920E-01  1.080985861E-01  1.228322700E+05  2.197410150E+02  3.510169663E+02  3.068354607E+02  3.399742041E+02  9.738980532E-01 
       592  9.763062643E-02  2.101108570E-01  1.119846410E-01  1.226778403E+05  2.192922760E+02  3.507695885E+02  3.064020885E+02  3.403064168E+02  9.750278562E-01 
       593  9.759894170E-02  2.100363093E-01  1.158782398E-01  1.224987921E+05  2.209952512E+02  3.511781235E+02  3.071167195E+02  3.402131808E+02  9.700644426E-01 
       594  9.760335841E-02  2.100041055E-01  1.197683889E-01  1.224692560E+05  2.221305754E+02  3.524741845E+02  3.093896054E+02  3.322912699E+02  9.656896847E-01 
       595  9.760552297E-02  2.099886023E-01  1.236588659E-01  1.224989146E+05  2.229309027E+02  3.541836931E+02  3.123981422E+02  3.153762076E+02  9.634521690E-01 
       596  9.760989540E-02  2.100145164E-01  1.275491461E-01  1.226401520E+05  2.251661655E+02  3.554006222E+02  3.145472073E+02  2.999516072E+02  9.583103530E-01 
       597  9.760550437E-02  2.100148949E-01  1.314412195E-01  1.228754111E+05  2.265653634E+02  3.560348558E+02  3.156722689E+02  2.991181374E+02  9.534787089E-01 
       598  9.762031038E-02  2.101034915E-01  1.353312483E-01  1.230130109E+05  2.274344265E+02  3.560413746E+02  3.156895003E+02  3.094172262E+02  9.485919762E-01 
       599  9.762506170E-02  2.101609083E-01  1.392228176E-01  1.230916501E+05  2.271256145E+02  3.554333776E+02  3.146163834E+02  3.185589916E+02  9.495628474E-01 
       600  9.764671237E-02  2.102092269E-01  1.431110049E-01  1.232234965E+05  2.245756691E+02  3.544561234E+02  3.128886845E+02  3.247527814E+02  9.578031590E-01 
       601  9.766256924E-02  2.102587391E-01  1.469999989E-01  1.232741777E+05  2.218487482E+02  3.538148117E+02  3.114824085E+02  3.285740442E+02  9.665117860E-01 
