nodenumber     x-coordinate     y-coordinate     z-coordinate         pressure velocity-magnitude      sound-speed      temperature rel-velocity-magnitude relative-velocity-angle 
         1 -2.216901913E-02  1.039879580E-01 -4.300600202E-02  8.754922830E+04  1.539462222E+02  3.330502597E+02  2.762246362E+02  2.357958688E+02  8.594686178E-01 
         2 -2.197401757E-02  1.042260031E-01 -4.002397295E-02  8.746632190E+04  1.544293156E+02  3.330051690E+02  2.761498536E+02  2.363457502E+02  8.589547386E-01 
         3 -2.150271627E-02  1.045375264E-01 -3.708169353E-02  8.736218335E+04  1.550542895E+02  3.329484348E+02  2.760557508E+02  2.370203896E+02  8.582034176E-01 
         4 -2.072290556E-02  1.049359494E-01 -3.421635317E-02  8.724833838E+04  1.557426028E+02  3.328887901E+02  2.759568295E+02  2.377602096E+02  8.574052351E-01 
         5 -1.964621854E-02  1.053757771E-01 -3.145501365E-02  8.712647461E+04  1.564446077E+02  3.328263302E+02  2.758533168E+02  2.385167646E+02  8.566390164E-01 
         6 -1.833909717E-02  1.058829391E-01 -2.880182754E-02  8.697750464E+04  1.572210093E+02  3.327488317E+02  2.757248559E+02  2.394327636E+02  8.560746387E-01 
         7 -1.686396899E-02  1.064019756E-01 -2.624136390E-02  8.679836353E+04  1.580723014E+02  3.326537952E+02  2.755674057E+02  2.404494829E+02  8.554953709E-01 
         8 -1.524276490E-02  1.069101094E-01 -2.376908005E-02  8.658546497E+04  1.590636058E+02  3.325389557E+02  2.753771639E+02  2.415857563E+02  8.546155673E-01 
         9 -1.353040875E-02  1.074492491E-01 -2.136449246E-02  8.635517761E+04  1.602460384E+02  3.324138761E+02  2.751700776E+02  2.428540547E+02  8.532060757E-01 
        10 -1.175719847E-02  1.079385502E-01 -1.899452623E-02  8.616948462E+04  1.614826396E+02  3.323138425E+02  2.750044146E+02  2.439375575E+02  8.508947352E-01 
        11 -9.920451205E-03  1.084473482E-01 -1.667649769E-02  8.611771884E+04  1.625555695E+02  3.322874054E+02  2.749607004E+02  2.446387105E+02  8.481293372E-01 
        12 -8.053093039E-03  1.089314126E-01 -1.437870322E-02  8.628453372E+04  1.630630943E+02  3.323790380E+02  2.751123935E+02  2.443791492E+02  8.450325048E-01 
        13 -6.139911673E-03  1.093816015E-01 -1.211111235E-02  8.671344067E+04  1.625897865E+02  3.326095228E+02  2.754940720E+02  2.431129341E+02  8.437384237E-01 
        14 -4.213714023E-03  1.098625599E-01 -9.853315987E-03  8.743584619E+04  1.606463118E+02  3.329953823E+02  2.761336842E+02  2.407383633E+02  8.467109576E-01 
        15 -2.267252226E-03  1.102821410E-01 -7.616721013E-03  8.848917627E+04  1.565391970E+02  3.335573788E+02  2.770666218E+02  2.372514229E+02  8.580418341E-01 
        16 -3.058463972E-04  1.106716081E-01 -5.380345181E-03  8.948580762E+04  1.495612359E+02  3.340595675E+02  2.779016886E+02  2.341017222E+02  8.866305333E-01 
        17  1.649896870E-03  1.110991589E-01 -3.144821902E-03  8.729454871E+04  1.470019338E+02  3.328720155E+02  2.759307458E+02  2.437120757E+02  9.337374894E-01 
        18  3.605378217E-03  1.114680886E-01 -8.997268064E-04  7.607880164E+04  1.737304368E+02  3.264812708E+02  2.654364839E+02  2.843890748E+02  9.431613404E-01 
        19  5.548952344E-03  1.118349081E-01  1.356589372E-03  7.015168481E+04  2.075110486E+02  3.229059653E+02  2.596557312E+02  3.062211084E+02  8.491832027E-01 
        20  7.472030685E-03  1.121892539E-01  3.633809071E-03  7.263535495E+04  2.120124037E+02  3.245153878E+02  2.622531521E+02  2.980144289E+02  7.905803840E-01 
        21  9.366594022E-03  1.125505666E-01  5.932977735E-03  7.626025470E+04  2.087507083E+02  3.267063963E+02  2.658055577E+02  2.853178260E+02  7.576915561E-01 
        22  1.122147558E-02  1.129077905E-01  8.263617067E-03  7.870636035E+04  2.085428510E+02  3.280707332E+02  2.680284952E+02  2.768084971E+02  7.269175203E-01 
        23  1.303284284E-02  1.132507638E-01  1.062953057E-02  8.028814729E+04  2.112657593E+02  3.289172475E+02  2.694126803E+02  2.717551050E+02  6.946759876E-01 
        24  1.479928419E-02  1.136234762E-01  1.303021626E-02  8.145966289E+04  2.158141128E+02  3.295951706E+02  2.705244570E+02  2.682329388E+02  6.588312048E-01 
        25  1.649617427E-02  1.139938279E-01  1.547769530E-02  8.252803699E+04  2.207553067E+02  3.302166426E+02  2.715455520E+02  2.650765722E+02  6.224253708E-01 
        26  1.811807173E-02  1.143837002E-01  1.797032872E-02  8.333354126E+04  2.261180634E+02  3.306781311E+02  2.723044944E+02  2.629621935E+02  5.877908310E-01 
        27  1.968166241E-02  1.148013513E-01  2.049621310E-02  8.354350287E+04  2.329115908E+02  3.308163261E+02  2.725318320E+02  2.630959544E+02  5.539239151E-01 
        28  2.119101764E-02  1.152299366E-01  2.305322148E-02  8.306786824E+04  2.413499295E+02  3.306342527E+02  2.722318415E+02  2.654480115E+02  5.193927823E-01 
        29  2.266338778E-02  1.156643914E-01  2.563116057E-02  8.243356604E+04  2.502390690E+02  3.302970994E+02  2.716770923E+02  2.686334157E+02  4.856328787E-01 
        30  2.408077791E-02  1.161159634E-01  2.823658064E-02  8.186925012E+04  2.584774139E+02  3.300216618E+02  2.712241530E+02  2.714802964E+02  4.542820873E-01 
        31  2.544088325E-02  1.165921105E-01  3.086849856E-02  8.131534839E+04  2.666020732E+02  3.297145853E+02  2.707198553E+02  2.743873243E+02  4.240419525E-01 
        32  2.674433127E-02  1.170738851E-01  3.352942364E-02  8.075533679E+04  2.746090033E+02  3.294169559E+02  2.702315032E+02  2.773675063E+02  3.948825756E-01 
        33  2.797950643E-02  1.175445507E-01  3.622298897E-02  8.022919757E+04  2.824041748E+02  3.291869026E+02  2.698543478E+02  2.801463418E+02  3.661433960E-01 
        34  2.916313541E-02  1.180056499E-01  3.893937175E-02  7.993580003E+04  2.895970321E+02  3.290675833E+02  2.696591579E+02  2.821041831E+02  3.374552207E-01 
        35  3.031249539E-02  1.184785399E-01  4.167042727E-02  8.010098093E+04  2.953919615E+02  3.290938885E+02  2.697026347E+02  2.825766066E+02  3.104594266E-01 
        36  3.139929926E-02  1.189405785E-01  4.442941843E-02  8.041670947E+04  3.006821984E+02  3.292162395E+02  2.699030144E+02  2.824520708E+02  2.837188588E-01 
        37  3.242013936E-02  1.193808800E-01  4.721660669E-02  8.097365217E+04  3.057098735E+02  3.293537044E+02  2.701281317E+02  2.814718020E+02  2.547264149E-01 
        38  3.340677803E-02  1.198011670E-01  5.002067675E-02  8.219170493E+04  3.085543827E+02  3.299435017E+02  2.710962570E+02  2.781419916E+02  2.278501081E-01 
        39  3.430413654E-02  1.201853153E-01  5.285529857E-02  8.374129907E+04  3.102291946E+02  3.308768806E+02  2.726327848E+02  2.735295410E+02  2.020152248E-01 
        40  3.515433510E-02  1.205874318E-01  5.570324370E-02  8.561261328E+04  3.107142887E+02  3.319439907E+02  2.743944759E+02  2.678873463E+02  1.785030672E-01 
        41  3.592907297E-02  1.209644065E-01  5.857535950E-02  8.772200049E+04  3.097918286E+02  3.330944118E+02  2.763002129E+02  2.612602568E+02  1.588715636E-01 
        42  3.664355424E-02  1.213334730E-01  6.146049591E-02  8.995489514E+04  3.074869995E+02  3.342650461E+02  2.782456117E+02  2.541268706E+02  1.451588832E-01 
        43  3.727845098E-02  1.217084379E-01  6.437276718E-02  9.210165356E+04  3.043617439E+02  3.354007931E+02  2.801389751E+02  2.473071690E+02  1.377896424E-01 
        44  3.781448665E-02  1.220744111E-01  6.730672953E-02  9.390514063E+04  3.011173401E+02  3.363552141E+02  2.817352209E+02  2.416717653E+02  1.364743100E-01 
        45  3.826762164E-02  1.224563704E-01  7.025293559E-02  9.517571228E+04  2.983047171E+02  3.370659742E+02  2.829268286E+02  2.376063371E+02  1.394366701E-01 
        46  3.856443464E-02  1.228195695E-01  7.317567491E-02  9.592142969E+04  2.961429367E+02  3.375832825E+02  2.837957458E+02  2.349988632E+02  1.444541030E-01 
        47  3.882754171E-02  1.231963568E-01  7.616928387E-02  9.627598346E+04  2.946377280E+02  3.381703719E+02  2.847849303E+02  2.335765582E+02  1.509331775E-01 
        48  3.896508106E-02  1.235573809E-01  7.913505459E-02  9.638063672E+04  2.911877594E+02  3.391085587E+02  2.863795815E+02  2.283771019E+02  1.561839059E-01 
        49  3.903512947E-02  1.239238609E-01  8.213137167E-02  9.641810876E+04  2.828856735E+02  3.409049463E+02  2.894442229E+02  2.143788663E+02  1.628584068E-01 
        50  3.900153017E-02  1.243001337E-01  8.510504302E-02  9.632629956E+04  2.690690249E+02  3.437892098E+02  2.943747398E+02  1.890822636E+02  1.633379514E-01 
        51  3.889299026E-02  1.246700891E-01  8.806950082E-02  9.622826654E+04  2.531952326E+02  3.472610841E+02  3.003561633E+02  1.494148424E+02  1.432412309E-01 
        52  3.870303970E-02  1.250405990E-01  9.105247242E-02  9.631320532E+04  2.438115959E+02  3.501114440E+02  3.052805495E+02  1.123980831E+02  6.626705755E-02 
        53  3.847530202E-02  1.253810613E-01  9.402032493E-02  9.697529694E+04  2.416482631E+02  3.519638813E+02  3.085125525E+02  7.961672133E+01 -2.055802091E-01 
        54  3.809583015E-02  1.257752167E-01  9.695318516E-02  9.912912305E+04  2.399799042E+02  3.532565384E+02  3.107705994E+02  5.318381214E+01 -6.798728704E-01 
        55  3.767199372E-02  1.261489404E-01  9.992435767E-02  1.016832239E+05  2.394784312E+02  3.538027058E+02  3.117234325E+02  4.708798409E+01 -6.244489327E-01 
        56  3.723780727E-02  1.265196365E-01  1.028569506E-01  1.041404679E+05  2.375136120E+02  3.535998785E+02  3.113658205E+02  6.002534670E+01 -2.276875997E-01 
        57  3.672955052E-02  1.269046997E-01  1.057947981E-01  1.058368405E+05  2.377323902E+02  3.521447144E+02  3.088147526E+02  9.082765067E+01  1.285558613E-02 
        58  3.615520807E-02  1.273091289E-01  1.087154776E-01  1.069780737E+05  2.434788413E+02  3.495680971E+02  3.043186703E+02  1.306002765E+02  1.301264032E-01 
        59  3.556812424E-02  1.277144368E-01  1.116309472E-01  1.075956326E+05  2.537982073E+02  3.466285558E+02  2.992191961E+02  1.662008587E+02  1.787949805E-01 
        60  3.495651588E-02  1.281329458E-01  1.145394580E-01  1.077245142E+05  2.628928285E+02  3.443510690E+02  2.952929859E+02  1.878978481E+02  1.933569005E-01 
        61  3.433795015E-02  1.285471243E-01  1.174457346E-01  1.077057722E+05  2.679977458E+02  3.432225208E+02  2.933564100E+02  1.971586304E+02  1.945971670E-01 
        62  3.376061330E-02  1.289460490E-01  1.203607660E-01  1.077483896E+05  2.704055321E+02  3.429233053E+02  2.928444204E+02  2.000417631E+02  1.914096128E-01 
        63  3.331803132E-02  1.293309423E-01  1.232882868E-01  1.078006878E+05  2.718701104E+02  3.429305441E+02  2.928567295E+02  2.009267272E+02  1.874002525E-01 
        64  3.310586596E-02  1.296649637E-01  1.262581306E-01  1.077889823E+05  2.729679165E+02  3.429771473E+02  2.929363444E+02  2.013516480E+02  1.840842571E-01 
        65  3.306639982E-02  1.299493947E-01  1.292495641E-01  1.077114698E+05  2.738460639E+02  3.429980632E+02  2.929721060E+02  2.017772400E+02  1.821173502E-01 
        66  3.322486525E-02  1.302097713E-01  1.322380794E-01  1.075882824E+05  2.747417075E+02  3.429647846E+02  2.929152214E+02  2.025858716E+02  1.815957395E-01 
        67  3.356462385E-02  1.304573038E-01  1.352130229E-01  1.074433977E+05  2.756801603E+02  3.429046761E+02  2.928125277E+02  2.036921834E+02  1.822127287E-01 
        68  3.400410102E-02  1.306751199E-01  1.381765647E-01  1.072623403E+05  2.766281352E+02  3.428287907E+02  2.926829872E+02  2.049506092E+02  1.832139755E-01 
        69  3.451963359E-02  1.308741206E-01  1.411278790E-01  1.070254021E+05  2.776410539E+02  3.427348728E+02  2.925226321E+02  2.064267187E+02  1.846479718E-01 
        70  3.508991352E-02  1.310576265E-01  1.440660380E-01  1.067470710E+05  2.787794905E+02  3.426126156E+02  2.923140063E+02  2.080532818E+02  1.858866990E-01 
        71  3.570211579E-02  1.312503676E-01  1.470000000E-01  1.063209893E+05  2.801376190E+02  3.424419479E+02  2.920237579E+02  2.100640583E+02  1.869219579E-01 
        72 -2.843361623E-02  1.708417341E-01 -4.258217492E-02  8.203194385E+04  1.837738523E+02  3.299695959E+02  2.711382027E+02  3.443104506E+02  1.007640637E+00 
        73 -2.838826984E-02  1.709653765E-01 -3.916427879E-02  8.199458087E+04  1.842362542E+02  3.299530394E+02  2.711110058E+02  3.446391830E+02  1.006657480E+00 
        74 -2.835908450E-02  1.711140563E-01 -3.574649433E-02  8.231311298E+04  1.838594867E+02  3.301512840E+02  2.714369786E+02  3.437326798E+02  1.006313352E+00 
        75 -2.838361088E-02  1.712589164E-01 -3.232950605E-02  8.300562207E+04  1.829469552E+02  3.305337648E+02  2.720663939E+02  3.423286724E+02  1.006941285E+00 
        76 -2.841360827E-02  1.714319125E-01 -2.891476756E-02  8.385511597E+04  1.812398000E+02  3.310360389E+02  2.728936844E+02  3.399181323E+02  1.008551406E+00 
        77 -2.833774301E-02  1.716334782E-01 -2.549995819E-02  8.445854688E+04  1.801170154E+02  3.313553734E+02  2.734204051E+02  3.388058578E+02  1.010498545E+00 
        78 -2.791452343E-02  1.719215161E-01 -2.212016887E-02  8.462869775E+04  1.794476728E+02  3.314513836E+02  2.735788841E+02  3.384145699E+02  1.012174703E+00 
        79 -2.700703325E-02  1.722886754E-01 -1.884820631E-02  8.428100415E+04  1.795879025E+02  3.312406921E+02  2.732312183E+02  3.398447065E+02  1.014199037E+00 
        80 -2.544395246E-02  1.727209334E-01 -1.584518523E-02  8.312034747E+04  1.814124101E+02  3.305669415E+02  2.721210604E+02  3.432543554E+02  1.013963667E+00 
        81 -2.351536464E-02  1.732363399E-01 -1.306823492E-02  8.108566577E+04  1.854304509E+02  3.294076538E+02  2.702161186E+02  3.491192575E+02  1.010868944E+00 
        82 -2.134527601E-02  1.737374909E-01 -1.047435973E-02  7.832279782E+04  1.918233275E+02  3.277972993E+02  2.675809906E+02  3.570407062E+02  1.004023460E+00 
        83 -1.897326710E-02  1.742189522E-01 -8.035177519E-03  7.535193677E+04  1.998118399E+02  3.260031979E+02  2.646600300E+02  3.657266105E+02  9.939638847E-01 
        84 -1.652827274E-02  1.746780172E-01 -5.688541800E-03  7.308183405E+04  2.066753845E+02  3.246052561E+02  2.623946044E+02  3.724091206E+02  9.842536338E-01 
        85 -1.397929867E-02  1.751251779E-01 -3.446989688E-03  7.251093994E+04  2.098272424E+02  3.242343988E+02  2.617950406E+02  3.743626881E+02  9.775557797E-01 
        86 -1.139011487E-02  1.755573757E-01 -1.256774906E-03  7.420829712E+04  2.085016952E+02  3.253130989E+02  2.635412955E+02  3.700975051E+02  9.732006341E-01 
        87 -8.734274343E-03  1.759085237E-01  8.667805443E-04  7.953922314E+04  2.017880250E+02  3.286055503E+02  2.689079618E+02  3.555482373E+02  9.676287370E-01 
        88 -6.073383534E-03  1.762548475E-01  2.984781313E-03  8.890443732E+04  1.909028022E+02  3.337311103E+02  2.773620908E+02  3.294942906E+02  9.610918118E-01 
        89 -3.359730182E-03  1.765819110E-01  5.053045394E-03  9.853702100E+04  1.756754638E+02  3.384762161E+02  2.853015327E+02  3.041821010E+02  9.805594129E-01 
        90 -6.741955509E-04  1.768270807E-01  7.130208361E-03  9.813787031E+04  1.634745865E+02  3.385556339E+02  2.854345212E+02  3.060382820E+02  1.025464288E+00 
        91  2.027043660E-03  1.770783858E-01  9.208570588E-03  7.953519415E+04  1.913458586E+02  3.282961000E+02  2.684001695E+02  3.561916504E+02  1.004499994E+00 
        92  4.731686997E-03  1.772422585E-01  1.127155269E-02  7.214626454E+04  2.146905536E+02  3.239706730E+02  2.613706336E+02  3.772845241E+02  9.667238642E-01 
        93  7.454465044E-03  1.773874983E-01  1.334309669E-02  7.270628209E+04  2.111696804E+02  3.242440911E+02  2.618117159E+02  3.763915585E+02  9.766165754E-01 
        94  1.015989937E-02  1.775222933E-01  1.545596277E-02  7.043741956E+04  2.172712996E+02  3.229793031E+02  2.597770422E+02  3.825928791E+02  9.691376659E-01 
        95  1.284858280E-02  1.775661421E-01  1.756817794E-02  6.709292203E+04  2.276187092E+02  3.208538017E+02  2.563706191E+02  3.918785489E+02  9.544077376E-01 
        96  1.551966693E-02  1.776138061E-01  1.970369132E-02  6.409855664E+04  2.370620170E+02  3.187260070E+02  2.529823365E+02  4.007261806E+02  9.424471520E-01 
        97  1.817410325E-02  1.776258069E-01  2.186017323E-02  6.166635120E+04  2.456540122E+02  3.169080310E+02  2.501030188E+02  4.081924286E+02  9.307019189E-01 
        98  2.080993586E-02  1.775631240E-01  2.403936301E-02  6.006808459E+04  2.526242595E+02  3.157757096E+02  2.483156362E+02  4.130101023E+02  9.185771532E-01 
        99  2.341570779E-02  1.774969016E-01  2.625394818E-02  5.979844312E+04  2.572674417E+02  3.156376095E+02  2.480990906E+02  4.142896652E+02  9.059561025E-01 
       100  2.600295182E-02  1.773818036E-01  2.848806157E-02  6.188131226E+04  2.578305044E+02  3.171727190E+02  2.505361967E+02  4.086611423E+02  8.913689479E-01 
       101  2.856627515E-02  1.771883875E-01  3.074502562E-02  6.759999023E+04  2.523545256E+02  3.211383820E+02  2.568812494E+02  3.922234106E+02  8.742421642E-01 
       102  3.110662233E-02  1.769811535E-01  3.302644514E-02  7.559158057E+04  2.453121576E+02  3.261952057E+02  2.650305548E+02  3.699054089E+02  8.518645894E-01 
       103  3.362247542E-02  1.767159818E-01  3.532849163E-02  8.131349390E+04  2.437748132E+02  3.295309467E+02  2.704341202E+02  3.542145691E+02  8.260814194E-01 
       104  3.610895472E-02  1.763647845E-01  3.765120331E-02  8.177109790E+04  2.497672050E+02  3.297215385E+02  2.707353134E+02  3.534192166E+02  8.044131948E-01 
       105  3.856497337E-02  1.759966372E-01  4.000321012E-02  7.935420917E+04  2.584769157E+02  3.283608503E+02  2.685041908E+02  3.608971164E+02  7.891281210E-01 
       106  4.103059304E-02  1.755360248E-01  4.234569910E-02  7.787625645E+04  2.648409921E+02  3.276485064E+02  2.673376210E+02  3.653152357E+02  7.759805067E-01 
       107  4.340106546E-02  1.750377176E-01  4.474435622E-02  7.942101653E+04  2.667716897E+02  3.286944547E+02  2.690514807E+02  3.610701321E+02  7.613996922E-01 
       108  4.575540032E-02  1.745445103E-01  4.717695363E-02  8.414871667E+04  2.639895349E+02  3.314499254E+02  2.735883992E+02  3.482132945E+02  7.471419424E-01 
       109  4.807037784E-02  1.739953488E-01  4.963532790E-02  9.034422949E+04  2.593673029E+02  3.347717886E+02  2.790980539E+02  3.309803667E+02  7.326285057E-01 
       110  5.034733117E-02  1.734133857E-01  5.212084081E-02  9.516536035E+04  2.575912189E+02  3.372093964E+02  2.831700382E+02  3.177335091E+02  7.164664268E-01 
       111  5.258765486E-02  1.728405975E-01  5.464144749E-02  9.826037109E+04  2.586431484E+02  3.387008801E+02  2.856789589E+02  3.099332771E+02  7.003056109E-01 
       112  5.479076840E-02  1.722430532E-01  5.718902978E-02  1.011587434E+05  2.591372709E+02  3.401244669E+02  2.880856075E+02  3.028210030E+02  6.875598691E-01 
       113  5.694737683E-02  1.716020731E-01  5.976586917E-02  1.043635577E+05  2.584860253E+02  3.416964629E+02  2.907544405E+02  2.941209543E+02  6.769385473E-01 
       114  5.911848447E-02  1.709340834E-01  6.233872565E-02  1.074509856E+05  2.575091545E+02  3.431893652E+02  2.932997246E+02  2.861219659E+02  6.689181697E-01 
       115  6.119351897E-02  1.703313828E-01  6.496775561E-02  1.100371672E+05  2.568596287E+02  3.443413916E+02  2.952721782E+02  2.785750804E+02  6.612659153E-01 
       116  6.319798910E-02  1.696485115E-01  6.765543605E-02  1.124368228E+05  2.559818611E+02  3.453750019E+02  2.970470691E+02  2.716020880E+02  6.554213082E-01 
       117  6.520189851E-02  1.689621155E-01  7.034628384E-02  1.152640244E+05  2.540247641E+02  3.466067524E+02  2.991698284E+02  2.644314585E+02  6.542977802E-01 
       118  6.717992039E-02  1.682884043E-01  7.305807409E-02  1.175712266E+05  2.522788401E+02  3.475842695E+02  3.008592854E+02  2.586455860E+02  6.545858774E-01 
       119  6.910755662E-02  1.675987334E-01  7.579818779E-02  1.189812118E+05  2.512333851E+02  3.481339707E+02  3.018116045E+02  2.550796683E+02  6.551908799E-01 
       120  7.101404689E-02  1.668389198E-01  7.852135391E-02  1.201189366E+05  2.478573351E+02  3.486664650E+02  3.027356102E+02  2.517338216E+02  6.654204130E-01 
       121  7.286652020E-02  1.661304029E-01  8.130170181E-02  1.203653658E+05  2.451319683E+02  3.488197629E+02  3.030019057E+02  2.506577691E+02  6.758360355E-01 
       122  7.473378469E-02  1.653966549E-01  8.408122010E-02  1.203902344E+05  2.425570488E+02  3.488888569E+02  3.031221161E+02  2.503347263E+02  6.864769273E-01 
       123  7.654776682E-02  1.646234676E-01  8.688218818E-02  1.202412986E+05  2.400926261E+02  3.490826302E+02  3.034594965E+02  2.507292614E+02  6.972641591E-01 
       124  7.830115451E-02  1.638494494E-01  8.971806956E-02  1.199593335E+05  2.398905735E+02  3.491292953E+02  3.035413342E+02  2.500430641E+02  6.978063323E-01 
       125  8.003223315E-02  1.630890187E-01  9.257063461E-02  1.196195364E+05  2.395310106E+02  3.492566900E+02  3.037639327E+02  2.478924065E+02  6.980653144E-01 
       126  8.174167210E-02  1.623344685E-01  9.543869445E-02  1.193586545E+05  2.387204955E+02  3.495660503E+02  3.043040836E+02  2.448869572E+02  6.998454402E-01 
       127  8.339566060E-02  1.615413001E-01  9.829620033E-02  1.192761265E+05  2.378090402E+02  3.500227074E+02  3.051020631E+02  2.411278419E+02  7.016997765E-01 
       128  8.500809507E-02  1.607572746E-01  1.012133408E-01  1.191523421E+05  2.366070085E+02  3.505793707E+02  3.060760479E+02  2.360506495E+02  7.040116093E-01 
       129  8.654116005E-02  1.600133249E-01  1.041766726E-01  1.189946297E+05  2.348575308E+02  3.513804780E+02  3.074792002E+02  2.295246000E+02  7.083264058E-01 
       130  8.807530659E-02  1.592883350E-01  1.071513815E-01  1.189162734E+05  2.327781653E+02  3.523599863E+02  3.091965365E+02  2.230057530E+02  7.148823859E-01 
       131  8.946870181E-02  1.585918917E-01  1.101955952E-01  1.188538593E+05  2.305752864E+02  3.534266994E+02  3.110682890E+02  2.160774943E+02  7.225809668E-01 
       132  9.078169785E-02  1.579398834E-01  1.132895212E-01  1.188257382E+05  2.284908233E+02  3.541813693E+02  3.123929256E+02  2.116966648E+02  7.313776193E-01 
       133  9.193376095E-02  1.573753789E-01  1.164622823E-01  1.187660219E+05  2.273007891E+02  3.541235027E+02  3.122881641E+02  2.122999134E+02  7.372909952E-01 
       134  9.287851211E-02  1.569754829E-01  1.197270904E-01  1.187140097E+05  2.278690956E+02  3.531168590E+02  3.105178779E+02  2.196322748E+02  7.372691475E-01 
       135  9.346963790E-02  1.567893278E-01  1.230899614E-01  1.186281762E+05  2.316079434E+02  3.511839114E+02  3.071316522E+02  2.352079704E+02  7.284422782E-01 
       136  9.376445592E-02  1.568076376E-01  1.265149706E-01  1.185548757E+05  2.375998394E+02  3.491518798E+02  3.035840979E+02  2.516836147E+02  7.142380048E-01 
       137  9.391306034E-02  1.569225935E-01  1.299303306E-01  1.184553003E+05  2.414981308E+02  3.481033955E+02  3.017594786E+02  2.595735807E+02  7.052130084E-01 
       138  9.402896493E-02  1.570765633E-01  1.333445553E-01  1.183812563E+05  2.427759104E+02  3.478391733E+02  3.013007507E+02  2.611380186E+02  7.022252455E-01 
       139  9.417960043E-02  1.572174564E-01  1.367593072E-01  1.183060974E+05  2.430880575E+02  3.478748608E+02  3.013625207E+02  2.610638289E+02  7.016750891E-01 
       140  9.437397158E-02  1.573466446E-01  1.401725853E-01  1.181780061E+05  2.434895284E+02  3.479475484E+02  3.014884834E+02  2.613078997E+02  7.011596803E-01 
       141  9.455826038E-02  1.574868932E-01  1.435861248E-01  1.180219399E+05  2.438856265E+02  3.480584096E+02  3.016806210E+02  2.616969987E+02  7.008292237E-01 
       142  9.468914447E-02  1.576724412E-01  1.470000022E-01  1.179340581E+05  2.441946335E+02  3.481147003E+02  3.017884197E+02  2.621831989E+02  7.010091059E-01 
       143 -2.515044289E-02  2.387134140E-01 -4.211006034E-02  8.391331836E+04  1.788267195E+02  3.310316609E+02  2.728870903E+02  4.392929457E+02  1.151563882E+00 
       144 -2.515073613E-02  2.387267259E-01 -3.821832766E-02  8.561395564E+04  1.746263381E+02  3.319425893E+02  2.743911105E+02  4.356215048E+02  1.158492993E+00 
       145 -2.514274647E-02  2.387409373E-01 -3.433018188E-02  8.619872807E+04  1.735611214E+02  3.322318927E+02  2.748694833E+02  4.343738504E+02  1.160066431E+00 
       146 -2.514933814E-02  2.387615668E-01 -3.043885368E-02  8.519992853E+04  1.764695451E+02  3.317125136E+02  2.740106342E+02  4.364907243E+02  1.155055479E+00 
       147 -2.514205174E-02  2.387863737E-01 -2.655197175E-02  8.351942224E+04  1.813194008E+02  3.308026924E+02  2.725096629E+02  4.403468081E+02  1.146849148E+00 
       148 -2.514801404E-02  2.388163633E-01 -2.268742808E-02  8.189714030E+04  1.853106994E+02  3.299627603E+02  2.711272685E+02  4.436963511E+02  1.140370110E+00 
       149 -2.514603624E-02  2.387984711E-01 -1.877579094E-02  8.076791113E+04  1.880000401E+02  3.293388062E+02  2.701027527E+02  4.462468834E+02  1.136341274E+00 
       150 -2.513833525E-02  2.388756875E-01 -1.487946342E-02  7.985441635E+04  1.898331756E+02  3.288435487E+02  2.692909103E+02  4.481363625E+02  1.133826088E+00 
       151 -2.514495058E-02  2.389300222E-01 -1.098752945E-02  7.971749701E+04  1.895234592E+02  3.287782420E+02  2.691839277E+02  4.484499369E+02  1.134939815E+00 
       152 -2.501801490E-02  2.389948317E-01 -7.101428526E-03  8.195935645E+04  1.835361269E+02  3.301248505E+02  2.713959073E+02  4.437379681E+02  1.144831802E+00 
       153 -2.403359079E-02  2.391541778E-01 -3.362202731E-03  8.785856527E+04  1.695834563E+02  3.331672094E+02  2.764214418E+02  4.307482257E+02  1.166880080E+00 
       154 -2.203079393E-02  2.393877231E-01 -4.501692070E-05  8.919738048E+04  1.667517824E+02  3.338837844E+02  2.776106152E+02  4.275168476E+02  1.170942945E+00 
       155 -1.942355624E-02  2.396357170E-01  2.825132604E-03  8.440287753E+04  1.787919590E+02  3.312872771E+02  2.733110644E+02  4.387059110E+02  1.151246652E+00 
       156 -1.648721574E-02  2.398964014E-01  5.342831758E-03  8.123483710E+04  1.857804004E+02  3.294510584E+02  2.702871218E+02  4.459452879E+02  1.141196236E+00 
       157 -1.330897545E-02  2.400801911E-01  7.594698846E-03  8.085180701E+04  1.852501481E+02  3.293250713E+02  2.700805106E+02  4.464920378E+02  1.143201301E+00 
       158 -1.004552185E-02  2.402353079E-01  9.709455816E-03  8.072299487E+04  1.852639105E+02  3.293337355E+02  2.700951614E+02  4.465997553E+02  1.143529246E+00 
       159 -6.714656287E-03  2.403804415E-01  1.171394437E-02  8.037510236E+04  1.862298796E+02  3.290185625E+02  2.695785291E+02  4.474704208E+02  1.142503273E+00 
       160 -3.322138608E-03  2.404066774E-01  1.362735999E-02  8.002785672E+04  1.859697188E+02  3.287457600E+02  2.691318587E+02  4.482465372E+02  1.144496852E+00 
       161  9.783589121E-05  2.404201762E-01  1.547870720E-02  8.040225525E+04  1.842628653E+02  3.290364780E+02  2.696090102E+02  4.471549706E+02  1.148570601E+00 
       162  3.534439975E-03  2.403949673E-01  1.730379042E-02  8.072232617E+04  1.839872770E+02  3.291391191E+02  2.697817478E+02  4.439483681E+02  1.148992840E+00 
       163  6.969024296E-03  2.402279751E-01  1.908412837E-02  9.172987195E+04  1.522600034E+02  3.354881110E+02  2.803089342E+02  4.178597229E+02  1.204011797E+00 
       164  1.043411823E-02  2.400800089E-01  2.085152946E-02  7.838387558E+04  1.899017290E+02  3.284341931E+02  2.686238133E+02  4.480426244E+02  1.136637763E+00 
       165  1.388371434E-02  2.398652026E-01  2.263181169E-02  7.887752789E+04  1.861896081E+02  3.285971155E+02  2.688882902E+02  4.468349771E+02  1.143651684E+00 
       166  1.734145131E-02  2.394992745E-01  2.440657916E-02  7.873918420E+04  1.871216414E+02  3.285627141E+02  2.688313823E+02  4.478111682E+02  1.142113924E+00 
       167  2.080043859E-02  2.391294908E-01  2.615375350E-02  7.879260933E+04  1.893488179E+02  3.286043908E+02  2.688997759E+02  4.479212835E+02  1.137133429E+00 
       168  2.424052770E-02  2.387186889E-01  2.792040504E-02  7.904134021E+04  1.909130187E+02  3.286377087E+02  2.689542770E+02  4.473329816E+02  1.133135526E+00 
       169  2.766624902E-02  2.381908713E-01  2.968394578E-02  7.889082739E+04  1.932814622E+02  3.284948163E+02  2.687202940E+02  4.475008678E+02  1.127741709E+00 
       170  3.108229850E-02  2.375970478E-01  3.144655572E-02  7.858442200E+04  1.959276273E+02  3.283808322E+02  2.685340383E+02  4.479927225E+02  1.122100039E+00 
       171  3.449726266E-02  2.369314331E-01  3.319569832E-02  7.865217770E+04  1.977223958E+02  3.285201300E+02  2.687630417E+02  4.476106923E+02  1.118198162E+00 
       172  3.787267708E-02  2.362004853E-01  3.498142333E-02  7.910260913E+04  1.992884061E+02  3.288244309E+02  2.692625771E+02  4.463856030E+02  1.114904927E+00 
       173  4.123744789E-02  2.354271843E-01  3.677379579E-02  7.925532544E+04  2.015967677E+02  3.288981771E+02  2.693833923E+02  4.457289968E+02  1.110701831E+00 
       174  4.456263149E-02  2.345133553E-01  3.856958315E-02  7.843409183E+04  2.055800914E+02  3.283994614E+02  2.685661939E+02  4.470490923E+02  1.104054818E+00 
       175  4.789152860E-02  2.335402793E-01  4.034492433E-02  7.682964734E+04  2.106186942E+02  3.274421346E+02  2.670025723E+02  4.499450204E+02  1.095881959E+00 
       176  5.119514426E-02  2.325727211E-01  4.215365701E-02  7.506351020E+04  2.158142128E+02  3.263675455E+02  2.652530313E+02  4.534226264E+02  1.087940094E+00 
       177  5.444737908E-02  2.314873556E-01  4.396264389E-02  7.324397217E+04  2.211340297E+02  3.252411625E+02  2.634254777E+02  4.569840705E+02  1.079780804E+00 
       178  5.771043354E-02  2.303389779E-01  4.576361213E-02  7.116822812E+04  2.272525012E+02  3.239211051E+02  2.612925311E+02  4.612111037E+02  1.070580200E+00 
       179  6.093363739E-02  2.292015055E-01  4.761570799E-02  6.856370972E+04  2.359391999E+02  3.222062569E+02  2.585347586E+02  4.668359928E+02  1.056532579E+00 
       180  6.411569228E-02  2.279427553E-01  4.946832252E-02  6.653362866E+04  2.473625088E+02  3.209257431E+02  2.564834881E+02  4.714572372E+02  1.033603001E+00 
       181  6.728438578E-02  2.267057043E-01  5.135068917E-02  6.841236255E+04  2.589861937E+02  3.225730038E+02  2.591438403E+02  4.664085073E+02  9.959799573E-01 
       182  7.045491472E-02  2.254566135E-01  5.324396322E-02  7.864054053E+04  2.645267177E+02  3.288245559E+02  2.693104420E+02  4.432868047E+02  9.506994486E-01 
       183  7.352398986E-02  2.240979077E-01  5.520813549E-02  9.282705444E+04  2.515993223E+02  3.362375050E+02  2.815850425E+02  4.100894585E+02  9.468791559E-01 
       184  7.654294831E-02  2.227589545E-01  5.724026033E-02  1.021214815E+05  2.356063442E+02  3.410226718E+02  2.896124968E+02  3.910414293E+02  9.698560551E-01 
       185  7.954929441E-02  2.214414527E-01  5.933596166E-02  1.092067742E+05  2.388887796E+02  3.444032755E+02  2.953869653E+02  3.757151642E+02  9.493537024E-01 
       186  8.244157493E-02  2.200232159E-01  6.149679439E-02  1.202897715E+05  2.413854637E+02  3.488058090E+02  3.029791183E+02  3.513775940E+02  9.267526567E-01 
       187  8.531452000E-02  2.186177542E-01  6.372436707E-02  1.227732429E+05  2.366978450E+02  3.498814287E+02  3.048499837E+02  3.483140664E+02  9.376580631E-01 
       188  8.816039266E-02  2.172472440E-01  6.601424901E-02  1.228126533E+05  2.319413133E+02  3.503538623E+02  3.056734037E+02  3.466259432E+02  9.499574061E-01 
       189  9.092008057E-02  2.157826082E-01  6.831794754E-02  1.229503909E+05  2.272625842E+02  3.503929815E+02  3.057413434E+02  3.445809138E+02  9.617063998E-01 
       190  9.367581728E-02  2.143255962E-01  7.064980943E-02  1.229011785E+05  2.237420556E+02  3.502592270E+02  3.055078353E+02  3.438174691E+02  9.706301739E-01 
       191  9.641114101E-02  2.128789625E-01  7.302159977E-02  1.227639231E+05  2.197836585E+02  3.501950641E+02  3.053959311E+02  3.431927269E+02  9.813946658E-01 
       192  9.907895187E-02  2.114028516E-01  7.542603674E-02  1.226180507E+05  2.172628655E+02  3.502135987E+02  3.054284639E+02  3.441289904E+02  9.883243768E-01 
       193  1.016896232E-01  2.099003163E-01  7.789626121E-02  1.226834753E+05  2.171080034E+02  3.504003739E+02  3.057547989E+02  3.435959067E+02  9.879882364E-01 
       194  1.042573666E-01  2.084682280E-01  8.044071344E-02  1.227618383E+05  2.174744734E+02  3.508526945E+02  3.065460358E+02  3.410546179E+02  9.860588703E-01 
       195  1.067132028E-01  2.069758083E-01  8.306726980E-02  1.228304429E+05  2.181604334E+02  3.516571894E+02  3.079567423E+02  3.366194382E+02  9.826201511E-01 
       196  1.091091693E-01  2.055182938E-01  8.576040538E-02  1.228738145E+05  2.192022684E+02  3.529101258E+02  3.101615941E+02  3.295674632E+02  9.782704636E-01 
       197  1.114533399E-01  2.040960959E-01  8.851719904E-02  1.228144617E+05  2.205616804E+02  3.544707623E+02  3.129166242E+02  3.198791467E+02  9.737774200E-01 
       198  1.136946430E-01  2.026973542E-01  9.137514269E-02  1.226822029E+05  2.217691236E+02  3.562833255E+02  3.161253089E+02  3.081266788E+02  9.707851215E-01 
       199  1.158224243E-01  2.012857480E-01  9.431046231E-02  1.225932404E+05  2.229325056E+02  3.579877343E+02  3.191527320E+02  2.969510443E+02  9.689505501E-01 
       200  1.177983438E-01  1.999614296E-01  9.738734661E-02  1.225588124E+05  2.245485538E+02  3.591299208E+02  3.211853198E+02  2.891638837E+02  9.652893359E-01 
       201  1.195376812E-01  1.988013159E-01  1.006637087E-01  1.225949356E+05  2.267700766E+02  3.592164448E+02  3.213381958E+02  2.883878435E+02  9.575818952E-01 
       202  1.207748534E-01  1.979244993E-01  1.042263433E-01  1.226097261E+05  2.294153264E+02  3.576623123E+02  3.185726733E+02  2.995511336E+02  9.456801196E-01 
       203  1.209766187E-01  1.976967879E-01  1.080979692E-01  1.226530151E+05  2.323463678E+02  3.547869397E+02  3.134747299E+02  3.204350199E+02  9.341996330E-01 
       204  1.209415894E-01  1.976147862E-01  1.119887176E-01  1.227457781E+05  2.314698915E+02  3.530745475E+02  3.104527785E+02  3.310234450E+02  9.371154741E-01 
       205  1.209136670E-01  1.975679793E-01  1.158784497E-01  1.228095146E+05  2.282547913E+02  3.522756511E+02  3.090451061E+02  3.336672010E+02  9.467094481E-01 
       206  1.209140530E-01  1.975343277E-01  1.197687765E-01  1.228480951E+05  2.251667523E+02  3.517376244E+02  3.080981096E+02  3.345219085E+02  9.559404432E-01 
       207  1.209033119E-01  1.974945510E-01  1.236620610E-01  1.228607907E+05  2.230879134E+02  3.514331317E+02  3.075628163E+02  3.350086689E+02  9.622371094E-01 
       208  1.208998844E-01  1.975608583E-01  1.275528569E-01  1.228935391E+05  2.222033070E+02  3.516212251E+02  3.078940746E+02  3.338260189E+02  9.651542939E-01 
       209  1.209086196E-01  1.975927695E-01  1.314428594E-01  1.229086514E+05  2.219803755E+02  3.521762543E+02  3.088701063E+02  3.303993690E+02  9.656499829E-01 
       210  1.209261261E-01  1.976437754E-01  1.353324952E-01  1.229604804E+05  2.220701537E+02  3.530690471E+02  3.104416711E+02  3.251972554E+02  9.651401364E-01 
       211  1.209477387E-01  1.976921952E-01  1.392217013E-01  1.230036909E+05  2.216958464E+02  3.541480792E+02  3.123436119E+02  3.193747186E+02  9.663620023E-01 
       212  1.209659901E-01  1.977439656E-01  1.431109690E-01  1.231259644E+05  2.212128465E+02  3.552082326E+02  3.141999446E+02  3.135925690E+02  9.682674357E-01 
       213  1.210017723E-01  1.977818072E-01  1.470000027E-01  1.233080254E+05  2.214983177E+02  3.557290115E+02  3.148941479E+02  3.109467916E+02  9.679369330E-01 
       214 -1.337431699E-02  1.053111530E-01 -4.600000000E-02  8.760353223E+04  1.539320545E+02  3.331071815E+02  2.762954483E+02  2.357059574E+02  8.591646180E-01 
       215 -1.336879354E-02  1.054912688E-01 -4.299898917E-02  8.749609448E+04  1.540010705E+02  3.330518665E+02  2.762273164E+02  2.359629717E+02  8.597902711E-01 
       216 -1.321272523E-02  1.057016208E-01 -4.000664894E-02  8.749917188E+04  1.542130651E+02  3.330159206E+02  2.761676693E+02  2.362283916E+02  8.597409464E-01 
       217 -1.269691607E-02  1.059729593E-01 -3.706120983E-02  8.738732426E+04  1.550092581E+02  3.329399160E+02  2.760416861E+02  2.369270344E+02  8.580878619E-01 
       218 -1.181263769E-02  1.063072321E-01 -3.420969757E-02  8.719823837E+04  1.559318224E+02  3.328489669E+02  2.758908731E+02  2.379203861E+02  8.568973292E-01 
       219 -1.066241908E-02  1.066659143E-01 -3.145726216E-02  8.705479145E+04  1.566612816E+02  3.327992070E+02  2.758084138E+02  2.387665638E+02  8.563013201E-01 
       220 -9.280794463E-03  1.070573859E-01 -2.881758489E-02  8.691369659E+04  1.574534623E+02  3.327323180E+02  2.756974908E+02  2.396332660E+02  8.554855678E-01 
       221 -7.735023178E-03  1.074435380E-01 -2.626912607E-02  8.680015207E+04  1.581769551E+02  3.326891563E+02  2.756259781E+02  2.403052754E+02  8.544044388E-01 
       222 -6.047350445E-03  1.078135440E-01 -2.381048416E-02  8.667542433E+04  1.591752555E+02  3.325660865E+02  2.754220976E+02  2.412307441E+02  8.527301182E-01 
       223 -4.299611852E-03  1.081916589E-01 -2.139379423E-02  8.662868920E+04  1.596155038E+02  3.326510198E+02  2.755628585E+02  2.415887770E+02  8.521360254E-01 
       224 -2.461870607E-03  1.085505379E-01 -1.904289133E-02  8.668835377E+04  1.600465083E+02  3.325596310E+02  2.754114509E+02  2.418611515E+02  8.512586707E-01 
       225 -5.886173328E-04  1.088780789E-01 -1.671486844E-02  8.676642731E+04  1.599784723E+02  3.326852189E+02  2.756194840E+02  2.420665587E+02  8.528742757E-01 
       226  1.337912187E-03  1.092215599E-01 -1.443302686E-02  8.685188874E+04  1.596766310E+02  3.325893877E+02  2.754606848E+02  2.423931227E+02  8.561580037E-01 
       227  3.290030235E-03  1.094941851E-01 -1.216353628E-02  8.669116766E+04  1.594034914E+02  3.324887033E+02  2.752939616E+02  2.435878703E+02  8.623011418E-01 
       228  5.262023684E-03  1.097864070E-01 -9.913643549E-03  8.603635938E+04  1.602424957E+02  3.320716064E+02  2.746040404E+02  2.468381895E+02  8.698086842E-01 
       229  7.256339014E-03  1.100495762E-01 -7.679258903E-03  8.396296915E+04  1.651666057E+02  3.309828280E+02  2.728064644E+02  2.542373949E+02  8.703206629E-01 
       230  9.250945095E-03  1.102792579E-01 -5.441700620E-03  8.206016906E+04  1.720360775E+02  3.300242783E+02  2.712283388E+02  2.614283822E+02  8.604664173E-01 
       231  1.125130268E-02  1.105297001E-01 -3.209862298E-03  8.063790649E+04  1.795651045E+02  3.293996086E+02  2.702025018E+02  2.657865500E+02  8.369208891E-01 
       232  1.324504242E-02  1.107259366E-01 -9.692227629E-04  8.106422900E+04  1.842443242E+02  3.295614595E+02  2.704682236E+02  2.648091478E+02  8.089200482E-01 
       233  1.522818012E-02  1.109344875E-01  1.280794701E-03  8.286513916E+04  1.849615107E+02  3.305973835E+02  2.721723480E+02  2.588655615E+02  7.844687477E-01 
       234  1.717717000E-02  1.111306516E-01  3.565314237E-03  8.514188574E+04  1.840819263E+02  3.319136696E+02  2.743439369E+02  2.504295654E+02  7.607102916E-01 
       235  2.098827574E-02  1.115152878E-01  8.199040730E-03  8.905298877E+04  1.880791636E+02  3.339048901E+02  2.776454201E+02  2.382395096E+02  7.008078918E-01 
       236  2.283804163E-02  1.116790561E-01  1.055952489E-02  9.034751227E+04  1.912103894E+02  3.351989665E+02  2.798007689E+02  2.303936062E+02  6.594444630E-01 
       237  2.632960383E-02  1.121198866E-01  1.543269692E-02  9.101606104E+04  2.068855133E+02  3.351641006E+02  2.797425213E+02  2.321774673E+02  5.819292553E-01 
       238  2.959379811E-02  1.126564718E-01  2.044933110E-02  9.018757849E+04  2.227458463E+02  3.346459332E+02  2.788779144E+02  2.377580180E+02  5.176377958E-01 
       239  3.114059063E-02  1.129278581E-01  2.301118304E-02  8.967193806E+04  2.301820222E+02  3.345252005E+02  2.786767341E+02  2.403134600E+02  4.878109010E-01 
       240  3.264987762E-02  1.132456905E-01  2.559358749E-02  8.912544717E+04  2.373040314E+02  3.341043578E+02  2.779763638E+02  2.433317707E+02  4.617873877E-01 
       241  3.807676132E-02  1.146676712E-01  3.621643154E-02  8.788709595E+04  2.619361455E+02  3.333811126E+02  2.767737819E+02  2.521544109E+02  3.690051693E-01 
       242  3.928374460E-02  1.150413043E-01  3.894926042E-02  8.804666901E+04  2.676173601E+02  3.337638285E+02  2.774104128E+02  2.532797275E+02  3.444225283E-01 
       243  4.044503934E-02  1.154301055E-01  4.169676193E-02  8.847996611E+04  2.713362018E+02  3.341543267E+02  2.780597900E+02  2.524585156E+02  3.234338157E-01 
       244  4.154949506E-02  1.158110833E-01  4.446441861E-02  8.912616943E+04  2.746979866E+02  3.345167522E+02  2.786632156E+02  2.511388493E+02  3.023988344E-01 
       245  4.259018966E-02  1.161595968E-01  4.726780086E-02  8.994415022E+04  2.776505917E+02  3.349187950E+02  2.793336121E+02  2.491973608E+02  2.809701253E-01 
       246  4.357921759E-02  1.165132208E-01  5.008364009E-02  9.092918628E+04  2.797223444E+02  3.354339170E+02  2.801934052E+02  2.462686176E+02  2.605980085E-01 
       247  4.448002582E-02  1.168267471E-01  5.293502673E-02  9.208103808E+04  2.817849641E+02  3.359695825E+02  2.810888992E+02  2.432259778E+02  2.395706587E-01 
       248  4.534234860E-02  1.171711221E-01  5.579536500E-02  9.332993164E+04  2.828190880E+02  3.366086178E+02  2.821595383E+02  2.394552040E+02  2.217027377E-01 
       249  4.612355051E-02  1.174912616E-01  5.867935283E-02  9.453819434E+04  2.839608612E+02  3.372519646E+02  2.832392731E+02  2.357320137E+02  2.030031253E-01 
       250  4.681688670E-02  1.178330389E-01  6.158342338E-02  9.569147266E+04  2.848706398E+02  3.378549461E+02  2.842529182E+02  2.325390015E+02  1.880246811E-01 
       251  4.742483443E-02  1.181684938E-01  6.451168194E-02  9.674694434E+04  2.856343346E+02  3.384297104E+02  2.852207718E+02  2.296477070E+02  1.751149148E-01 
       252  4.796175059E-02  1.184973583E-01  6.744925218E-02  9.766450586E+04  2.865220947E+02  3.389873753E+02  2.861610823E+02  2.268082428E+02  1.613907521E-01 
       253  4.839690646E-02  1.188449776E-01  7.040346354E-02  9.839817825E+04  2.877814950E+02  3.393754457E+02  2.868163773E+02  2.248778268E+02  1.488481197E-01 
       254  4.867844520E-02  1.192029192E-01  7.337369276E-02  9.885438741E+04  2.898033352E+02  3.395430467E+02  2.870998527E+02  2.240278915E+02  1.359261634E-01 
       255  4.889804354E-02  1.195863964E-01  7.634446821E-02  9.919565123E+04  2.914356708E+02  3.396483254E+02  2.872780078E+02  2.230736007E+02  1.248357075E-01 
       256  4.901527392E-02  1.199575346E-01  7.936475415E-02  9.933959998E+04  2.941545927E+02  3.396069812E+02  2.872081639E+02  2.231758360E+02  1.111524247E-01 
       257  4.897414798E-02  1.207471392E-01  8.530893469E-02  9.978574414E+04  2.974382668E+02  3.399717712E+02  2.878252754E+02  2.229959335E+02  9.491209313E-02 
       258  4.879835866E-02  1.211503063E-01  8.827262235E-02  1.002021680E+05  2.980169449E+02  3.401203232E+02  2.880770683E+02  2.223814869E+02  9.085116256E-02 
       259  4.854576088E-02  1.215647590E-01  9.126615169E-02  1.002669946E+05  2.991543086E+02  3.399492695E+02  2.877874278E+02  2.220742180E+02  8.460606022E-02 
       260  4.818457029E-02  1.219712360E-01  9.420996830E-02  1.011023947E+05  2.982171992E+02  3.402911735E+02  2.883665983E+02  2.197685456E+02  8.245127233E-02 
       261  4.782320061E-02  1.224212570E-01  9.713670139E-02  1.019967412E+05  2.967229862E+02  3.406701298E+02  2.890103073E+02  2.173134546E+02  8.350568125E-02 
       262  4.734997920E-02  1.228526278E-01  1.001180955E-01  1.031993047E+05  2.945467415E+02  3.413365097E+02  2.901415405E+02  2.140348358E+02  8.501727507E-02 
       263  4.683890011E-02  1.232935874E-01  1.030087938E-01  1.046591383E+05  2.909860962E+02  3.422739207E+02  2.917379954E+02  2.098202324E+02  9.182960452E-02 
       264  4.566507936E-02  1.242316696E-01  1.088390156E-01  1.064137340E+05  2.846802339E+02  3.426809022E+02  2.924315608E+02  2.040243057E+02  1.118108727E-01 
       265  4.352639189E-02  1.257122811E-01  1.174848542E-01  1.076287872E+05  2.602048153E+02  3.466983654E+02  2.993326197E+02  1.653614382E+02  1.344030261E-01 
       266  4.289440586E-02  1.261798267E-01  1.203730247E-01  1.076500135E+05  2.514291573E+02  3.483494541E+02  3.021901497E+02  1.465948718E+02  1.329541052E-01 
       267  4.242365191E-02  1.265975250E-01  1.232861776E-01  1.076802832E+05  2.457322959E+02  3.495219132E+02  3.042239325E+02  1.358883555E+02  1.404301561E-01 
       268  4.208270049E-02  1.270006734E-01  1.262530889E-01  1.076920645E+05  2.443125839E+02  3.496660500E+02  3.044741325E+02  1.358985577E+02  1.541021820E-01 
       269  4.202415066E-02  1.273246053E-01  1.292418903E-01  1.076508260E+05  2.450181625E+02  3.493913405E+02  3.039960558E+02  1.396347943E+02  1.634327431E-01 
       270  4.218523596E-02  1.275849052E-01  1.322314117E-01  1.075096551E+05  2.467823921E+02  3.489516587E+02  3.032315577E+02  1.447550635E+02  1.696609261E-01 
       271  4.252691668E-02  1.278080741E-01  1.352038484E-01  1.073433199E+05  2.492781828E+02  3.485867589E+02  3.025981393E+02  1.504038985E+02  1.726408639E-01 
       272  4.296344289E-02  1.279984053E-01  1.381664338E-01  1.071751493E+05  2.516150274E+02  3.481332183E+02  3.018121693E+02  1.554391850E+02  1.754907510E-01 
       273  4.347514252E-02  1.281630447E-01  1.411197974E-01  1.069043608E+05  2.538524284E+02  3.477098945E+02  3.010785323E+02  1.601029328E+02  1.779752080E-01 
       274  4.403358971E-02  1.283124551E-01  1.440677535E-01  1.066041457E+05  2.559453231E+02  3.474895953E+02  3.006960472E+02  1.640107383E+02  1.792699007E-01 
       275  4.466583781E-02  1.284644007E-01  1.470000034E-01  1.063693472E+05  2.582337227E+02  3.471250570E+02  2.963881832E+02  1.678387009E+02  1.788244959E-01 
       276 -1.390154712E-02  1.725232616E-01 -4.600000033E-02  8.238552615E+04  1.818890663E+02  3.303180671E+02  2.714084062E+02  3.424211000E+02  1.010678661E+00 
       277 -1.389524734E-02  1.726308379E-01 -4.258575940E-02  8.268019067E+04  1.814971162E+02  3.303610496E+02  2.717819117E+02  3.424132282E+02  1.012008594E+00 
       278 -1.388827040E-02  1.727470810E-01 -3.919459871E-02  8.295084206E+04  1.810404792E+02  3.304254203E+02  2.718878450E+02  3.422539287E+02  1.013288883E+00 
       279 -1.387976982E-02  1.728866868E-01 -3.575874102E-02  8.304201373E+04  1.808289819E+02  3.304478705E+02  2.719247960E+02  3.423356555E+02  1.014163740E+00 
       280 -1.386962822E-02  1.730354599E-01 -3.234598001E-02  8.290507415E+04  1.810698968E+02  3.303668823E+02  2.717915342E+02  3.429601604E+02  1.014467893E+00 
       281 -1.385715910E-02  1.732129765E-01 -2.893478341E-02  8.250177475E+04  1.817631157E+02  3.301491885E+02  2.714335013E+02  3.442631470E+02  1.014451682E+00 
       282 -1.381464856E-02  1.733989484E-01 -2.553958976E-02  8.188927222E+04  1.830203359E+02  3.297913925E+02  2.708456413E+02  3.462236636E+02  1.013723294E+00 
       283 -1.334927366E-02  1.736519924E-01 -2.216152427E-02  8.099777565E+04  1.851069151E+02  3.292911410E+02  2.700247581E+02  3.488821506E+02  1.011494495E+00 
       284 -1.220387625E-02  1.739549638E-01 -1.896956374E-02  7.968265332E+04  1.886772079E+02  3.284997768E+02  2.687290726E+02  3.526989918E+02  1.006465815E+00 
       285 -1.057589609E-02  1.742731966E-01 -1.599005111E-02  7.789732428E+04  1.939439958E+02  3.274978421E+02  2.670926745E+02  3.578557722E+02  9.984269038E-01 
       286 -8.586070527E-03  1.745821273E-01 -1.323108332E-02  7.599834361E+04  1.990092255E+02  3.267141813E+02  2.658150081E+02  3.622620152E+02  9.897786156E-01 
       287 -6.371188279E-03  1.748941133E-01 -1.065117603E-02  7.581630895E+04  2.008442874E+02  3.268166782E+02  2.659821263E+02  3.619985398E+02  9.829876692E-01 
       288 -3.959984913E-03  1.752012559E-01 -8.251810021E-03  7.864452654E+04  1.973672096E+02  3.283974264E+02  2.685667720E+02  3.547166211E+02  9.810141942E-01 
       289 -1.474621790E-03  1.754287438E-01 -5.921768022E-03  8.429368792E+04  1.885531583E+02  3.312148101E+02  2.731980797E+02  3.410730235E+02  9.869034414E-01 
       290  1.096342236E-03  1.756586641E-01 -3.684409899E-03  8.939507028E+04  1.802521938E+02  3.336261743E+02  2.771842612E+02  3.291407803E+02  9.958085373E-01 
       291  3.722457199E-03  1.758529720E-01 -1.512169024E-03  9.182842676E+04  1.748592772E+02  3.345095692E+02  2.786512518E+02  3.244130535E+02  1.007175364E+00 
       292  6.390497491E-03  1.759799744E-01  6.206893580E-04  8.904587891E+04  1.759924240E+02  3.332759399E+02  2.766047573E+02  3.317106991E+02  1.014515311E+00 
       293  1.179759467E-02  1.761809281E-01  4.808741428E-03  7.548666016E+04  2.027059250E+02  3.261784897E+02  2.649497757E+02  3.671731796E+02  9.868740290E-01 
       294  1.450804596E-02  1.762121176E-01  6.883706551E-03  7.204795264E+04  2.109937420E+02  3.240067787E+02  2.614298706E+02  3.775495129E+02  9.797193781E-01 
       295  1.722225861E-02  1.762495216E-01  8.953048646E-03  7.063958203E+04  2.148485107E+02  3.230926552E+02  2.599557800E+02  3.816667900E+02  9.752353430E-01 
       296  1.993233776E-02  1.761597577E-01  1.102855473E-02  6.947475488E+04  2.171987782E+02  3.224131241E+02  2.588640289E+02  3.840720215E+02  9.724374264E-01 
       297  2.263244469E-02  1.760920636E-01  1.311525345E-02  6.757373145E+04  2.223291321E+02  3.211065254E+02  2.567720089E+02  3.896156616E+02  9.672090337E-01 
       298  2.532249661E-02  1.759768902E-01  1.521525865E-02  6.570693433E+04  2.301190662E+02  3.195763550E+02  2.543301449E+02  3.963855419E+02  9.559159949E-01 
       299  2.800116021E-02  1.758008440E-01  1.732596334E-02  6.542320679E+04  2.352981997E+02  3.192223282E+02  2.537661924E+02  3.984912081E+02  9.431653433E-01 
       300  3.066011949E-02  1.756198651E-01  1.946182943E-02  6.826346582E+04  2.349459348E+02  3.210590277E+02  2.567083797E+02  3.914506102E+02  9.290006030E-01 
       301  3.850917716E-02  1.748410184E-01  2.602581626E-02  8.758903442E+04  2.340442867E+02  3.342510052E+02  2.782249355E+02  3.336603575E+02  8.229969312E-01 
       302  4.358739934E-02  1.740919978E-01  3.053362568E-02  8.538566553E+04  2.406922674E+02  3.326693525E+02  2.755947905E+02  3.446698465E+02  8.193405904E-01 
       303  4.609287257E-02  1.736863543E-01  3.281922705E-02  8.421879468E+04  2.453090172E+02  3.318759708E+02  2.742806883E+02  3.490523272E+02  8.117313795E-01 
       304  4.855845708E-02  1.731970535E-01  3.512834265E-02  8.424950586E+04  2.484656506E+02  3.319675894E+02  2.744323845E+02  3.487938499E+02  8.005303387E-01 
       305  5.100043215E-02  1.726458906E-01  3.745772352E-02  8.615939722E+04  2.502986717E+02  3.331157575E+02  2.763355918E+02  3.438332682E+02  7.857606392E-01 
       306  5.340036417E-02  1.720848619E-01  3.982071753E-02  9.027425659E+04  2.498310127E+02  3.353120456E+02  2.799966598E+02  3.331243935E+02  7.695358386E-01 
       307  5.576533568E-02  1.714326002E-01  4.220398857E-02  9.555695197E+04  2.472490703E+02  3.380339066E+02  2.845598429E+02  3.188101364E+02  7.555247345E-01 
       308  5.808130114E-02  1.707532671E-01  4.462162642E-02  9.972604156E+04  2.455138189E+02  3.402074025E+02  2.882280549E+02  3.074886500E+02  7.442908379E-01 
       309  6.913202621E-02  1.670049815E-01  5.708998555E-02  1.114691096E+05  2.425323501E+02  3.460843081E+02  2.982700911E+02  2.756317701E+02  7.125329748E-01 
       310  7.325557335E-02  1.653928843E-01  6.228962682E-02  1.149673737E+05  2.409825928E+02  3.475693967E+02  3.008348889E+02  2.655394694E+02  7.070311285E-01 
       311  7.526114685E-02  1.645964451E-01  6.493668120E-02  1.163776699E+05  2.400404148E+02  3.481326466E+02  3.018105640E+02  2.624674377E+02  7.088144794E-01 
       312  8.099008587E-02  1.620989224E-01  7.305121222E-02  1.192041963E+05  2.372842751E+02  3.492714958E+02  3.037873878E+02  2.550113297E+02  7.119460627E-01 
       313  8.281625202E-02  1.612441772E-01  7.580722199E-02  1.194441338E+05  2.365415192E+02  3.493500290E+02  3.039239120E+02  2.543131943E+02  7.149066627E-01 
       314  8.462318717E-02  1.604029889E-01  7.856519154E-02  1.196062815E+05  2.359555340E+02  3.493976002E+02  3.040065823E+02  2.542757077E+02  7.186900415E-01 
       315  8.638808364E-02  1.595156660E-01  8.135371941E-02  1.196522861E+05  2.356811519E+02  3.493632050E+02  3.039466734E+02  2.541554794E+02  7.204685360E-01 
       316  8.818531781E-02  1.586346563E-01  8.418846896E-02  1.196170783E+05  2.359860858E+02  3.491888619E+02  3.036434956E+02  2.536991875E+02  7.172159967E-01 
       317  9.153487112E-02  1.568453452E-01  8.985396979E-02  1.194709165E+05  2.360509305E+02  3.491488290E+02  3.035744281E+02  2.537742701E+02  7.176549509E-01 
       318  9.319079870E-02  1.559467714E-01  9.269883327E-02  1.194081943E+05  2.362764778E+02  3.491649265E+02  3.036025982E+02  2.534590359E+02  7.166415676E-01 
       319  9.639067810E-02  1.541493463E-01  9.845101971E-02  1.194232158E+05  2.372817421E+02  3.490180607E+02  3.033466663E+02  2.535043201E+02  7.137255073E-01 
       320  9.789700787E-02  1.532238030E-01  1.013752208E-01  1.193948134E+05  2.385325527E+02  3.488650532E+02  3.030806370E+02  2.534671490E+02  7.076857500E-01 
       321  9.939560036E-02  1.523575645E-01  1.043121280E-01  1.192984053E+05  2.393582325E+02  3.486874809E+02  3.027720871E+02  2.538901577E+02  7.054080591E-01 
       322  1.008373928E-01  1.515239935E-01  1.072922639E-01  1.190866123E+05  2.400796719E+02  3.484608231E+02  3.023785763E+02  2.548149261E+02  7.040469497E-01 
       323  1.021925752E-01  1.507164957E-01  1.103173974E-01  1.188653459E+05  2.413157892E+02  3.482269697E+02  3.019732480E+02  2.563555517E+02  7.003514860E-01 
       324  1.063175391E-01  1.486079647E-01  1.265700906E-01  1.184222207E+05  2.423074722E+02  3.489676971E+02  3.032627068E+02  2.548589668E+02  6.978074014E-01 
       325  1.064822206E-01  1.487022474E-01  1.299738775E-01  1.185814668E+05  2.380627022E+02  3.502927475E+02  3.055712242E+02  2.442051735E+02  7.072949260E-01 
       326  1.066476119E-01  1.488146338E-01  1.333799290E-01  1.185314980E+05  2.330926437E+02  3.515050850E+02  3.076878014E+02  2.337028732E+02  7.219651341E-01 
       327  1.068180965E-01  1.489318139E-01  1.367854531E-01  1.183344160E+05  2.298964119E+02  3.519977150E+02  3.085487061E+02  2.299071388E+02  7.344123796E-01 
       328  1.069979625E-01  1.490578552E-01  1.401905319E-01  1.181002891E+05  2.303299980E+02  3.514894905E+02  3.076589680E+02  2.342397232E+02  7.356100306E-01 
       329  1.071817424E-01  1.491887345E-01  1.435955648E-01  1.178914077E+05  2.339623833E+02  3.502767944E+02  3.053532238E+02  2.438930492E+02  7.267480753E-01 
       330  1.073851999E-01  1.493347905E-01  1.470000044E-01  1.178327305E+05  2.401528549E+02  3.487971573E+02  3.016344528E+02  2.562174377E+02  7.110196650E-01 
       331 -5.132010553E-03  2.399711247E-01 -4.600000034E-02  8.410185010E+04  1.734606152E+02  3.309066582E+02  2.732480240E+02  4.397393341E+02  1.165275313E+00 
       332 -5.128125210E-03  2.399809281E-01 -4.210430258E-02  8.377142041E+04  1.755771241E+02  3.304439125E+02  2.719193406E+02  4.414954634E+02  1.161839273E+00 
       333 -5.125201508E-03  2.399922328E-01 -3.820870464E-02  8.179175317E+04  1.789220587E+02  3.297398870E+02  2.707630804E+02  4.441460166E+02  1.156320235E+00 
       334 -5.121813889E-03  2.400095995E-01 -3.431329778E-02  8.018315704E+04  1.833612646E+02  3.288173420E+02  2.692492849E+02  4.476621499E+02  1.149024874E+00 
       335 -5.119016059E-03  2.400291916E-01 -3.041776666E-02  7.883325357E+04  1.865022921E+02  3.281454551E+02  2.681495197E+02  4.502409834E+02  1.144029637E+00 
       336 -5.114574788E-03  2.400538233E-01 -2.652182619E-02  7.792437219E+04  1.878244551E+02  3.279639194E+02  2.678525012E+02  4.511944668E+02  1.141780427E+00 
       337 -5.109553763E-03  2.400828758E-01 -2.262552630E-02  7.821411365E+04  1.866164162E+02  3.284128418E+02  2.685893798E+02  4.499428711E+02  1.143466393E+00 
       338 -5.103895973E-03  2.401152952E-01 -1.872899116E-02  8.150791016E+04  1.809892884E+02  3.299611349E+02  2.711315160E+02  4.439413559E+02  1.151193507E+00 
       339 -4.925504783E-03  2.402473149E-01 -7.056915668E-03  8.377553071E+04  1.741830942E+02  3.312611474E+02  2.732717448E+02  4.387570357E+02  1.162862652E+00 
       340 -3.715119829E-03  2.403023013E-01 -3.373311706E-03  8.050070038E+04  1.819892601E+02  3.296329596E+02  2.705885597E+02  4.453632405E+02  1.149953868E+00 
       341 -1.562012846E-03  2.403581740E-01 -1.360753051E-04  7.987101572E+04  1.853105672E+02  3.288778483E+02  2.693478278E+02  4.485745112E+02  1.145141673E+00 
       342  1.133764527E-03  2.404094608E-01  2.675248428E-03  7.994492041E+04  1.847494378E+02  3.289877663E+02  2.695283308E+02  4.480470924E+02  1.146181874E+00 
       343  4.137632423E-03  2.404197044E-01  5.149238455E-03  7.984675014E+04  1.846026536E+02  3.289407448E+02  2.694512127E+02  4.476956997E+02  1.146414642E+00 
       344  7.316400202E-03  2.403253331E-01  7.399564588E-03  7.946820030E+04  1.854750566E+02  3.286364465E+02  2.689524130E+02  4.491253650E+02  1.146192282E+00 
       345  1.395577155E-02  2.400667001E-01  1.148649181E-02  8.669378857E+04  1.716131544E+02  3.318462410E+02  2.742408056E+02  4.376765976E+02  1.169653673E+00 
       346  1.735065466E-02  2.397965962E-01  1.337576268E-02  9.020404590E+04  1.593285294E+02  3.338114967E+02  2.774944420E+02  4.284026680E+02  1.191732898E+00 
       347  2.419161170E-02  2.391929427E-01  1.704637434E-02  7.992622168E+04  1.854348526E+02  3.292416077E+02  2.699489059E+02  4.471003952E+02  1.144644812E+00 
       348  2.761839379E-02  2.387452844E-01  1.884103948E-02  8.025655566E+04  1.874066696E+02  3.291822319E+02  2.698476448E+02  4.472950859E+02  1.139591664E+00 
       349  3.105226563E-02  2.382885234E-01  2.062260888E-02  8.133240771E+04  1.843907261E+02  3.300866642E+02  2.713313932E+02  4.448938789E+02  1.144540422E+00 
       350  3.788868369E-02  2.371344800E-01  2.417075674E-02  8.021821045E+04  1.876251640E+02  3.295039139E+02  2.703745556E+02  4.465490074E+02  1.138823561E+00 
       351  4.468291751E-02  2.357525484E-01  2.771953789E-02  8.024761523E+04  1.897224178E+02  3.291754150E+02  2.698381214E+02  4.458878899E+02  1.135006651E+00 
       352  4.805699300E-02  2.349490393E-01  2.948953136E-02  8.102575842E+04  1.889801030E+02  3.296267824E+02  2.705786967E+02  4.437309675E+02  1.136567725E+00 
       353  5.140582287E-02  2.340778219E-01  3.127771149E-02  8.092339893E+04  1.902830830E+02  3.295845814E+02  2.705081902E+02  4.438766899E+02  1.135319427E+00 
       354  5.473006301E-02  2.331020583E-01  3.305777180E-02  7.978333594E+04  1.933548794E+02  3.288813553E+02  2.693547249E+02  4.458223038E+02  1.131100670E+00 
       355  5.803984836E-02  2.320923676E-01  3.484458617E-02  7.820195996E+04  1.975107422E+02  3.277976151E+02  2.675829544E+02  4.493701019E+02  1.126059160E+00 
       356  6.132921494E-02  2.310454118E-01  3.665150486E-02  7.648073575E+04  2.018415517E+02  3.267234856E+02  2.658317933E+02  4.525013639E+02  1.120397949E+00 
       357  6.777528194E-02  2.285846393E-01  4.027160278E-02  8.443489453E+04  2.153100853E+02  3.320978546E+02  2.746834831E+02  4.310053635E+02  1.066364229E+00 
       358  7.097972553E-02  2.273472007E-01  4.209367684E-02  9.133259961E+04  2.289235535E+02  3.358950653E+02  2.809753304E+02  4.148628922E+02  1.016559139E+00 
       359  7.412444428E-02  2.259565065E-01  4.393674079E-02  9.018347949E+04  2.355779762E+02  3.344945040E+02  2.786352463E+02  4.205107508E+02  1.005586667E+00 
       360  7.725834663E-02  2.245514312E-01  4.577102978E-02  8.573812793E+04  2.370341110E+02  3.325770855E+02  2.754419403E+02  4.297841091E+02  1.010413971E+00 
       361  8.037011026E-02  2.231435234E-01  4.763983740E-02  8.781530859E+04  2.373972740E+02  3.343542442E+02  2.784125099E+02  4.242509117E+02  1.006113172E+00 
       362  8.343109451E-02  2.215945322E-01  4.950276897E-02  1.013692494E+05  2.307585765E+02  3.409304283E+02  2.895012646E+02  3.953074508E+02  1.005465465E+00 
       363  8.646988642E-02  2.201046420E-01  5.141624103E-02  1.228245906E+05  2.189931498E+02  3.488324127E+02  3.030613832E+02  3.566882277E+02  1.022684544E+00 
       364  9.242245520E-02  2.169732682E-01  5.534503106E-02  1.184327048E+05  2.295389299E+02  3.488736935E+02  3.031204348E+02  3.581314163E+02  9.770824313E-01 
       365  9.533631835E-02  2.153857768E-01  5.738443174E-02  1.175913151E+05  2.274938576E+02  3.490013986E+02  3.033486309E+02  3.572025118E+02  9.791486990E-01 
       366  9.819952312E-02  2.138016843E-01  5.949569436E-02  1.185559277E+05  2.265999565E+02  3.500854053E+02  3.052327805E+02  3.521750183E+02  9.765030295E-01 
       367  1.009694591E-01  2.121295788E-01  6.167326851E-02  1.196975830E+05  2.277304120E+02  3.506727924E+02  3.062562551E+02  3.476678572E+02  9.684244338E-01 
       368  1.037116704E-01  2.105064985E-01  6.390540356E-02  1.202946357E+05  2.291941643E+02  3.509179716E+02  3.066870899E+02  3.448280382E+02  9.609983303E-01 
       369  1.064180189E-01  2.088777679E-01  6.618856681E-02  1.207652295E+05  2.304578419E+02  3.510357876E+02  3.068921318E+02  3.423252964E+02  9.546616040E-01 
       370  1.090480686E-01  2.071800512E-01  6.850700508E-02  1.214718105E+05  2.310173283E+02  3.513272076E+02  3.074023285E+02  3.395893478E+02  9.505429082E-01 
       371  1.116790455E-01  2.055210471E-01  7.084353951E-02  1.221997598E+05  2.313389618E+02  3.517726235E+02  3.081829963E+02  3.372102704E+02  9.479790833E-01 
       372  1.142974452E-01  2.038484190E-01  7.319785208E-02  1.226028081E+05  2.303805423E+02  3.519838181E+02  3.085503931E+02  3.360970602E+02  9.493602458E-01 
       373  1.168416696E-01  2.021295301E-01  7.558130371E-02  1.228279224E+05  2.294030037E+02  3.521849880E+02  3.089051800E+02  3.346973305E+02  9.512115456E-01 
       374  1.193277496E-01  2.004108846E-01  7.805168345E-02  1.229629146E+05  2.280456073E+02  3.522998071E+02  3.091087890E+02  3.338203135E+02  9.544159155E-01 
       375  1.217693779E-01  1.987784452E-01  8.060399866E-02  1.229458196E+05  2.267370310E+02  3.522235851E+02  3.089746494E+02  3.335833759E+02  9.577663280E-01 
       376  1.240793489E-01  1.970470446E-01  8.322373237E-02  1.228454146E+05  2.248869896E+02  3.521405029E+02  3.088290310E+02  3.336389513E+02  9.627018273E-01 
       377  1.263696524E-01  1.953872062E-01  8.590193330E-02  1.230219771E+05  2.227390298E+02  3.524309855E+02  3.093329859E+02  3.322358528E+02  9.681687281E-01 
       378  1.285811840E-01  1.937639536E-01  8.866989816E-02  1.231985465E+05  2.208258557E+02  3.515924454E+02  3.078570642E+02  3.362214208E+02  9.735769238E-01 
       379  1.378530526E-01  1.861918564E-01  1.119425893E-01  1.230429912E+05  2.191501646E+02  3.557607384E+02  3.151902819E+02  3.139057550E+02  9.753746018E-01 
       380  1.378280879E-01  1.861358471E-01  1.158380052E-01  1.230009941E+05  2.211496716E+02  3.570650234E+02  3.175045567E+02  3.019799347E+02  9.702785537E-01 
       381  1.378172244E-01  1.861105784E-01  1.197328496E-01  1.224023179E+05  2.252928782E+02  3.572244749E+02  3.177900767E+02  2.998927460E+02  9.572251365E-01 
       382  1.378137064E-01  1.861013403E-01  1.236281983E-01  1.224382305E+05  2.286541352E+02  3.563891172E+02  3.163102500E+02  3.070865419E+02  9.446027232E-01 
       383  1.378232998E-01  1.861207539E-01  1.275238734E-01  1.226377809E+05  2.290545276E+02  3.550592628E+02  3.139566492E+02  3.176450416E+02  9.430200650E-01 
       384  1.378388478E-01  1.861485149E-01  1.314192119E-01  1.228786933E+05  2.267838187E+02  3.538924427E+02  3.118949637E+02  3.255700497E+02  9.506102539E-01 
       385  1.378667705E-01  1.861922064E-01  1.353144338E-01  1.230967447E+05  2.240811102E+02  3.534053047E+02  3.110358683E+02  3.278953855E+02  9.597976073E-01 
       386  1.378917792E-01  1.862393165E-01  1.392095884E-01  1.232405574E+05  2.225878401E+02  3.530272133E+02  3.103677529E+02  3.289948735E+02  9.644084899E-01 
       387  1.379128913E-01  1.862912877E-01  1.431056120E-01  1.233135151E+05  2.218202480E+02  3.529784850E+02  3.101097466E+02  3.276572502E+02  9.662849398E-01 
       388  1.379274402E-01  1.863453723E-01  1.469999959E-01  1.233312024E+05  2.209081101E+02  3.536241059E+02  3.107319188E+02  3.217095485E+02  9.688982069E-01 
       389 -3.389247132E-02  1.007789921E-01 -4.300551245E-02  8.754363135E+04  1.539542503E+02  3.330566158E+02  2.762351418E+02  2.358109150E+02  8.594886735E-01 
       390 -3.372456358E-02  1.010433636E-01 -4.002223516E-02  8.744804263E+04  1.544829205E+02  3.330132193E+02  2.761631011E+02  2.364099988E+02  8.588814233E-01 
       391 -3.329024078E-02  1.014074167E-01 -3.707963811E-02  8.733316949E+04  1.551499019E+02  3.329527061E+02  2.760628329E+02  2.371112134E+02  8.579852958E-01 
       392 -3.255620303E-02  1.018883264E-01 -3.421559131E-02  8.721967477E+04  1.558652895E+02  3.328827338E+02  2.759468386E+02  2.378640262E+02  8.570824893E-01 
       393 -3.153373485E-02  1.024554568E-01 -3.145384174E-02  8.710691782E+04  1.565982597E+02  3.328079916E+02  2.758229533E+02  2.386100419E+02  8.561253534E-01 
       394 -3.028950121E-02  1.031058036E-01 -2.880322264E-02  8.700371996E+04  1.573157938E+02  3.327434883E+02  2.757160178E+02  2.393609708E+02  8.553130722E-01 
       395 -2.888173412E-02  1.037838005E-01 -2.624318977E-02  8.691787463E+04  1.579621765E+02  3.326954490E+02  2.756363900E+02  2.400148017E+02  8.545718494E-01 
       396 -2.733119538E-02  1.044792183E-01 -2.377110822E-02  8.683783478E+04  1.585160435E+02  3.326554133E+02  2.755700821E+02  2.406629535E+02  8.543378938E-01 
       397 -2.568342124E-02  1.052055751E-01 -2.135968630E-02  8.671919286E+04  1.590512674E+02  3.325960378E+02  2.754716754E+02  2.414781779E+02  8.548058895E-01 
       398 -2.397735570E-02  1.059146334E-01 -1.899049647E-02  8.653612082E+04  1.596359294E+02  3.324985228E+02  2.753101938E+02  2.425468234E+02  8.559171825E-01 
       399 -2.220871387E-02  1.066063154E-01 -1.667396516E-02  8.620447647E+04  1.605931019E+02  3.323199083E+02  2.750144742E+02  2.442203588E+02  8.571717006E-01 
       400 -2.041003203E-02  1.073389070E-01 -1.437512078E-02  8.569299466E+04  1.622047918E+02  3.320395243E+02  2.745506831E+02  2.466658639E+02  8.576719391E-01 
       401 -1.856976066E-02  1.079715131E-01 -1.211630566E-02  8.498312051E+04  1.649038883E+02  3.316513353E+02  2.739090729E+02  2.496376584E+02  8.542900238E-01 
       402 -1.670953655E-02  1.086522831E-01 -9.860640570E-03  8.431780716E+04  1.685058876E+02  3.312879951E+02  2.733092781E+02  2.524521377E+02  8.456139125E-01 
       403 -1.482329113E-02  1.093026603E-01 -7.620995183E-03  8.442241618E+04  1.709376566E+02  3.313552350E+02  2.734202935E+02  2.526026167E+02  8.338239245E-01 
       404 -1.292306254E-02  1.099268373E-01 -5.385291055E-03  8.533875220E+04  1.715101695E+02  3.318745937E+02  2.742782316E+02  2.498259163E+02  8.217692189E-01 
       405 -1.101845801E-02  1.105590611E-01 -3.137660868E-03  8.680056824E+04  1.707335188E+02  3.326814466E+02  2.756137018E+02  2.446495885E+02  8.089970576E-01 
       406 -9.120841472E-03  1.111701815E-01 -8.914052251E-04  8.914094016E+04  1.678695874E+02  3.339488142E+02  2.777181008E+02  2.361449209E+02  7.975410486E-01 
       407 -7.240675928E-03  1.117476218E-01  1.353994698E-03  9.292591595E+04  1.637563584E+02  3.358619632E+02  2.809095647E+02  2.223015065E+02  7.790641166E-01 
       408 -5.370549944E-03  1.123083196E-01  3.627204146E-03  9.644173560E+04  1.637758174E+02  3.376481357E+02  2.839045010E+02  2.091869440E+02  7.423224784E-01 
       409 -3.530590186E-03  1.128981262E-01  5.933484609E-03  9.835045244E+04  1.726140948E+02  3.387431379E+02  2.857489926E+02  2.006347215E+02  6.691420473E-01 
       410 -1.726912218E-03  1.134387153E-01  8.259926622E-03  9.796821313E+04  1.855107985E+02  3.384198289E+02  2.852034717E+02  2.046472349E+02  6.060626656E-01 
       411  3.734044288E-05  1.140039107E-01  1.062617763E-02  9.709981616E+04  1.943024449E+02  3.380479946E+02  2.845771160E+02  2.088699088E+02  5.697468966E-01 
       412  1.740848712E-03  1.145879687E-01  1.302702968E-02  9.631806741E+04  2.020234556E+02  3.376363573E+02  2.838843336E+02  2.129890098E+02  5.404143176E-01 
       413  3.387617433E-03  1.151172021E-01  1.547343878E-02  9.585318118E+04  2.085139967E+02  3.374147939E+02  2.835118124E+02  2.157545731E+02  5.144754894E-01 
       414  4.957112811E-03  1.157081541E-01  1.796238578E-02  9.535339905E+04  2.154503658E+02  3.371399045E+02  2.830502553E+02  2.187991927E+02  4.877824252E-01 
       415  6.462677552E-03  1.163151534E-01  2.048609031E-02  9.454934058E+04  2.224319553E+02  3.367186079E+02  2.823432970E+02  2.229152308E+02  4.650063608E-01 
       416  7.926557233E-03  1.168909271E-01  2.304605918E-02  9.385427490E+04  2.283532643E+02  3.363631911E+02  2.817474084E+02  2.267059855E+02  4.473854699E-01 
       417  9.338612782E-03  1.175119790E-01  2.562398907E-02  9.356580542E+04  2.333221103E+02  3.361926454E+02  2.814617326E+02  2.290538249E+02  4.306638031E-01 
       418  1.068984297E-02  1.181121478E-01  2.822455248E-02  9.346566498E+04  2.379550182E+02  3.361288018E+02  2.813547722E+02  2.305723891E+02  4.130048344E-01 
       419  1.198650266E-02  1.187330819E-01  3.085849659E-02  9.341537239E+04  2.424857304E+02  3.360998759E+02  2.813063583E+02  2.318973485E+02  3.954201322E-01 
       420  1.322982934E-02  1.193430432E-01  3.352159396E-02  9.346405714E+04  2.466821824E+02  3.361181849E+02  2.813370674E+02  2.327734591E+02  3.780295501E-01 
       421  1.439865389E-02  1.199672983E-01  3.621509854E-02  9.367182129E+04  2.503229700E+02  3.362294596E+02  2.815233815E+02  2.330597701E+02  3.616372608E-01 
       422  1.553995729E-02  1.205631245E-01  3.892438234E-02  9.411942932E+04  2.534563342E+02  3.364605987E+02  2.819106010E+02  2.324245159E+02  3.446078931E-01 
       423  1.662952250E-02  1.211745408E-01  4.165332372E-02  9.465686700E+04  2.562074654E+02  3.367247053E+02  2.823534240E+02  2.314664648E+02  3.286391979E-01 
       424  1.764894372E-02  1.217373945E-01  4.441857664E-02  9.535881677E+04  2.583252543E+02  3.370794663E+02  2.829488627E+02  2.298948220E+02  3.136904002E-01 
       425  1.861873940E-02  1.222791769E-01  4.720617614E-02  9.634258054E+04  2.599853301E+02  3.375712104E+02  2.837750111E+02  2.271822482E+02  2.971430034E-01 
       426  1.950820179E-02  1.228336643E-01  5.001741530E-02  9.729975269E+04  2.617986799E+02  3.380370499E+02  2.845586934E+02  2.245937135E+02  2.801730090E-01 
       427  2.036944420E-02  1.233245632E-01  5.285072558E-02  9.822619952E+04  2.635289632E+02  3.384999346E+02  2.853386830E+02  2.220414102E+02  2.635289244E-01 
       428  2.117157025E-02  1.238295963E-01  5.569831964E-02  9.920160364E+04  2.651183867E+02  3.389804654E+02  2.861493764E+02  2.193352787E+02  2.472393555E-01 
       429  2.190592593E-02  1.242947792E-01  5.857026217E-02  1.001366431E+05  2.667817421E+02  3.394333782E+02  2.869145489E+02  2.167046671E+02  2.305037780E-01 
       430  2.257248913E-02  1.247551336E-01  6.145961794E-02  1.010117241E+05  2.685448656E+02  3.398558474E+02  2.876291494E+02  2.142901392E+02  2.139835330E-01 
       431  2.314781749E-02  1.251835029E-01  6.437124902E-02  1.017791226E+05  2.705564384E+02  3.402193260E+02  2.882446542E+02  2.122196984E+02  1.968829469E-01 
       432  2.363318974E-02  1.255957621E-01  6.730774801E-02  1.024196962E+05  2.727910292E+02  3.405302098E+02  2.887716265E+02  2.105681438E+02  1.798517925E-01 
       433  2.402789138E-02  1.260195069E-01  7.025072331E-02  1.029256885E+05  2.753200407E+02  3.407803993E+02  2.891960526E+02  2.094854288E+02  1.631185086E-01 
       434  2.431727977E-02  1.264030352E-01  7.321094069E-02  1.032733135E+05  2.781131516E+02  3.409635868E+02  2.895070572E+02  2.089039783E+02  1.463150308E-01 
       435  2.453016930E-02  1.268032789E-01  7.617447467E-02  1.034636926E+05  2.811736684E+02  3.410714846E+02  2.896902804E+02  2.089982133E+02  1.304870478E-01 
       436  2.462079541E-02  1.271795605E-01  7.915094878E-02  1.033707649E+05  2.847194283E+02  3.410460217E+02  2.896469600E+02  2.099865259E+02  1.149203026E-01 
       437  2.463902970E-02  1.275610820E-01  8.212637731E-02  1.029025371E+05  2.888532405E+02  3.408147588E+02  2.892543511E+02  2.124153500E+02  1.015919085E-01 
       438  2.457492051E-02  1.279220853E-01  8.510260082E-02  1.022716679E+05  2.928659902E+02  3.405493048E+02  2.888038603E+02  2.157363036E+02  9.266360240E-02 
       439  2.441429013E-02  1.282749863E-01  8.807550525E-02  1.013799996E+05  2.963643732E+02  3.400914462E+02  2.880277503E+02  2.199781636E+02  9.075636949E-02 
       440  2.420234297E-02  1.286273229E-01  9.105186832E-02  1.004440533E+05  2.971997540E+02  3.396482376E+02  2.872775425E+02  2.238655693E+02  1.037484772E-01 
       441  2.388558350E-02  1.289647853E-01  9.401845916E-02  1.004822376E+05  2.951150662E+02  3.396502658E+02  2.872809886E+02  2.241360081E+02  1.191144652E-01 
       442  2.351928731E-02  1.293134864E-01  9.696958543E-02  1.013847565E+05  2.910505264E+02  3.400756295E+02  2.880010367E+02  2.214941110E+02  1.347465083E-01 
       443  2.306449285E-02  1.296327241E-01  9.991680403E-02  1.025999700E+05  2.870914097E+02  3.406450882E+02  2.889664011E+02  2.174270267E+02  1.440674029E-01 
       444  2.257188759E-02  1.299515661E-01  1.028605699E-01  1.038053008E+05  2.837379799E+02  3.412342396E+02  2.899667797E+02  2.132503357E+02  1.495997226E-01 
       445  2.201092100E-02  1.302726916E-01  1.057899135E-01  1.048137280E+05  2.812890314E+02  3.417491816E+02  2.908425490E+02  2.096151570E+02  1.520624538E-01 
       446  2.143382683E-02  1.305960230E-01  1.087107054E-01  1.055809666E+05  2.796459328E+02  3.421767212E+02  2.915706689E+02  2.065893779E+02  1.522107833E-01 
       447  2.076802587E-02  1.309307408E-01  1.116221513E-01  1.061982383E+05  2.787925396E+02  3.425713139E+02  2.922435551E+02  2.042656298E+02  1.502514705E-01 
       448  2.010215597E-02  1.312657467E-01  1.145293522E-01  1.067022148E+05  2.784350739E+02  3.429314785E+02  2.928583727E+02  2.026260715E+02  1.479321625E-01 
       449  1.945135245E-02  1.316056955E-01  1.174374795E-01  1.070350365E+05  2.783339295E+02  3.432079682E+02  2.933307452E+02  2.016092763E+02  1.465561423E-01 
       450  1.885387307E-02  1.319548677E-01  1.203553293E-01  1.072029698E+05  2.782840793E+02  3.433648901E+02  2.935990312E+02  2.011416327E+02  1.470760482E-01 
       451  1.837479322E-02  1.322913677E-01  1.233018373E-01  1.073027202E+05  2.782619915E+02  3.434396496E+02  2.937269287E+02  2.012257552E+02  1.496007061E-01 
       452  1.811263581E-02  1.325954541E-01  1.262715907E-01  1.073538936E+05  2.783039532E+02  3.434720182E+02  2.937822981E+02  2.017341385E+02  1.532326634E-01 
       453  1.805653049E-02  1.328847135E-01  1.292554963E-01  1.073606211E+05  2.784202232E+02  3.434770827E+02  2.937909765E+02  2.025198722E+02  1.575740569E-01 
       454  1.819877737E-02  1.331672438E-01  1.322380588E-01  1.073056392E+05  2.786353968E+02  3.434442011E+02  2.937347409E+02  2.034996444E+02  1.620646396E-01 
       455  1.852494771E-02  1.334510277E-01  1.352129826E-01  1.072058360E+05  2.789050952E+02  3.433887683E+02  2.936398808E+02  2.046014445E+02  1.668644047E-01 
       456  1.890761882E-02  1.337081709E-01  1.381756048E-01  1.070648741E+05  2.793083262E+02  3.432978339E+02  2.934844812E+02  2.058023614E+02  1.710238279E-01 
       457  1.937808835E-02  1.339540030E-01  1.411279949E-01  1.068887728E+05  2.798398719E+02  3.431950362E+02  2.933086519E+02  2.072015717E+02  1.750909048E-01 
       458  1.989552602E-02  1.341916383E-01  1.440726902E-01  1.066761115E+05  2.804303370E+02  3.430851368E+02  2.931208704E+02  2.086554449E+02  1.789765851E-01 
       459  2.048114376E-02  1.344526817E-01  1.469999956E-01  1.063235894E+05  2.813829355E+02  3.428850670E+02  2.927767334E+02  2.105028410E+02  1.817370942E-01 
       460 -4.772920012E-02  1.664853148E-01 -4.258181757E-02  8.253101181E+04  1.813571718E+02  3.302772260E+02  2.716440420E+02  3.429130918E+02  1.013395254E+00 
       461 -4.770031945E-02  1.666117663E-01 -3.916302660E-02  8.229983942E+04  1.818727944E+02  3.301405287E+02  2.714192481E+02  3.437105341E+02  1.013075663E+00 
       462 -4.768621633E-02  1.667606858E-01 -3.574527808E-02  8.186675354E+04  1.830212443E+02  3.298791308E+02  2.709896150E+02  3.451436090E+02  1.011756796E+00 
       463 -4.773671611E-02  1.669008759E-01 -3.232563070E-02  8.126904980E+04  1.845883555E+02  3.295313654E+02  2.704186220E+02  3.469790630E+02  1.009773362E+00 
       464 -4.779814392E-02  1.670685917E-01 -2.890641835E-02  8.056121436E+04  1.866516752E+02  3.291080265E+02  2.697243233E+02  3.493093958E+02  1.007050462E+00 
       465 -4.772832030E-02  1.672854950E-01 -2.549705171E-02  7.979438330E+04  1.890210955E+02  3.286554503E+02  2.689830313E+02  3.516344509E+02  1.003319843E+00 
       466 -4.733274936E-02  1.676197526E-01 -2.211766833E-02  7.918856531E+04  1.915763633E+02  3.283191352E+02  2.684327340E+02  3.537783370E+02  9.986537304E-01 
       467 -4.646629434E-02  1.680852894E-01 -1.884685997E-02  7.941951099E+04  1.930835307E+02  3.285026428E+02  2.687332724E+02  3.533846385E+02  9.927750467E-01 
       468 -4.497458874E-02  1.687177674E-01 -1.583913045E-02  8.187410376E+04  1.900749116E+02  3.299331713E+02  2.710812788E+02  3.468522835E+02  9.910624456E-01 
       469 -4.311049959E-02  1.694263862E-01 -1.306511329E-02  8.539232422E+04  1.839147530E+02  3.318674650E+02  2.742683454E+02  3.373547535E+02  9.956398085E-01 
       470 -4.101650432E-02  1.701661907E-01 -1.047820325E-02  8.765322754E+04  1.787033653E+02  3.330301037E+02  2.761913319E+02  3.310256004E+02  1.003126733E+00 
       471 -3.872443978E-02  1.709287414E-01 -8.043812788E-03  8.739276184E+04  1.770695183E+02  3.328569145E+02  2.759045115E+02  3.323240509E+02  1.010866886E+00 
       472 -3.634257562E-02  1.716543837E-01 -5.706210795E-03  8.542896436E+04  1.792246332E+02  3.317283916E+02  2.740375443E+02  3.381963177E+02  1.013113089E+00 
       473 -3.384972842E-02  1.724025179E-01 -3.469956820E-03  8.163624652E+04  1.859546001E+02  3.296353309E+02  2.705927198E+02  3.491408105E+02  1.009408871E+00 
       474 -3.133060076E-02  1.731099844E-01 -1.271304633E-03  7.662386823E+04  1.974765117E+02  3.268232908E+02  2.659953094E+02  3.629955676E+02  9.963861248E-01 
       475 -2.873453975E-02  1.737912906E-01  8.535856133E-04  7.257250073E+04  2.087646999E+02  3.243637915E+02  2.620057774E+02  3.748725958E+02  9.820917062E-01 
       476 -2.611690126E-02  1.744247281E-01  2.958268427E-03  7.102903577E+04  2.129261370E+02  3.233952236E+02  2.604419703E+02  3.790216975E+02  9.766053129E-01 
       477 -2.348835128E-02  1.750433393E-01  5.058280838E-03  7.046776465E+04  2.144024556E+02  3.230164429E+02  2.598323406E+02  3.803896909E+02  9.744821195E-01 
       478 -2.083113736E-02  1.756162102E-01  7.133742148E-03  6.955050806E+04  2.182798991E+02  3.223549042E+02  2.587691307E+02  3.834408426E+02  9.678988717E-01 
       479 -1.816607045E-02  1.761555279E-01  9.209141426E-03  6.934063818E+04  2.223056574E+02  3.221569748E+02  2.584521942E+02  3.846249142E+02  9.567864463E-01 
       480 -1.549262448E-02  1.766467189E-01  1.128626304E-02  7.239755615E+04  2.222988987E+02  3.240916042E+02  2.615732327E+02  3.768996267E+02  9.405985028E-01 
       481 -1.281959455E-02  1.771087169E-01  1.337222607E-02  8.367920050E+04  2.123119791E+02  3.309438696E+02  2.727633018E+02  3.458072433E+02  9.162821816E-01 
       482 -1.015361520E-02  1.775059034E-01  1.547159933E-02  9.902397074E+04  2.054856857E+02  3.389188612E+02  2.860498037E+02  3.051390195E+02  8.786241193E-01 
       483 -7.491200012E-03  1.778633735E-01  1.757589553E-02  9.717106763E+04  2.189470272E+02  3.382292681E+02  2.848863659E+02  3.093335123E+02  8.368147481E-01 
       484 -4.837064878E-03  1.782590199E-01  1.971143984E-02  8.948332861E+04  2.297120438E+02  3.341425209E+02  2.780412912E+02  3.323270941E+02  8.339945413E-01 
       485 -2.188499166E-03  1.785530451E-01  2.185094162E-02  8.815777249E+04  2.311217206E+02  3.334491165E+02  2.768876220E+02  3.354792619E+02  8.349047715E-01 
       486  4.329096806E-04  1.787998193E-01  2.404680664E-02  8.873905371E+04  2.349865685E+02  3.337927990E+02  2.774580421E+02  3.345211926E+02  8.204991147E-01 
       487  3.027224691E-03  1.790317150E-01  2.627094405E-02  8.858648877E+04  2.375726593E+02  3.338244436E+02  2.775103772E+02  3.353286769E+02  8.133099615E-01 
       488  5.626976121E-03  1.792222402E-01  2.847807669E-02  8.951073950E+04  2.387159436E+02  3.343590074E+02  2.784006128E+02  3.332436323E+02  8.063270925E-01 
       489  8.191038637E-03  1.793338257E-01  3.074695743E-02  9.207303162E+04  2.384154522E+02  3.357066014E+02  2.806513665E+02  3.263874459E+02  7.967177443E-01 
       490  1.074058355E-02  1.794129340E-01  3.303046409E-02  9.590096631E+04  2.365704588E+02  3.375993574E+02  2.838263840E+02  3.161289389E+02  7.876975670E-01 
       491  1.325979491E-02  1.793970135E-01  3.532576038E-02  9.994934460E+04  2.341985450E+02  3.394716897E+02  2.869825451E+02  3.054967506E+02  7.807275886E-01 
       492  1.577166567E-02  1.793535417E-01  3.765132951E-02  1.031703951E+05  2.325718961E+02  3.409632034E+02  2.895084763E+02  2.972235589E+02  7.752729766E-01 
       493  1.825553626E-02  1.792503646E-01  4.000403552E-02  1.054727123E+05  2.320460401E+02  3.420949445E+02  2.914327927E+02  2.912279358E+02  7.694563624E-01 
       494  2.071273564E-02  1.790845686E-01  4.238164633E-02  1.074894042E+05  2.318349429E+02  3.430930939E+02  2.931355598E+02  2.857859311E+02  7.635223039E-01 
       495  2.315348782E-02  1.789033294E-01  4.476881837E-02  1.095229546E+05  2.313748784E+02  3.440303164E+02  2.947392054E+02  2.802833123E+02  7.588394107E-01 
       496  2.554611962E-02  1.786610662E-01  4.720294885E-02  1.114075742E+05  2.308350115E+02  3.448493729E+02  2.961441927E+02  2.750701618E+02  7.550813407E-01 
       497  2.790553153E-02  1.783591187E-01  4.966367300E-02  1.130845134E+05  2.304508305E+02  3.455631218E+02  2.973711739E+02  2.702958832E+02  7.514123060E-01 
       498  3.023553076E-02  1.780531658E-01  5.215009418E-02  1.145798398E+05  2.302853112E+02  3.461912475E+02  2.984530241E+02  2.661701047E+02  7.479064874E-01 
       499  3.255140683E-02  1.777481834E-01  5.464573084E-02  1.158944062E+05  2.301344733E+02  3.467574792E+02  2.994300199E+02  2.627558420E+02  7.453882145E-01 
       500  3.480321611E-02  1.773622653E-01  5.719033452E-02  1.169802844E+05  2.302394084E+02  3.472179527E+02  3.002257206E+02  2.599233592E+02  7.423586170E-01 
       501  3.704366447E-02  1.769956776E-01  5.978074099E-02  1.178656853E+05  2.303749890E+02  3.475926909E+02  3.008739820E+02  2.576761875E+02  7.400383917E-01 
       502  3.923116288E-02  1.766153691E-01  6.237867612E-02  1.185684034E+05  2.305715632E+02  3.478888259E+02  3.013868365E+02  2.558084364E+02  7.378542693E-01 
       503  4.136429871E-02  1.761773997E-01  6.501205622E-02  1.190473824E+05  2.310243751E+02  3.480760702E+02  3.017112542E+02  2.546482668E+02  7.351680784E-01 
       504  4.348069858E-02  1.757484529E-01  6.766046190E-02  1.193220146E+05  2.314050741E+02  3.481985588E+02  3.019235563E+02  2.539321380E+02  7.333393712E-01 
       505  4.554226392E-02  1.753162813E-01  7.034950997E-02  1.194585195E+05  2.319194136E+02  3.482544146E+02  3.020204077E+02  2.537343111E+02  7.314392403E-01 
       506  4.756665315E-02  1.748560179E-01  7.306168772E-02  1.194593508E+05  2.324337157E+02  3.482603345E+02  3.020306623E+02  2.539257404E+02  7.298229281E-01 
       507  4.956604909E-02  1.743615796E-01  7.580968578E-02  1.193152708E+05  2.329459620E+02  3.481922281E+02  3.019125806E+02  2.543764609E+02  7.284269724E-01 
       508  5.152654947E-02  1.738670862E-01  7.855886540E-02  1.190480714E+05  2.331848173E+02  3.480773832E+02  3.017133772E+02  2.554172905E+02  7.287333279E-01 
       509  5.347325952E-02  1.733659220E-01  8.131742073E-02  1.189691442E+05  2.328714078E+02  3.480386618E+02  3.016462703E+02  2.557556873E+02  7.307242027E-01 
       510  5.541917190E-02  1.728212690E-01  8.412523757E-02  1.197361654E+05  2.327146082E+02  3.483292233E+02  3.021501694E+02  2.544711094E+02  7.304233722E-01 
       511  5.731737707E-02  1.722438844E-01  8.698058411E-02  1.204134171E+05  2.329709229E+02  3.485826992E+02  3.025901047E+02  2.528042288E+02  7.280374041E-01 
       512  5.917186437E-02  1.716911252E-01  8.979478553E-02  1.204804432E+05  2.335388624E+02  3.486118096E+02  3.026408125E+02  2.524092421E+02  7.256573363E-01 
       513  6.096387184E-02  1.711643945E-01  9.255110888E-02  1.205275798E+05  2.347849451E+02  3.486216452E+02  3.026578879E+02  2.522376113E+02  7.207214541E-01 
       514  6.270700241E-02  1.705757992E-01  9.544380808E-02  1.204901145E+05  2.364605279E+02  3.486061397E+02  3.026310134E+02  2.524369979E+02  7.141584177E-01 
       515  6.442263795E-02  1.699823167E-01  9.834544530E-02  1.202325294E+05  2.379109851E+02  3.484948498E+02  3.024376921E+02  2.531829945E+02  7.091041894E-01 
       516  6.612271722E-02  1.694054111E-01  1.012510921E-01  1.198354309E+05  2.387234535E+02  3.483313744E+02  3.021539178E+02  2.540811522E+02  7.070167535E-01 
       517  6.776083839E-02  1.688452726E-01  1.042003507E-01  1.193908179E+05  2.390576286E+02  3.481671516E+02  3.018690745E+02  2.548277981E+02  7.067639963E-01 
       518  6.936215302E-02  1.682812898E-01  1.071729988E-01  1.191207383E+05  2.394949604E+02  3.480847574E+02  3.017262453E+02  2.556139823E+02  7.060588934E-01 
       519  7.082677073E-02  1.677321085E-01  1.102128146E-01  1.189979611E+05  2.401211715E+02  3.480878136E+02  3.017314939E+02  2.563961315E+02  7.044472308E-01 
       520  7.220712168E-02  1.672497044E-01  1.133584680E-01  1.188643266E+05  2.407349238E+02  3.481301476E+02  3.018049664E+02  2.571117769E+02  7.030182070E-01 
       521  7.342602904E-02  1.668557431E-01  1.165154693E-01  1.187089282E+05  2.412287838E+02  3.482203772E+02  3.019614868E+02  2.575848353E+02  7.019285318E-01 
       522  7.439926912E-02  1.665467988E-01  1.197652411E-01  1.185976268E+05  2.416067362E+02  3.483560514E+02  3.021968517E+02  2.577045794E+02  7.009009374E-01 
       523  7.498839543E-02  1.664581038E-01  1.231239650E-01  1.185392002E+05  2.419454937E+02  3.484893284E+02  3.024280090E+02  2.577644234E+02  7.002267838E-01 
       524  7.530423640E-02  1.665023734E-01  1.265249777E-01  1.184728215E+05  2.423439813E+02  3.485305681E+02  3.024995747E+02  2.579047489E+02  6.994199511E-01 
       525  7.543612494E-02  1.666233331E-01  1.299370256E-01  1.183978125E+05  2.430841408E+02  3.484395695E+02  3.023416595E+02  2.587173042E+02  6.979243755E-01 
       526  7.553122174E-02  1.667952118E-01  1.333496155E-01  1.182966575E+05  2.441900959E+02  3.482858400E+02  3.020749774E+02  2.602228546E+02  6.958623212E-01 
       527  7.566054780E-02  1.669469890E-01  1.367626796E-01  1.181727075E+05  2.447941585E+02  3.482693148E+02  3.020464630E+02  2.603298774E+02  6.944074258E-01 
       528  7.583993244E-02  1.671002891E-01  1.401745263E-01  1.180164613E+05  2.441204362E+02  3.485660841E+02  3.025625006E+02  2.577307165E+02  6.955951974E-01 
       529  7.600645069E-02  1.672586086E-01  1.435869327E-01  1.179246091E+05  2.416756079E+02  3.493106561E+02  3.038582785E+02  2.523270655E+02  7.016747384E-01 
       530  7.611546960E-02  1.674572299E-01  1.470000031E-01  1.179628788E+05  2.375594578E+02  3.502761779E+02  3.056126547E+02  2.453986385E+02  7.137483428E-01 
       531 -5.220359409E-02  2.342994603E-01 -4.210986580E-02  8.160638190E+04  1.838529401E+02  3.296708989E+02  2.707151622E+02  4.446762221E+02  1.144554507E+00 
       532 -5.220192467E-02  2.343108577E-01 -3.821952920E-02  8.099444281E+04  1.855495540E+02  3.294626960E+02  2.703059781E+02  4.456012971E+02  1.141321593E+00 
       533 -5.220302368E-02  2.343278434E-01 -3.432921672E-02  8.152380389E+04  1.855772159E+02  3.296816019E+02  2.706657432E+02  4.445973591E+02  1.140246453E+00 
       534 -5.220531674E-02  2.343446645E-01 -3.043898101E-02  8.330845831E+04  1.810838645E+02  3.307569590E+02  2.724373297E+02  4.409389773E+02  1.147778383E+00 
       535 -5.220735409E-02  2.343651870E-01 -2.654892396E-02  8.514095996E+04  1.757771320E+02  3.318724155E+02  2.742763062E+02  4.367867966E+02  1.156886637E+00 
       536 -5.221355576E-02  2.343966826E-01 -2.266385481E-02  8.573252908E+04  1.736077412E+02  3.320639436E+02  2.745913846E+02  4.347231385E+02  1.160285868E+00 
       537 -5.221196162E-02  2.344309954E-01 -1.877454498E-02  8.480735009E+04  1.745587154E+02  3.314353929E+02  2.735542263E+02  4.366526546E+02  1.159780297E+00 
       538 -5.222596507E-02  2.344687402E-01 -1.488167101E-02  8.304267612E+04  1.786598178E+02  3.304332021E+02  2.719024331E+02  4.413945491E+02  1.154216148E+00 
       539 -5.222923531E-02  2.345160018E-01 -1.099302079E-02  8.129383185E+04  1.829941939E+02  3.296761186E+02  2.706570880E+02  4.458048298E+02  1.148065984E+00 
       540 -5.210275326E-02  2.345957540E-01 -7.104134264E-03  8.016860431E+04  1.861873080E+02  3.291982534E+02  2.698727530E+02  4.484118204E+02  1.142966442E+00 
       541 -5.114101036E-02  2.348545508E-01 -3.375994418E-03  8.011214697E+04  1.862890426E+02  3.290925993E+02  2.696993890E+02  4.477061687E+02  1.142119718E+00 
       542 -4.917766965E-02  2.353023755E-01 -5.047413344E-05  8.037240088E+04  1.856244702E+02  3.291851902E+02  2.698510904E+02  4.474780111E+02  1.143775929E+00 
       543 -4.661414278E-02  2.358651253E-01  2.823323178E-03  8.153261121E+04  1.835361388E+02  3.298161273E+02  2.708872962E+02  4.447760201E+02  1.146340663E+00 
       544 -4.374488282E-02  2.364440537E-01  5.350106892E-03  8.500818500E+04  1.758691916E+02  3.317306123E+02  2.740430112E+02  4.368818026E+02  1.157686912E+00 
       545 -4.059796688E-02  2.370222596E-01  7.583171126E-03  8.878637286E+04  1.654675192E+02  3.337113106E+02  2.773237286E+02  4.287822535E+02  1.175852021E+00 
       546 -3.738701819E-02  2.375676250E-01  9.702642239E-03  8.710261670E+04  1.695895315E+02  3.327899125E+02  2.757970140E+02  4.329372606E+02  1.169217255E+00 
       547 -3.407522408E-02  2.380263225E-01  1.169481074E-02  8.217681531E+04  1.836064632E+02  3.301836867E+02  2.714934769E+02  4.439456286E+02  1.144970967E+00 
       548 -3.073065008E-02  2.384984497E-01  1.361793802E-02  8.067524554E+04  1.878861877E+02  3.293901157E+02  2.701871661E+02  4.468135586E+02  1.137231325E+00 
       549 -2.732884007E-02  2.388770261E-01  1.546643341E-02  8.155881360E+04  1.846502082E+02  3.300787416E+02  2.713182802E+02  4.445974674E+02  1.143002290E+00 
       550 -2.390908864E-02  2.392176502E-01  1.728468609E-02  8.134605356E+04  1.851980817E+02  3.300176510E+02  2.712178688E+02  4.449682102E+02  1.142249923E+00 
       551 -2.044822495E-02  2.394794424E-01  1.908927170E-02  8.061914011E+04  1.881039765E+02  3.294186511E+02  2.702345952E+02  4.466664770E+02  1.137253761E+00 
       552 -1.699643969E-02  2.397114515E-01  2.086461287E-02  8.070986438E+04  1.882905757E+02  3.293246379E+02  2.700816021E+02  4.465450773E+02  1.137514258E+00 
       553 -1.354033893E-02  2.398615604E-01  2.263394957E-02  8.123809912E+04  1.865785465E+02  3.296379337E+02  2.705960941E+02  4.449115887E+02  1.141237326E+00 
       554 -1.007792796E-02  2.399171479E-01  2.439846914E-02  8.147054272E+04  1.861156974E+02  3.298089933E+02  2.708760054E+02  4.438686948E+02  1.142696884E+00 
       555 -6.592279415E-03  2.399646350E-01  2.619220728E-02  8.071461108E+04  1.870618200E+02  3.294309740E+02  2.702559552E+02  4.456715765E+02  1.143331021E+00 
       556 -3.124907716E-03  2.398994093E-01  2.794309000E-02  7.909582275E+04  1.908547125E+02  3.283338661E+02  2.684585152E+02  4.487608509E+02  1.139177598E+00 
       557  3.338943067E-04  2.398017910E-01  2.968583889E-02  1.016414801E+05  2.097160184E+02  3.401049434E+02  2.880636281E+02  4.022401582E+02  1.049390961E+00 
       558  3.794068913E-03  2.396169640E-01  3.144821874E-02  9.918451099E+04  2.112256203E+02  3.394335589E+02  2.869198627E+02  4.060140066E+02  1.049703181E+00 
       559  7.248441593E-03  2.393064044E-01  3.320284907E-02  9.513107910E+04  2.106823950E+02  3.376152725E+02  2.838514109E+02  4.135903320E+02  1.057989314E+00 
       560  1.068879679E-02  2.389885178E-01  3.498866898E-02  9.233365186E+04  2.125243325E+02  3.360592785E+02  2.812404356E+02  4.189786806E+02  1.057190094E+00 
       561  1.412543948E-02  2.386075767E-01  3.676435012E-02  8.921951099E+04  2.141580443E+02  3.345574303E+02  2.787313366E+02  4.246817694E+02  1.057294559E+00 
       562  1.753589177E-02  2.380598424E-01  3.855175648E-02  8.780457178E+04  2.161748943E+02  3.340744362E+02  2.779270973E+02  4.269216957E+02  1.054084264E+00 
       563  2.093820079E-02  2.375000001E-01  4.035454522E-02  9.127836230E+04  2.144272203E+02  3.363211260E+02  2.816905069E+02  4.201753330E+02  1.053153396E+00 
       564  2.432947450E-02  2.368878370E-01  4.215773147E-02  1.052509431E+05  2.065158479E+02  3.432759501E+02  2.934885884E+02  3.888137878E+02  1.055630927E+00 
       565  2.770729830E-02  2.361795572E-01  4.394886350E-02  1.249227266E+05  1.982058287E+02  3.509606318E+02  3.067512555E+02  3.467045331E+02  1.064864326E+00 
       566  3.105826597E-02  2.354459967E-01  4.578622705E-02  1.278400430E+05  1.953034115E+02  3.521227727E+02  3.087701106E+02  3.406339083E+02  1.070196724E+00 
       567  3.438758923E-02  2.346372217E-01  4.762879820E-02  1.209730919E+05  1.980540734E+02  3.501283791E+02  3.052809752E+02  3.547754410E+02  1.059820707E+00 
       568  3.771502906E-02  2.337669833E-01  4.947240569E-02  1.193578337E+05  2.018681765E+02  3.498556857E+02  3.048047764E+02  3.577937644E+02  1.048081724E+00 
       569  4.101460083E-02  2.329246351E-01  5.135281935E-02  1.215415330E+05  2.022116525E+02  3.507181926E+02  3.063093715E+02  3.529288721E+02  1.045763002E+00 
       570  4.428347740E-02  2.319960665E-01  5.324515281E-02  1.229781986E+05  2.027072228E+02  3.509866028E+02  3.067779853E+02  3.487702088E+02  1.043137082E+00 
       571  4.749748393E-02  2.310181580E-01  5.520824782E-02  1.231238071E+05  2.041079149E+02  3.507935362E+02  3.064404850E+02  3.472898579E+02  1.038063934E+00 
       572  5.066691057E-02  2.300652086E-01  5.723980181E-02  1.236463569E+05  2.060246795E+02  3.508777946E+02  3.065877297E+02  3.455995603E+02  1.031843509E+00 
       573  5.379140778E-02  2.290521307E-01  5.932353399E-02  1.244320173E+05  2.086934009E+02  3.511844530E+02  3.071239583E+02  3.433930818E+02  1.023086957E+00 
       574  5.683956615E-02  2.279793322E-01  6.149869556E-02  1.249259141E+05  2.119344664E+02  3.513765125E+02  3.074600153E+02  3.424699955E+02  1.012602404E+00 
       575  5.985072913E-02  2.269370111E-01  6.373374277E-02  1.249226914E+05  2.156007414E+02  3.513134823E+02  3.073497238E+02  3.421427097E+02  1.000948824E+00 
       576  6.280959972E-02  2.258492183E-01  6.601505396E-02  1.244976537E+05  2.187973355E+02  3.511455784E+02  3.070559714E+02  3.425112124E+02  9.906993918E-01 
       577  6.573461678E-02  2.247295145E-01  6.832363097E-02  1.239493387E+05  2.222901077E+02  3.508934579E+02  3.066151180E+02  3.427368927E+02  9.793033469E-01 
       578  6.865501872E-02  2.236625994E-01  7.064894084E-02  1.232472784E+05  2.250076023E+02  3.506581845E+02  3.062040003E+02  3.439077287E+02  9.706547891E-01 
       579  7.151541969E-02  2.224865137E-01  7.302188293E-02  1.218016545E+05  2.273821254E+02  3.500733881E+02  3.051836400E+02  3.457712092E+02  9.629993998E-01 
       580  7.433322259E-02  2.213060150E-01  7.543149031E-02  1.208752039E+05  2.265660324E+02  3.498889256E+02  3.048622432E+02  3.469859552E+02  9.649610333E-01 
       581  7.711325138E-02  2.201536844E-01  7.789825066E-02  1.236948103E+05  2.288350244E+02  3.511066297E+02  3.069880128E+02  3.399489034E+02  9.553017694E-01 
       582  7.981655167E-02  2.189959972E-01  8.044372180E-02  1.243578955E+05  2.318244681E+02  3.516319509E+02  3.079080625E+02  3.371244984E+02  9.440108016E-01 
       583  8.242371870E-02  2.177951216E-01  8.306797326E-02  1.238847075E+05  2.335397587E+02  3.516611271E+02  3.079603043E+02  3.362945251E+02  9.370025322E-01 
       584  8.497819178E-02  2.166305248E-01  8.576177505E-02  1.233580336E+05  2.341289601E+02  3.517114052E+02  3.080498276E+02  3.358374543E+02  9.338842474E-01 
       585  8.747465708E-02  2.155008942E-01  8.852176985E-02  1.230116179E+05  2.339416742E+02  3.518268661E+02  3.082538891E+02  3.351178536E+02  9.333592430E-01 
       586  8.983863293E-02  2.143275504E-01  9.137087988E-02  1.227740193E+05  2.326438773E+02  3.519135065E+02  3.084072838E+02  3.345406084E+02  9.361872505E-01 
       587  9.211779941E-02  2.131724912E-01  9.430579148E-02  1.226560585E+05  2.305773138E+02  3.519625550E+02  3.084941399E+02  3.346653398E+02  9.416475725E-01 
       588  9.424446159E-02  2.121023496E-01  9.738772987E-02  1.227478191E+05  2.283593808E+02  3.519632394E+02  3.084953989E+02  3.353226776E+02  9.479746778E-01 
       589  9.610967173E-02  2.111612431E-01  1.006666829E-01  1.228706976E+05  2.258797180E+02  3.518462298E+02  3.082896812E+02  3.357407651E+02  9.550781399E-01 
       590  9.742401869E-02  2.103903297E-01  1.042235364E-01  1.229736232E+05  2.230935224E+02  3.515243099E+02  3.077244278E+02  3.364674984E+02  9.631570267E-01 
       591  9.764724840E-02  2.101688920E-01  1.080985861E-01  1.230304646E+05  2.211207287E+02  3.509676280E+02  3.067489214E+02  3.375427198E+02  9.690830950E-01 
       592  9.763062643E-02  2.101108570E-01  1.119846410E-01  1.229631129E+05  2.207182971E+02  3.506176452E+02  3.061360039E+02  3.382647011E+02  9.704730913E-01 
       593  9.759894170E-02  2.100363093E-01  1.158782398E-01  1.228199197E+05  2.216355540E+02  3.511742558E+02  3.071100600E+02  3.349483666E+02  9.668827732E-01 
       594  9.760335841E-02  2.100041055E-01  1.197683889E-01  1.226954754E+05  2.226818420E+02  3.525905393E+02  3.095949678E+02  3.268243504E+02  9.624159022E-01 
       595  9.760552297E-02  2.099886023E-01  1.236588659E-01  1.226960308E+05  2.236691927E+02  3.543564460E+02  3.127038300E+02  3.166180208E+02  9.588254835E-01 
       596  9.760989540E-02  2.100145164E-01  1.275491461E-01  1.227974238E+05  2.245788593E+02  3.556628611E+02  3.150122947E+02  3.096146957E+02  9.564620850E-01 
       597  9.760550437E-02  2.100148949E-01  1.314412195E-01  1.229139741E+05  2.252041807E+02  3.561348753E+02  3.158499889E+02  3.079981146E+02  9.547649138E-01 
       598  9.762031038E-02  2.101034915E-01  1.353312483E-01  1.230314384E+05  2.254810991E+02  3.559313831E+02  3.154941055E+02  3.108839004E+02  9.541594156E-01 
       599  9.762506170E-02  2.101609083E-01  1.392228176E-01  1.231451778E+05  2.250355196E+02  3.553733557E+02  3.145083223E+02  3.162574067E+02  9.556264896E-01 
       600  9.764671237E-02  2.102092269E-01  1.431110049E-01  1.232532590E+05  2.238829308E+02  3.546496017E+02  3.132291856E+02  3.212422509E+02  9.595733900E-01 
       601  9.766256924E-02  2.102587391E-01  1.469999989E-01  1.233001353E+05  2.223656259E+02  3.541647997E+02  3.120918474E+02  3.242584686E+02  9.646843709E-01 
