nodenumber     x-coordinate     y-coordinate     z-coordinate         pressure velocity-magnitude      sound-speed      temperature rel-velocity-magnitude relative-velocity-angle 
         1 -2.216901913E-02  1.039879580E-01 -4.300600202E-02  8.757236165E+04  1.535646171E+02  3.330870312E+02  2.762857015E+02  2.353458297E+02  8.600311653E-01 
         2 -2.197401757E-02  1.042260031E-01 -4.002397295E-02  8.748128482E+04  1.545279627E+02  3.330036157E+02  2.761473131E+02  2.365250534E+02  8.591091209E-01 
         3 -2.150271627E-02  1.045375264E-01 -3.708169353E-02  8.736737665E+04  1.550849288E+02  3.329468536E+02  2.760531828E+02  2.370428189E+02  8.581953328E-01 
         4 -2.072290556E-02  1.049359494E-01 -3.421635317E-02  8.722705884E+04  1.557252438E+02  3.328850479E+02  2.759507704E+02  2.374854922E+02  8.566069948E-01 
         5 -1.964621854E-02  1.053757771E-01 -3.145501365E-02  8.711094897E+04  1.562844529E+02  3.328359156E+02  2.758692732E+02  2.384104333E+02  8.572951276E-01 
         6 -1.833909717E-02  1.058829391E-01 -2.880182754E-02  8.696202002E+04  1.572834449E+02  3.327319126E+02  2.756968946E+02  2.395955119E+02  8.564368524E-01 
         7 -1.686396899E-02  1.064019756E-01 -2.624136390E-02  8.679961963E+04  1.580835719E+02  3.326496038E+02  2.755605793E+02  2.403722334E+02  8.552130405E-01 
         8 -1.524276490E-02  1.069101094E-01 -2.376908005E-02  8.655824255E+04  1.590384083E+02  3.325248332E+02  2.753539109E+02  2.415666823E+02  8.547480982E-01 
         9 -1.353040875E-02  1.074492491E-01 -2.136449246E-02  8.630130652E+04  1.600979767E+02  3.324057760E+02  2.751567183E+02  2.425311172E+02  8.529285919E-01 
        10 -1.175719847E-02  1.079385502E-01 -1.899452623E-02  8.614844843E+04  1.614383005E+02  3.323013556E+02  2.749838901E+02  2.439433095E+02  8.511981266E-01 
        11 -9.920451205E-03  1.084473482E-01 -1.667649769E-02  8.607932407E+04  1.629492685E+02  3.322332677E+02  2.748711857E+02  2.451438022E+02  8.478403864E-01 
        12 -8.053093039E-03  1.089314126E-01 -1.437870322E-02  8.621595105E+04  1.633510290E+02  3.323260986E+02  2.750248319E+02  2.446445819E+02  8.443698124E-01 
        13 -6.139911673E-03  1.093816015E-01 -1.211111235E-02  8.672061890E+04  1.624790263E+02  3.326215649E+02  2.755139995E+02  2.431405516E+02  8.444721363E-01 
        14 -4.213714023E-03  1.098625599E-01 -9.853315987E-03  8.759760254E+04  1.601865721E+02  3.330926971E+02  2.762951946E+02  2.402915134E+02  8.478488959E-01 
        15 -2.267252226E-03  1.102821410E-01 -7.616721013E-03  8.859831104E+04  1.562612705E+02  3.336070271E+02  2.771492348E+02  2.370169468E+02  8.588800207E-01 
        16 -3.058463972E-04  1.106716081E-01 -5.380345181E-03  8.943852637E+04  1.497534723E+02  3.340336618E+02  2.778586817E+02  2.344738517E+02  8.870344833E-01 
        17  1.649896870E-03  1.110991589E-01 -3.144821902E-03  8.724072571E+04  1.488288267E+02  3.326577139E+02  2.755759351E+02  2.432558718E+02  9.238997856E-01 
        18  3.605378217E-03  1.114680886E-01 -8.997268064E-04  7.560052185E+04  1.758526220E+02  3.262224441E+02  2.650169845E+02  2.888559737E+02  9.506920706E-01 
        19  5.548952344E-03  1.118349081E-01  1.356589372E-03  6.978911902E+04  2.098583127E+02  3.226920211E+02  2.593135767E+02  3.075219986E+02  8.422526857E-01 
        20  7.472030685E-03  1.121892539E-01  3.633809071E-03  7.284897157E+04  2.099087808E+02  3.248363486E+02  2.627721222E+02  2.947318646E+02  7.889843849E-01 
        21  9.366594022E-03  1.125505666E-01  5.932977735E-03  7.662311969E+04  2.078970569E+02  3.270691049E+02  2.663961637E+02  2.838684163E+02  7.567247292E-01 
        22  1.122147558E-02  1.129077905E-01  8.263617067E-03  7.902456659E+04  2.075007625E+02  3.285516320E+02  2.688151788E+02  2.755572422E+02  7.278989134E-01 
        23  1.303284284E-02  1.132507638E-01  1.062953057E-02  8.058427147E+04  2.101135249E+02  3.294295194E+02  2.702524227E+02  2.697216278E+02  6.939091906E-01 
        24  1.479928419E-02  1.136234762E-01  1.303021626E-02  8.179603876E+04  2.146744395E+02  3.300714649E+02  2.713071078E+02  2.665289500E+02  6.592545093E-01 
        25  1.649617427E-02  1.139938279E-01  1.547769530E-02  8.283902106E+04  2.192838416E+02  3.306344953E+02  2.722334399E+02  2.636800241E+02  6.254705223E-01 
        26  1.811807173E-02  1.143837002E-01  1.797032872E-02  8.349449451E+04  2.247917843E+02  3.309094915E+02  2.726861272E+02  2.619765172E+02  5.916724857E-01 
        27  1.968166241E-02  1.148013513E-01  2.049621310E-02  8.349918121E+04  2.323811712E+02  3.307776978E+02  2.724691460E+02  2.629207201E+02  5.567702013E-01 
        28  2.119101764E-02  1.152299366E-01  2.305322148E-02  8.296445043E+04  2.409873209E+02  3.304956396E+02  2.720044408E+02  2.656214031E+02  5.220761771E-01 
        29  2.266338778E-02  1.156643914E-01  2.563116057E-02  8.239557202E+04  2.497521708E+02  3.301677618E+02  2.714653815E+02  2.680312841E+02  4.861881249E-01 
        30  2.408077791E-02  1.161159634E-01  2.823658064E-02  8.191047327E+04  2.583727131E+02  3.298133204E+02  2.708827682E+02  2.709266863E+02  4.530637637E-01 
        31  2.544088325E-02  1.165921105E-01  3.086849856E-02  8.136058740E+04  2.668224494E+02  3.294179912E+02  2.702341287E+02  2.745876665E+02  4.237219053E-01 
        32  2.674433127E-02  1.170738851E-01  3.352942364E-02  8.074465820E+04  2.746915331E+02  3.291089520E+02  2.697273085E+02  2.780306840E+02  3.967909571E-01 
        33  2.797950643E-02  1.175445507E-01  3.622298897E-02  8.016948294E+04  2.821853882E+02  3.289126489E+02  2.694051827E+02  2.806383716E+02  3.688994223E-01 
        34  2.916313541E-02  1.180056499E-01  3.893937175E-02  7.985223874E+04  2.897349827E+02  3.287707078E+02  2.691723470E+02  2.824489675E+02  3.377757632E-01 
        35  3.031249539E-02  1.184785399E-01  4.167042727E-02  7.994854761E+04  2.965901110E+02  3.287516208E+02  2.691411792E+02  2.834737751E+02  3.073405887E-01 
        36  3.139929926E-02  1.189405785E-01  4.442941843E-02  8.021962384E+04  3.021298996E+02  3.289778558E+02  2.695117876E+02  2.834174163E+02  2.795576674E-01 
        37  3.242013936E-02  1.193808800E-01  4.721660669E-02  8.080419990E+04  3.072161845E+02  3.293440357E+02  2.701117899E+02  2.827008780E+02  2.512710738E-01 
        38  3.340677803E-02  1.198011670E-01  5.002067675E-02  8.212147455E+04  3.099431230E+02  3.300716448E+02  2.713071069E+02  2.793677129E+02  2.250873242E-01 
        39  3.430413654E-02  1.201853153E-01  5.285529857E-02  8.385234180E+04  3.108502693E+02  3.310774689E+02  2.729637651E+02  2.741152973E+02  2.008627998E-01 
        40  3.515433510E-02  1.205874318E-01  5.570324370E-02  8.595925439E+04  3.104847698E+02  3.322577991E+02  2.749140854E+02  2.676145210E+02  1.786491787E-01 
        41  3.592907297E-02  1.209644065E-01  5.857535950E-02  8.830286279E+04  3.088604121E+02  3.335061016E+02  2.769837475E+02  2.602573433E+02  1.600871650E-01 
        42  3.664355424E-02  1.213334730E-01  6.146049591E-02  9.072146765E+04  3.058920751E+02  3.346959538E+02  2.789634762E+02  2.524329143E+02  1.474983909E-01 
        43  3.727845098E-02  1.217084379E-01  6.437276718E-02  9.297217261E+04  3.020611105E+02  3.357579508E+02  2.807360487E+02  2.450650768E+02  1.422007158E-01 
        44  3.781448665E-02  1.220744111E-01  6.730672953E-02  9.477641333E+04  2.983238440E+02  3.366513863E+02  2.822313499E+02  2.393086872E+02  1.435184837E-01 
        45  3.826762164E-02  1.224563704E-01  7.025293559E-02  9.597597565E+04  2.955484269E+02  3.372952788E+02  2.833115678E+02  2.356989639E+02  1.483629402E-01 
        46  3.856443464E-02  1.228195695E-01  7.317567491E-02  9.662858203E+04  2.936652908E+02  3.377575989E+02  2.840891571E+02  2.336968307E+02  1.544608958E-01 
        47  3.882754171E-02  1.231963568E-01  7.616928387E-02  9.687768661E+04  2.918203447E+02  3.384469550E+02  2.852515092E+02  2.314682410E+02  1.599547580E-01 
        48  3.896508106E-02  1.235573809E-01  7.913505459E-02  9.682528906E+04  2.878841705E+02  3.395580139E+02  2.871411858E+02  2.248275871E+02  1.636524647E-01 
        49  3.903512947E-02  1.239238609E-01  8.213137167E-02  9.664554871E+04  2.774728138E+02  3.417303040E+02  2.908545878E+02  2.067880924E+02  1.749687707E-01 
        50  3.900153017E-02  1.243001337E-01  8.510504302E-02  9.627828214E+04  2.604017230E+02  3.451188605E+02  2.966616687E+02  1.747333836E+02  1.840729690E-01 
        51  3.889299026E-02  1.246700891E-01  8.806950082E-02  9.597733295E+04  2.433124955E+02  3.487025106E+02  3.028458824E+02  1.288681877E+02  1.639336597E-01 
        52  3.870303970E-02  1.250405990E-01  9.105247242E-02  9.588366309E+04  2.363547268E+02  3.511619811E+02  3.071045032E+02  8.762681770E+01  3.045594557E-02 
        53  3.847530202E-02  1.253810613E-01  9.402032493E-02  9.633460037E+04  2.374751060E+02  3.522427791E+02  3.089927120E+02  5.355882576E+01 -4.899240471E-01 
        54  3.809583015E-02  1.257752167E-01  9.695318516E-02  9.746355957E+04  2.383447571E+02  3.529681549E+02  3.102581406E+02  4.091302252E+01 -1.635764882E+00 
        55  3.767199372E-02  1.261489404E-01  9.992435767E-02  9.842841602E+04  2.471229811E+02  3.524854546E+02  3.094073205E+02  4.723649728E+01 -1.922960933E+00 
        56  3.723780727E-02  1.265196365E-01  1.028569506E-01  9.972869742E+04  2.490529957E+02  3.510553705E+02  3.069016926E+02  6.834304518E+01 -1.059072328E+00 
        57  3.672955052E-02  1.269046997E-01  1.057947981E-01  1.017990869E+05  2.358747396E+02  3.496170039E+02  3.043913698E+02  1.072883587E+02  5.673058471E-02 
        58  3.615520807E-02  1.273091289E-01  1.087154776E-01  1.048182451E+05  2.320307164E+02  3.474440355E+02  3.006230650E+02  1.481452322E+02  2.905900273E-01 
        59  3.556812424E-02  1.277144368E-01  1.116309472E-01  1.072090060E+05  2.421572156E+02  3.452495811E+02  2.968358233E+02  1.751067802E+02  2.858162771E-01 
        60  3.495651588E-02  1.281329458E-01  1.145394580E-01  1.080899912E+05  2.554643397E+02  3.440169144E+02  2.947190223E+02  1.868659358E+02  2.364125946E-01 
        61  3.433795015E-02  1.285471243E-01  1.174457346E-01  1.080028630E+05  2.656116316E+02  3.433044639E+02  2.934976945E+02  1.936099358E+02  1.973292239E-01 
        62  3.376061330E-02  1.289460490E-01  1.203607660E-01  1.079526625E+05  2.689982204E+02  3.430930407E+02  2.931352453E+02  1.961393371E+02  1.868003587E-01 
        63  3.331803132E-02  1.293309423E-01  1.232882868E-01  1.081368283E+05  2.683253695E+02  3.431524341E+02  2.932364359E+02  1.952175763E+02  1.894742165E-01 
        64  3.310586596E-02  1.296649637E-01  1.262581306E-01  1.082306428E+05  2.687953877E+02  3.430628610E+02  2.930830092E+02  1.967738608E+02  1.936825028E-01 
        65  3.306639982E-02  1.299493947E-01  1.292495641E-01  1.081530632E+05  2.705705199E+02  3.429309180E+02  2.928577099E+02  1.997443966E+02  1.950198211E-01 
        66  3.322486525E-02  1.302097713E-01  1.322380794E-01  1.079033348E+05  2.724886066E+02  3.428323447E+02  2.926892928E+02  2.012227464E+02  1.905616106E-01 
        67  3.356462385E-02  1.304573038E-01  1.352130229E-01  1.075952175E+05  2.739717272E+02  3.427915800E+02  2.926196633E+02  2.026071268E+02  1.888971755E-01 
        68  3.400410102E-02  1.306751199E-01  1.381765647E-01  1.073083640E+05  2.754923890E+02  3.427276726E+02  2.925105488E+02  2.044966791E+02  1.886513063E-01 
        69  3.451963359E-02  1.308741206E-01  1.411278790E-01  1.069890607E+05  2.770811665E+02  3.425962405E+02  2.922862663E+02  2.066080949E+02  1.888141613E-01 
        70  3.508991352E-02  1.310576265E-01  1.440660380E-01  1.066371000E+05  2.785329170E+02  3.424478369E+02  2.920330112E+02  2.087498956E+02  1.899411730E-01 
        71  3.570211579E-02  1.312503676E-01  1.470000000E-01  1.062966074E+05  2.798982582E+02  3.423056602E+02  2.917887955E+02  2.109385567E+02  1.915352233E-01 
        72 -2.843361623E-02  1.708417341E-01 -4.258217492E-02  8.206016870E+04  1.839039607E+02  3.299670219E+02  2.711341925E+02  3.442637568E+02  1.007258248E+00 
        73 -2.838826984E-02  1.709653765E-01 -3.916427879E-02  8.216850610E+04  1.839403253E+02  3.300251374E+02  2.712298219E+02  3.441865745E+02  1.007057729E+00 
        74 -2.835908450E-02  1.711140563E-01 -3.574649433E-02  8.238687079E+04  1.836371472E+02  3.301705117E+02  2.714688749E+02  3.438084023E+02  1.007623301E+00 
        75 -2.838361088E-02  1.712589164E-01 -3.232950605E-02  8.287665063E+04  1.834788103E+02  3.303979950E+02  2.718431053E+02  3.431609993E+02  1.006970882E+00 
        76 -2.841360827E-02  1.714319125E-01 -2.891476756E-02  8.334238147E+04  1.820700698E+02  3.307451282E+02  2.724144101E+02  3.414218988E+02  1.008548962E+00 
        77 -2.833774301E-02  1.716334782E-01 -2.549995819E-02  8.383487131E+04  1.813278010E+02  3.310111367E+02  2.728529530E+02  3.400716196E+02  1.008873494E+00 
        78 -2.791452343E-02  1.719215161E-01 -2.212016887E-02  8.422603662E+04  1.808408184E+02  3.311568604E+02  2.730932808E+02  3.399240322E+02  1.010295518E+00 
        79 -2.700703325E-02  1.722886754E-01 -1.884820631E-02  8.433670947E+04  1.798278933E+02  3.312471962E+02  2.732423935E+02  3.403780670E+02  1.014504675E+00 
        80 -2.544395246E-02  1.727209334E-01 -1.584518523E-02  8.336532690E+04  1.816940022E+02  3.306292245E+02  2.722236643E+02  3.430049736E+02  1.012725853E+00 
        81 -2.351536464E-02  1.732363399E-01 -1.306823492E-02  8.131445355E+04  1.856369321E+02  3.294950172E+02  2.703598139E+02  3.491811870E+02  1.010486522E+00 
        82 -2.134527601E-02  1.737374909E-01 -1.047435973E-02  7.866595497E+04  1.910722381E+02  3.279483554E+02  2.678286011E+02  3.552600783E+02  1.003491976E+00 
        83 -1.897326710E-02  1.742189522E-01 -8.035177519E-03  7.578601962E+04  1.982494970E+02  3.263029385E+02  2.651477175E+02  3.643561022E+02  9.972004532E-01 
        84 -1.652827274E-02  1.746780172E-01 -5.688541800E-03  7.358250104E+04  2.050426378E+02  3.248997283E+02  2.628718109E+02  3.699176898E+02  9.854746247E-01 
        85 -1.397929867E-02  1.751251779E-01 -3.446989688E-03  7.279221582E+04  2.090024199E+02  3.244625578E+02  2.621645861E+02  3.727782502E+02  9.773785956E-01 
        86 -1.139011487E-02  1.755573757E-01 -1.256774906E-03  7.348177698E+04  2.104107921E+02  3.248460369E+02  2.627858262E+02  3.715519490E+02  9.700887166E-01 
        87 -8.734274343E-03  1.759085237E-01  8.667805443E-04  7.840991089E+04  2.042754081E+02  3.278455243E+02  2.676683939E+02  3.587441709E+02  9.661359489E-01 
        88 -6.073383534E-03  1.762548475E-01  2.984781313E-03  8.828862085E+04  1.908327785E+02  3.333189135E+02  2.766818595E+02  3.320042725E+02  9.659230122E-01 
        89 -3.359730182E-03  1.765819110E-01  5.053045394E-03  9.822186340E+04  1.767954650E+02  3.381550601E+02  2.847612963E+02  3.053885777E+02  9.783633365E-01 
        90 -6.741955509E-04  1.768270807E-01  7.130208361E-03  9.684348843E+04  1.661664743E+02  3.377786606E+02  2.841268989E+02  3.061966140E+02  1.016913285E+00 
        91  2.027043660E-03  1.770783858E-01  9.208570588E-03  7.899845734E+04  1.924376139E+02  3.280568230E+02  2.680091060E+02  3.563453829E+02  1.001558577E+00 
        92  4.731686997E-03  1.772422585E-01  1.127155269E-02  7.333288426E+04  2.116034048E+02  3.249090996E+02  2.628878784E+02  3.732522033E+02  9.692115301E-01 
        93  7.454465044E-03  1.773874983E-01  1.334309669E-02  7.371398064E+04  2.107078033E+02  3.249738951E+02  2.629935335E+02  3.757951927E+02  9.774393297E-01 
        94  1.015989937E-02  1.775222933E-01  1.545596277E-02  7.097146788E+04  2.191920774E+02  3.230651992E+02  2.599198778E+02  3.837999380E+02  9.660392290E-01 
        95  1.284858280E-02  1.775661421E-01  1.756817794E-02  6.748311032E+04  2.279108713E+02  3.208968420E+02  2.564421796E+02  3.913890669E+02  9.531865497E-01 
        96  1.551966693E-02  1.776138061E-01  1.970369132E-02  6.436843127E+04  2.369624839E+02  3.187331285E+02  2.529985995E+02  4.003527598E+02  9.427160844E-01 
        97  1.817410325E-02  1.776258069E-01  2.186017323E-02  6.174040552E+04  2.457977047E+02  3.168473434E+02  2.500108914E+02  4.087580070E+02  9.320300622E-01 
        98  2.080993586E-02  1.775631240E-01  2.403936301E-02  5.983277747E+04  2.538932962E+02  3.154508858E+02  2.478114080E+02  4.148818159E+02  9.193710871E-01 
        99  2.341570779E-02  1.774969016E-01  2.625394818E-02  5.920576050E+04  2.591743951E+02  3.150920811E+02  2.472482367E+02  4.162920971E+02  9.052613582E-01 
       100  2.600295182E-02  1.773818036E-01  2.848806157E-02  6.100717017E+04  2.603633347E+02  3.164952736E+02  2.494708261E+02  4.113786097E+02  8.900526203E-01 
       101  2.856627515E-02  1.771883875E-01  3.074502562E-02  6.661912549E+04  2.561937952E+02  3.203255367E+02  2.555980730E+02  3.962465324E+02  8.718375117E-01 
       102  3.110662233E-02  1.769811535E-01  3.302644514E-02  7.505625513E+04  2.474754028E+02  3.259698572E+02  2.646838932E+02  3.716166201E+02  8.498006091E-01 
       103  3.362247542E-02  1.767159818E-01  3.532849163E-02  8.185113855E+04  2.431517043E+02  3.301925907E+02  2.715281181E+02  3.521596279E+02  8.258351367E-01 
       104  3.610895472E-02  1.763647845E-01  3.765120331E-02  8.321970776E+04  2.477721255E+02  3.307340508E+02  2.724038482E+02  3.490849218E+02  8.046135101E-01 
       105  3.856497337E-02  1.759966372E-01  4.000321012E-02  8.067414584E+04  2.560753851E+02  3.292358782E+02  2.699393061E+02  3.568828121E+02  7.903036079E-01 
       106  4.103059304E-02  1.755360248E-01  4.234569910E-02  7.828792856E+04  2.633694050E+02  3.279958666E+02  2.679068657E+02  3.629042659E+02  7.766563209E-01 
       107  4.340106546E-02  1.750377176E-01  4.474435622E-02  7.857287599E+04  2.668369785E+02  3.284238384E+02  2.686087536E+02  3.604570406E+02  7.605161832E-01 
       108  4.575540032E-02  1.745445103E-01  4.717695363E-02  8.215074500E+04  2.655752804E+02  3.307138619E+02  2.723733647E+02  3.502189322E+02  7.458806271E-01 
       109  4.807037784E-02  1.739953488E-01  4.963532790E-02  8.846992310E+04  2.611978874E+02  3.340795717E+02  2.779493017E+02  3.339120169E+02  7.319094967E-01 
       110  5.034733117E-02  1.734133857E-01  5.212084081E-02  9.502197998E+04  2.577513466E+02  3.372300243E+02  2.832091770E+02  3.186295071E+02  7.177942656E-01 
       111  5.258765486E-02  1.728405975E-01  5.464144749E-02  9.945610254E+04  2.577837181E+02  3.392682667E+02  2.866380882E+02  3.081756783E+02  7.008766234E-01 
       112  5.479076840E-02  1.722430532E-01  5.718902978E-02  1.021809722E+05  2.584809999E+02  3.406340818E+02  2.889494686E+02  3.002682543E+02  6.862432417E-01 
       113  5.694737683E-02  1.716020731E-01  5.976586917E-02  1.050099417E+05  2.573723781E+02  3.420744202E+02  2.913986275E+02  2.916852851E+02  6.778630419E-01 
       114  5.911848447E-02  1.709340834E-01  6.233872565E-02  1.083357910E+05  2.553141592E+02  3.436692087E+02  2.941206327E+02  2.824486992E+02  6.722470533E-01 
       115  6.119351897E-02  1.703313828E-01  6.496775561E-02  1.111587520E+05  2.543261838E+02  3.448740931E+02  2.961866927E+02  2.752383428E+02  6.666923203E-01 
       116  6.319798910E-02  1.696485115E-01  6.765543605E-02  1.133547841E+05  2.527474146E+02  3.458482518E+02  2.978619928E+02  2.694133005E+02  6.653320305E-01 
       117  6.520189851E-02  1.689621155E-01  7.034628384E-02  1.154837188E+05  2.521464186E+02  3.466813135E+02  2.992984734E+02  2.643723850E+02  6.615930274E-01 
       118  6.717992039E-02  1.682884043E-01  7.305807409E-02  1.171885098E+05  2.506390266E+02  3.474715395E+02  3.006642246E+02  2.596896858E+02  6.624187920E-01 
       119  6.910755662E-02  1.675987334E-01  7.579818779E-02  1.186464084E+05  2.498385558E+02  3.479584675E+02  3.015073283E+02  2.561332302E+02  6.622284087E-01 
       120  7.101404689E-02  1.668389198E-01  7.852135391E-02  1.197127016E+05  2.467204834E+02  3.484036896E+02  3.022796373E+02  2.543048463E+02  6.728472938E-01 
       121  7.286652020E-02  1.661304029E-01  8.130170181E-02  1.198943448E+05  2.449680456E+02  3.484811109E+02  3.024142964E+02  2.538471984E+02  6.797077646E-01 
       122  7.473378469E-02  1.653966549E-01  8.408122010E-02  1.198807539E+05  2.438731689E+02  3.486235752E+02  3.026616745E+02  2.541028786E+02  6.848425083E-01 
       123  7.654776682E-02  1.646234676E-01  8.688218818E-02  1.197379258E+05  2.440193515E+02  3.486884375E+02  3.027749243E+02  2.544914918E+02  6.848378927E-01 
       124  7.830115451E-02  1.638494494E-01  8.971806956E-02  1.195541802E+05  2.436122837E+02  3.487916546E+02  3.029546776E+02  2.540685692E+02  6.863299459E-01 
       125  8.003223315E-02  1.630890187E-01  9.257063461E-02  1.193870710E+05  2.418031025E+02  3.492061892E+02  3.036775851E+02  2.529575944E+02  6.930485591E-01 
       126  8.174167210E-02  1.623344685E-01  9.543869445E-02  1.192100347E+05  2.409930718E+02  3.496829631E+02  3.045107975E+02  2.511402376E+02  6.954387017E-01 
       127  8.339566060E-02  1.615413001E-01  9.829620033E-02  1.190492204E+05  2.415091869E+02  3.500147595E+02  3.050907521E+02  2.485948916E+02  6.916668742E-01 
       128  8.500809507E-02  1.607572746E-01  1.012133408E-01  1.190310045E+05  2.412998073E+02  3.502972093E+02  3.055834322E+02  2.435700802E+02  6.890399605E-01 
       129  8.654116005E-02  1.600133249E-01  1.041766726E-01  1.191065687E+05  2.365707055E+02  3.514995929E+02  3.076864303E+02  2.354872911E+02  7.054427499E-01 
       130  8.807530659E-02  1.592883350E-01  1.071513815E-01  1.188926140E+05  2.320252705E+02  3.527633076E+02  3.099024510E+02  2.298575430E+02  7.243085839E-01 
       131  8.946870181E-02  1.585918917E-01  1.101955952E-01  1.186451443E+05  2.337873331E+02  3.529284183E+02  3.101894743E+02  2.226146790E+02  7.132453369E-01 
       132  9.078169785E-02  1.579398834E-01  1.132895212E-01  1.187282939E+05  2.350225397E+02  3.530030992E+02  3.103166966E+02  2.134694009E+02  7.033609636E-01 
       133  9.193376095E-02  1.573753789E-01  1.164622823E-01  1.188377834E+05  2.308048873E+02  3.533600726E+02  3.109425530E+02  2.113496580E+02  7.215220872E-01 
       134  9.287851211E-02  1.569754829E-01  1.197270904E-01  1.188606357E+05  2.279655872E+02  3.529403914E+02  3.102065777E+02  2.203927293E+02  7.379483188E-01 
       135  9.346963790E-02  1.567893278E-01  1.230899614E-01  1.187062495E+05  2.329120926E+02  3.510840797E+02  3.069587706E+02  2.398882635E+02  7.276161048E-01 
       136  9.376445592E-02  1.568076376E-01  1.265149706E-01  1.185855173E+05  2.403741724E+02  3.488871117E+02  3.031253023E+02  2.576127691E+02  7.085763402E-01 
       137  9.391306034E-02  1.569225935E-01  1.299303306E-01  1.183399980E+05  2.428538151E+02  3.478201571E+02  3.012689905E+02  2.615891171E+02  7.020021901E-01 
       138  9.402896493E-02  1.570765633E-01  1.333445553E-01  1.181135820E+05  2.421381121E+02  3.476626034E+02  3.009951839E+02  2.596566772E+02  7.035761885E-01 
       139  9.417960043E-02  1.572174564E-01  1.367593072E-01  1.180220967E+05  2.425589862E+02  3.476713533E+02  3.010102825E+02  2.603126593E+02  7.032530047E-01 
       140  9.437397158E-02  1.573466446E-01  1.401725853E-01  1.179722214E+05  2.434094999E+02  3.477673388E+02  3.011766257E+02  2.617538075E+02  7.021077890E-01 
       141  9.455826038E-02  1.574868932E-01  1.435861248E-01  1.179335275E+05  2.439078031E+02  3.479615021E+02  3.015127422E+02  2.618771319E+02  7.009974581E-01 
       142  9.468914447E-02  1.576724412E-01  1.470000022E-01  1.178636787E+05  2.442918091E+02  3.480552444E+02  3.016872253E+02  2.621314001E+02  7.005884275E-01 
       143 -2.515044289E-02  2.387134140E-01 -4.211006034E-02  8.315873994E+04  1.813840001E+02  3.305780324E+02  2.721392637E+02  4.421074390E+02  1.148042443E+00 
       144 -2.515073613E-02  2.387267259E-01 -3.821832766E-02  8.470141939E+04  1.776709255E+02  3.314084561E+02  2.735090878E+02  4.389681040E+02  1.154234172E+00 
       145 -2.514274647E-02  2.387409373E-01 -3.433018188E-02  8.590796190E+04  1.735893934E+02  3.322074323E+02  2.748292286E+02  4.325919596E+02  1.158584413E+00 
       146 -2.514933814E-02  2.387615668E-01 -3.043885368E-02  8.597505283E+04  1.749742944E+02  3.321104912E+02  2.746687517E+02  4.352760840E+02  1.157904187E+00 
       147 -2.514205174E-02  2.387863737E-01 -2.655197175E-02  8.469907394E+04  1.782724346E+02  3.314244500E+02  2.735352357E+02  4.385348269E+02  1.152838883E+00 
       148 -2.514801404E-02  2.388163633E-01 -2.268742808E-02  8.270271933E+04  1.820510745E+02  3.304677536E+02  2.719579379E+02  4.404002926E+02  1.145224792E+00 
       149 -2.514603624E-02  2.387984711E-01 -1.877579094E-02  8.057755371E+04  1.878954258E+02  3.291775475E+02  2.698389664E+02  4.461780128E+02  1.136731505E+00 
       150 -2.513833525E-02  2.388756875E-01 -1.487946342E-02  7.914827221E+04  1.908135397E+02  3.284199190E+02  2.685979075E+02  4.506070404E+02  1.134243988E+00 
       151 -2.514495058E-02  2.389300222E-01 -1.098752945E-02  7.910658325E+04  1.913514209E+02  3.282741157E+02  2.683601922E+02  4.498466761E+02  1.132079720E+00 
       152 -2.501801490E-02  2.389948317E-01 -7.101428526E-03  8.080906516E+04  1.867835855E+02  3.292438728E+02  2.699496998E+02  4.458255662E+02  1.139310914E+00 
       153 -2.403359079E-02  2.391541778E-01 -3.362202731E-03  8.569968952E+04  1.738012203E+02  3.320068810E+02  2.744985110E+02  4.355174666E+02  1.161145167E+00 
       154 -2.203079393E-02  2.393877231E-01 -4.501692070E-05  8.940657900E+04  1.654058030E+02  3.339141710E+02  2.776613751E+02  4.287080471E+02  1.175610620E+00 
       155 -1.942355624E-02  2.396357170E-01  2.825132604E-03  8.652691629E+04  1.734611877E+02  3.322807049E+02  2.749529794E+02  4.318334962E+02  1.158218416E+00 
       156 -1.648721574E-02  2.398964014E-01  5.342831758E-03  8.138297382E+04  1.873135571E+02  3.293860011E+02  2.701832476E+02  4.463855236E+02  1.138080493E+00 
       157 -1.330897545E-02  2.400801911E-01  7.594698846E-03  7.973157837E+04  1.893696489E+02  3.285994511E+02  2.688921971E+02  4.478344393E+02  1.134469191E+00 
       158 -1.004552185E-02  2.402353079E-01  9.709455816E-03  8.045470032E+04  1.864191041E+02  3.289659281E+02  2.694935398E+02  4.466171598E+02  1.140724869E+00 
       159 -6.714656287E-03  2.403804415E-01  1.171394437E-02  8.059547607E+04  1.862225855E+02  3.289421531E+02  2.694540893E+02  4.481133984E+02  1.143288380E+00 
       160 -3.322138608E-03  2.404066774E-01  1.362735999E-02  7.984161234E+04  1.860050408E+02  3.286856632E+02  2.690343373E+02  4.480487766E+02  1.144756726E+00 
       161  9.783589121E-05  2.404201762E-01  1.547870720E-02  7.962124988E+04  1.857215548E+02  3.286487870E+02  2.689762087E+02  4.501074028E+02  1.148340674E+00 
       162  3.534439975E-03  2.403949673E-01  1.730379042E-02  8.117720068E+04  1.813686829E+02  3.296332188E+02  2.705971689E+02  4.441992264E+02  1.153477330E+00 
       163  6.969024296E-03  2.402279751E-01  1.908412837E-02  9.153747174E+04  1.560935900E+02  3.352917507E+02  2.799873528E+02  4.208871748E+02  1.198347633E+00 
       164  1.043411823E-02  2.400800089E-01  2.085152946E-02  7.905180920E+04  1.879166063E+02  3.290229702E+02  2.695871184E+02  4.455585198E+02  1.139213845E+00 
       165  1.388371434E-02  2.398652026E-01  2.263181169E-02  7.950083850E+04  1.852245162E+02  3.291352277E+02  2.697700925E+02  4.412148652E+02  1.141096177E+00 
       166  1.734145131E-02  2.394992745E-01  2.440657916E-02  7.892261731E+04  1.852577896E+02  3.289223280E+02  2.694206557E+02  4.432956495E+02  1.142982543E+00 
       167  2.080043859E-02  2.391294908E-01  2.615375350E-02  7.865221634E+04  1.879778913E+02  3.287635334E+02  2.691609652E+02  4.431010695E+02  1.136421334E+00 
       168  2.424052770E-02  2.387186889E-01  2.792040504E-02  7.881551086E+04  1.892680659E+02  3.288520222E+02  2.693064277E+02  4.438452692E+02  1.134464343E+00 
       169  2.766624902E-02  2.381908713E-01  2.968394578E-02  7.876645410E+04  1.897354922E+02  3.290964861E+02  2.697069077E+02  4.426464372E+02  1.132551674E+00 
       170  3.108229850E-02  2.375970478E-01  3.144655572E-02  7.850480127E+04  1.935323246E+02  3.288750114E+02  2.693448427E+02  4.433247173E+02  1.124787518E+00 
       171  3.449726266E-02  2.369314331E-01  3.319569832E-02  7.856848013E+04  1.973246045E+02  3.286662540E+02  2.690038236E+02  4.435604565E+02  1.116511992E+00 
       172  3.787267708E-02  2.362004853E-01  3.498142333E-02  7.893735938E+04  1.985305293E+02  3.288760996E+02  2.693484058E+02  4.407753172E+02  1.112011980E+00 
       173  4.123744789E-02  2.354271843E-01  3.677379579E-02  7.927790771E+04  1.999800715E+02  3.290651293E+02  2.696584263E+02  4.390701542E+02  1.108577237E+00 
       174  4.456263149E-02  2.345133553E-01  3.856958315E-02  7.878996468E+04  2.038945500E+02  3.286504567E+02  2.689787295E+02  4.411457338E+02  1.102643810E+00 
       175  4.789152860E-02  2.335402793E-01  4.034492433E-02  7.720897269E+04  2.083060768E+02  3.276819612E+02  2.673954599E+02  4.443019080E+02  1.095543776E+00 
       176  5.119514426E-02  2.325727211E-01  4.215365701E-02  7.516082869E+04  2.124306932E+02  3.266040861E+02  2.656389235E+02  4.465426422E+02  1.088988191E+00 
       177  5.444737908E-02  2.314873556E-01  4.396264389E-02  7.319451720E+04  2.187173724E+02  3.254100578E+02  2.636998082E+02  4.511090463E+02  1.079161522E+00 
       178  5.771043354E-02  2.303389779E-01  4.576361213E-02  7.110249673E+04  2.280752386E+02  3.238012264E+02  2.611014208E+02  4.593546767E+02  1.066642870E+00 
       179  6.093363739E-02  2.292015055E-01  4.761570799E-02  6.866968091E+04  2.375514541E+02  3.220384331E+02  2.582659292E+02  4.676925964E+02  1.053638680E+00 
       180  6.411569228E-02  2.279427553E-01  4.946832252E-02  6.679787500E+04  2.474227533E+02  3.210972490E+02  2.567599945E+02  4.717140503E+02  1.034567460E+00 
       181  6.728438578E-02  2.267057043E-01  5.135068917E-02  6.917598279E+04  2.583005676E+02  3.230287952E+02  2.598727789E+02  4.651677780E+02  9.968633726E-01 
       182  7.045491472E-02  2.254566135E-01  5.324396322E-02  8.033707666E+04  2.619719272E+02  3.301273923E+02  2.714650922E+02  4.365538931E+02  9.516994935E-01 
       183  7.352398986E-02  2.240979077E-01  5.520813549E-02  9.606445435E+04  2.510816627E+02  3.376658669E+02  2.839734192E+02  4.046394434E+02  9.455695860E-01 
       184  7.654294831E-02  2.227589545E-01  5.724026033E-02  1.042125322E+05  2.340448925E+02  3.421347957E+02  2.915071352E+02  3.830281011E+02  9.716526021E-01 
       185  7.954929441E-02  2.214414527E-01  5.933596166E-02  1.080109595E+05  2.418980708E+02  3.438388376E+02  2.944206953E+02  3.767023573E+02  9.436761606E-01 
       186  8.244157493E-02  2.200232159E-01  6.149679439E-02  1.249868906E+05  2.415568657E+02  3.507417908E+02  3.063549500E+02  3.412814331E+02  9.239459336E-01 
       187  8.531452000E-02  2.186177542E-01  6.372436707E-02  1.194739835E+05  2.396604022E+02  3.491983690E+02  3.036634187E+02  3.544141119E+02  9.325069515E-01 
       188  8.816039266E-02  2.172472440E-01  6.601424901E-02  1.214631096E+05  2.352942162E+02  3.496903100E+02  3.045179992E+02  3.483881617E+02  9.408959001E-01 
       189  9.092008057E-02  2.157826082E-01  6.831794754E-02  1.217352510E+05  2.277068113E+02  3.497785585E+02  3.046717566E+02  3.494778253E+02  9.618277428E-01 
       190  9.367581728E-02  2.143255962E-01  7.064980943E-02  1.218016451E+05  2.236182038E+02  3.496513899E+02  3.044499238E+02  3.460237264E+02  9.719877400E-01 
       191  9.641114101E-02  2.128789625E-01  7.302159977E-02  1.224476314E+05  2.188165870E+02  3.502607765E+02  3.055116906E+02  3.453867350E+02  9.849161259E-01 
       192  9.907895187E-02  2.114028516E-01  7.542603674E-02  1.226203849E+05  2.219449880E+02  3.499141393E+02  3.049069643E+02  3.458140810E+02  9.754920648E-01 
       193  1.016896232E-01  2.099003163E-01  7.789626121E-02  1.226678053E+05  2.198432977E+02  3.504113708E+02  3.057737596E+02  3.448132091E+02  9.805934792E-01 
       194  1.042573666E-01  2.084682280E-01  8.044071344E-02  1.226976289E+05  2.208682237E+02  3.507880590E+02  3.064332001E+02  3.439345458E+02  9.769666675E-01 
       195  1.067132028E-01  2.069758083E-01  8.306726980E-02  1.227092165E+05  2.211082363E+02  3.516520647E+02  3.079470489E+02  3.432584502E+02  9.754115893E-01 
       196  1.091091693E-01  2.055182938E-01  8.576040538E-02  1.227088298E+05  2.223021476E+02  3.526968383E+02  3.097835479E+02  3.394110528E+02  9.698907908E-01 
       197  1.114533399E-01  2.040960959E-01  8.851719904E-02  1.226696211E+05  2.231523032E+02  3.541258286E+02  3.123041500E+02  3.315361517E+02  9.658746921E-01 
       198  1.136946430E-01  2.026973542E-01  9.137514269E-02  1.225664156E+05  2.225655894E+02  3.560203314E+02  3.156555651E+02  3.206047679E+02  9.677269459E-01 
       199  1.158224243E-01  2.012857480E-01  9.431046231E-02  1.225094816E+05  2.261229185E+02  3.570201726E+02  3.174263112E+02  3.070332854E+02  9.581159665E-01 
       200  1.177983438E-01  1.999614296E-01  9.738734661E-02  1.225088944E+05  2.307464548E+02  3.576616931E+02  3.185619600E+02  2.918331010E+02  9.465219392E-01 
       201  1.195376812E-01  1.988013159E-01  1.006637087E-01  1.225484712E+05  2.320877566E+02  3.580315673E+02  3.192199738E+02  2.834457496E+02  9.440713817E-01 
       202  1.207748534E-01  1.979244993E-01  1.042263433E-01  1.222824167E+05  2.322030873E+02  3.568673685E+02  3.171548498E+02  2.967183297E+02  9.407531009E-01 
       203  1.209766187E-01  1.976967879E-01  1.080979692E-01  1.223095804E+05  2.325329198E+02  3.541579105E+02  3.123614501E+02  3.274627787E+02  9.375106167E-01 
       204  1.209415894E-01  1.976147862E-01  1.119887176E-01  1.225152848E+05  2.298503455E+02  3.521422271E+02  3.088096755E+02  3.346530135E+02  9.436075259E-01 
       205  1.209136670E-01  1.975679793E-01  1.158784497E-01  1.227136603E+05  2.279000105E+02  3.512788321E+02  3.072928684E+02  3.369493329E+02  9.487176593E-01 
       206  1.209140530E-01  1.975343277E-01  1.197687765E-01  1.228606296E+05  2.244843553E+02  3.512939399E+02  3.073186720E+02  3.381945177E+02  9.590582036E-01 
       207  1.209033119E-01  1.974945510E-01  1.236620610E-01  1.228685342E+05  2.210665131E+02  3.515749230E+02  3.078117175E+02  3.354802161E+02  9.685286279E-01 
       208  1.208998844E-01  1.975608583E-01  1.275528569E-01  1.228249353E+05  2.213763997E+02  3.518181681E+02  3.082419126E+02  3.365038657E+02  9.686644345E-01 
       209  1.209086196E-01  1.975927695E-01  1.314428594E-01  1.227841269E+05  2.210100440E+02  3.523636653E+02  3.092004537E+02  3.369449242E+02  9.701370775E-01 
       210  1.209261261E-01  1.976437754E-01  1.353324952E-01  1.228183231E+05  2.221087366E+02  3.529682928E+02  3.102641555E+02  3.323282093E+02  9.663720613E-01 
       211  1.209477387E-01  1.976921952E-01  1.392217013E-01  1.228102012E+05  2.214217445E+02  3.538548093E+02  3.118261598E+02  3.223706026E+02  9.689029562E-01 
       212  1.209659901E-01  1.977439656E-01  1.431109690E-01  1.230392895E+05  2.197658915E+02  3.549815911E+02  3.137998225E+02  3.086923759E+02  9.749244018E-01 
       213  1.210017723E-01  1.977818072E-01  1.470000027E-01  1.232038286E+05  2.208320160E+02  3.554769621E+02  3.144927197E+02  3.026346388E+02  9.728220254E-01 
       214 -1.337431699E-02  1.053111530E-01 -4.600000000E-02  8.764729102E+04  1.544560909E+02  3.330613785E+02  2.764566154E+02  2.354223633E+02  8.551932275E-01 
       215 -1.336879354E-02  1.054912688E-01 -4.299898917E-02  8.747924805E+04  1.537494540E+02  3.330765114E+02  2.762682147E+02  2.356809926E+02  8.601711877E-01 
       216 -1.321272523E-02  1.057016208E-01 -4.000664894E-02  8.750957910E+04  1.544399595E+02  3.329958496E+02  2.761344109E+02  2.364825964E+02  8.593864739E-01 
       217 -1.269691607E-02  1.059729593E-01 -3.706120983E-02  8.739895526E+04  1.547547006E+02  3.329565035E+02  2.760691968E+02  2.365999094E+02  8.583231315E-01 
       218 -1.181263769E-02  1.063072321E-01 -3.420969757E-02  8.716171489E+04  1.561559670E+02  3.328238109E+02  2.758491374E+02  2.382399740E+02  8.568751785E-01 
       219 -1.066241908E-02  1.066659143E-01 -3.145726216E-02  8.703435224E+04  1.570222864E+02  3.327568843E+02  2.757382594E+02  2.390300982E+02  8.551994340E-01 
       220 -9.280794463E-03  1.070573859E-01 -2.881758489E-02  8.689681134E+04  1.574764972E+02  3.327220511E+02  2.756805307E+02  2.398332094E+02  8.559498612E-01 
       221 -7.735023178E-03  1.074435380E-01 -2.626912607E-02  8.680247568E+04  1.583242900E+02  3.326712844E+02  2.755963584E+02  2.406343033E+02  8.547613663E-01 
       222 -6.047350445E-03  1.078135440E-01 -2.381048416E-02  8.666342841E+04  1.593824315E+02  3.325381440E+02  2.753758655E+02  2.413475288E+02  8.521951172E-01 
       223 -4.299611852E-03  1.081916589E-01 -2.139379423E-02  8.659308871E+04  1.599721797E+02  3.326014743E+02  2.754807676E+02  2.419078445E+02  8.512587184E-01 
       224 -2.461870607E-03  1.085505379E-01 -1.904289133E-02  8.664955137E+04  1.601941590E+02  3.325289650E+02  2.753606853E+02  2.418223261E+02  8.503062261E-01 
       225 -5.886173328E-04  1.088780789E-01 -1.671486844E-02  8.671081563E+04  1.599872255E+02  3.326617740E+02  2.755807578E+02  2.421914277E+02  8.533126255E-01 
       226  1.337912187E-03  1.092215599E-01 -1.443302686E-02  8.682757497E+04  1.600909629E+02  3.325343693E+02  2.753696094E+02  2.425609427E+02  8.545879239E-01 
       227  3.290030235E-03  1.094941851E-01 -1.216353628E-02  8.667964256E+04  1.594895866E+02  3.324636237E+02  2.752524730E+02  2.436874699E+02  8.623307451E-01 
       228  5.262023684E-03  1.097864070E-01 -9.913643549E-03  8.602571877E+04  1.604696877E+02  3.320404574E+02  2.745526114E+02  2.470978195E+02  8.696983163E-01 
       229  7.256339014E-03  1.100495762E-01 -7.679258903E-03  8.418503007E+04  1.647831253E+02  3.310592191E+02  2.729324667E+02  2.541135120E+02  8.721219798E-01 
       230  9.250945095E-03  1.102792579E-01 -5.441700620E-03  8.181653910E+04  1.727067024E+02  3.298729469E+02  2.709799713E+02  2.620103299E+02  8.590956157E-01 
       231  1.125130268E-02  1.105297001E-01 -3.209862298E-03  8.063968115E+04  1.800312696E+02  3.293355570E+02  2.700975666E+02  2.662363729E+02  8.360835407E-01 
       232  1.324504242E-02  1.107259366E-01 -9.692227629E-04  8.141996167E+04  1.832939777E+02  3.297786512E+02  2.708250751E+02  2.636853647E+02  8.101872820E-01 
       233  1.522818012E-02  1.109344875E-01  1.280794701E-03  8.331418701E+04  1.843261642E+02  3.307981701E+02  2.725029898E+02  2.585649300E+02  7.869619988E-01 
       234  1.717717000E-02  1.111306516E-01  3.565314237E-03  8.543239844E+04  1.830205593E+02  3.321263161E+02  2.746953430E+02  2.494316635E+02  7.628911287E-01 
       235  2.098827574E-02  1.115152878E-01  8.199040730E-03  8.922232568E+04  1.859264898E+02  3.342326756E+02  2.781909828E+02  2.368542900E+02  7.082989439E-01 
       236  2.283804163E-02  1.116790561E-01  1.055952489E-02  9.046898273E+04  1.888462781E+02  3.353980894E+02  2.801330788E+02  2.301489394E+02  6.722463174E-01 
       237  2.632960383E-02  1.121198866E-01  1.543269692E-02  9.111401123E+04  2.050795231E+02  3.353897591E+02  2.801193924E+02  2.308937664E+02  5.880752914E-01 
       238  2.959379811E-02  1.126564718E-01  2.044933110E-02  9.022899072E+04  2.217449446E+02  3.348542767E+02  2.792253308E+02  2.369272857E+02  5.203367993E-01 
       239  3.114059063E-02  1.129278581E-01  2.301118304E-02  8.971034492E+04  2.289930252E+02  3.347762614E+02  2.790955057E+02  2.395765612E+02  4.919461809E-01 
       240  3.264987762E-02  1.132456905E-01  2.559358749E-02  8.918057336E+04  2.355940495E+02  3.344456002E+02  2.785444100E+02  2.421008872E+02  4.670574175E-01 
       241  3.807676132E-02  1.146676712E-01  3.621643154E-02  8.784828825E+04  2.599640846E+02  3.338231159E+02  2.775082753E+02  2.506102965E+02  3.741239982E-01 
       242  3.928374460E-02  1.150413043E-01  3.894926042E-02  8.798476294E+04  2.653916159E+02  3.342448990E+02  2.782106662E+02  2.510924714E+02  3.484296936E-01 
       243  4.044503934E-02  1.154301055E-01  4.169676193E-02  8.837600341E+04  2.694486522E+02  3.345338242E+02  2.786917562E+02  2.507034101E+02  3.271824607E-01 
       244  4.154949506E-02  1.158110833E-01  4.446441861E-02  8.897321143E+04  2.730240612E+02  3.348225937E+02  2.791733856E+02  2.498728657E+02  3.068827074E-01 
       245  4.259018966E-02  1.161595968E-01  4.726780086E-02  8.977411968E+04  2.760207202E+02  3.351963312E+02  2.797973560E+02  2.481185705E+02  2.860172256E-01 
       246  4.357921759E-02  1.165132208E-01  5.008364009E-02  9.081400537E+04  2.781657810E+02  3.356919270E+02  2.806248970E+02  2.450718107E+02  2.648235746E-01 
       247  4.448002582E-02  1.168267471E-01  5.293502673E-02  9.209857571E+04  2.808940345E+02  3.361339350E+02  2.813645461E+02  2.421836314E+02  2.405691405E-01 
       248  4.534234860E-02  1.171711221E-01  5.579536500E-02  9.354151807E+04  2.812074928E+02  3.369106808E+02  2.826664410E+02  2.378697548E+02  2.248308491E-01 
       249  4.612355051E-02  1.174912616E-01  5.867935283E-02  9.493628418E+04  2.817071037E+02  3.376968460E+02  2.839881248E+02  2.336002922E+02  2.078779750E-01 
       250  4.681688670E-02  1.178330389E-01  6.158342338E-02  9.623296875E+04  2.825502205E+02  3.383378868E+02  2.850671654E+02  2.302147026E+02  1.926185228E-01 
       251  4.742483443E-02  1.181684938E-01  6.451168194E-02  9.735979688E+04  2.834642067E+02  3.388981667E+02  2.860116539E+02  2.275217533E+02  1.796729341E-01 
       252  4.796175059E-02  1.184973583E-01  6.744925218E-02  9.827060840E+04  2.842966862E+02  3.394504089E+02  2.869439182E+02  2.250625525E+02  1.678698715E-01 
       253  4.839690646E-02  1.188449776E-01  7.040346354E-02  9.897391934E+04  2.860861382E+02  3.396614021E+02  2.873000404E+02  2.233377131E+02  1.530284268E-01 
       254  4.867844520E-02  1.192029192E-01  7.337369276E-02  9.933423681E+04  2.881126105E+02  3.398005792E+02  2.875360034E+02  2.227270561E+02  1.410432601E-01 
       255  4.889804354E-02  1.195863964E-01  7.634446821E-02  9.960234110E+04  2.898801533E+02  3.398609220E+02  2.876384017E+02  2.224669418E+02  1.320692139E-01 
       256  4.901527392E-02  1.199575346E-01  7.936475415E-02  9.965624496E+04  2.922052233E+02  3.399227875E+02  2.877435783E+02  2.231178241E+02  1.230335251E-01 
       257  4.897414798E-02  1.207471392E-01  8.530893469E-02  9.971594336E+04  2.972343407E+02  3.400188675E+02  2.879053116E+02  2.242352371E+02  1.014643703E-01 
       258  4.879835866E-02  1.211503063E-01  8.827262235E-02  9.975954492E+04  2.993090591E+02  3.398762474E+02  2.876638145E+02  2.249448242E+02  9.371838626E-02 
       259  4.854576088E-02  1.215647590E-01  9.126615169E-02  9.982057820E+04  3.002221273E+02  3.398330302E+02  2.875905120E+02  2.249650318E+02  9.026994438E-02 
       260  4.818457029E-02  1.219712360E-01  9.420996830E-02  1.001356698E+05  3.007156760E+02  3.399509240E+02  2.877902609E+02  2.242052010E+02  8.578701935E-02 
       261  4.782320061E-02  1.224212570E-01  9.713670139E-02  1.005803638E+05  3.003583450E+02  3.401397858E+02  2.881106987E+02  2.227824888E+02  8.394949138E-02 
       262  4.734997920E-02  1.228526278E-01  1.001180955E-01  1.014350938E+05  2.998523674E+02  3.405746841E+02  2.888473053E+02  2.202533188E+02  7.793192100E-02 
       263  4.683890011E-02  1.232935874E-01  1.030087938E-01  1.027369803E+05  2.976245256E+02  3.413917571E+02  2.902359856E+02  2.164828730E+02  7.778874543E-02 
       264  4.566507936E-02  1.242316696E-01  1.088390156E-01  1.054236063E+05  2.919915479E+02  3.421455285E+02  2.915184526E+02  2.079862778E+02  8.136283024E-02 
       265  4.352639189E-02  1.257122811E-01  1.174848542E-01  1.082091001E+05  2.780285472E+02  3.437167330E+02  2.942031272E+02  1.922243054E+02  1.138053965E-01 
       266  4.289440586E-02  1.261798267E-01  1.203730247E-01  1.079756875E+05  2.698173927E+02  3.450623534E+02  2.965150708E+02  1.779415804E+02  1.167008594E-01 
       267  4.242365191E-02  1.265975250E-01  1.232861776E-01  1.073157152E+05  2.585851601E+02  3.473589616E+02  3.004751241E+02  1.493897136E+02  9.314301782E-02 
       268  4.208270049E-02  1.270006734E-01  1.262530889E-01  1.073700820E+05  2.454409866E+02  3.487742577E+02  3.029261055E+02  1.332459526E+02  1.427161954E-01 
       269  4.202415066E-02  1.273246053E-01  1.292418903E-01  1.076123592E+05  2.414390405E+02  3.491648672E+02  3.036035781E+02  1.346044534E+02  1.778811532E-01 
       270  4.218523596E-02  1.275849052E-01  1.322314117E-01  1.075784920E+05  2.432804711E+02  3.491295839E+02  3.035448270E+02  1.411312581E+02  1.869431678E-01 
       271  4.252691668E-02  1.278080741E-01  1.352038484E-01  1.073678375E+05  2.470119159E+02  3.491284173E+02  3.035447374E+02  1.486105818E+02  1.859684944E-01 
       272  4.296344289E-02  1.279984053E-01  1.381664338E-01  1.071277402E+05  2.499499674E+02  3.487421273E+02  3.028752474E+02  1.545484392E+02  1.870688517E-01 
       273  4.347514252E-02  1.281630447E-01  1.411197974E-01  1.068140729E+05  2.523867194E+02  3.481920338E+02  3.019193899E+02  1.603576118E+02  1.913418712E-01 
       274  4.403358971E-02  1.283124551E-01  1.440677535E-01  1.065123512E+05  2.549035661E+02  3.478098385E+02  3.012525126E+02  1.653889814E+02  1.924479101E-01 
       275  4.466583781E-02  1.284644007E-01  1.470000034E-01  1.063076356E+05  2.580207877E+02  3.472950234E+02  2.942764011E+02  1.696072679E+02  1.870689864E-01 
       276 -1.390154712E-02  1.725232616E-01 -4.600000033E-02  8.221994193E+04  1.812987627E+02  3.303183900E+02  2.713420182E+02  3.418218092E+02  1.011656464E+00 
       277 -1.389524734E-02  1.726308379E-01 -4.258575940E-02  8.257931563E+04  1.816494799E+02  3.302823684E+02  2.716524520E+02  3.424135308E+02  1.011506100E+00 
       278 -1.388827040E-02  1.727470810E-01 -3.919459871E-02  8.281734923E+04  1.818253642E+02  3.302982247E+02  2.716786280E+02  3.430644782E+02  1.012070381E+00 
       279 -1.387976982E-02  1.728866868E-01 -3.575874102E-02  8.292654349E+04  1.815753112E+02  3.303574890E+02  2.717761604E+02  3.429077308E+02  1.012670605E+00 
       280 -1.386962822E-02  1.730354599E-01 -3.234598001E-02  8.283010205E+04  1.811430257E+02  3.303796668E+02  2.718127205E+02  3.424888799E+02  1.013474421E+00 
       281 -1.385715910E-02  1.732129765E-01 -2.893478341E-02  8.258877778E+04  1.819037220E+02  3.301817235E+02  2.714872735E+02  3.442725289E+02  1.014157243E+00 
       282 -1.381464856E-02  1.733989484E-01 -2.553958976E-02  8.199644313E+04  1.832435914E+02  3.298450606E+02  2.709338032E+02  3.465223307E+02  1.013606619E+00 
       283 -1.334927366E-02  1.736519924E-01 -2.216152427E-02  8.119588962E+04  1.843280405E+02  3.294843992E+02  2.703417254E+02  3.478295401E+02  1.012297509E+00 
       284 -1.220387625E-02  1.739549638E-01 -1.896956374E-02  8.017221436E+04  1.879519367E+02  3.287210846E+02  2.690913124E+02  3.518843155E+02  1.007453740E+00 
       285 -1.057589609E-02  1.742731966E-01 -1.599005111E-02  7.838561482E+04  1.923593193E+02  3.278527329E+02  2.676713174E+02  3.555073123E+02  9.992500063E-01 
       286 -8.586070527E-03  1.745821273E-01 -1.323108332E-02  7.679392410E+04  1.970026998E+02  3.271027512E+02  2.664477154E+02  3.591216264E+02  9.904717734E-01 
       287 -6.371188279E-03  1.748941133E-01 -1.065117603E-02  7.605576314E+04  2.001995143E+02  3.268871592E+02  2.660964890E+02  3.622591859E+02  9.857288276E-01 
       288 -3.959984913E-03  1.752012559E-01 -8.251810021E-03  7.782122373E+04  1.996317489E+02  3.278520989E+02  2.676733385E+02  3.596923668E+02  9.827957653E-01 
       289 -1.474621790E-03  1.754287438E-01 -5.921768022E-03  8.260808201E+04  1.916863860E+02  3.303890415E+02  2.718393414E+02  3.456603014E+02  9.844337203E-01 
       290  1.096342236E-03  1.756586641E-01 -3.684409899E-03  8.888341461E+04  1.810349639E+02  3.332103320E+02  2.764952513E+02  3.322471897E+02  9.977574791E-01 
       291  3.722457199E-03  1.758529720E-01 -1.512169024E-03  9.164942358E+04  1.764590416E+02  3.342827587E+02  2.782734642E+02  3.280698042E+02  1.007137265E+00 
       292  6.390497491E-03  1.759799744E-01  6.206893580E-04  8.840681592E+04  1.777134800E+02  3.331758461E+02  2.764370346E+02  3.318608170E+02  1.008804299E+00 
       293  1.179759467E-02  1.761809281E-01  4.808741428E-03  7.649189063E+04  2.011025581E+02  3.267588654E+02  2.658942451E+02  3.632922974E+02  9.846126735E-01 
       294  1.450804596E-02  1.762121176E-01  6.883706551E-03  7.256614941E+04  2.105159035E+02  3.242208424E+02  2.617767277E+02  3.749994068E+02  9.763095081E-01 
       295  1.722225861E-02  1.762495216E-01  8.953048646E-03  7.060077832E+04  2.154439316E+02  3.228511848E+02  2.595676689E+02  3.829719238E+02  9.760941714E-01 
       296  1.993233776E-02  1.761597577E-01  1.102855473E-02  6.920111816E+04  2.184504776E+02  3.220172157E+02  2.582280960E+02  3.865041008E+02  9.734797850E-01 
       297  2.263244469E-02  1.760920636E-01  1.311525345E-02  6.751301318E+04  2.229593449E+02  3.209735661E+02  2.565573883E+02  3.904423027E+02  9.668557942E-01 
       298  2.532249661E-02  1.759768902E-01  1.521525865E-02  6.588398608E+04  2.289000149E+02  3.199174118E+02  2.548712482E+02  3.952567940E+02  9.573553652E-01 
       299  2.800116021E-02  1.758008440E-01  1.732596334E-02  6.551491748E+04  2.334282837E+02  3.196239223E+02  2.544045668E+02  3.971483583E+02  9.462720156E-01 
       300  3.066011949E-02  1.756198651E-01  1.946182943E-02  6.787404736E+04  2.342394171E+02  3.209869080E+02  2.565878549E+02  3.914111681E+02  9.310577251E-01 
       301  3.850917716E-02  1.748410184E-01  2.602581626E-02  8.700674658E+04  2.355617304E+02  3.335856476E+02  2.771190071E+02  3.360541992E+02  8.218702171E-01 
       302  4.358739934E-02  1.740919978E-01  3.053362568E-02  8.620616235E+04  2.375318098E+02  3.330586395E+02  2.762392807E+02  3.426620121E+02  8.266835809E-01 
       303  4.609287257E-02  1.736863543E-01  3.281922705E-02  8.526043188E+04  2.393129654E+02  3.329109402E+02  2.759942198E+02  3.435989532E+02  8.227849044E-01 
       304  4.855845708E-02  1.731970535E-01  3.512834265E-02  8.483976489E+04  2.428050709E+02  3.327996693E+02  2.758095503E+02  3.445821896E+02  8.125247080E-01 
       305  5.100043215E-02  1.726458906E-01  3.745772352E-02  8.556007031E+04  2.480422764E+02  3.330119987E+02  2.761618299E+02  3.435028744E+02  7.930287868E-01 
       306  5.340036417E-02  1.720848619E-01  3.982071753E-02  8.851774463E+04  2.509791865E+02  3.344493761E+02  2.785553370E+02  3.374385018E+02  7.729569525E-01 
       307  5.576533568E-02  1.714326002E-01  4.220398857E-02  9.390368149E+04  2.498404877E+02  3.372672468E+02  2.832744863E+02  3.239850785E+02  7.550037852E-01 
       308  5.808130114E-02  1.707532671E-01  4.462162642E-02  9.973382255E+04  2.466088291E+02  3.403974170E+02  2.885542621E+02  3.086681018E+02  7.425839207E-01 
       309  6.913202621E-02  1.670049815E-01  5.708998555E-02  1.124962244E+05  2.415164800E+02  3.469415746E+02  2.997503934E+02  2.739667287E+02  7.143583521E-01 
       310  7.325557335E-02  1.653928843E-01  6.228962682E-02  1.155993105E+05  2.409743760E+02  3.482227275E+02  3.019672389E+02  2.659483391E+02  7.075591055E-01 
       311  7.526114685E-02  1.645964451E-01  6.493668120E-02  1.168271611E+05  2.398077183E+02  3.487975941E+02  3.029648285E+02  2.641544418E+02  7.115621045E-01 
       312  8.099008587E-02  1.620989224E-01  7.305121222E-02  1.187899834E+05  2.394630699E+02  3.494443207E+02  3.040883369E+02  2.571305256E+02  7.051908076E-01 
       313  8.281625202E-02  1.612441772E-01  7.580722199E-02  1.190828594E+05  2.391099930E+02  3.494345131E+02  3.040711174E+02  2.564031982E+02  7.065683901E-01 
       314  8.462318717E-02  1.604029889E-01  7.856519154E-02  1.192541814E+05  2.382674413E+02  3.494631014E+02  3.041207113E+02  2.565639725E+02  7.115319930E-01 
       315  8.638808364E-02  1.595156660E-01  8.135371941E-02  1.192917690E+05  2.375055380E+02  3.494045572E+02  3.040187187E+02  2.564508748E+02  7.152409162E-01 
       316  8.818531781E-02  1.586346563E-01  8.418846896E-02  1.191745120E+05  2.378612470E+02  3.490827112E+02  3.034589637E+02  2.549829620E+02  7.108658088E-01 
       317  9.153487112E-02  1.568453452E-01  8.985396979E-02  1.190665978E+05  2.379994090E+02  3.489069767E+02  3.031539793E+02  2.544046431E+02  7.103818031E-01 
       318  9.319079870E-02  1.559467714E-01  9.269883327E-02  1.190568213E+05  2.376361847E+02  3.489656677E+02  3.032563477E+02  2.543550472E+02  7.119913846E-01 
       319  9.639067810E-02  1.541493463E-01  9.845101971E-02  1.190030674E+05  2.376294632E+02  3.488329449E+02  3.030249825E+02  2.545055256E+02  7.132666446E-01 
       320  9.789700787E-02  1.532238030E-01  1.013752208E-01  1.189277732E+05  2.382734315E+02  3.486985283E+02  3.027914343E+02  2.542432585E+02  7.095450163E-01 
       321  9.939560036E-02  1.523575645E-01  1.043121280E-01  1.188272002E+05  2.391997604E+02  3.484688797E+02  3.023925476E+02  2.545428448E+02  7.067144066E-01 
       322  1.008373928E-01  1.515239935E-01  1.072922639E-01  1.186872451E+05  2.396501179E+02  3.482536602E+02  3.020191708E+02  2.552246666E+02  7.062102184E-01 
       323  1.021925752E-01  1.507164957E-01  1.103173974E-01  1.185701914E+05  2.407151089E+02  3.480164852E+02  3.016081543E+02  2.562314816E+02  7.026998401E-01 
       324  1.063175391E-01  1.486079647E-01  1.265700906E-01  1.181904258E+05  2.413553886E+02  3.488561020E+02  3.030688248E+02  2.565436516E+02  7.030238211E-01 
       325  1.064822206E-01  1.487022474E-01  1.299738775E-01  1.183498633E+05  2.374591522E+02  3.502105484E+02  3.054286346E+02  2.451619415E+02  7.112848759E-01 
       326  1.066476119E-01  1.488146338E-01  1.333799290E-01  1.182917324E+05  2.314817886E+02  3.516283302E+02  3.079045334E+02  2.282619324E+02  7.290387154E-01 
       327  1.068180965E-01  1.489318139E-01  1.367854531E-01  1.180748477E+05  2.278702507E+02  3.522949486E+02  3.090704155E+02  2.178985481E+02  7.434613034E-01 
       328  1.069979625E-01  1.490578552E-01  1.401905319E-01  1.179434316E+05  2.292457809E+02  3.518353004E+02  3.082650185E+02  2.238219147E+02  7.410303578E-01 
       329  1.071817424E-01  1.491887345E-01  1.435955648E-01  1.179883906E+05  2.347346945E+02  3.505247879E+02  3.058052578E+02  2.444672050E+02  7.267090753E-01 
       330  1.073851999E-01  1.493347905E-01  1.470000044E-01  1.179907813E+05  2.435869293E+02  3.484537048E+02  3.011858826E+02  2.633785706E+02  7.044726610E-01 
       331 -5.132010553E-03  2.399711247E-01 -4.600000034E-02  8.386113623E+04  1.739126873E+02  3.310922699E+02  2.728519421E+02  4.391162643E+02  1.163531221E+00 
       332 -5.128125210E-03  2.399809281E-01 -4.210430258E-02  8.436248364E+04  1.746942606E+02  3.308463440E+02  2.725813012E+02  4.401463146E+02  1.162646934E+00 
       333 -5.125201508E-03  2.399922328E-01 -3.820870464E-02  8.333333063E+04  1.769414169E+02  3.303162301E+02  2.717097702E+02  4.425322175E+02  1.159636185E+00 
       334 -5.121813889E-03  2.400095995E-01 -3.431329778E-02  8.148771994E+04  1.808014160E+02  3.294828190E+02  2.703408967E+02  4.462822263E+02  1.154133670E+00 
       335 -5.119016059E-03  2.400291916E-01 -3.041776666E-02  7.950306149E+04  1.860962501E+02  3.285006109E+02  2.687315614E+02  4.490079500E+02  1.143886613E+00 
       336 -5.114574788E-03  2.400538233E-01 -2.652182619E-02  7.815378255E+04  1.885853424E+02  3.280683823E+02  2.680235475E+02  4.503476659E+02  1.139035450E+00 
       337 -5.109553763E-03  2.400828758E-01 -2.262552630E-02  7.814281628E+04  1.884322109E+02  3.282498775E+02  2.683211894E+02  4.501560106E+02  1.139132952E+00 
       338 -5.103895973E-03  2.401152952E-01 -1.872899116E-02  8.039323730E+04  1.853755549E+02  3.293237791E+02  2.700819900E+02  4.465465052E+02  1.142999427E+00 
       339 -4.925504783E-03  2.402473149E-01 -7.056915668E-03  8.765421600E+04  1.696752493E+02  3.324208593E+02  2.751887501E+02  4.329980673E+02  1.169205635E+00 
       340 -3.715119829E-03  2.403023013E-01 -3.373311706E-03  8.192531024E+04  1.799072695E+02  3.303003058E+02  2.716939800E+02  4.429224484E+02  1.153724738E+00 
       341 -1.562012846E-03  2.403581740E-01 -1.360753051E-04  7.835722995E+04  1.897201744E+02  3.282421706E+02  2.683117854E+02  4.525886720E+02  1.138734446E+00 
       342  1.133764527E-03  2.404094608E-01  2.675248428E-03  7.855756152E+04  1.904066482E+02  3.278748903E+02  2.677089605E+02  4.510663853E+02  1.135615073E+00 
       343  4.137632423E-03  2.404197044E-01  5.149238455E-03  7.991149761E+04  1.863251097E+02  3.285064363E+02  2.687404681E+02  4.472605524E+02  1.141867402E+00 
       344  7.316400202E-03  2.403253331E-01  7.399564588E-03  7.993301747E+04  1.844664754E+02  3.287696613E+02  2.691705580E+02  4.476632118E+02  1.147175964E+00 
       345  1.395577155E-02  2.400667001E-01  1.148649181E-02  8.619966748E+04  1.732937841E+02  3.316187077E+02  2.738646812E+02  4.357838211E+02  1.164190475E+00 
       346  1.735065466E-02  2.397965962E-01  1.337576268E-02  8.981716406E+04  1.602569523E+02  3.337175980E+02  2.773380013E+02  4.254897308E+02  1.187351286E+00 
       347  2.419161170E-02  2.391929427E-01  1.704637434E-02  7.980887500E+04  1.843849907E+02  3.291033325E+02  2.697234459E+02  4.451543884E+02  1.145354748E+00 
       348  2.761839379E-02  2.387452844E-01  1.884103948E-02  7.978094336E+04  1.868710194E+02  3.287778778E+02  2.691853485E+02  4.452923431E+02  1.138910815E+00 
       349  3.105226563E-02  2.382885234E-01  2.062260888E-02  8.089057422E+04  1.845321255E+02  3.296300220E+02  2.705817223E+02  4.443148460E+02  1.143715814E+00 
       350  3.788868369E-02  2.371344800E-01  2.417075674E-02  8.061577051E+04  1.864665394E+02  3.297187767E+02  2.707267685E+02  4.470624580E+02  1.142306454E+00 
       351  4.468291751E-02  2.357525484E-01  2.771953789E-02  8.021115332E+04  1.904218330E+02  3.292788887E+02  2.700083408E+02  4.468270569E+02  1.134255134E+00 
       352  4.805699300E-02  2.349490393E-01  2.948953136E-02  8.062787109E+04  1.891375451E+02  3.295503964E+02  2.704546757E+02  4.460440884E+02  1.138589960E+00 
       353  5.140582287E-02  2.340778219E-01  3.127771149E-02  8.072914697E+04  1.902437735E+02  3.295356426E+02  2.704302692E+02  4.454219475E+02  1.137451082E+00 
       354  5.473006301E-02  2.331020583E-01  3.305777180E-02  7.994776563E+04  1.923154602E+02  3.290700760E+02  2.696652451E+02  4.467315598E+02  1.134828925E+00 
       355  5.803984836E-02  2.320923676E-01  3.484458617E-02  7.846273242E+04  1.961526527E+02  3.280490856E+02  2.679947529E+02  4.485113716E+02  1.129062235E+00 
       356  6.132921494E-02  2.310454118E-01  3.665150486E-02  7.661224283E+04  1.990201433E+02  3.269578069E+02  2.662147118E+02  4.511622746E+02  1.126737965E+00 
       357  6.777528194E-02  2.285846393E-01  4.027160278E-02  8.487908887E+04  2.131028519E+02  3.324605484E+02  2.752819519E+02  4.290792847E+02  1.071486592E+00 
       358  7.097972553E-02  2.273472007E-01  4.209367684E-02  9.201138672E+04  2.300323906E+02  3.359244347E+02  2.810213280E+02  4.136583405E+02  1.013406843E+00 
       359  7.412444428E-02  2.259565065E-01  4.393674079E-02  9.116864746E+04  2.340661564E+02  3.348721714E+02  2.792630835E+02  4.190315495E+02  1.009165639E+00 
       360  7.725834663E-02  2.245514312E-01  4.577102978E-02  8.737127588E+04  2.345230913E+02  3.332279949E+02  2.765215721E+02  4.273067589E+02  1.016351048E+00 
       361  8.037011026E-02  2.231435234E-01  4.763983740E-02  8.962478027E+04  2.340874100E+02  3.348834915E+02  2.792940521E+02  4.200187111E+02  1.013366908E+00 
       362  8.343109451E-02  2.215945322E-01  4.950276897E-02  1.027283538E+05  2.233172777E+02  3.411031525E+02  2.897848346E+02  3.921168456E+02  1.024755709E+00 
       363  8.646988642E-02  2.201046420E-01  5.141624103E-02  1.219966941E+05  2.091204805E+02  3.483233652E+02  3.021768565E+02  3.598164663E+02  1.055130379E+00 
       364  9.242245520E-02  2.169732682E-01  5.534503106E-02  1.185825981E+05  2.227208629E+02  3.496101542E+02  3.044073849E+02  3.511452608E+02  9.960319959E-01 
       365  9.533631835E-02  2.153857768E-01  5.738443174E-02  1.163502225E+05  2.233155007E+02  3.493638291E+02  3.039886980E+02  3.538921161E+02  9.921817770E-01 
       366  9.819952312E-02  2.138016843E-01  5.949569436E-02  1.166970322E+05  2.231483269E+02  3.501105900E+02  3.052900352E+02  3.511506042E+02  9.890087247E-01 
       367  1.009694591E-01  2.121295788E-01  6.167326851E-02  1.190188643E+05  2.247027569E+02  3.512269192E+02  3.072356977E+02  3.448931704E+02  9.783266541E-01 
       368  1.037116704E-01  2.105064985E-01  6.390540356E-02  1.205730083E+05  2.286317234E+02  3.524546528E+02  3.093904018E+02  3.391421528E+02  9.623990282E-01 
       369  1.064180189E-01  2.088777679E-01  6.618856681E-02  1.209338628E+05  2.355780230E+02  3.526877308E+02  3.098010368E+02  3.365841064E+02  9.383806251E-01 
       370  1.090480686E-01  2.071800512E-01  6.850700508E-02  1.211086372E+05  2.371659851E+02  3.530144444E+02  3.103799953E+02  3.326473312E+02  9.301131703E-01 
       371  1.116790455E-01  2.055210471E-01  7.084353951E-02  1.213881841E+05  2.382004247E+02  3.537524209E+02  3.116832261E+02  3.317636175E+02  9.253655672E-01 
       372  1.142974452E-01  2.038484190E-01  7.319785208E-02  1.217255293E+05  2.389146733E+02  3.543255672E+02  3.126991787E+02  3.309705009E+02  9.216176718E-01 
       373  1.168416696E-01  2.021295301E-01  7.558130371E-02  1.220182939E+05  2.379249973E+02  3.547080441E+02  3.133797359E+02  3.290338173E+02  9.232855700E-01 
       374  1.193277496E-01  2.004108846E-01  7.805168345E-02  1.223669575E+05  2.353341987E+02  3.546159124E+02  3.132164609E+02  3.275217957E+02  9.301700229E-01 
       375  1.217693779E-01  1.987784452E-01  8.060399866E-02  1.226540359E+05  2.314813781E+02  3.542108746E+02  3.124942970E+02  3.283251095E+02  9.417511672E-01 
       376  1.240793489E-01  1.970470446E-01  8.322373237E-02  1.229885015E+05  2.265403051E+02  3.537764339E+02  3.117209387E+02  3.289027424E+02  9.562904462E-01 
       377  1.263696524E-01  1.953872062E-01  8.590193330E-02  1.234313747E+05  2.216242374E+02  3.537179335E+02  3.116039562E+02  3.276148524E+02  9.703442687E-01 
       378  1.285811840E-01  1.937639536E-01  8.866989816E-02  1.234222732E+05  2.191446421E+02  3.520593281E+02  3.086753073E+02  3.353449650E+02  9.778892761E-01 
       379  1.378530526E-01  1.861918564E-01  1.119425893E-01  1.227070342E+05  2.213619595E+02  3.551439791E+02  3.140978289E+02  3.178361311E+02  9.697887823E-01 
       380  1.378280879E-01  1.861358471E-01  1.158380052E-01  1.221685488E+05  2.221535811E+02  3.562186432E+02  3.160011015E+02  3.056894588E+02  9.677598123E-01 
       381  1.378172244E-01  1.861105784E-01  1.197328496E-01  1.216383450E+05  2.270130768E+02  3.565293345E+02  3.165523162E+02  3.026223383E+02  9.524683077E-01 
       382  1.378137064E-01  1.861013403E-01  1.236281983E-01  1.221296947E+05  2.315234654E+02  3.559323525E+02  3.154954290E+02  3.129641805E+02  9.351859549E-01 
       383  1.378232998E-01  1.861207539E-01  1.275238734E-01  1.227214191E+05  2.316092749E+02  3.547894501E+02  3.134767157E+02  3.251053068E+02  9.366327470E-01 
       384  1.378388478E-01  1.861485149E-01  1.314192119E-01  1.229135397E+05  2.281655512E+02  3.534183692E+02  3.110602810E+02  3.347379475E+02  9.485880381E-01 
       385  1.378667705E-01  1.861922064E-01  1.353144338E-01  1.228659921E+05  2.237518822E+02  3.528527210E+02  3.100640993E+02  3.329208465E+02  9.612876032E-01 
       386  1.378917792E-01  1.862393165E-01  1.392095884E-01  1.228940380E+05  2.216398770E+02  3.526498839E+02  3.097046427E+02  3.314841559E+02  9.673123583E-01 
       387  1.379128913E-01  1.862912877E-01  1.431056120E-01  1.230181802E+05  2.212220104E+02  3.528551319E+02  3.099472774E+02  3.295041755E+02  9.684910260E-01 
       388  1.379274402E-01  1.863453723E-01  1.469999959E-01  1.231947729E+05  2.211115556E+02  3.536162033E+02  3.109308653E+02  3.237144747E+02  9.687739275E-01 
       389 -3.389247132E-02  1.007789921E-01 -4.300551245E-02  8.755548438E+04  1.538432789E+02  3.330695972E+02  2.762567711E+02  2.356390514E+02  8.595087081E-01 
       390 -3.372456358E-02  1.010433636E-01 -4.002223516E-02  8.746526032E+04  1.547848100E+02  3.329925655E+02  2.761290772E+02  2.367132866E+02  8.583258373E-01 
       391 -3.329024078E-02  1.014074167E-01 -3.707963811E-02  8.731728070E+04  1.550174017E+02  3.329613918E+02  2.760773204E+02  2.369841005E+02  8.583098697E-01 
       392 -3.255620303E-02  1.018883264E-01 -3.421559131E-02  8.719842603E+04  1.558433393E+02  3.328791381E+02  2.759408668E+02  2.378278048E+02  8.571389867E-01 
       393 -3.153373485E-02  1.024554568E-01 -3.145384174E-02  8.708054366E+04  1.566805777E+02  3.327917672E+02  2.757960217E+02  2.389189408E+02  8.568137826E-01 
       394 -3.028950121E-02  1.031058036E-01 -2.880322264E-02  8.699033365E+04  1.572590015E+02  3.327356538E+02  2.757030721E+02  2.391342226E+02  8.548319471E-01 
       395 -2.888173412E-02  1.037838005E-01 -2.624318977E-02  8.690904410E+04  1.579552781E+02  3.326851294E+02  2.756193611E+02  2.401395255E+02  8.549914084E-01 
       396 -2.733119538E-02  1.044792183E-01 -2.377110822E-02  8.684592132E+04  1.585378646E+02  3.326520886E+02  2.755645724E+02  2.407948470E+02  8.547081038E-01 
       397 -2.568342124E-02  1.052055751E-01 -2.135968630E-02  8.671506230E+04  1.590349824E+02  3.325926708E+02  2.754661625E+02  2.413266294E+02  8.544179320E-01 
       398 -2.397735570E-02  1.059146334E-01 -1.899049647E-02  8.652236838E+04  1.595950319E+02  3.325005132E+02  2.753135866E+02  2.426253908E+02  8.565030179E-01 
       399 -2.220871387E-02  1.066063154E-01 -1.667396516E-02  8.617852991E+04  1.605649396E+02  3.323115096E+02  2.750006546E+02  2.439370724E+02  8.562804323E-01 
       400 -2.041003203E-02  1.073389070E-01 -1.437512078E-02  8.564540656E+04  1.621386456E+02  3.320330324E+02  2.745399924E+02  2.466193490E+02  8.579913040E-01 
       401 -1.856976066E-02  1.079715131E-01 -1.211630566E-02  8.494332420E+04  1.653044908E+02  3.316037973E+02  2.738306862E+02  2.499348345E+02  8.531101075E-01 
       402 -1.670953655E-02  1.086522831E-01 -9.860640570E-03  8.432575451E+04  1.684739597E+02  3.312880644E+02  2.733093889E+02  2.527333752E+02  8.468031009E-01 
       403 -1.482329113E-02  1.093026603E-01 -7.620995183E-03  8.439044321E+04  1.708400009E+02  3.313546312E+02  2.734193182E+02  2.525124890E+02  8.340574654E-01 
       404 -1.292306254E-02  1.099268373E-01 -5.385291055E-03  8.532831494E+04  1.718344951E+02  3.318405437E+02  2.742220383E+02  2.502067375E+02  8.212384619E-01 
       405 -1.101845801E-02  1.105590611E-01 -3.137660868E-03  8.695790891E+04  1.702970441E+02  3.327657204E+02  2.757533631E+02  2.439986608E+02  8.090759970E-01 
       406 -9.120841472E-03  1.111701815E-01 -8.914052251E-04  8.954163632E+04  1.671973398E+02  3.341547282E+02  2.780604436E+02  2.353516341E+02  7.986119257E-01 
       407 -7.240675928E-03  1.117476218E-01  1.353994698E-03  9.302420798E+04  1.633138270E+02  3.359379526E+02  2.810365201E+02  2.227871731E+02  7.834279363E-01 
       408 -5.370549944E-03  1.123083196E-01  3.627204146E-03  9.657821875E+04  1.623693087E+02  3.378621049E+02  2.842648935E+02  2.082918856E+02  7.476591514E-01 
       409 -3.530590186E-03  1.128981262E-01  5.933484609E-03  9.868047922E+04  1.743542856E+02  3.386696894E+02  2.856254416E+02  2.024085405E+02  6.635531295E-01 
       410 -1.726912218E-03  1.134387153E-01  8.259926622E-03  9.816927148E+04  1.845285311E+02  3.386347771E+02  2.855659657E+02  2.030636625E+02  6.071409192E-01 
       411  3.734044288E-05  1.140039107E-01  1.062617763E-02  9.739874634E+04  1.942348557E+02  3.381986513E+02  2.848315248E+02  2.075427809E+02  5.664776182E-01 
       412  1.740848712E-03  1.145879687E-01  1.302702968E-02  9.655221645E+04  2.016225844E+02  3.377982225E+02  2.841569572E+02  2.115315680E+02  5.383081686E-01 
       413  3.387617433E-03  1.151172021E-01  1.547343878E-02  9.599957700E+04  2.085219350E+02  3.374554178E+02  2.835802449E+02  2.154714689E+02  5.135885803E-01 
       414  4.957112811E-03  1.157081541E-01  1.796238578E-02  9.541007019E+04  2.148874416E+02  3.372295289E+02  2.832009411E+02  2.182636833E+02  4.893042585E-01 
       415  6.462677552E-03  1.163151534E-01  2.048609031E-02  9.462476270E+04  2.218326659E+02  3.368007631E+02  2.824815159E+02  2.222677598E+02  4.662942206E-01 
       416  7.926557233E-03  1.168909271E-01  2.304605918E-02  9.398420898E+04  2.281613095E+02  3.363800459E+02  2.817759848E+02  2.263748803E+02  4.473342677E-01 
       417  9.338612782E-03  1.175119790E-01  2.562398907E-02  9.365522388E+04  2.332243905E+02  3.361746268E+02  2.814320191E+02  2.281735760E+02  4.282694177E-01 
       418  1.068984297E-02  1.181121478E-01  2.822455248E-02  9.346851474E+04  2.378439072E+02  3.360877215E+02  2.812862570E+02  2.299663324E+02  4.114845747E-01 
       419  1.198650266E-02  1.187330819E-01  3.085849659E-02  9.339583107E+04  2.420552164E+02  3.361035841E+02  2.813127073E+02  2.309877775E+02  3.947604446E-01 
       420  1.322982934E-02  1.193430432E-01  3.352159396E-02  9.341480836E+04  2.464178807E+02  3.360987561E+02  2.813046801E+02  2.317552516E+02  3.758930101E-01 
       421  1.439865389E-02  1.199672983E-01  3.621509854E-02  9.358745668E+04  2.504352815E+02  3.361364289E+02  2.813678082E+02  2.324284201E+02  3.587206263E-01 
       422  1.553995729E-02  1.205631245E-01  3.892438234E-02  9.400187518E+04  2.535905641E+02  3.363216677E+02  2.816781253E+02  2.322480209E+02  3.433260483E-01 
       423  1.662952250E-02  1.211745408E-01  4.165332372E-02  9.450265643E+04  2.562796961E+02  3.365657095E+02  2.820871664E+02  2.313757312E+02  3.280944903E-01 
       424  1.764894372E-02  1.217373945E-01  4.441857664E-02  9.518913376E+04  2.581948032E+02  3.369453583E+02  2.827243159E+02  2.294619436E+02  3.132138869E-01 
       425  1.861873940E-02  1.222791769E-01  4.720617614E-02  9.621104807E+04  2.597088612E+02  3.374803504E+02  2.836225349E+02  2.265126674E+02  2.965691272E-01 
       426  1.950820179E-02  1.228336643E-01  5.001741530E-02  9.727003192E+04  2.612507011E+02  3.379975543E+02  2.844924554E+02  2.234310702E+02  2.793680049E-01 
       427  2.036944420E-02  1.233245632E-01  5.285072558E-02  9.837257190E+04  2.631184328E+02  3.384846283E+02  2.853131500E+02  2.213919421E+02  2.637158637E-01 
       428  2.117157025E-02  1.238295963E-01  5.569831964E-02  9.957129553E+04  2.645645833E+02  3.390537009E+02  2.862734766E+02  2.186602952E+02  2.481578183E-01 
       429  2.190592593E-02  1.242947792E-01  5.857026217E-02  1.006614639E+05  2.660068741E+02  3.395899534E+02  2.871795168E+02  2.158649244E+02  2.320443513E-01 
       430  2.257248913E-02  1.247551336E-01  6.145961794E-02  1.016153115E+05  2.677206211E+02  3.400415211E+02  2.879436121E+02  2.133216219E+02  2.153403023E-01 
       431  2.314781749E-02  1.251835029E-01  6.437124902E-02  1.023867456E+05  2.698410668E+02  3.403787861E+02  2.885149465E+02  2.112835398E+02  1.976935081E-01 
       432  2.363318974E-02  1.255957621E-01  6.730774801E-02  1.029774663E+05  2.721529171E+02  3.406623747E+02  2.889957895E+02  2.097996542E+02  1.808571181E-01 
       433  2.402789138E-02  1.260195069E-01  7.025072331E-02  1.033793711E+05  2.748342085E+02  3.408780251E+02  2.893617535E+02  2.090018625E+02  1.643187124E-01 
       434  2.431727977E-02  1.264030352E-01  7.321094069E-02  1.036021504E+05  2.778020344E+02  3.410209217E+02  2.896044617E+02  2.087656860E+02  1.477946127E-01 
       435  2.453016930E-02  1.268032789E-01  7.617447467E-02  1.036353088E+05  2.810887504E+02  3.410767136E+02  2.896992750E+02  2.091266499E+02  1.316322905E-01 
       436  2.462079541E-02  1.271795605E-01  7.915094878E-02  1.034676141E+05  2.848341284E+02  3.409977820E+02  2.895651867E+02  2.103163155E+02  1.156241859E-01 
       437  2.463902970E-02  1.275610820E-01  8.212637731E-02  1.029794617E+05  2.886747317E+02  3.408270659E+02  2.892753234E+02  2.125326767E+02  1.033055075E-01 
       438  2.457492051E-02  1.279220853E-01  8.510260082E-02  1.021178148E+05  2.930181025E+02  3.404381999E+02  2.886156497E+02  2.163855693E+02  9.450883106E-02 
       439  2.441429013E-02  1.282749863E-01  8.807550525E-02  1.008911786E+05  2.971712042E+02  3.398394589E+02  2.876013569E+02  2.212511665E+02  9.121830380E-02 
       440  2.420234297E-02  1.286273229E-01  9.105186832E-02  1.000406224E+05  2.980084977E+02  3.394548458E+02  2.869506905E+02  2.247046461E+02  1.024097296E-01 
       441  2.388558350E-02  1.289647853E-01  9.401845916E-02  1.000314585E+05  2.966457008E+02  3.394366329E+02  2.869197634E+02  2.254201186E+02  1.152153865E-01 
       442  2.351928731E-02  1.293134864E-01  9.696958543E-02  1.004274397E+05  2.942824325E+02  3.396242656E+02  2.872371158E+02  2.242477744E+02  1.264830699E-01 
       443  2.306449285E-02  1.296327241E-01  9.991680403E-02  1.011431829E+05  2.914852715E+02  3.399814920E+02  2.878416672E+02  2.217609529E+02  1.347907349E-01 
       444  2.257188759E-02  1.299515661E-01  1.028605699E-01  1.020157900E+05  2.885197468E+02  3.403760824E+02  2.885102692E+02  2.188067884E+02  1.424067519E-01 
       445  2.201092100E-02  1.302726916E-01  1.057899135E-01  1.030527710E+05  2.857513598E+02  3.408623405E+02  2.893351046E+02  2.149502132E+02  1.455197746E-01 
       446  2.143382683E-02  1.305960230E-01  1.087107054E-01  1.041617755E+05  2.829059180E+02  3.414557219E+02  2.903433775E+02  2.109111526E+02  1.487601253E-01 
       447  2.076802587E-02  1.309307408E-01  1.116221513E-01  1.051178110E+05  2.808008289E+02  3.420095901E+02  2.912861290E+02  2.068928537E+02  1.477751955E-01 
       448  2.010215597E-02  1.312657467E-01  1.145293522E-01  1.059232153E+05  2.791379271E+02  3.424942684E+02  2.921121798E+02  2.031607213E+02  1.454534894E-01 
       449  1.945135245E-02  1.316056955E-01  1.174374795E-01  1.066343412E+05  2.776912813E+02  3.429148827E+02  2.928301628E+02  2.004429657E+02  1.460057158E-01 
       450  1.885387307E-02  1.319548677E-01  1.203553293E-01  1.071816947E+05  2.768645329E+02  3.431690450E+02  2.932643638E+02  1.990266584E+02  1.478355745E-01 
       451  1.837479322E-02  1.322913677E-01  1.233018373E-01  1.075793677E+05  2.759712696E+02  3.433957462E+02  2.936520643E+02  1.979243321E+02  1.514372625E-01 
       452  1.811263581E-02  1.325954541E-01  1.262715907E-01  1.077207646E+05  2.755251951E+02  3.435009756E+02  2.938320208E+02  1.978171282E+02  1.559399739E-01 
       453  1.805653049E-02  1.328847135E-01  1.292554963E-01  1.077108489E+05  2.755983963E+02  3.435186386E+02  2.938622370E+02  1.986324224E+02  1.607507849E-01 
       454  1.819877737E-02  1.331672438E-01  1.322380588E-01  1.075680619E+05  2.759868517E+02  3.434897722E+02  2.938127786E+02  2.000442630E+02  1.657911884E-01 
       455  1.852494771E-02  1.334510277E-01  1.352129826E-01  1.073568609E+05  2.765652128E+02  3.434299899E+02  2.937104763E+02  2.016834035E+02  1.706490505E-01 
       456  1.890761882E-02  1.337081709E-01  1.381756048E-01  1.070931622E+05  2.773830689E+02  3.433333415E+02  2.935451754E+02  2.033593616E+02  1.739641194E-01 
       457  1.937808835E-02  1.339540030E-01  1.411279949E-01  1.068129097E+05  2.781264200E+02  3.432525492E+02  2.934070907E+02  2.052555943E+02  1.785197633E-01 
       458  1.989552602E-02  1.341916383E-01  1.440726902E-01  1.065500445E+05  2.791644436E+02  3.431255953E+02  2.931901069E+02  2.071668536E+02  1.813246468E-01 
       459  2.048114376E-02  1.344526817E-01  1.469999956E-01  1.062991860E+05  2.805604296E+02  3.429324999E+02  2.928647118E+02  2.095655384E+02  1.833449835E-01 
       460 -4.772920012E-02  1.664853148E-01 -4.258181757E-02  8.244620132E+04  1.815709922E+02  3.302408782E+02  2.715842676E+02  3.428566864E+02  1.012642214E+00 
       461 -4.770031945E-02  1.666117663E-01 -3.916302660E-02  8.226501477E+04  1.815615960E+02  3.301602550E+02  2.714518665E+02  3.428998764E+02  1.012869722E+00 
       462 -4.768621633E-02  1.667606858E-01 -3.574527808E-02  8.191832092E+04  1.829720802E+02  3.299122310E+02  2.710443010E+02  3.449937425E+02  1.011849342E+00 
       463 -4.773671611E-02  1.669008759E-01 -3.232563070E-02  8.148593970E+04  1.845883622E+02  3.296055260E+02  2.705405617E+02  3.474506598E+02  1.010772649E+00 
       464 -4.779814392E-02  1.670685917E-01 -2.890641835E-02  8.088925244E+04  1.853434172E+02  3.293418665E+02  2.701079416E+02  3.479032440E+02  1.009108935E+00 
       465 -4.772832030E-02  1.672854950E-01 -2.549705171E-02  8.014751648E+04  1.879008470E+02  3.288736715E+02  2.693407855E+02  3.503666081E+02  1.005016677E+00 
       466 -4.733274936E-02  1.676197526E-01 -2.211766833E-02  7.955817920E+04  1.916000142E+02  3.283962393E+02  2.685590510E+02  3.539381304E+02  9.990215655E-01 
       467 -4.646629434E-02  1.680852894E-01 -1.884685997E-02  7.947034430E+04  1.933877816E+02  3.284228131E+02  2.686024910E+02  3.541237561E+02  9.934180458E-01 
       468 -4.497458874E-02  1.687177674E-01 -1.583913045E-02  8.105133740E+04  1.915113187E+02  3.294416504E+02  2.702731524E+02  3.487781334E+02  9.907375593E-01 
       469 -4.311049959E-02  1.694263862E-01 -1.306511329E-02  8.431195923E+04  1.864301701E+02  3.312180767E+02  2.731969366E+02  3.390202141E+02  9.926724657E-01 
       470 -4.101650432E-02  1.701661907E-01 -1.047820325E-02  8.736775977E+04  1.796319065E+02  3.328772030E+02  2.759382133E+02  3.318578434E+02  1.004657738E+00 
       471 -3.872443978E-02  1.709287414E-01 -8.043812788E-03  8.759089917E+04  1.774445753E+02  3.328878403E+02  2.759562075E+02  3.317657409E+02  1.011816190E+00 
       472 -3.634257562E-02  1.716543837E-01 -5.706210795E-03  8.535562695E+04  1.793726377E+02  3.316729755E+02  2.739472637E+02  3.383566608E+02  1.015351616E+00 
       473 -3.384972842E-02  1.724025179E-01 -3.469956820E-03  8.149820599E+04  1.868425927E+02  3.295162840E+02  2.703968368E+02  3.498878386E+02  1.009567925E+00 
       474 -3.133060076E-02  1.731099844E-01 -1.271304633E-03  7.706817032E+04  1.964501108E+02  3.269975064E+02  2.662807018E+02  3.620648422E+02  9.995390861E-01 
       475 -2.873453975E-02  1.737912906E-01  8.535856133E-04  7.326552002E+04  2.070120597E+02  3.245192566E+02  2.622608452E+02  3.727767048E+02  9.849583469E-01 
       476 -2.611690126E-02  1.744247281E-01  2.958268427E-03  7.092735352E+04  2.127624283E+02  3.231538110E+02  2.600558834E+02  3.790711079E+02  9.786754586E-01 
       477 -2.348835128E-02  1.750433393E-01  5.058280838E-03  6.972505225E+04  2.179112498E+02  3.222066053E+02  2.585366485E+02  3.844273864E+02  9.721928500E-01 
       478 -2.083113736E-02  1.756162102E-01  7.133742148E-03  6.943518579E+04  2.180959659E+02  3.222808990E+02  2.586545625E+02  3.825563049E+02  9.680636059E-01 
       479 -1.816607045E-02  1.761555279E-01  9.209141426E-03  6.969778247E+04  2.215710344E+02  3.223095779E+02  2.586986570E+02  3.838039131E+02  9.584613815E-01 
       480 -1.549262448E-02  1.766467189E-01  1.128626304E-02  7.234430029E+04  2.210286303E+02  3.241546850E+02  2.616748924E+02  3.759787970E+02  9.436265640E-01 
       481 -1.281959455E-02  1.771087169E-01  1.337222607E-02  8.243795477E+04  2.132428622E+02  3.302705200E+02  2.716572428E+02  3.486548605E+02  9.189861519E-01 
       482 -1.015361520E-02  1.775059034E-01  1.547159933E-02  9.776161785E+04  2.060425830E+02  3.383173097E+02  2.850364155E+02  3.058506621E+02  8.788536324E-01 
       483 -7.491200012E-03  1.778633735E-01  1.757589553E-02  9.505279907E+04  2.208711820E+02  3.368194036E+02  2.825152292E+02  3.147740412E+02  8.391064946E-01 
       484 -4.837064878E-03  1.782590199E-01  1.971143984E-02  8.955618359E+04  2.321643944E+02  3.339138269E+02  2.776616192E+02  3.314604101E+02  8.267043456E-01 
       485 -2.188499166E-03  1.785530451E-01  2.185094162E-02  8.877563959E+04  2.303360227E+02  3.339581976E+02  2.777369505E+02  3.337306235E+02  8.362144039E-01 
       486  4.329096806E-04  1.787998193E-01  2.404680664E-02  8.915197266E+04  2.339638557E+02  3.339770508E+02  2.777649231E+02  3.328810520E+02  8.218559027E-01 
       487  3.027224691E-03  1.790317150E-01  2.627094405E-02  8.938440472E+04  2.368032954E+02  3.342350655E+02  2.781941791E+02  3.324896157E+02  8.113841484E-01 
       488  5.626976121E-03  1.792222402E-01  2.847807669E-02  9.024350146E+04  2.400317740E+02  3.346261997E+02  2.788463731E+02  3.324706571E+02  8.006525449E-01 
       489  8.191038637E-03  1.793338257E-01  3.074695743E-02  9.210295325E+04  2.418781662E+02  3.355120912E+02  2.803259408E+02  3.289738240E+02  7.886769269E-01 
       490  1.074058355E-02  1.794129340E-01  3.303046409E-02  9.534702577E+04  2.414611211E+02  3.370556470E+02  2.829127195E+02  3.205853366E+02  7.771569642E-01 
       491  1.325979491E-02  1.793970135E-01  3.532576038E-02  9.947242224E+04  2.387989209E+02  3.389890699E+02  2.861683116E+02  3.092491088E+02  7.697307710E-01 
       492  1.577166567E-02  1.793535417E-01  3.765132951E-02  1.032427048E+05  2.354025397E+02  3.407683029E+02  2.891789007E+02  3.005458994E+02  7.695813719E-01 
       493  1.825553626E-02  1.792503646E-01  4.000403552E-02  1.058289131E+05  2.336846964E+02  3.419898672E+02  2.912540464E+02  2.940816879E+02  7.672425946E-01 
       494  2.071273564E-02  1.790845686E-01  4.238164633E-02  1.076453999E+05  2.331489805E+02  3.429037886E+02  2.928128442E+02  2.862378103E+02  7.596564239E-01 
       495  2.315348782E-02  1.789033294E-01  4.476881837E-02  1.099189301E+05  2.317746375E+02  3.440909934E+02  2.948436842E+02  2.793812523E+02  7.565589529E-01 
       496  2.554611962E-02  1.786610662E-01  4.720294885E-02  1.124446226E+05  2.311874180E+02  3.451811161E+02  2.967154007E+02  2.740332890E+02  7.531133518E-01 
       497  2.790553153E-02  1.783591187E-01  4.966367300E-02  1.143787732E+05  2.307212420E+02  3.459912977E+02  2.981093626E+02  2.687521439E+02  7.493990678E-01 
       498  3.023553076E-02  1.780531658E-01  5.215009418E-02  1.156298933E+05  2.301726425E+02  3.465502794E+02  2.990726283E+02  2.650951750E+02  7.477397220E-01 
       499  3.255140683E-02  1.777481834E-01  5.464573084E-02  1.165212883E+05  2.300322702E+02  3.469559593E+02  2.997731941E+02  2.645530008E+02  7.477226653E-01 
       500  3.480321611E-02  1.773622653E-01  5.719033452E-02  1.173763255E+05  2.305526119E+02  3.472333074E+02  3.002524481E+02  2.619035497E+02  7.430951484E-01 
       501  3.704366447E-02  1.769956776E-01  5.978074099E-02  1.181119338E+05  2.309354632E+02  3.474835327E+02  3.006852198E+02  2.582303212E+02  7.384155709E-01 
       502  3.923116288E-02  1.766153691E-01  6.237867612E-02  1.186452357E+05  2.308563368E+02  3.477495179E+02  3.011456394E+02  2.565959706E+02  7.374805324E-01 
       503  4.136429871E-02  1.761773997E-01  6.501205622E-02  1.190229102E+05  2.311554641E+02  3.479579792E+02  3.015066917E+02  2.555301754E+02  7.354993243E-01 
       504  4.348069858E-02  1.757484529E-01  6.766046190E-02  1.192536018E+05  2.319579396E+02  3.481042862E+02  3.017601681E+02  2.549030366E+02  7.320528384E-01 
       505  4.554226392E-02  1.753162813E-01  7.034950997E-02  1.193730776E+05  2.324157467E+02  3.482472448E+02  3.020080900E+02  2.542045307E+02  7.299556192E-01 
       506  4.756665315E-02  1.748560179E-01  7.306168772E-02  1.193453322E+05  2.330336854E+02  3.482546062E+02  3.020208459E+02  2.541007609E+02  7.276650490E-01 
       507  4.956604909E-02  1.743615796E-01  7.580968578E-02  1.191543437E+05  2.336447715E+02  3.481331739E+02  3.018102597E+02  2.551900877E+02  7.264654334E-01 
       508  5.152654947E-02  1.738670862E-01  7.855886540E-02  1.188804058E+05  2.337263997E+02  3.479936168E+02  3.015683394E+02  2.558604177E+02  7.270297445E-01 
       509  5.347325952E-02  1.733659220E-01  8.131742073E-02  1.186993035E+05  2.338109947E+02  3.479000244E+02  3.014060482E+02  2.562121601E+02  7.274256853E-01 
       510  5.541917190E-02  1.728212690E-01  8.412523757E-02  1.190447592E+05  2.337152412E+02  3.480231399E+02  3.016195013E+02  2.556640729E+02  7.274973147E-01 
       511  5.731737707E-02  1.722438844E-01  8.698058411E-02  1.195762042E+05  2.337076116E+02  3.482914999E+02  3.020849817E+02  2.544396367E+02  7.265860799E-01 
       512  5.917186437E-02  1.716911252E-01  8.979478553E-02  1.198066566E+05  2.340566260E+02  3.483951403E+02  3.022648471E+02  2.539547029E+02  7.250481129E-01 
       513  6.096387184E-02  1.711643945E-01  9.255110888E-02  1.198651468E+05  2.348864450E+02  3.484017768E+02  3.022764001E+02  2.538397276E+02  7.218480150E-01 
       514  6.270700241E-02  1.705757992E-01  9.544380808E-02  1.197470774E+05  2.359719715E+02  3.483372555E+02  3.021644025E+02  2.539379959E+02  7.176787127E-01 
       515  6.442263795E-02  1.699823167E-01  9.834544530E-02  1.195596116E+05  2.368733218E+02  3.482458176E+02  3.020056514E+02  2.544390524E+02  7.146853801E-01 
       516  6.612271722E-02  1.694054111E-01  1.012510921E-01  1.194012744E+05  2.374683676E+02  3.481757755E+02  3.018842099E+02  2.549560599E+02  7.131520803E-01 
       517  6.776083839E-02  1.688452726E-01  1.042003507E-01  1.192459965E+05  2.381067371E+02  3.481004452E+02  3.017536305E+02  2.555674187E+02  7.116651258E-01 
       518  6.936215302E-02  1.682812898E-01  1.071729988E-01  1.190634534E+05  2.388759134E+02  3.480204424E+02  3.016150303E+02  2.563772433E+02  7.098037293E-01 
       519  7.082677073E-02  1.677321085E-01  1.102128146E-01  1.188672036E+05  2.396713611E+02  3.479587390E+02  3.015083084E+02  2.575280164E+02  7.080016141E-01 
       520  7.220712168E-02  1.672497044E-01  1.133584680E-01  1.187025778E+05  2.404255162E+02  3.479489769E+02  3.014913459E+02  2.586985904E+02  7.065573722E-01 
       521  7.342602904E-02  1.668557431E-01  1.165154693E-01  1.185569807E+05  2.407364038E+02  3.480550208E+02  3.016750772E+02  2.585418785E+02  7.057439820E-01 
       522  7.439926912E-02  1.665467988E-01  1.197652411E-01  1.184931178E+05  2.409312730E+02  3.482368536E+02  3.019906917E+02  2.575393994E+02  7.046297770E-01 
       523  7.498839543E-02  1.664581038E-01  1.231239650E-01  1.184308467E+05  2.407947330E+02  3.484682827E+02  3.023926373E+02  2.562751141E+02  7.045634314E-01 
       524  7.530423640E-02  1.665023734E-01  1.265249777E-01  1.184548923E+05  2.409126434E+02  3.485639620E+02  3.025586314E+02  2.557191582E+02  7.038082192E-01 
       525  7.543612494E-02  1.666233331E-01  1.299370256E-01  1.181949834E+05  2.426574650E+02  3.483048553E+02  3.021083202E+02  2.595338573E+02  7.009799369E-01 
       526  7.553122174E-02  1.667952118E-01  1.333496155E-01  1.180670562E+05  2.441059651E+02  3.480193644E+02  3.016133618E+02  2.615183635E+02  6.982960878E-01 
       527  7.566054780E-02  1.669469890E-01  1.367626796E-01  1.179687634E+05  2.441120729E+02  3.480848475E+02  3.017268038E+02  2.598228970E+02  6.968405936E-01 
       528  7.583993244E-02  1.671002891E-01  1.401745263E-01  1.179089694E+05  2.440042167E+02  3.483800013E+02  3.022393965E+02  2.593450003E+02  6.977031543E-01 
       529  7.600645069E-02  1.672586086E-01  1.435869327E-01  1.177997054E+05  2.438883820E+02  3.488910792E+02  3.031296966E+02  2.579384670E+02  6.988988677E-01 
       530  7.611546960E-02  1.674572299E-01  1.470000031E-01  1.178922970E+05  2.383727012E+02  3.500596755E+02  3.052594118E+02  2.476189921E+02  7.139857314E-01 
       531 -5.220359409E-02  2.342994603E-01 -4.210986580E-02  8.172952286E+04  1.825490292E+02  3.296899519E+02  2.707607179E+02  4.445865339E+02  1.147713702E+00 
       532 -5.220192467E-02  2.343108577E-01 -3.821952920E-02  8.082798666E+04  1.856787146E+02  3.292029241E+02  2.698800640E+02  4.465203223E+02  1.142018749E+00 
       533 -5.220302368E-02  2.343278434E-01 -3.432921672E-02  8.075036908E+04  1.861871150E+02  3.292170914E+02  2.699032278E+02  4.465512295E+02  1.140820732E+00 
       534 -5.220531674E-02  2.343446645E-01 -3.043898101E-02  8.182191243E+04  1.834783845E+02  3.299072164E+02  2.710374073E+02  4.432234942E+02  1.144177293E+00 
       535 -5.220735409E-02  2.343651870E-01 -2.654892396E-02  8.375067773E+04  1.788400812E+02  3.310347729E+02  2.728937378E+02  4.394974747E+02  1.151965059E+00 
       536 -5.221355576E-02  2.343966826E-01 -2.266385481E-02  8.544046222E+04  1.746706920E+02  3.319315476E+02  2.743729134E+02  4.370230028E+02  1.159985067E+00 
       537 -5.221196162E-02  2.344309954E-01 -1.877454498E-02  8.573913973E+04  1.725613630E+02  3.320420330E+02  2.745557094E+02  4.355018009E+02  1.163762989E+00 
       538 -5.222596507E-02  2.344687402E-01 -1.488167101E-02  8.431784666E+04  1.742812151E+02  3.312336057E+02  2.732218626E+02  4.377890706E+02  1.161675644E+00 
       539 -5.222923531E-02  2.345160018E-01 -1.099302079E-02  8.172702667E+04  1.811849011E+02  3.296946845E+02  2.706905615E+02  4.450077555E+02  1.152133588E+00 
       540 -5.210275326E-02  2.345957540E-01 -7.104134264E-03  7.922274963E+04  1.892113637E+02  3.283214390E+02  2.684380548E+02  4.504533782E+02  1.138687469E+00 
       541 -5.114101036E-02  2.348545508E-01 -3.375994418E-03  7.868785941E+04  1.918373538E+02  3.281038272E+02  2.680815366E+02  4.508309851E+02  1.132977411E+00 
       542 -4.917766965E-02  2.353023755E-01 -5.047413344E-05  7.999839941E+04  1.876811056E+02  3.289847860E+02  2.695239706E+02  4.477519197E+02  1.141744055E+00 
       543 -4.661414278E-02  2.358651253E-01  2.823323178E-03  8.165426624E+04  1.833182986E+02  3.300266232E+02  2.712336373E+02  4.449501553E+02  1.150013771E+00 
       544 -4.374488282E-02  2.364440537E-01  5.350106892E-03  8.443218176E+04  1.769012814E+02  3.316454062E+02  2.739020691E+02  4.398033395E+02  1.160202614E+00 
       545 -4.059796688E-02  2.370222596E-01  7.583171126E-03  8.832468048E+04  1.667916582E+02  3.335309312E+02  2.770239918E+02  4.310370822E+02  1.176113551E+00 
       546 -3.738701819E-02  2.375676250E-01  9.702642239E-03  8.710292755E+04  1.691871917E+02  3.328061862E+02  2.758237889E+02  4.328406024E+02  1.170985247E+00 
       547 -3.407522408E-02  2.380263225E-01  1.169481074E-02  8.192975232E+04  1.835881720E+02  3.300360856E+02  2.712520776E+02  4.419268517E+02  1.143848868E+00 
       548 -3.073065008E-02  2.384984497E-01  1.361793802E-02  7.996414325E+04  1.883250399E+02  3.290469298E+02  2.696246912E+02  4.482147985E+02  1.138229833E+00 
       549 -2.732884007E-02  2.388770261E-01  1.546643341E-02  8.143603125E+04  1.848712187E+02  3.297599759E+02  2.707958250E+02  4.430396075E+02  1.141161853E+00 
       550 -2.390908864E-02  2.392176502E-01  1.728468609E-02  8.198599971E+04  1.832556169E+02  3.301047951E+02  2.713621883E+02  4.422847784E+02  1.144286231E+00 
       551 -2.044822495E-02  2.394794424E-01  1.908927170E-02  8.132924594E+04  1.851551070E+02  3.298030808E+02  2.708659492E+02  4.417818611E+02  1.139954727E+00 
       552 -1.699643969E-02  2.397114515E-01  2.086461287E-02  8.084445166E+04  1.870305591E+02  3.295570378E+02  2.704634843E+02  4.454751663E+02  1.139759311E+00 
       553 -1.354033893E-02  2.398615604E-01  2.263394957E-02  8.071258984E+04  1.870140715E+02  3.294477654E+02  2.702859955E+02  4.445286541E+02  1.139736921E+00 
       554 -1.007792796E-02  2.399171479E-01  2.439846914E-02  8.094595789E+04  1.869183927E+02  3.295308757E+02  2.704222760E+02  4.436076365E+02  1.140730754E+00 
       555 -6.592279415E-03  2.399646350E-01  2.619220728E-02  8.027322363E+04  1.883128772E+02  3.290539026E+02  2.696385117E+02  4.446648073E+02  1.139795065E+00 
       556 -3.124907716E-03  2.398994093E-01  2.794309000E-02  7.945434082E+04  1.885765085E+02  3.287379284E+02  2.691198063E+02  4.455115051E+02  1.141866691E+00 
       557  3.338943067E-04  2.398017910E-01  2.968583889E-02  1.024890267E+05  2.131908010E+02  3.403895622E+02  2.885477723E+02  3.942444973E+02  1.036019039E+00 
       558  3.794068913E-03  2.396169640E-01  3.144821874E-02  9.969483008E+04  2.135884528E+02  3.392788730E+02  2.866634097E+02  4.039947834E+02  1.042524030E+00 
       559  7.248441593E-03  2.393064044E-01  3.320284907E-02  9.553316211E+04  2.114999666E+02  3.376329002E+02  2.838844128E+02  4.148851337E+02  1.057845388E+00 
       560  1.068879679E-02  2.389885178E-01  3.498866898E-02  9.223628906E+04  2.147754135E+02  3.358881216E+02  2.809567699E+02  4.199982786E+02  1.053638857E+00 
       561  1.412543948E-02  2.386075767E-01  3.676435012E-02  8.952314209E+04  2.149807701E+02  3.346789331E+02  2.789355040E+02  4.253383284E+02  1.056498311E+00 
       562  1.753589177E-02  2.380598424E-01  3.855175648E-02  8.868024854E+04  2.171575832E+02  3.344129143E+02  2.784943180E+02  4.273662682E+02  1.054116197E+00 
       563  2.093820079E-02  2.375000001E-01  4.035454522E-02  9.164814941E+04  2.180487547E+02  3.359842119E+02  2.811247387E+02  4.229431057E+02  1.048539247E+00 
       564  2.432947450E-02  2.368878370E-01  4.215773147E-02  1.033346878E+05  2.091250024E+02  3.419686339E+02  2.912524356E+02  3.975880508E+02  1.054146368E+00 
       565  2.770729830E-02  2.361795572E-01  4.394886350E-02  1.240484241E+05  1.976212759E+02  3.506342559E+02  3.061987538E+02  3.516706181E+02  1.069938792E+00 
       566  3.105826597E-02  2.354459967E-01  4.578622705E-02  1.315315836E+05  1.957129760E+02  3.533331370E+02  3.108971682E+02  3.360085678E+02  1.070202115E+00 
       567  3.438758923E-02  2.346372217E-01  4.762879820E-02  1.244642157E+05  2.004242794E+02  3.506433093E+02  3.061842376E+02  3.514497939E+02  1.053568698E+00 
       568  3.771502906E-02  2.337669833E-01  4.947240569E-02  1.178599144E+05  2.023284893E+02  3.484502318E+02  3.023616083E+02  3.644908633E+02  1.049472241E+00 
       569  4.101460083E-02  2.329246351E-01  5.135281935E-02  1.187374657E+05  2.018230801E+02  3.490730143E+02  3.034438224E+02  3.587786341E+02  1.048549082E+00 
       570  4.428347740E-02  2.319960665E-01  5.324515281E-02  1.229219241E+05  2.030034300E+02  3.506669424E+02  3.062207623E+02  3.474316502E+02  1.043126282E+00 
       571  4.749748393E-02  2.310181580E-01  5.520824782E-02  1.249458232E+05  2.040851483E+02  3.514264755E+02  3.075477767E+02  3.447235255E+02  1.040193411E+00 
       572  5.066691057E-02  2.300652086E-01  5.723980181E-02  1.248308362E+05  2.046144033E+02  3.514881270E+02  3.076559188E+02  3.435128260E+02  1.036995869E+00 
       573  5.379140778E-02  2.290521307E-01  5.932353399E-02  1.248254183E+05  2.072276915E+02  3.514502329E+02  3.075895292E+02  3.408870486E+02  1.027441117E+00 
       574  5.683956615E-02  2.279793322E-01  6.149869556E-02  1.254014482E+05  2.118256807E+02  3.515261497E+02  3.077221060E+02  3.376702194E+02  1.014307607E+00 
       575  5.985072913E-02  2.269370111E-01  6.373374277E-02  1.255922227E+05  2.156650057E+02  3.514271736E+02  3.075491524E+02  3.413237076E+02  1.005075626E+00 
       576  6.280959972E-02  2.258492183E-01  6.601505396E-02  1.250200442E+05  2.182065321E+02  3.511568325E+02  3.070763767E+02  3.489523311E+02  9.988827837E-01 
       577  6.573461678E-02  2.247295145E-01  6.832363097E-02  1.243012858E+05  2.214795785E+02  3.508534880E+02  3.065457277E+02  3.502319908E+02  9.869033629E-01 
       578  6.865501872E-02  2.236625994E-01  7.064894084E-02  1.235739731E+05  2.258540123E+02  3.506448326E+02  3.061810700E+02  3.468053074E+02  9.709044325E-01 
       579  7.151541969E-02  2.224865137E-01  7.302188293E-02  1.221473296E+05  2.298371534E+02  3.503854132E+02  3.057283282E+02  3.460804787E+02  9.569942374E-01 
       580  7.433322259E-02  2.213060150E-01  7.543149031E-02  1.213982549E+05  2.311698585E+02  3.505814800E+02  3.060718021E+02  3.471110334E+02  9.526687786E-01 
       581  7.711325138E-02  2.201536844E-01  7.789825066E-02  1.229345668E+05  2.343034841E+02  3.513987085E+02  3.074996979E+02  3.423873386E+02  9.397386665E-01 
       582  7.981655167E-02  2.189959972E-01  8.044372180E-02  1.232037579E+05  2.361933525E+02  3.517385473E+02  3.080961895E+02  3.398256717E+02  9.310785085E-01 
       583  8.242371870E-02  2.177951216E-01  8.306797326E-02  1.228163506E+05  2.363391104E+02  3.515342083E+02  3.077388554E+02  3.384320259E+02  9.282393344E-01 
       584  8.497819178E-02  2.166305248E-01  8.576177505E-02  1.225888907E+05  2.366560268E+02  3.512532805E+02  3.072461735E+02  3.382349139E+02  9.261887698E-01 
       585  8.747465708E-02  2.155008942E-01  8.852176985E-02  1.223774607E+05  2.346200018E+02  3.513885202E+02  3.074834919E+02  3.382090545E+02  9.315904267E-01 
       586  8.983863293E-02  2.143275504E-01  9.137087988E-02  1.222338840E+05  2.319920051E+02  3.513923764E+02  3.074895091E+02  3.391853213E+02  9.389041439E-01 
       587  9.211779941E-02  2.131724912E-01  9.430579148E-02  1.223695724E+05  2.286131738E+02  3.513521671E+02  3.074184664E+02  3.399608080E+02  9.485772912E-01 
       588  9.424446159E-02  2.121023496E-01  9.738772987E-02  1.226245304E+05  2.258158834E+02  3.511816944E+02  3.071206138E+02  3.407234124E+02  9.570434210E-01 
       589  9.610967173E-02  2.111612431E-01  1.006666829E-01  1.228026745E+05  2.221655079E+02  3.510723932E+02  3.069297613E+02  3.412175181E+02  9.677951683E-01 
       590  9.742401869E-02  2.103903297E-01  1.042235364E-01  1.228227537E+05  2.193321295E+02  3.509094557E+02  3.066451574E+02  3.415942953E+02  9.758641232E-01 
       591  9.764724840E-02  2.101688920E-01  1.080985861E-01  1.228186001E+05  2.185841506E+02  3.508084917E+02  3.064696841E+02  3.413687968E+02  9.780265484E-01 
       592  9.763062643E-02  2.101108570E-01  1.119846410E-01  1.227130818E+05  2.193281646E+02  3.509128561E+02  3.066540739E+02  3.403717876E+02  9.755658333E-01 
       593  9.759894170E-02  2.100363093E-01  1.158782398E-01  1.225848256E+05  2.210142033E+02  3.515262420E+02  3.077282460E+02  3.400295732E+02  9.703648919E-01 
       594  9.760335841E-02  2.100041055E-01  1.197683889E-01  1.226011501E+05  2.225913945E+02  3.526472557E+02  3.096944996E+02  3.315490917E+02  9.644654843E-01 
       595  9.760552297E-02  2.099886023E-01  1.236588659E-01  1.226058797E+05  2.233699258E+02  3.540516699E+02  3.121647451E+02  3.152555124E+02  9.626566670E-01 
       596  9.760989540E-02  2.100145164E-01  1.275491461E-01  1.227602296E+05  2.254402895E+02  3.551135180E+02  3.140381351E+02  2.995179704E+02  9.587572686E-01 
       597  9.760550437E-02  2.100148949E-01  1.314412195E-01  1.229094272E+05  2.269215775E+02  3.557858992E+02  3.152294674E+02  2.977254925E+02  9.541082904E-01 
       598  9.762031038E-02  2.101034915E-01  1.353312483E-01  1.229085471E+05  2.285235755E+02  3.558883833E+02  3.154171684E+02  3.085753812E+02  9.457376585E-01 
       599  9.762506170E-02  2.101609083E-01  1.392228176E-01  1.229160553E+05  2.278411263E+02  3.554219600E+02  3.145963123E+02  3.185176743E+02  9.472215641E-01 
       600  9.764671237E-02  2.102092269E-01  1.431110049E-01  1.230538013E+05  2.244753809E+02  3.544925272E+02  3.129537892E+02  3.243611736E+02  9.580987412E-01 
       601  9.766256924E-02  2.102587391E-01  1.469999989E-01  1.231960435E+05  2.211421571E+02  3.538406029E+02  3.115236578E+02  3.293268776E+02  9.687772840E-01 
