nodenumber     x-coordinate     y-coordinate     z-coordinate         pressure velocity-magnitude      sound-speed      temperature rel-velocity-magnitude relative-velocity-angle 
         1 -2.216901913E-02  1.039879580E-01 -4.300600202E-02  8.757977554E+04  1.537572391E+02  3.330664194E+02  2.762514848E+02  2.356876947E+02  8.601562866E-01 
         2 -2.197401757E-02  1.042260031E-01 -4.002397295E-02  8.749321747E+04  1.543712555E+02  3.330179113E+02  2.761710284E+02  2.363737912E+02  8.594136788E-01 
         3 -2.150271627E-02  1.045375264E-01 -3.708169353E-02  8.738618677E+04  1.549997289E+02  3.329602818E+02  2.760754640E+02  2.369769858E+02  8.583614659E-01 
         4 -2.072290556E-02  1.049359494E-01 -3.421635317E-02  8.724657019E+04  1.557607052E+02  3.328853393E+02  2.759511466E+02  2.377267873E+02  8.572107339E-01 
         5 -1.964621854E-02  1.053757771E-01 -3.145501365E-02  8.713165845E+04  1.564295459E+02  3.328274164E+02  2.758551903E+02  2.384656253E+02  8.565745242E-01 
         6 -1.833909717E-02  1.058829391E-01 -2.880182754E-02  8.701162354E+04  1.571436725E+02  3.327623959E+02  2.757474456E+02  2.393811464E+02  8.563762978E-01 
         7 -1.686396899E-02  1.064019756E-01 -2.624136390E-02  8.684644775E+04  1.579423103E+02  3.326745224E+02  2.756018400E+02  2.403659639E+02  8.559457362E-01 
         8 -1.524276490E-02  1.069101094E-01 -2.376908005E-02  8.663777344E+04  1.589764397E+02  3.325561881E+02  2.754058890E+02  2.415092750E+02  8.548864014E-01 
         9 -1.353040875E-02  1.074492491E-01 -2.136449246E-02  8.637693982E+04  1.601180642E+02  3.324262290E+02  2.751907334E+02  2.428181281E+02  8.538447004E-01 
        10 -1.175719847E-02  1.079385502E-01 -1.899452623E-02  8.610540088E+04  1.613758773E+02  3.322970016E+02  2.749767048E+02  2.438723333E+02  8.512532497E-01 
        11 -9.920451205E-03  1.084473482E-01 -1.667649769E-02  8.596536267E+04  1.627466383E+02  3.322169751E+02  2.748442192E+02  2.447882189E+02  8.475879438E-01 
        12 -8.053093039E-03  1.089314126E-01 -1.437870322E-02  8.612277960E+04  1.637910014E+02  3.322616777E+02  2.749181341E+02  2.449409432E+02  8.430598583E-01 
        13 -6.139911673E-03  1.093816015E-01 -1.211111235E-02  8.666110449E+04  1.629669900E+02  3.325588360E+02  2.754101753E+02  2.434980216E+02  8.431156259E-01 
        14 -4.213714023E-03  1.098625599E-01 -9.853315987E-03  8.754423242E+04  1.606094913E+02  3.330459499E+02  2.762176342E+02  2.406338692E+02  8.465321772E-01 
        15 -2.267252226E-03  1.102821410E-01 -7.616721013E-03  8.856630664E+04  1.563217535E+02  3.336011009E+02  2.771392918E+02  2.370824575E+02  8.586200625E-01 
        16 -3.058463972E-04  1.106716081E-01 -5.380345181E-03  8.946054761E+04  1.498619614E+02  3.340422096E+02  2.778729105E+02  2.339741917E+02  8.847753014E-01 
        17  1.649896870E-03  1.110991589E-01 -3.144821902E-03  8.729949182E+04  1.453236263E+02  3.330581198E+02  2.762405272E+02  2.421072688E+02  9.387434795E-01 
        18  3.605378217E-03  1.114680886E-01 -8.997268064E-04  7.554973157E+04  1.744148319E+02  3.263562112E+02  2.652340016E+02  2.858290181E+02  9.448348191E-01 
        19  5.548952344E-03  1.118349081E-01  1.356589372E-03  6.976812598E+04  2.097828372E+02  3.226054020E+02  2.591736739E+02  3.080830877E+02  8.450570130E-01 
        20  7.472030685E-03  1.121892539E-01  3.633809071E-03  7.288773247E+04  2.134598188E+02  3.244802818E+02  2.622014131E+02  2.992726895E+02  7.884160166E-01 
        21  9.366594022E-03  1.125505666E-01  5.932977735E-03  7.659038263E+04  2.079065967E+02  3.269840260E+02  2.662584786E+02  2.844742911E+02  7.595115290E-01 
        22  1.122147558E-02  1.129077905E-01  8.263617067E-03  7.892982143E+04  2.078798591E+02  3.283767370E+02  2.685283778E+02  2.754699844E+02  7.257549389E-01 
        23  1.303284284E-02  1.132507638E-01  1.062953057E-02  8.050049098E+04  2.110299808E+02  3.292251688E+02  2.699173741E+02  2.715052736E+02  6.952276541E-01 
        24  1.479928419E-02  1.136234762E-01  1.303021626E-02  8.165792743E+04  2.156153010E+02  3.298574281E+02  2.709551370E+02  2.693467251E+02  6.642972841E-01 
        25  1.649617427E-02  1.139938279E-01  1.547769530E-02  8.265036523E+04  2.207243483E+02  3.303734810E+02  2.718034434E+02  2.666806037E+02  6.288044420E-01 
        26  1.811807173E-02  1.143837002E-01  1.797032872E-02  8.333674988E+04  2.263822172E+02  3.307174015E+02  2.723693924E+02  2.642342267E+02  5.913089700E-01 
        27  1.968166241E-02  1.148013513E-01  2.049621310E-02  8.342728699E+04  2.332874191E+02  3.307650716E+02  2.724478278E+02  2.636907814E+02  5.541933752E-01 
        28  2.119101764E-02  1.152299366E-01  2.305322148E-02  8.293033537E+04  2.421598531E+02  3.304345421E+02  2.719036285E+02  2.661006563E+02  5.174621728E-01 
        29  2.266338778E-02  1.156643914E-01  2.563116057E-02  8.237957220E+04  2.508230869E+02  3.300605001E+02  2.712883762E+02  2.688792042E+02  4.834261432E-01 
        30  2.408077791E-02  1.161159634E-01  2.823658064E-02  8.189236456E+04  2.585558195E+02  3.297844300E+02  2.708345854E+02  2.711779349E+02  4.526853887E-01 
        31  2.544088325E-02  1.165921105E-01  3.086849856E-02  8.134804224E+04  2.664649241E+02  3.294309077E+02  2.702544904E+02  2.739078331E+02  4.228909495E-01 
        32  2.674433127E-02  1.170738851E-01  3.352942364E-02  8.076064746E+04  2.745374217E+02  3.290479660E+02  2.696265199E+02  2.770495529E+02  3.939848943E-01 
        33  2.797950643E-02  1.175445507E-01  3.622298897E-02  8.021471652E+04  2.824627208E+02  3.287227957E+02  2.690937157E+02  2.799865462E+02  3.651464527E-01 
        34  2.916313541E-02  1.180056499E-01  3.893937175E-02  7.990841792E+04  2.897297220E+02  3.285556113E+02  2.688201908E+02  2.818842683E+02  3.358324850E-01 
        35  3.031249539E-02  1.184785399E-01  4.167042727E-02  8.004307715E+04  2.954434217E+02  3.286851890E+02  2.690321988E+02  2.821834688E+02  3.086583642E-01 
        36  3.139929926E-02  1.189405785E-01  4.442941843E-02  8.033583591E+04  3.006519109E+02  3.289509188E+02  2.694672402E+02  2.820993909E+02  2.825114859E-01 
        37  3.242013936E-02  1.193808800E-01  4.721660669E-02  8.082399265E+04  3.056907670E+02  3.293044154E+02  2.700468688E+02  2.812322941E+02  2.538588708E-01 
        38  3.340677803E-02  1.198011670E-01  5.002067675E-02  8.199104050E+04  3.086734107E+02  3.299821080E+02  2.711597811E+02  2.781221217E+02  2.271829888E-01 
        39  3.430413654E-02  1.201853153E-01  5.285529857E-02  8.356975806E+04  3.103954411E+02  3.308723631E+02  2.726252165E+02  2.735994215E+02  2.014154373E-01 
        40  3.515433510E-02  1.205874318E-01  5.570324370E-02  8.552097412E+04  3.107853813E+02  3.319393616E+02  2.743869915E+02  2.678987446E+02  1.781972917E-01 
        41  3.592907297E-02  1.209644065E-01  5.857535950E-02  8.778356299E+04  3.095799751E+02  3.331633301E+02  2.764148126E+02  2.610632730E+02  1.593074771E-01 
        42  3.664355424E-02  1.213334730E-01  6.146049591E-02  9.021423901E+04  3.068967710E+02  3.344096766E+02  2.784867511E+02  2.535571990E+02  1.462651524E-01 
        43  3.727845098E-02  1.217084379E-01  6.437276718E-02  9.254001392E+04  3.033285065E+02  3.355789490E+02  2.804370289E+02  2.463129444E+02  1.398020461E-01 
        44  3.781448665E-02  1.220744111E-01  6.730672953E-02  9.446419434E+04  2.996701603E+02  3.365800390E+02  2.821121378E+02  2.403958707E+02  1.398422043E-01 
        45  3.826762164E-02  1.224563704E-01  7.025293559E-02  9.581799945E+04  2.966824305E+02  3.373349106E+02  2.833784235E+02  2.364059985E+02  1.442697236E-01 
        46  3.856443464E-02  1.228195695E-01  7.317567491E-02  9.660120703E+04  2.948451080E+02  3.378304901E+02  2.842116394E+02  2.343629684E+02  1.498207748E-01 
        47  3.882754171E-02  1.231963568E-01  7.616928387E-02  9.692900568E+04  2.933342024E+02  3.384807501E+02  2.853080940E+02  2.325895174E+02  1.549685398E-01 
        48  3.896508106E-02  1.235573809E-01  7.913505459E-02  9.691444922E+04  2.902225266E+02  3.393962555E+02  2.868631554E+02  2.272373543E+02  1.572396159E-01 
        49  3.903512947E-02  1.239238609E-01  8.213137167E-02  9.678921729E+04  2.820582983E+02  3.410891955E+02  2.897535985E+02  2.126712731E+02  1.616400322E-01 
        50  3.900153017E-02  1.243001337E-01  8.510504302E-02  9.669360913E+04  2.668209324E+02  3.440480300E+02  2.948194712E+02  1.850383875E+02  1.671329205E-01 
        51  3.889299026E-02  1.246700891E-01  8.806950082E-02  9.680244922E+04  2.475605438E+02  3.481066225E+02  3.018190281E+02  1.389225326E+02  1.534507425E-01 
        52  3.870303970E-02  1.250405990E-01  9.105247242E-02  9.675829150E+04  2.365702076E+02  3.514660425E+02  3.076395006E+02  9.498127258E+01  6.524049828E-02 
        53  3.847530202E-02  1.253810613E-01  9.402032493E-02  9.693517038E+04  2.337089244E+02  3.527988909E+02  3.099716654E+02  5.929019474E+01 -1.616318986E-01 
        54  3.809583015E-02  1.257752167E-01  9.695318516E-02  9.781577441E+04  2.314803848E+02  3.534241905E+02  3.110613594E+02  3.842471528E+01 -1.323145345E+00 
        55  3.767199372E-02  1.261489404E-01  9.992435767E-02  9.940665015E+04  2.403538585E+02  3.529185095E+02  3.101672111E+02  3.991632807E+01 -1.536841981E+00 
        56  3.723780727E-02  1.265196365E-01  1.028569506E-01  1.016976852E+05  2.510884899E+02  3.519737610E+02  3.085088240E+02  5.617036530E+01 -1.117922737E+00 
        57  3.672955052E-02  1.269046997E-01  1.057947981E-01  1.036979569E+05  2.498285942E+02  3.506565361E+02  3.062051845E+02  9.294161105E+01 -2.882235795E-01 
        58  3.615520807E-02  1.273091289E-01  1.087154776E-01  1.056952605E+05  2.433005905E+02  3.482401419E+02  3.020049400E+02  1.435457115E+02  1.722805714E-01 
        59  3.556812424E-02  1.277144368E-01  1.116309472E-01  1.073862288E+05  2.509995914E+02  3.451334906E+02  2.966380196E+02  1.785204228E+02  2.403611161E-01 
        60  3.495651588E-02  1.281329458E-01  1.145394580E-01  1.080274255E+05  2.586624799E+02  3.436626568E+02  2.941098676E+02  1.877833118E+02  2.194544701E-01 
        61  3.433795015E-02  1.285471243E-01  1.174457346E-01  1.081266121E+05  2.634223700E+02  3.432988696E+02  2.934862990E+02  1.898678801E+02  1.974543910E-01 
        62  3.376061330E-02  1.289460490E-01  1.203607660E-01  1.081072806E+05  2.670733416E+02  3.432251253E+02  2.933602731E+02  1.933827531E+02  1.884067554E-01 
        63  3.331803132E-02  1.293309423E-01  1.232882868E-01  1.080621538E+05  2.698605503E+02  3.431766375E+02  2.932772822E+02  1.969458514E+02  1.855892099E-01 
        64  3.310586596E-02  1.296649637E-01  1.262581306E-01  1.079805853E+05  2.715694726E+02  3.431419225E+02  2.932179415E+02  1.992324815E+02  1.851253910E-01 
        65  3.306639982E-02  1.299493947E-01  1.292495641E-01  1.078750318E+05  2.726526732E+02  3.431389998E+02  2.932129722E+02  2.006159985E+02  1.853172638E-01 
        66  3.322486525E-02  1.302097713E-01  1.322380794E-01  1.077411889E+05  2.737825367E+02  3.430876421E+02  2.931251610E+02  2.018015376E+02  1.846964781E-01 
        67  3.356462385E-02  1.304573038E-01  1.352130229E-01  1.075818371E+05  2.750851566E+02  3.430033104E+02  2.929811304E+02  2.033162903E+02  1.845300897E-01 
        68  3.400410102E-02  1.306751199E-01  1.381765647E-01  1.073542280E+05  2.762791364E+02  3.428961744E+02  2.927981641E+02  2.048130512E+02  1.848683299E-01 
        69  3.451963359E-02  1.308741206E-01  1.411278790E-01  1.070430144E+05  2.774435611E+02  3.427561641E+02  2.925590160E+02  2.064118092E+02  1.858093110E-01 
        70  3.508991352E-02  1.310576265E-01  1.440660380E-01  1.066864177E+05  2.786278450E+02  3.425870662E+02  2.922704237E+02  2.080196657E+02  1.866929838E-01 
        71  3.570211579E-02  1.312503676E-01  1.470000000E-01  1.063160293E+05  2.799594688E+02  3.424116440E+02  2.919712982E+02  2.100094719E+02  1.877962630E-01 
        72 -2.843361623E-02  1.708417341E-01 -4.258217492E-02  8.204627490E+04  1.837432871E+02  3.299802866E+02  2.711557999E+02  3.443228302E+02  1.007791601E+00 
        73 -2.838826984E-02  1.709653765E-01 -3.916427879E-02  8.206967236E+04  1.842134314E+02  3.299767332E+02  2.711500430E+02  3.448705425E+02  1.007214758E+00 
        74 -2.835908450E-02  1.711140563E-01 -3.574649433E-02  8.239971954E+04  1.837860266E+02  3.301711833E+02  2.714696882E+02  3.439849541E+02  1.007141623E+00 
        75 -2.838361088E-02  1.712589164E-01 -3.232950605E-02  8.291669360E+04  1.827865524E+02  3.305099592E+02  2.720272856E+02  3.420189629E+02  1.007158667E+00 
        76 -2.841360827E-02  1.714319125E-01 -2.891476756E-02  8.354229248E+04  1.821934466E+02  3.308033528E+02  2.725105987E+02  3.413501730E+02  1.008072516E+00 
        77 -2.833774301E-02  1.716334782E-01 -2.549995819E-02  8.407445093E+04  1.815008648E+02  3.310886657E+02  2.729807818E+02  3.406984141E+02  1.009300691E+00 
        78 -2.791452343E-02  1.719215161E-01 -2.212016887E-02  8.445825439E+04  1.801718826E+02  3.313067646E+02  2.733405504E+02  3.388648548E+02  1.010727316E+00 
        79 -2.700703325E-02  1.722886754E-01 -1.884820631E-02  8.433504175E+04  1.796154881E+02  3.312372551E+02  2.732259846E+02  3.399299412E+02  1.014577344E+00 
        80 -2.544395246E-02  1.727209334E-01 -1.584518523E-02  8.326080573E+04  1.809378989E+02  3.306743858E+02  2.722984748E+02  3.428083403E+02  1.015204647E+00 
        81 -2.351536464E-02  1.732363399E-01 -1.306823492E-02  8.129722559E+04  1.850899756E+02  3.295286247E+02  2.704149964E+02  3.487050936E+02  1.011539267E+00 
        82 -2.134527601E-02  1.737374909E-01 -1.047435973E-02  7.868063976E+04  1.913840737E+02  3.279737278E+02  2.678692319E+02  3.568212708E+02  1.005305978E+00 
        83 -1.897326710E-02  1.742189522E-01 -8.035177519E-03  7.559406055E+04  1.991128836E+02  3.261415802E+02  2.648853455E+02  3.646896971E+02  9.943668335E-01 
        84 -1.652827274E-02  1.746780172E-01 -5.688541800E-03  7.322903638E+04  2.064178207E+02  3.246759644E+02  2.625091133E+02  3.725320153E+02  9.856035057E-01 
        85 -1.397929867E-02  1.751251779E-01 -3.446989688E-03  7.264791382E+04  2.098783107E+02  3.243113103E+02  2.619196925E+02  3.742091937E+02  9.771698192E-01 
        86 -1.139011487E-02  1.755573757E-01 -1.256774906E-03  7.391104309E+04  2.104854381E+02  3.249810863E+02  2.630059047E+02  3.713206205E+02  9.692869578E-01 
        87 -8.734274343E-03  1.759085237E-01  8.667805443E-04  7.904790961E+04  2.027196256E+02  3.282805140E+02  2.683799465E+02  3.574549501E+02  9.687654981E-01 
        88 -6.073383534E-03  1.762548475E-01  2.984781313E-03  8.860172015E+04  1.913331698E+02  3.334846067E+02  2.769534757E+02  3.300447662E+02  9.608016922E-01 
        89 -3.359730182E-03  1.765819110E-01  5.053045394E-03  9.814293781E+04  1.753641603E+02  3.383267782E+02  2.850488310E+02  3.034712055E+02  9.807409467E-01 
        90 -6.741955509E-04  1.768270807E-01  7.130208361E-03  9.755679208E+04  1.625281108E+02  3.382972649E+02  2.850001775E+02  3.093571814E+02  1.032893226E+00 
        91  2.027043660E-03  1.770783858E-01  9.208570588E-03  7.900832921E+04  1.930857917E+02  3.277461982E+02  2.675014624E+02  3.537179163E+02  9.947102372E-01 
        92  4.731686997E-03  1.772422585E-01  1.127155269E-02  7.283523093E+04  2.131701722E+02  3.245362266E+02  2.622845192E+02  3.775782423E+02  9.727038851E-01 
        93  7.454465044E-03  1.773874983E-01  1.334309669E-02  7.338069427E+04  2.115404631E+02  3.245074034E+02  2.622374685E+02  3.767026412E+02  9.760911164E-01 
        94  1.015989937E-02  1.775222933E-01  1.545596277E-02  7.068778505E+04  2.181438656E+02  3.228824027E+02  2.596212889E+02  3.821795835E+02  9.654867380E-01 
        95  1.284858280E-02  1.775661421E-01  1.756817794E-02  6.719258298E+04  2.275064646E+02  3.207925839E+02  2.562725389E+02  3.910216105E+02  9.529530019E-01 
        96  1.551966693E-02  1.776138061E-01  1.970369132E-02  6.422256500E+04  2.364494188E+02  3.187111020E+02  2.529598899E+02  4.003610215E+02  9.437810164E-01 
        97  1.817410325E-02  1.776258069E-01  2.186017323E-02  6.177904565E+04  2.439613731E+02  3.170727477E+02  2.503632207E+02  4.070260286E+02  9.339206265E-01 
        98  2.080993586E-02  1.775631240E-01  2.403936301E-02  6.008836401E+04  2.512397647E+02  3.159110341E+02  2.485314827E+02  4.112344017E+02  9.195916224E-01 
        99  2.341570779E-02  1.774969016E-01  2.625394818E-02  5.965038208E+04  2.572692504E+02  3.155623684E+02  2.479842954E+02  4.137336416E+02  9.052295834E-01 
       100  2.600295182E-02  1.773818036E-01  2.848806157E-02  6.138986108E+04  2.590717344E+02  3.169173164E+02  2.501312084E+02  4.091648006E+02  8.887842670E-01 
       101  2.856627515E-02  1.771883875E-01  3.074502562E-02  6.672974780E+04  2.552917585E+02  3.206130323E+02  2.560388718E+02  3.947868319E+02  8.702473566E-01 
       102  3.110662233E-02  1.769811535E-01  3.302644514E-02  7.499293091E+04  2.475658484E+02  3.259027395E+02  2.645631666E+02  3.720661173E+02  8.492667638E-01 
       103  3.362247542E-02  1.767159818E-01  3.532849163E-02  8.173497034E+04  2.434852071E+02  3.299684944E+02  2.711581173E+02  3.535043821E+02  8.263766710E-01 
       104  3.610895472E-02  1.763647845E-01  3.765120331E-02  8.296322375E+04  2.475435212E+02  3.306774640E+02  2.723090143E+02  3.509415660E+02  8.077472197E-01 
       105  3.856497337E-02  1.759966372E-01  4.000321012E-02  8.036648517E+04  2.563749088E+02  3.292548623E+02  2.699702765E+02  3.584092036E+02  7.916936371E-01 
       106  4.103059304E-02  1.755360248E-01  4.234569910E-02  7.818891996E+04  2.635382584E+02  3.281895526E+02  2.682217003E+02  3.636294149E+02  7.772262705E-01 
       107  4.340106546E-02  1.750377176E-01  4.474435622E-02  7.906818806E+04  2.666652550E+02  3.287300431E+02  2.691078776E+02  3.613806404E+02  7.624328844E-01 
       108  4.575540032E-02  1.745445103E-01  4.717695363E-02  8.315512915E+04  2.656887386E+02  3.309092493E+02  2.726942742E+02  3.505203466E+02  7.456398578E-01 
       109  4.807037784E-02  1.739953488E-01  4.963532790E-02  8.918834570E+04  2.609028111E+02  3.341725893E+02  2.781014223E+02  3.339452305E+02  7.324569430E-01 
       110  5.034733117E-02  1.734133857E-01  5.212084081E-02  9.483163721E+04  2.574691525E+02  3.371150932E+02  2.830146828E+02  3.185928917E+02  7.185660191E-01 
       111  5.258765486E-02  1.728405975E-01  5.464144749E-02  9.870340479E+04  2.576742725E+02  3.389888420E+02  2.861652546E+02  3.086663074E+02  7.018870749E-01 
       112  5.479076840E-02  1.722430532E-01  5.718902978E-02  1.015739238E+05  2.585335808E+02  3.402924261E+02  2.883698959E+02  3.014592009E+02  6.877029482E-01 
       113  5.694737683E-02  1.716020731E-01  5.976586917E-02  1.047464544E+05  2.574939060E+02  3.417425787E+02  2.908330834E+02  2.929994328E+02  6.791021307E-01 
       114  5.911848447E-02  1.709340834E-01  6.233872565E-02  1.082785424E+05  2.555041699E+02  3.433108774E+02  2.935077797E+02  2.832003909E+02  6.723884706E-01 
       115  6.119351897E-02  1.703313828E-01  6.496775561E-02  1.110721616E+05  2.543942304E+02  3.446056576E+02  2.957258162E+02  2.766156721E+02  6.682328731E-01 
       116  6.319798910E-02  1.696485115E-01  6.765543605E-02  1.132180948E+05  2.542515659E+02  3.455581341E+02  2.973622255E+02  2.712369952E+02  6.617412316E-01 
       117  6.520189851E-02  1.689621155E-01  7.034628384E-02  1.151578252E+05  2.536609640E+02  3.464487534E+02  2.988968506E+02  2.659618254E+02  6.575765032E-01 
       118  6.717992039E-02  1.682884043E-01  7.305807409E-02  1.168404683E+05  2.518584585E+02  3.472580633E+02  3.002949066E+02  2.605382910E+02  6.584684309E-01 
       119  6.910755662E-02  1.675987334E-01  7.579818779E-02  1.184330496E+05  2.504648442E+02  3.477827098E+02  3.012028995E+02  2.567213585E+02  6.602292680E-01 
       120  7.101404689E-02  1.668389198E-01  7.852135391E-02  1.195327198E+05  2.473285710E+02  3.482959688E+02  3.020926113E+02  2.541327102E+02  6.701716240E-01 
       121  7.286652020E-02  1.661304029E-01  8.130170181E-02  1.197526169E+05  2.461387699E+02  3.484002958E+02  3.022736364E+02  2.539658846E+02  6.750963379E-01 
       122  7.473378469E-02  1.653966549E-01  8.408122010E-02  1.197940405E+05  2.449401474E+02  3.485555515E+02  3.025431747E+02  2.534756775E+02  6.797685102E-01 
       123  7.654776682E-02  1.646234676E-01  8.688218818E-02  1.197567107E+05  2.433788991E+02  3.487508383E+02  3.028827372E+02  2.530876336E+02  6.860134043E-01 
       124  7.830115451E-02  1.638494494E-01  8.971806956E-02  1.195443047E+05  2.435521908E+02  3.489325466E+02  3.031994362E+02  2.538684711E+02  6.862791069E-01 
       125  8.003223315E-02  1.630890187E-01  9.257063461E-02  1.194294775E+05  2.443902063E+02  3.490246601E+02  3.033599415E+02  2.527099371E+02  6.820034012E-01 
       126  8.174167210E-02  1.623344685E-01  9.543869445E-02  1.194785494E+05  2.426238294E+02  3.493909302E+02  3.039987733E+02  2.492217476E+02  6.865398292E-01 
       127  8.339566060E-02  1.615413001E-01  9.829620033E-02  1.194997593E+05  2.398286422E+02  3.500744352E+02  3.051929684E+02  2.461298652E+02  6.962210400E-01 
       128  8.500809507E-02  1.607572746E-01  1.012133408E-01  1.193865054E+05  2.382326158E+02  3.507191808E+02  3.063202899E+02  2.422777613E+02  7.005479634E-01 
       129  8.654116005E-02  1.600133249E-01  1.041766726E-01  1.192472300E+05  2.357108934E+02  3.517034773E+02  3.080431366E+02  2.352531179E+02  7.076819460E-01 
       130  8.807530659E-02  1.592883350E-01  1.071513815E-01  1.190957039E+05  2.323403869E+02  3.528255987E+02  3.100111856E+02  2.260806375E+02  7.192123495E-01 
       131  8.946870181E-02  1.585918917E-01  1.101955952E-01  1.189303894E+05  2.300193847E+02  3.536912874E+02  3.115312475E+02  2.158329198E+02  7.267348906E-01 
       132  9.078169785E-02  1.579398834E-01  1.132895212E-01  1.188572752E+05  2.284206507E+02  3.541934037E+02  3.124127890E+02  2.090319571E+02  7.329440671E-01 
       133  9.193376095E-02  1.573753789E-01  1.164622823E-01  1.187728562E+05  2.267437055E+02  3.541813402E+02  3.123896458E+02  2.095581336E+02  7.409669552E-01 
       134  9.287851211E-02  1.569754829E-01  1.197270904E-01  1.186949154E+05  2.273371399E+02  3.532575603E+02  3.107651071E+02  2.191815073E+02  7.418121579E-01 
       135  9.346963790E-02  1.567893278E-01  1.230899614E-01  1.186313791E+05  2.322048371E+02  3.512830687E+02  3.073057106E+02  2.379608754E+02  7.290051267E-01 
       136  9.376445592E-02  1.568076376E-01  1.265149706E-01  1.185584727E+05  2.393399429E+02  3.490710435E+02  3.034448829E+02  2.551116967E+02  7.104670592E-01 
       137  9.391306034E-02  1.569225935E-01  1.299303306E-01  1.185019077E+05  2.428154278E+02  3.479571991E+02  3.015063400E+02  2.611970119E+02  7.016866058E-01 
       138  9.402896493E-02  1.570765633E-01  1.333445553E-01  1.184007764E+05  2.426482162E+02  3.477934465E+02  3.012216129E+02  2.604329824E+02  7.021129690E-01 
       139  9.417960043E-02  1.572174564E-01  1.367593072E-01  1.182459822E+05  2.427949252E+02  3.478132296E+02  3.012557640E+02  2.604333906E+02  7.022446599E-01 
       140  9.437397158E-02  1.573466446E-01  1.401725853E-01  1.180741554E+05  2.436449397E+02  3.478348160E+02  3.012931576E+02  2.618450751E+02  7.011243729E-01 
       141  9.455826038E-02  1.574868932E-01  1.435861248E-01  1.179436048E+05  2.439011080E+02  3.480032977E+02  3.015851272E+02  2.620485033E+02  7.011482415E-01 
       142  9.468914447E-02  1.576724412E-01  1.470000022E-01  1.179230718E+05  2.440428219E+02  3.481121216E+02  3.017849846E+02  2.620232277E+02  7.014575303E-01 
       143 -2.515044289E-02  2.387134140E-01 -4.211006034E-02  8.334775568E+04  1.807271875E+02  3.306865786E+02  2.723180879E+02  4.405465544E+02  1.148115212E+00 
       144 -2.515073613E-02  2.387267259E-01 -3.821832766E-02  8.501895648E+04  1.766305749E+02  3.315609504E+02  2.737607297E+02  4.371645743E+02  1.155038867E+00 
       145 -2.514274647E-02  2.387409373E-01 -3.433018188E-02  8.600043498E+04  1.741200633E+02  3.321774493E+02  2.747794851E+02  4.350594443E+02  1.159397439E+00 
       146 -2.514933814E-02  2.387615668E-01 -3.043885368E-02  8.574881578E+04  1.747053984E+02  3.320871011E+02  2.746301074E+02  4.348606179E+02  1.157921385E+00 
       147 -2.514205174E-02  2.387863737E-01 -2.655197175E-02  8.433772105E+04  1.783981182E+02  3.312789173E+02  2.732947289E+02  4.378752995E+02  1.151750590E+00 
       148 -2.514801404E-02  2.388163633E-01 -2.268742808E-02  8.215438474E+04  1.842641183E+02  3.300382683E+02  2.712521347E+02  4.446699405E+02  1.144200567E+00 
       149 -2.514603624E-02  2.387984711E-01 -1.877579094E-02  8.017243750E+04  1.890922947E+02  3.288992538E+02  2.693827972E+02  4.471524391E+02  1.134752661E+00 
       150 -2.513833525E-02  2.388756875E-01 -1.487946342E-02  7.930761792E+04  1.906401304E+02  3.284500372E+02  2.686467876E+02  4.498413310E+02  1.133870019E+00 
       151 -2.514495058E-02  2.389300222E-01 -1.098752945E-02  7.952188931E+04  1.895294613E+02  3.286280907E+02  2.689382206E+02  4.486467693E+02  1.135160794E+00 
       152 -2.501801490E-02  2.389948317E-01 -7.101428526E-03  8.135977490E+04  1.847794539E+02  3.296578354E+02  2.706275280E+02  4.448542401E+02  1.143021340E+00 
       153 -2.403359079E-02  2.391541778E-01 -3.362202731E-03  8.605035605E+04  1.735012448E+02  3.321612661E+02  2.747545957E+02  4.351474966E+02  1.161283666E+00 
       154 -2.203079393E-02  2.393877231E-01 -4.501692070E-05  8.986058127E+04  1.647042161E+02  3.341225604E+02  2.780070599E+02  4.277992440E+02  1.176347082E+00 
       155 -1.942355624E-02  2.396357170E-01  2.825132604E-03  8.680724252E+04  1.734257154E+02  3.324232291E+02  2.751891474E+02  4.332139344E+02  1.159570218E+00 
       156 -1.648721574E-02  2.398964014E-01  5.342831758E-03  8.109048199E+04  1.885140378E+02  3.291706841E+02  2.698302104E+02  4.477200298E+02  1.136516751E+00 
       157 -1.330897545E-02  2.400801911E-01  7.594698846E-03  7.936471802E+04  1.910941362E+02  3.283203211E+02  2.684360442E+02  4.495293951E+02  1.132010037E+00 
       158 -1.004552185E-02  2.402353079E-01  9.709455816E-03  8.019697144E+04  1.860893445E+02  3.289939032E+02  2.695395870E+02  4.477874279E+02  1.142871264E+00 
       159 -6.714656287E-03  2.403804415E-01  1.171394437E-02  8.079833556E+04  1.839091383E+02  3.293568119E+02  2.701335885E+02  4.459663018E+02  1.146735208E+00 
       160 -3.322138608E-03  2.404066774E-01  1.362735999E-02  8.006782208E+04  1.861682514E+02  3.288417790E+02  2.692894336E+02  4.481273534E+02  1.144070143E+00 
       161  9.783589121E-05  2.404201762E-01  1.547870720E-02  7.997263794E+04  1.855311739E+02  3.287566385E+02  2.691515656E+02  4.480837455E+02  1.146376364E+00 
       162  3.534439975E-03  2.403949673E-01  1.730379042E-02  8.082862280E+04  1.861257010E+02  3.289501915E+02  2.694789028E+02  4.453431034E+02  1.145707007E+00 
       163  6.969024296E-03  2.402279751E-01  1.908412837E-02  9.121572308E+04  1.548890398E+02  3.351046994E+02  2.796661448E+02  4.207375696E+02  1.199655723E+00 
       164  1.043411823E-02  2.400800089E-01  2.085152946E-02  7.837769713E+04  1.926115123E+02  3.280452926E+02  2.679902844E+02  4.515431121E+02  1.134781839E+00 
       165  1.388371434E-02  2.398652026E-01  2.263181169E-02  7.899920404E+04  1.868688648E+02  3.285143552E+02  2.687538917E+02  4.475102754E+02  1.143252450E+00 
       166  1.734145131E-02  2.394992745E-01  2.440657916E-02  7.889451709E+04  1.889443326E+02  3.284019713E+02  2.685690439E+02  4.493727045E+02  1.140638381E+00 
       167  2.080043859E-02  2.391294908E-01  2.615375350E-02  7.875330997E+04  1.907497736E+02  3.283554755E+02  2.684935784E+02  4.488516656E+02  1.135539977E+00 
       168  2.424052770E-02  2.387186889E-01  2.792040504E-02  7.888237769E+04  1.910273509E+02  3.285560493E+02  2.688219478E+02  4.487974796E+02  1.134733012E+00 
       169  2.766624902E-02  2.381908713E-01  2.968394578E-02  7.883485461E+04  1.923801060E+02  3.286994386E+02  2.690563846E+02  4.479386396E+02  1.131422594E+00 
       170  3.108229850E-02  2.375970478E-01  3.144655572E-02  7.863867810E+04  1.943006237E+02  3.287641914E+02  2.691616695E+02  4.448387609E+02  1.124146501E+00 
       171  3.449726266E-02  2.369314331E-01  3.319569832E-02  7.865274973E+04  1.956226372E+02  3.288695215E+02  2.693345664E+02  4.403533173E+02  1.116717560E+00 
       172  3.787267708E-02  2.362004853E-01  3.498142333E-02  7.900014075E+04  1.971506264E+02  3.289819183E+02  2.695207386E+02  4.368510342E+02  1.110710831E+00 
       173  4.123744789E-02  2.354271843E-01  3.677379579E-02  7.922044141E+04  1.993380706E+02  3.289948387E+02  2.695428476E+02  4.382175436E+02  1.108517831E+00 
       174  4.456263149E-02  2.345133553E-01  3.856958315E-02  7.856563838E+04  2.036156973E+02  3.285554734E+02  2.688223839E+02  4.433360506E+02  1.105028255E+00 
       175  4.789152860E-02  2.335402793E-01  4.034492433E-02  7.691474741E+04  2.098720433E+02  3.274817017E+02  2.670682385E+02  4.487489209E+02  1.096593861E+00 
       176  5.119514426E-02  2.325727211E-01  4.215365701E-02  7.504074545E+04  2.156335126E+02  3.263156294E+02  2.651689458E+02  4.527414312E+02  1.087185355E+00 
       177  5.444737908E-02  2.314873556E-01  4.396264389E-02  7.328424426E+04  2.212827098E+02  3.251768917E+02  2.633211154E+02  4.566219757E+02  1.078372832E+00 
       178  5.771043354E-02  2.303389779E-01  4.576361213E-02  7.127556647E+04  2.271452978E+02  3.239468272E+02  2.613336812E+02  4.606962249E+02  1.069743589E+00 
       179  6.093363739E-02  2.292015055E-01  4.761570799E-02  6.874795679E+04  2.361429505E+02  3.221880369E+02  2.585053029E+02  4.665928698E+02  1.055334315E+00 
       180  6.411569228E-02  2.279427553E-01  4.946832252E-02  6.674498779E+04  2.466741982E+02  3.209921894E+02  2.565889149E+02  4.705548058E+02  1.033831894E+00 
       181  6.728438578E-02  2.267057043E-01  5.135068917E-02  6.865798596E+04  2.592342663E+02  3.224635868E+02  2.589618421E+02  4.670086012E+02  9.956125375E-01 
       182  7.045491472E-02  2.254566135E-01  5.324396322E-02  7.917075012E+04  2.638706470E+02  3.291749978E+02  2.698988800E+02  4.406706533E+02  9.497657660E-01 
       183  7.352398986E-02  2.240979077E-01  5.520813549E-02  9.467260254E+04  2.527086005E+02  3.368708410E+02  2.826427283E+02  4.085033178E+02  9.434252288E-01 
       184  7.654294831E-02  2.227589545E-01  5.724026033E-02  1.039010979E+05  2.337039722E+02  3.419908178E+02  2.912593090E+02  3.856553490E+02  9.728458594E-01 
       185  7.954929441E-02  2.214414527E-01  5.933596166E-02  1.092489238E+05  2.403829269E+02  3.444111338E+02  2.954067883E+02  3.777544756E+02  9.479019549E-01 
       186  8.244157493E-02  2.200232159E-01  6.149679439E-02  1.244421348E+05  2.408440132E+02  3.505638733E+02  3.060461273E+02  3.449393311E+02  9.269622564E-01 
       187  8.531452000E-02  2.186177542E-01  6.372436707E-02  1.210972181E+05  2.406177624E+02  3.494767158E+02  3.041457645E+02  3.512872524E+02  9.280443857E-01 
       188  8.816039266E-02  2.172472440E-01  6.601424901E-02  1.225703521E+05  2.345761828E+02  3.501712627E+02  3.053552089E+02  3.481154041E+02  9.426176958E-01 
       189  9.092008057E-02  2.157826082E-01  6.831794754E-02  1.220000516E+05  2.277768480E+02  3.499448659E+02  3.049599331E+02  3.469266104E+02  9.606868160E-01 
       190  9.367581728E-02  2.143255962E-01  7.064980943E-02  1.214651507E+05  2.231981535E+02  3.498290588E+02  3.047579344E+02  3.480052456E+02  9.732343895E-01 
       191  9.641114101E-02  2.128789625E-01  7.302159977E-02  1.217785890E+05  2.215289081E+02  3.498097675E+02  3.047242934E+02  3.472582145E+02  9.770451249E-01 
       192  9.907895187E-02  2.114028516E-01  7.542603674E-02  1.219970156E+05  2.201698370E+02  3.499101317E+02  3.048992260E+02  3.453839815E+02  9.798371568E-01 
       193  1.016896232E-01  2.099003163E-01  7.789626121E-02  1.223450835E+05  2.186674848E+02  3.503144689E+02  3.056051369E+02  3.435038700E+02  9.831556017E-01 
       194  1.042573666E-01  2.084682280E-01  8.044071344E-02  1.226120015E+05  2.189581803E+02  3.508485823E+02  3.065391550E+02  3.428646886E+02  9.820225867E-01 
       195  1.067132028E-01  2.069758083E-01  8.306726980E-02  1.226548250E+05  2.211576562E+02  3.513413855E+02  3.074043080E+02  3.404849901E+02  9.745403355E-01 
       196  1.091091693E-01  2.055182938E-01  8.576040538E-02  1.226881577E+05  2.221980262E+02  3.524711910E+02  3.093891610E+02  3.369515244E+02  9.698931917E-01 
       197  1.114533399E-01  2.040960959E-01  8.851719904E-02  1.226711418E+05  2.233754950E+02  3.538372311E+02  3.117956271E+02  3.301068947E+02  9.647649751E-01 
       198  1.136946430E-01  2.026973542E-01  9.137514269E-02  1.226564741E+05  2.249016016E+02  3.553983618E+02  3.145534538E+02  3.194141525E+02  9.593470337E-01 
       199  1.158224243E-01  2.012857480E-01  9.431046231E-02  1.227304942E+05  2.255866231E+02  3.573425404E+02  3.180010805E+02  3.041834746E+02  9.592217883E-01 
       200  1.177983438E-01  1.999614296E-01  9.738734661E-02  1.227044376E+05  2.263813317E+02  3.588464546E+02  3.206778089E+02  2.894005927E+02  9.609778693E-01 
       201  1.195376812E-01  1.988013159E-01  1.006637087E-01  1.226432241E+05  2.281791890E+02  3.590496705E+02  3.210400753E+02  2.858337886E+02  9.564798035E-01 
       202  1.207748534E-01  1.979244993E-01  1.042263433E-01  1.224857560E+05  2.307834930E+02  3.575329397E+02  3.183425572E+02  3.014995744E+02  9.444057639E-01 
       203  1.209766187E-01  1.976967879E-01  1.080979692E-01  1.225240625E+05  2.345651054E+02  3.544974395E+02  3.129638302E+02  3.282515327E+02  9.297790602E-01 
       204  1.209415894E-01  1.976147862E-01  1.119887176E-01  1.227158166E+05  2.339092384E+02  3.525308294E+02  3.094948608E+02  3.331945258E+02  9.304663150E-01 
       205  1.209136670E-01  1.975679793E-01  1.158784497E-01  1.228178258E+05  2.299165164E+02  3.518461309E+02  3.082897843E+02  3.342853289E+02  9.418596163E-01 
       206  1.209140530E-01  1.975343277E-01  1.197687765E-01  1.229064488E+05  2.252767801E+02  3.516676707E+02  3.079750148E+02  3.363057191E+02  9.560452161E-01 
       207  1.209033119E-01  1.974945510E-01  1.236620610E-01  1.229711154E+05  2.219273878E+02  3.516294664E+02  3.079070601E+02  3.357443812E+02  9.658940467E-01 
       208  1.208998844E-01  1.975608583E-01  1.275528569E-01  1.230077493E+05  2.216238443E+02  3.517330226E+02  3.080905309E+02  3.354100837E+02  9.672517701E-01 
       209  1.209086196E-01  1.975927695E-01  1.314428594E-01  1.229511307E+05  2.219885044E+02  3.521107809E+02  3.087553962E+02  3.343789248E+02  9.663388790E-01 
       210  1.209261261E-01  1.976437754E-01  1.353324952E-01  1.229672815E+05  2.220625243E+02  3.528888107E+02  3.101241791E+02  3.282898003E+02  9.655582609E-01 
       211  1.209477387E-01  1.976921952E-01  1.392217013E-01  1.229843798E+05  2.216275912E+02  3.539443469E+02  3.119836280E+02  3.202694961E+02  9.667769938E-01 
       212  1.209659901E-01  1.977439656E-01  1.431109690E-01  1.231423634E+05  2.211968949E+02  3.551001541E+02  3.140090193E+02  3.120618902E+02  9.686218859E-01 
       213  1.210017723E-01  1.977818072E-01  1.470000027E-01  1.232890415E+05  2.217382936E+02  3.556883945E+02  3.148408756E+02  3.082188177E+02  9.677142277E-01 
       214 -1.337431699E-02  1.053111530E-01 -4.600000000E-02  8.756975391E+04  1.539504318E+02  3.330988770E+02  2.763305168E+02  2.355474377E+02  8.584800959E-01 
       215 -1.336879354E-02  1.054912688E-01 -4.299898917E-02  8.750606836E+04  1.540109344E+02  3.330526743E+02  2.762286539E+02  2.359457998E+02  8.596762791E-01 
       216 -1.321272523E-02  1.057016208E-01 -4.000664894E-02  8.752721777E+04  1.541977358E+02  3.330271683E+02  2.761863956E+02  2.362968388E+02  8.600714654E-01 
       217 -1.269691607E-02  1.059729593E-01 -3.706120983E-02  8.739450072E+04  1.549112539E+02  3.329584022E+02  2.760723448E+02  2.368785608E+02  8.584636706E-01 
       218 -1.181263769E-02  1.063072321E-01 -3.420969757E-02  8.724016271E+04  1.559416127E+02  3.328538173E+02  2.758989250E+02  2.378749873E+02  8.566864257E-01 
       219 -1.066241908E-02  1.066659143E-01 -3.145726216E-02  8.706296187E+04  1.565410902E+02  3.328175309E+02  2.758387735E+02  2.386142869E+02  8.564372771E-01 
       220 -9.280794463E-03  1.070573859E-01 -2.881758489E-02  8.691742434E+04  1.572527933E+02  3.327520104E+02  2.757301264E+02  2.394938082E+02  8.560557814E-01 
       221 -7.735023178E-03  1.074435380E-01 -2.626912607E-02  8.683497409E+04  1.580868352E+02  3.326945068E+02  2.756348585E+02  2.403649879E+02  8.550842693E-01 
       222 -6.047350445E-03  1.078135440E-01 -2.381048416E-02  8.670927514E+04  1.591676299E+02  3.325580103E+02  2.754087750E+02  2.412724159E+02  8.529376219E-01 
       223 -4.299611852E-03  1.081916589E-01 -2.139379423E-02  8.660608342E+04  1.595694111E+02  3.326429561E+02  2.755495677E+02  2.416640506E+02  8.527157630E-01 
       224 -2.461870607E-03  1.085505379E-01 -1.904289133E-02  8.662962356E+04  1.602527253E+02  3.325305476E+02  2.753633208E+02  2.420659277E+02  8.508854744E-01 
       225 -5.886173328E-04  1.088780789E-01 -1.671486844E-02  8.672206356E+04  1.601725748E+02  3.326562920E+02  2.755715539E+02  2.421033782E+02  8.519892149E-01 
       226  1.337912187E-03  1.092215599E-01 -1.443302686E-02  8.682308476E+04  1.597015800E+02  3.325817786E+02  2.754481280E+02  2.423382366E+02  8.558311161E-01 
       227  3.290030235E-03  1.094941851E-01 -1.216353628E-02  8.669300060E+04  1.595547940E+02  3.324698934E+02  2.752628203E+02  2.436772810E+02  8.618304993E-01 
       228  5.262023684E-03  1.097864070E-01 -9.913643549E-03  8.601354586E+04  1.603805735E+02  3.320577445E+02  2.745811235E+02  2.469211953E+02  8.693779718E-01 
       229  7.256339014E-03  1.100495762E-01 -7.679258903E-03  8.417225543E+04  1.647760363E+02  3.310543616E+02  2.729243980E+02  2.540037572E+02  8.716336697E-01 
       230  9.250945095E-03  1.102792579E-01 -5.441700620E-03  8.160485656E+04  1.729373660E+02  3.298048093E+02  2.708680001E+02  2.622837590E+02  8.586942070E-01 
       231  1.125130268E-02  1.105297001E-01 -3.209862298E-03  8.030119043E+04  1.806299706E+02  3.291729574E+02  2.698309779E+02  2.666216321E+02  8.343549557E-01 
       232  1.324504242E-02  1.107259366E-01 -9.692227629E-04  8.122221191E+04  1.839826813E+02  3.296565981E+02  2.706249008E+02  2.643969984E+02  8.089933265E-01 
       233  1.522818012E-02  1.109344875E-01  1.280794701E-03  8.325008203E+04  1.840288382E+02  3.308152924E+02  2.725313683E+02  2.579912329E+02  7.863750421E-01 
       234  1.717717000E-02  1.111306516E-01  3.565314237E-03  8.540204395E+04  1.831928062E+02  3.320825500E+02  2.746231956E+02  2.496935730E+02  7.629187629E-01 
       235  2.098827574E-02  1.115152878E-01  8.199040730E-03  8.920333350E+04  1.872854109E+02  3.340907040E+02  2.779546947E+02  2.375830345E+02  7.028982528E-01 
       236  2.283804163E-02  1.116790561E-01  1.055952489E-02  9.046677136E+04  1.897745939E+02  3.353849804E+02  2.801113479E+02  2.296519934E+02  6.651325375E-01 
       237  2.632960383E-02  1.121198866E-01  1.543269692E-02  9.113290234E+04  2.046020470E+02  3.355007458E+02  2.803046989E+02  2.305587444E+02  5.893751681E-01 
       238  2.959379811E-02  1.126564718E-01  2.044933110E-02  9.028834131E+04  2.209933462E+02  3.350024567E+02  2.794725227E+02  2.365453854E+02  5.231452156E-01 
       239  3.114059063E-02  1.129278581E-01  2.301118304E-02  8.975050568E+04  2.287958588E+02  3.348375846E+02  2.791978342E+02  2.394536809E+02  4.925020915E-01 
       240  3.264987762E-02  1.132456905E-01  2.559358749E-02  8.920377524E+04  2.362547085E+02  3.343625233E+02  2.784060050E+02  2.427530270E+02  4.654012151E-01 
       241  3.807676132E-02  1.146676712E-01  3.621643154E-02  8.789172009E+04  2.609603466E+02  3.336255493E+02  2.771798012E+02  2.515243798E+02  3.719040955E-01 
       242  3.928374460E-02  1.150413043E-01  3.894926042E-02  8.801713354E+04  2.666984911E+02  3.339744041E+02  2.777608035E+02  2.527581410E+02  3.475512085E-01 
       243  4.044503934E-02  1.154301055E-01  4.169676193E-02  8.841823766E+04  2.707099485E+02  3.342712311E+02  2.782545283E+02  2.521071183E+02  3.256029853E-01 
       244  4.154949506E-02  1.158110833E-01  4.446441861E-02  8.903357715E+04  2.741726875E+02  3.345928097E+02  2.787901497E+02  2.509266958E+02  3.044856582E-01 
       245  4.259018966E-02  1.161595968E-01  4.726780086E-02  8.983174362E+04  2.771807886E+02  3.349743473E+02  2.794264853E+02  2.490374684E+02  2.829465782E-01 
       246  4.357921759E-02  1.165132208E-01  5.008364009E-02  9.081032446E+04  2.795275383E+02  3.354263229E+02  2.801808262E+02  2.462117720E+02  2.615291765E-01 
       247  4.448002582E-02  1.168267471E-01  5.293502673E-02  9.194939834E+04  2.818641060E+02  3.359057917E+02  2.809821406E+02  2.434978231E+02  2.401190839E-01 
       248  4.534234860E-02  1.171711221E-01  5.579536500E-02  9.323354004E+04  2.826835709E+02  3.365718536E+02  2.820980110E+02  2.395715809E+02  2.229502909E-01 
       249  4.612355051E-02  1.174912616E-01  5.867935283E-02  9.448140527E+04  2.836756401E+02  3.372502441E+02  2.832366333E+02  2.355055084E+02  2.037808038E-01 
       250  4.681688670E-02  1.178330389E-01  6.158342338E-02  9.568412500E+04  2.845624886E+02  3.378480911E+02  2.842414818E+02  2.322290802E+02  1.886187680E-01 
       251  4.742483443E-02  1.181684938E-01  6.451168194E-02  9.681349902E+04  2.852706795E+02  3.384217110E+02  2.852074738E+02  2.294381924E+02  1.764750574E-01 
       252  4.796175059E-02  1.184973583E-01  6.744925218E-02  9.784749707E+04  2.858831530E+02  3.390405617E+02  2.862512884E+02  2.265263805E+02  1.641364349E-01 
       253  4.839690646E-02  1.188449776E-01  7.040346354E-02  9.875076117E+04  2.868094137E+02  3.394818224E+02  2.869962329E+02  2.242110658E+02  1.520192593E-01 
       254  4.867844520E-02  1.192029192E-01  7.337369276E-02  9.931378599E+04  2.886723752E+02  3.397128791E+02  2.873873064E+02  2.235458815E+02  1.408527252E-01 
       255  4.889804354E-02  1.195863964E-01  7.634446821E-02  9.975071513E+04  2.901758939E+02  3.398628289E+02  2.876411680E+02  2.224028277E+02  1.297888448E-01 
       256  4.901527392E-02  1.199575346E-01  7.936475415E-02  9.992726886E+04  2.923953944E+02  3.399481044E+02  2.877857463E+02  2.221344757E+02  1.176327109E-01 
       257  4.897414798E-02  1.207471392E-01  8.530893469E-02  1.000552891E+05  2.968538208E+02  3.401547318E+02  2.881352425E+02  2.231539993E+02  9.919826500E-02 
       258  4.879835866E-02  1.211503063E-01  8.827262235E-02  1.001948848E+05  2.985976448E+02  3.401176262E+02  2.880725441E+02  2.237170677E+02  9.290395398E-02 
       259  4.854576088E-02  1.215647590E-01  9.126615169E-02  1.001991528E+05  3.001062213E+02  3.399413898E+02  2.877739200E+02  2.236807487E+02  8.549247626E-02 
       260  4.818457029E-02  1.219712360E-01  9.420996830E-02  1.005644262E+05  3.001994638E+02  3.401175205E+02  2.880721391E+02  2.225597142E+02  8.192156633E-02 
       261  4.782320061E-02  1.224212570E-01  9.713670139E-02  1.010364312E+05  2.997757492E+02  3.403391113E+02  2.884486008E+02  2.207055874E+02  7.873041695E-02 
       262  4.734997920E-02  1.228526278E-01  1.001180955E-01  1.020609336E+05  2.984423981E+02  3.409140434E+02  2.894236183E+02  2.175549049E+02  7.530737575E-02 
       263  4.683890011E-02  1.232935874E-01  1.030087938E-01  1.035974666E+05  2.952880645E+02  3.418640684E+02  2.910397988E+02  2.123949709E+02  7.525640106E-02 
       264  4.566507936E-02  1.242316696E-01  1.088390156E-01  1.061907972E+05  2.868823582E+02  3.424970922E+02  2.921176675E+02  2.025641130E+02  9.173779002E-02 
       265  4.352639189E-02  1.257122811E-01  1.174848542E-01  1.079156934E+05  2.638204846E+02  3.455617794E+02  2.973757052E+02  1.788674177E+02  1.599472746E-01 
       266  4.289440586E-02  1.261798267E-01  1.203730247E-01  1.077024797E+05  2.520212205E+02  3.480429540E+02  3.016622563E+02  1.506380087E+02  1.447428293E-01 
       267  4.242365191E-02  1.265975250E-01  1.232861776E-01  1.075554540E+05  2.441477743E+02  3.498710473E+02  3.048331305E+02  1.276923579E+02  1.269115294E-01 
       268  4.208270049E-02  1.270006734E-01  1.262530889E-01  1.075599844E+05  2.405489807E+02  3.501640701E+02  3.053425102E+02  1.254913521E+02  1.525190137E-01 
       269  4.202415066E-02  1.273246053E-01  1.292418903E-01  1.075608047E+05  2.409590459E+02  3.498254148E+02  3.047529520E+02  1.310099934E+02  1.689460197E-01 
       270  4.218523596E-02  1.275849052E-01  1.322314117E-01  1.074918840E+05  2.430850576E+02  3.493516492E+02  3.039287931E+02  1.383615035E+02  1.785380474E-01 
       271  4.252691668E-02  1.278080741E-01  1.352038484E-01  1.073619223E+05  2.465790245E+02  3.490161724E+02  3.033459980E+02  1.463076880E+02  1.803196918E-01 
       272  4.296344289E-02  1.279984053E-01  1.381664338E-01  1.071883689E+05  2.498238375E+02  3.485234500E+02  3.024916542E+02  1.526491765E+02  1.801265798E-01 
       273  4.347514252E-02  1.281630447E-01  1.411197974E-01  1.068762088E+05  2.526461228E+02  3.480666480E+02  3.016988614E+02  1.579188578E+02  1.798807067E-01 
       274  4.403358971E-02  1.283124551E-01  1.440677535E-01  1.065344491E+05  2.550846331E+02  3.478649952E+02  3.013468401E+02  1.620578873E+02  1.790263512E-01 
       275  4.466583781E-02  1.284644007E-01  1.470000034E-01  1.063321095E+05  2.578137624E+02  3.474694358E+02  2.957715468E+02  1.662747717E+02  1.765426695E-01 
       276 -1.390154712E-02  1.725232616E-01 -4.600000033E-02  8.231303250E+04  1.816755824E+02  3.303589478E+02  2.712628025E+02  3.418470486E+02  1.010368246E+00 
       277 -1.389524734E-02  1.726308379E-01 -4.258575940E-02  8.275017888E+04  1.813673003E+02  3.303880597E+02  2.718263133E+02  3.422312374E+02  1.012132507E+00 
       278 -1.388827040E-02  1.727470810E-01 -3.919459871E-02  8.295584923E+04  1.811993952E+02  3.304160925E+02  2.718724750E+02  3.425765189E+02  1.013326555E+00 
       279 -1.387976982E-02  1.728866868E-01 -3.575874102E-02  8.296668648E+04  1.811527265E+02  3.304126425E+02  2.718668156E+02  3.426821299E+02  1.013674738E+00 
       280 -1.386962822E-02  1.730354599E-01 -3.234598001E-02  8.281096109E+04  1.813131588E+02  3.303365445E+02  2.717416258E+02  3.429368049E+02  1.013603839E+00 
       281 -1.385715910E-02  1.732129765E-01 -2.893478341E-02  8.242560442E+04  1.817916446E+02  3.301554000E+02  2.714436949E+02  3.441992572E+02  1.014269858E+00 
       282 -1.381464856E-02  1.733989484E-01 -2.553958976E-02  8.189909312E+04  1.830576637E+02  3.298089282E+02  2.708744512E+02  3.462920530E+02  1.013742529E+00 
       283 -1.334927366E-02  1.736519924E-01 -2.216152427E-02  8.111458081E+04  1.846621449E+02  3.293801132E+02  2.701704644E+02  3.481482370E+02  1.011649485E+00 
       284 -1.220387625E-02  1.739549638E-01 -1.896956374E-02  7.998632715E+04  1.879852514E+02  3.286717339E+02  2.690104446E+02  3.519703140E+02  1.007490262E+00 
       285 -1.057589609E-02  1.742731966E-01 -1.599005111E-02  7.832621470E+04  1.922020941E+02  3.277922957E+02  2.675727286E+02  3.560090668E+02  1.000805557E+00 
       286 -8.586070527E-03  1.745821273E-01 -1.323108332E-02  7.632310790E+04  1.978953944E+02  3.268948047E+02  2.661095529E+02  3.610567571E+02  9.914012785E-01 
       287 -6.371188279E-03  1.748941133E-01 -1.065117603E-02  7.585515686E+04  2.003604708E+02  3.268732870E+02  2.660749160E+02  3.609836591E+02  9.830644501E-01 
       288 -3.959984913E-03  1.752012559E-01 -8.251810021E-03  7.808104827E+04  1.983311379E+02  3.281281260E+02  2.681245210E+02  3.560960772E+02  9.805849309E-01 
       289 -1.474621790E-03  1.754287438E-01 -5.921768022E-03  8.349067888E+04  1.903848111E+02  3.307870635E+02  2.724960870E+02  3.430388481E+02  9.850567977E-01 
       290  1.096342236E-03  1.756586641E-01 -3.684409899E-03  8.912992708E+04  1.803816317E+02  3.334751227E+02  2.769339582E+02  3.279351606E+02  9.937731195E-01 
       291  3.722457199E-03  1.758529720E-01 -1.512169024E-03  9.183540259E+04  1.750134869E+02  3.344350138E+02  2.785270996E+02  3.249074984E+02  1.007696316E+00 
       292  6.390497491E-03  1.759799744E-01  6.206893580E-04  8.818392725E+04  1.771746998E+02  3.332157078E+02  2.765048847E+02  3.326485825E+02  1.012360260E+00 
       293  1.179759467E-02  1.761809281E-01  4.808741428E-03  7.637764063E+04  2.003672371E+02  3.268153839E+02  2.659862480E+02  3.647975998E+02  9.901059717E-01 
       294  1.450804596E-02  1.762121176E-01  6.883706551E-03  7.244292871E+04  2.099838104E+02  3.242819920E+02  2.618749294E+02  3.762146206E+02  9.804650322E-01 
       295  1.722225861E-02  1.762495216E-01  8.953048646E-03  7.047486230E+04  2.149005165E+02  3.229732742E+02  2.597638817E+02  3.823024063E+02  9.765263498E-01 
       296  1.993233776E-02  1.761597577E-01  1.102855473E-02  6.919654492E+04  2.176956844E+02  3.222327652E+02  2.585739632E+02  3.861725502E+02  9.753687680E-01 
       297  2.263244469E-02  1.760920636E-01  1.311525345E-02  6.758860400E+04  2.223094215E+02  3.212087116E+02  2.569340706E+02  3.902000618E+02  9.685297832E-01 
       298  2.532249661E-02  1.759768902E-01  1.521525865E-02  6.601087549E+04  2.290285511E+02  3.200001564E+02  2.550036869E+02  3.953051682E+02  9.570836648E-01 
       299  2.800116021E-02  1.758008440E-01  1.732596334E-02  6.570271484E+04  2.338971577E+02  3.196454105E+02  2.544382610E+02  3.968610182E+02  9.441135675E-01 
       300  3.066011949E-02  1.756198651E-01  1.946182943E-02  6.814658484E+04  2.353420281E+02  3.209220438E+02  2.564839435E+02  3.922178688E+02  9.291499164E-01 
       301  3.850917716E-02  1.748410184E-01  2.602581626E-02  8.715260254E+04  2.340025759E+02  3.339276257E+02  2.776859112E+02  3.343306465E+02  8.241818566E-01 
       302  4.358739934E-02  1.740919978E-01  3.053362568E-02  8.589472485E+04  2.386463261E+02  3.328435135E+02  2.758823185E+02  3.430564442E+02  8.236433938E-01 
       303  4.609287257E-02  1.736863543E-01  3.281922705E-02  8.500624390E+04  2.409286613E+02  3.326404381E+02  2.755454254E+02  3.455296679E+02  8.204690218E-01 
       304  4.855845708E-02  1.731970535E-01  3.512834265E-02  8.491099780E+04  2.450971489E+02  3.326085358E+02  2.754926472E+02  3.455130920E+02  8.061621748E-01 
       305  5.100043215E-02  1.726458906E-01  3.745772352E-02  8.614144800E+04  2.488608794E+02  3.331502876E+02  2.763913660E+02  3.429661436E+02  7.890950702E-01 
       306  5.340036417E-02  1.720848619E-01  3.982071753E-02  8.934178918E+04  2.502238586E+02  3.347186885E+02  2.790042355E+02  3.352936640E+02  7.716606045E-01 
       307  5.576533568E-02  1.714326002E-01  4.220398857E-02  9.438466183E+04  2.487027673E+02  3.373556969E+02  2.834213349E+02  3.226820979E+02  7.566468958E-01 
       308  5.808130114E-02  1.707532671E-01  4.462162642E-02  9.957787791E+04  2.455555773E+02  3.402796361E+02  2.883544536E+02  3.093555092E+02  7.472362571E-01 
       309  6.913202621E-02  1.670049815E-01  5.708998555E-02  1.119491016E+05  2.430687761E+02  3.466555166E+02  2.992564530E+02  2.749480085E+02  7.097512810E-01 
       310  7.325557335E-02  1.653928843E-01  6.228962682E-02  1.152852918E+05  2.403099552E+02  3.482692780E+02  3.020478747E+02  2.661325254E+02  7.103244872E-01 
       311  7.526114685E-02  1.645964451E-01  6.493668120E-02  1.164087070E+05  2.400909252E+02  3.486065960E+02  3.026333065E+02  2.638263798E+02  7.100465074E-01 
       312  8.099008587E-02  1.620989224E-01  7.305121222E-02  1.186485537E+05  2.383176804E+02  3.493144722E+02  3.038621712E+02  2.560659103E+02  7.087956890E-01 
       313  8.281625202E-02  1.612441772E-01  7.580722199E-02  1.189620947E+05  2.376192360E+02  3.493398018E+02  3.039061432E+02  2.554120903E+02  7.115909532E-01 
       314  8.462318717E-02  1.604029889E-01  7.856519154E-02  1.192020430E+05  2.370007010E+02  3.493575268E+02  3.039369059E+02  2.551204438E+02  7.152495533E-01 
       315  8.638808364E-02  1.595156660E-01  8.135371941E-02  1.193756641E+05  2.367265077E+02  3.493111248E+02  3.038560600E+02  2.546009998E+02  7.166820243E-01 
       316  8.818531781E-02  1.586346563E-01  8.418846896E-02  1.195537375E+05  2.367812437E+02  3.492411880E+02  3.037344130E+02  2.534355459E+02  7.137539333E-01 
       317  9.153487112E-02  1.568453452E-01  8.985396979E-02  1.195198582E+05  2.362198098E+02  3.492581787E+02  3.037646127E+02  2.534171720E+02  7.166680405E-01 
       318  9.319079870E-02  1.559467714E-01  9.269883327E-02  1.193498926E+05  2.361795120E+02  3.492579212E+02  3.037643795E+02  2.529174156E+02  7.165381238E-01 
       319  9.639067810E-02  1.541493463E-01  9.845101971E-02  1.191746113E+05  2.367243958E+02  3.489753857E+02  3.032725830E+02  2.533077965E+02  7.158086076E-01 
       320  9.789700787E-02  1.532238030E-01  1.013752208E-01  1.191224464E+05  2.376988709E+02  3.487804866E+02  3.029337797E+02  2.537431722E+02  7.113330066E-01 
       321  9.939560036E-02  1.523575645E-01  1.043121280E-01  1.190761738E+05  2.384304695E+02  3.486035767E+02  3.026263771E+02  2.544865513E+02  7.097549140E-01 
       322  1.008373928E-01  1.515239935E-01  1.072922639E-01  1.189372920E+05  2.392275372E+02  3.483794727E+02  3.022373962E+02  2.555684948E+02  7.082391828E-01 
       323  1.021925752E-01  1.507164957E-01  1.103173974E-01  1.187572202E+05  2.406872602E+02  3.481096563E+02  3.017696843E+02  2.570539436E+02  7.035964411E-01 
       324  1.063175391E-01  1.486079647E-01  1.265700906E-01  1.183987168E+05  2.436581993E+02  3.486983109E+02  3.027943764E+02  2.559280167E+02  6.932283044E-01 
       325  1.064822206E-01  1.487022474E-01  1.299738775E-01  1.184481191E+05  2.394660263E+02  3.499809265E+02  3.050277061E+02  2.453250961E+02  7.027664930E-01 
       326  1.066476119E-01  1.488146338E-01  1.333799290E-01  1.182625645E+05  2.328774719E+02  3.513942986E+02  3.074947624E+02  2.316990547E+02  7.233505696E-01 
       327  1.068180965E-01  1.489318139E-01  1.367854531E-01  1.180639590E+05  2.283954811E+02  3.521659966E+02  3.088441963E+02  2.242802544E+02  7.406563684E-01 
       328  1.069979625E-01  1.490578552E-01  1.401905319E-01  1.180091455E+05  2.293838444E+02  3.517220039E+02  3.080666504E+02  2.297450848E+02  7.398583815E-01 
       329  1.071817424E-01  1.491887345E-01  1.435955648E-01  1.179728071E+05  2.347008772E+02  3.503535004E+02  3.055006123E+02  2.457462044E+02  7.261652574E-01 
       330  1.073851999E-01  1.493347905E-01  1.470000044E-01  1.179317539E+05  2.420961456E+02  3.485971375E+02  3.013938599E+02  2.612125092E+02  7.081071436E-01 
       331 -5.132010553E-03  2.399711247E-01 -4.600000034E-02  8.403171973E+04  1.733280811E+02  3.310545464E+02  2.729856892E+02  4.391763458E+02  1.165038407E+00 
       332 -5.128125210E-03  2.399809281E-01 -4.210430258E-02  8.413076587E+04  1.747300153E+02  3.306852217E+02  2.723161998E+02  4.405011168E+02  1.162924815E+00 
       333 -5.125201508E-03  2.399922328E-01 -3.820870464E-02  8.247382904E+04  1.776729234E+02  3.300291150E+02  2.712381263E+02  4.428710980E+02  1.158098147E+00 
       334 -5.121813889E-03  2.400095995E-01 -3.431329778E-02  8.066514542E+04  1.821730845E+02  3.290932838E+02  2.697018722E+02  4.463606455E+02  1.150605326E+00 
       335 -5.119016059E-03  2.400291916E-01 -3.041776666E-02  7.909415478E+04  1.867067778E+02  3.282720326E+02  2.683568423E+02  4.498755176E+02  1.143156952E+00 
       336 -5.114574788E-03  2.400538233E-01 -2.652182619E-02  7.820828145E+04  1.885756736E+02  3.280124772E+02  2.679318211E+02  4.515988843E+02  1.140395459E+00 
       337 -5.109553763E-03  2.400828758E-01 -2.262552630E-02  7.842648486E+04  1.876590149E+02  3.283714647E+02  2.685206308E+02  4.509030533E+02  1.141950013E+00 
       338 -5.103895973E-03  2.401152952E-01 -1.872899116E-02  8.097135883E+04  1.831193055E+02  3.296585727E+02  2.706321967E+02  4.453826461E+02  1.147415780E+00 
       339 -4.925504783E-03  2.402473149E-01 -7.056915668E-03  8.640825510E+04  1.709911082E+02  3.319118088E+02  2.743451812E+02  4.354805892E+02  1.167686370E+00 
       340 -3.715119829E-03  2.403023013E-01 -3.373311706E-03  8.121983832E+04  1.793219767E+02  3.300711205E+02  2.713129848E+02  4.435705562E+02  1.155107407E+00 
       341 -1.562012846E-03  2.403581740E-01 -1.360753051E-04  7.867181478E+04  1.873731260E+02  3.284288003E+02  2.686148605E+02  4.513096315E+02  1.143134523E+00 
       342  1.133764527E-03  2.404094608E-01  2.675248428E-03  7.892689258E+04  1.884466228E+02  3.281699858E+02  2.681905746E+02  4.505936852E+02  1.139895715E+00 
       343  4.137632423E-03  2.404197044E-01  5.149238455E-03  7.991680670E+04  1.848313828E+02  3.287323356E+02  2.691100020E+02  4.475001556E+02  1.145802760E+00 
       344  7.316400202E-03  2.403253331E-01  7.399564588E-03  7.977552297E+04  1.837404170E+02  3.289175950E+02  2.694128772E+02  4.471470904E+02  1.148483171E+00 
       345  1.395577155E-02  2.400667001E-01  1.148649181E-02  8.618415576E+04  1.723211460E+02  3.317557850E+02  2.740919247E+02  4.379916477E+02  1.168543015E+00 
       346  1.735065466E-02  2.397965962E-01  1.337576268E-02  9.005419824E+04  1.594896755E+02  3.338618431E+02  2.775783844E+02  4.290363159E+02  1.192128435E+00 
       347  2.419161170E-02  2.391929427E-01  1.704637434E-02  7.969590430E+04  1.856606827E+02  3.291269836E+02  2.697615089E+02  4.469538651E+02  1.144127116E+00 
       348  2.761839379E-02  2.387452844E-01  1.884103948E-02  7.978651270E+04  1.879260464E+02  3.288868370E+02  2.693631096E+02  4.482531662E+02  1.139521956E+00 
       349  3.105226563E-02  2.382885234E-01  2.062260888E-02  8.095662842E+04  1.850500021E+02  3.297332211E+02  2.707507391E+02  4.455298233E+02  1.143741950E+00 
       350  3.788868369E-02  2.371344800E-01  2.417075674E-02  8.076930420E+04  1.876044941E+02  3.297617073E+02  2.707975140E+02  4.468916130E+02  1.139448114E+00 
       351  4.468291751E-02  2.357525484E-01  2.771953789E-02  8.043931152E+04  1.897258320E+02  3.294169998E+02  2.702342434E+02  4.462457237E+02  1.135399647E+00 
       352  4.805699300E-02  2.349490393E-01  2.948953136E-02  8.071844812E+04  1.907173929E+02  3.293331399E+02  2.700972180E+02  4.449574947E+02  1.133305119E+00 
       353  5.140582287E-02  2.340778219E-01  3.127771149E-02  8.067570801E+04  1.906497984E+02  3.293811779E+02  2.701749954E+02  4.442391968E+02  1.134754092E+00 
       354  5.473006301E-02  2.331020583E-01  3.305777180E-02  7.982596191E+04  1.932369938E+02  3.288794174E+02  2.693518410E+02  4.460573425E+02  1.131846115E+00 
       355  5.803984836E-02  2.320923676E-01  3.484458617E-02  7.834875684E+04  1.967548714E+02  3.279549313E+02  2.678397026E+02  4.488881493E+02  1.127741754E+00 
       356  6.132921494E-02  2.310454118E-01  3.665150486E-02  7.664406042E+04  2.014127002E+02  3.270162773E+02  2.663081576E+02  4.517239372E+02  1.120685450E+00 
       357  6.777528194E-02  2.285846393E-01  4.027160278E-02  8.477281738E+04  2.140317230E+02  3.325693092E+02  2.754673920E+02  4.316240921E+02  1.070413709E+00 
       358  7.097972553E-02  2.273472007E-01  4.209367684E-02  9.190272559E+04  2.274052010E+02  3.364207306E+02  2.818547268E+02  4.138662758E+02  1.019905381E+00 
       359  7.412444428E-02  2.259565065E-01  4.393674079E-02  9.080377832E+04  2.352946701E+02  3.347616453E+02  2.790825949E+02  4.193083811E+02  1.005693318E+00 
       360  7.725834663E-02  2.245514312E-01  4.577102978E-02  8.665598145E+04  2.367035627E+02  3.327449360E+02  2.757199688E+02  4.288352470E+02  1.011362471E+00 
       361  8.037011026E-02  2.231435234E-01  4.763983740E-02  8.866921777E+04  2.346240273E+02  3.345173798E+02  2.786809349E+02  4.232964821E+02  1.014537200E+00 
       362  8.343109451E-02  2.215945322E-01  4.950276897E-02  1.019433068E+05  2.273664314E+02  3.404430745E+02  2.886645031E+02  3.930875373E+02  1.018530549E+00 
       363  8.646988642E-02  2.201046420E-01  5.141624103E-02  1.220335469E+05  2.131657920E+02  3.481957750E+02  3.019636092E+02  3.535492401E+02  1.043580467E+00 
       364  9.242245520E-02  2.169732682E-01  5.534503106E-02  1.185957197E+05  2.204831963E+02  3.502628727E+02  3.055486660E+02  3.503735437E+02  1.004445348E+00 
       365  9.533631835E-02  2.153857768E-01  5.738443174E-02  1.164309315E+05  2.221958530E+02  3.501619964E+02  3.053919492E+02  3.502895360E+02  9.964801231E-01 
       366  9.819952312E-02  2.138016843E-01  5.949569436E-02  1.170917900E+05  2.231264706E+02  3.517379436E+02  3.081566219E+02  3.433386421E+02  9.894659594E-01 
       367  1.009694591E-01  2.121295788E-01  6.167326851E-02  1.186132737E+05  2.274114709E+02  3.529379253E+02  3.102586536E+02  3.369965820E+02  9.700113293E-01 
       368  1.037116704E-01  2.105064985E-01  6.390540356E-02  1.192024678E+05  2.315568476E+02  3.534862289E+02  3.112187843E+02  3.352591658E+02  9.521104023E-01 
       369  1.064180189E-01  2.088777679E-01  6.618856681E-02  1.197776816E+05  2.351251144E+02  3.533780479E+02  3.110220833E+02  3.362430935E+02  9.379725903E-01 
       370  1.090480686E-01  2.071800512E-01  6.850700508E-02  1.207006660E+05  2.364700232E+02  3.530551815E+02  3.104479675E+02  3.362590504E+02  9.317432269E-01 
       371  1.116790455E-01  2.055210471E-01  7.084353951E-02  1.215812173E+05  2.356173379E+02  3.528174925E+02  3.100216775E+02  3.368972340E+02  9.331721924E-01 
       372  1.142974452E-01  2.038484190E-01  7.319785208E-02  1.222520068E+05  2.331152029E+02  3.521727495E+02  3.088783760E+02  3.378881044E+02  9.399672840E-01 
       373  1.168416696E-01  2.021295301E-01  7.558130371E-02  1.226711392E+05  2.303907633E+02  3.517110977E+02  3.080652866E+02  3.385332355E+02  9.476008527E-01 
       374  1.193277496E-01  2.004108846E-01  7.805168345E-02  1.229070757E+05  2.268407791E+02  3.514871082E+02  3.076717873E+02  3.390904236E+02  9.576616902E-01 
       375  1.217693779E-01  1.987784452E-01  8.060399866E-02  1.229367490E+05  2.242245374E+02  3.513741913E+02  3.074733629E+02  3.395096903E+02  9.651075639E-01 
       376  1.240793489E-01  1.970470446E-01  8.322373237E-02  1.229789399E+05  2.228209810E+02  3.513789091E+02  3.074831781E+02  3.383701525E+02  9.686346613E-01 
       377  1.263696524E-01  1.953872062E-01  8.590193330E-02  1.233762791E+05  2.217929226E+02  3.520676619E+02  3.086891640E+02  3.333828855E+02  9.706105487E-01 
       378  1.285811840E-01  1.937639536E-01  8.866989816E-02  1.235795288E+05  2.205802970E+02  3.511956873E+02  3.071591868E+02  3.376505446E+02  9.745618710E-01 
       379  1.378530526E-01  1.861918564E-01  1.119425893E-01  1.230146323E+05  2.179496460E+02  3.554684200E+02  3.146725597E+02  3.146511078E+02  9.804460593E-01 
       380  1.378280879E-01  1.861358471E-01  1.158380052E-01  1.226288091E+05  2.207611470E+02  3.566799393E+02  3.168212633E+02  2.996681128E+02  9.734239187E-01 
       381  1.378172244E-01  1.861105784E-01  1.197328496E-01  1.218817542E+05  2.280671730E+02  3.568848724E+02  3.171871867E+02  2.961913714E+02  9.502934646E-01 
       382  1.378137064E-01  1.861013403E-01  1.236281983E-01  1.221650576E+05  2.327094965E+02  3.562744026E+02  3.161064439E+02  3.078249657E+02  9.318107339E-01 
       383  1.378232998E-01  1.861207539E-01  1.275238734E-01  1.227184121E+05  2.321531464E+02  3.550127519E+02  3.138754056E+02  3.214247128E+02  9.343572019E-01 
       384  1.378388478E-01  1.861485149E-01  1.314192119E-01  1.230763777E+05  2.266689499E+02  3.538747433E+02  3.118647381E+02  3.303334068E+02  9.520633005E-01 
       385  1.378667705E-01  1.861922064E-01  1.353144338E-01  1.231704826E+05  2.225207819E+02  3.532421441E+02  3.107483144E+02  3.307867715E+02  9.647875535E-01 
       386  1.378917792E-01  1.862393165E-01  1.392095884E-01  1.232003647E+05  2.212144119E+02  3.528300828E+02  3.100203214E+02  3.307895529E+02  9.686463820E-01 
       387  1.379128913E-01  1.862912877E-01  1.431056120E-01  1.232370859E+05  2.211370437E+02  3.528807146E+02  3.098717686E+02  3.288557158E+02  9.686119759E-01 
       388  1.379274402E-01  1.863453723E-01  1.469999959E-01  1.233149658E+05  2.202224593E+02  3.537179627E+02  3.106321549E+02  3.219038606E+02  9.711421747E-01 
       389 -3.389247132E-02  1.007789921E-01 -4.300551245E-02  8.755284619E+04  1.539336128E+02  3.330647984E+02  2.762487335E+02  2.357794075E+02  8.594955914E-01 
       390 -3.372456358E-02  1.010433636E-01 -4.002223516E-02  8.747578038E+04  1.545377436E+02  3.330196569E+02  2.761739018E+02  2.364923604E+02  8.588718745E-01 
       391 -3.329024078E-02  1.014074167E-01 -3.707963811E-02  8.736238696E+04  1.550703201E+02  3.329699608E+02  2.760915060E+02  2.370610203E+02  8.582468526E-01 
       392 -3.255620303E-02  1.018883264E-01 -3.421559131E-02  8.722918820E+04  1.557994543E+02  3.328896574E+02  2.759583492E+02  2.377542927E+02  8.570776297E-01 
       393 -3.153373485E-02  1.024554568E-01 -3.145384174E-02  8.710294807E+04  1.566335524E+02  3.328018633E+02  2.758127933E+02  2.387084986E+02  8.562921942E-01 
       394 -3.028950121E-02  1.031058036E-01 -2.880322264E-02  8.700478796E+04  1.572839198E+02  3.327417283E+02  2.757131487E+02  2.393920809E+02  8.556037683E-01 
       395 -2.888173412E-02  1.037838005E-01 -2.624318977E-02  8.692544015E+04  1.579084632E+02  3.326965557E+02  2.756382254E+02  2.399994772E+02  8.548104225E-01 
       396 -2.733119538E-02  1.044792183E-01 -2.377110822E-02  8.685964297E+04  1.584864583E+02  3.326597727E+02  2.755773814E+02  2.407281171E+02  8.548052719E-01 
       397 -2.568342124E-02  1.052055751E-01 -2.135968630E-02  8.674422484E+04  1.589878816E+02  3.326098007E+02  2.754945023E+02  2.413918182E+02  8.548430770E-01 
       398 -2.397735570E-02  1.059146334E-01 -1.899049647E-02  8.654503766E+04  1.596072300E+02  3.325053713E+02  2.753216037E+02  2.424366304E+02  8.557433232E-01 
       399 -2.220871387E-02  1.066063154E-01 -1.667396516E-02  8.620742834E+04  1.605836058E+02  3.323207393E+02  2.750159154E+02  2.441997775E+02  8.571462955E-01 
       400 -2.041003203E-02  1.073389070E-01 -1.437512078E-02  8.563759735E+04  1.623712367E+02  3.320098578E+02  2.745017279E+02  2.467403919E+02  8.570237090E-01 
       401 -1.856976066E-02  1.079715131E-01 -1.211630566E-02  8.485298182E+04  1.652364698E+02  3.315723969E+02  2.737787461E+02  2.500537097E+02  8.539544076E-01 
       402 -1.670953655E-02  1.086522831E-01 -9.860640570E-03  8.418453048E+04  1.687810464E+02  3.312164004E+02  2.731912152E+02  2.527352196E+02  8.451233027E-01 
       403 -1.482329113E-02  1.093026603E-01 -7.620995183E-03  8.418494147E+04  1.717498168E+02  3.311960518E+02  2.731576704E+02  2.533638670E+02  8.321534811E-01 
       404 -1.292306254E-02  1.099268373E-01 -5.385291055E-03  8.518487720E+04  1.721048017E+02  3.317822933E+02  2.741256094E+02  2.500579014E+02  8.192796651E-01 
       405 -1.101845801E-02  1.105590611E-01 -3.137660868E-03  8.693419308E+04  1.706241367E+02  3.327387156E+02  2.757085501E+02  2.442694535E+02  8.082865265E-01 
       406 -9.120841472E-03  1.111701815E-01 -8.914052251E-04  8.936977930E+04  1.673789153E+02  3.340814714E+02  2.779385996E+02  2.355121249E+02  7.982267456E-01 
       407 -7.240675928E-03  1.117476218E-01  1.353994698E-03  9.300486430E+04  1.634917136E+02  3.359271316E+02  2.810185687E+02  2.231638657E+02  7.825688071E-01 
       408 -5.370549944E-03  1.123083196E-01  3.627204146E-03  9.644533032E+04  1.632725310E+02  3.377628169E+02  2.840978005E+02  2.072138128E+02  7.400779724E-01 
       409 -3.530590186E-03  1.128981262E-01  5.933484609E-03  9.847293184E+04  1.721776129E+02  3.387974280E+02  2.858412610E+02  2.020465019E+02  6.769996927E-01 
       410 -1.726912218E-03  1.134387153E-01  8.259926622E-03  9.827716357E+04  1.856123090E+02  3.385823736E+02  2.854774189E+02  2.041397181E+02  6.039637402E-01 
       411  3.734044288E-05  1.140039107E-01  1.062617763E-02  9.737756641E+04  1.949018860E+02  3.380997210E+02  2.846643186E+02  2.093715429E+02  5.680358708E-01 
       412  1.740848712E-03  1.145879687E-01  1.302702968E-02  9.653163644E+04  2.020473192E+02  3.377378320E+02  2.840549968E+02  2.127986182E+02  5.395734693E-01 
       413  3.387617433E-03  1.151172021E-01  1.547343878E-02  9.596248044E+04  2.091233597E+02  3.374130123E+02  2.835090508E+02  2.163536117E+02  5.130122711E-01 
       414  4.957112811E-03  1.157081541E-01  1.796238578E-02  9.538859070E+04  2.159042628E+02  3.371131368E+02  2.830057149E+02  2.192967594E+02  4.870419558E-01 
       415  6.462677552E-03  1.163151534E-01  2.048609031E-02  9.459867749E+04  2.225045223E+02  3.367186079E+02  2.823435965E+02  2.231527634E+02  4.654487623E-01 
       416  7.926557233E-03  1.168909271E-01  2.304605918E-02  9.392488666E+04  2.282954090E+02  3.363673029E+02  2.817544253E+02  2.266856225E+02  4.475691332E-01 
       417  9.338612782E-03  1.175119790E-01  2.562398907E-02  9.361822771E+04  2.331826771E+02  3.361796339E+02  2.814399155E+02  2.287714957E+02  4.304362234E-01 
       418  1.068984297E-02  1.181121478E-01  2.822455248E-02  9.349208646E+04  2.376258644E+02  3.361082075E+02  2.813203509E+02  2.300348612E+02  4.129777891E-01 
       419  1.198650266E-02  1.187330819E-01  3.085849659E-02  9.342376276E+04  2.421783604E+02  3.360644944E+02  2.812471933E+02  2.315633922E+02  3.960295401E-01 
       420  1.322982934E-02  1.193430432E-01  3.352159396E-02  9.345789587E+04  2.464811944E+02  3.360747470E+02  2.812643314E+02  2.326800260E+02  3.788420014E-01 
       421  1.439865389E-02  1.199672983E-01  3.621509854E-02  9.365520682E+04  2.502796481E+02  3.361801652E+02  2.814408800E+02  2.331108549E+02  3.620808611E-01 
       422  1.553995729E-02  1.205631245E-01  3.892438234E-02  9.407579468E+04  2.535686088E+02  3.363880478E+02  2.817891219E+02  2.325683930E+02  3.444740097E-01 
       423  1.662952250E-02  1.211745408E-01  4.165332372E-02  9.461171924E+04  2.562893863E+02  3.366588495E+02  2.822430568E+02  2.316729434E+02  3.289321900E-01 
       424  1.764894372E-02  1.217373945E-01  4.441857664E-02  9.531492429E+04  2.584116310E+02  3.370160273E+02  2.828423811E+02  2.299427003E+02  3.133477640E-01 
       425  1.861873940E-02  1.222791769E-01  4.720617614E-02  9.627924149E+04  2.602302811E+02  3.374820495E+02  2.836251441E+02  2.275123386E+02  2.969584829E-01 
       426  1.950820179E-02  1.228336643E-01  5.001741530E-02  9.721469302E+04  2.619574026E+02  3.379455907E+02  2.844047590E+02  2.247561033E+02  2.798480423E-01 
       427  2.036944420E-02  1.233245632E-01  5.285072558E-02  9.814384824E+04  2.638856137E+02  3.383840767E+02  2.851434175E+02  2.224131510E+02  2.628173591E-01 
       428  2.117157025E-02  1.238295963E-01  5.569831964E-02  9.914543323E+04  2.654081612E+02  3.388907862E+02  2.859981408E+02  2.196634593E+02  2.467594941E-01 
       429  2.190592593E-02  1.242947792E-01  5.857026217E-02  1.001122056E+05  2.671693478E+02  3.393399200E+02  2.867566385E+02  2.171118393E+02  2.297230298E-01 
       430  2.257248913E-02  1.247551336E-01  6.145961794E-02  1.009936060E+05  2.688105202E+02  3.397715178E+02  2.874866123E+02  2.146619644E+02  2.138148937E-01 
       431  2.314781749E-02  1.251835029E-01  6.437124902E-02  1.017443550E+05  2.706508999E+02  3.401255856E+02  2.880858607E+02  2.124216895E+02  1.970837256E-01 
       432  2.363318974E-02  1.255957621E-01  6.730774801E-02  1.023962585E+05  2.728946979E+02  3.404072793E+02  2.885632195E+02  2.107917786E+02  1.800860259E-01 
       433  2.402789138E-02  1.260195069E-01  7.025072331E-02  1.029613511E+05  2.751126995E+02  3.407130508E+02  2.890818653E+02  2.093631668E+02  1.639499217E-01 
       434  2.431727977E-02  1.264030352E-01  7.321094069E-02  1.034439580E+05  2.776678524E+02  3.409680824E+02  2.895147934E+02  2.084351482E+02  1.472416371E-01 
       435  2.453016930E-02  1.268032789E-01  7.617447467E-02  1.037704053E+05  2.805366049E+02  3.411588850E+02  2.898388500E+02  2.082032790E+02  1.313095405E-01 
       436  2.462079541E-02  1.271795605E-01  7.915094878E-02  1.038240051E+05  2.839769835E+02  3.412183402E+02  2.899397633E+02  2.090680928E+02  1.158430824E-01 
       437  2.463902970E-02  1.275610820E-01  8.212637731E-02  1.033358616E+05  2.882318687E+02  3.410071549E+02  2.895810919E+02  2.113639803E+02  1.011890232E-01 
       438  2.457492051E-02  1.279220853E-01  8.510260082E-02  1.024300325E+05  2.927743386E+02  3.405850261E+02  2.888646252E+02  2.152964846E+02  9.145564524E-02 
       439  2.441429013E-02  1.282749863E-01  8.807550525E-02  1.011771258E+05  2.966229562E+02  3.400186158E+02  2.879046465E+02  2.204099193E+02  9.101739830E-02 
       440  2.420234297E-02  1.286273229E-01  9.105186832E-02  1.004086142E+05  2.974161401E+02  3.396444640E+02  2.872712961E+02  2.238133318E+02  1.022745597E-01 
       441  2.388558350E-02  1.289647853E-01  9.401845916E-02  1.004386583E+05  2.956291487E+02  3.396446683E+02  2.872716639E+02  2.241025297E+02  1.159569886E-01 
       442  2.351928731E-02  1.293134864E-01  9.696958543E-02  1.009390131E+05  2.928627471E+02  3.398871696E+02  2.876820917E+02  2.225974949E+02  1.283415892E-01 
       443  2.306449285E-02  1.296327241E-01  9.991680403E-02  1.017293250E+05  2.899139194E+02  3.402760954E+02  2.883409319E+02  2.195827308E+02  1.355727790E-01 
       444  2.257188759E-02  1.299515661E-01  1.028605699E-01  1.027361519E+05  2.870256882E+02  3.407262268E+02  2.891041794E+02  2.163381386E+02  1.416910831E-01 
       445  2.201092100E-02  1.302726916E-01  1.057899135E-01  1.038564488E+05  2.838790089E+02  3.412570196E+02  2.900056951E+02  2.126934090E+02  1.481172149E-01 
       446  2.143382683E-02  1.305960230E-01  1.087107054E-01  1.049126638E+05  2.808105910E+02  3.417854842E+02  2.909045260E+02  2.085440797E+02  1.524534905E-01 
       447  2.076802587E-02  1.309307408E-01  1.116221513E-01  1.057933623E+05  2.782071457E+02  3.423555489E+02  2.918757172E+02  2.038849678E+02  1.523784054E-01 
       448  2.010215597E-02  1.312657467E-01  1.145293522E-01  1.064417871E+05  2.767313156E+02  3.428148985E+02  2.926593561E+02  2.008651552E+02  1.518587358E-01 
       449  1.945135245E-02  1.316056955E-01  1.174374795E-01  1.068982380E+05  2.764098673E+02  3.431147325E+02  2.931715057E+02  1.998873084E+02  1.520463121E-01 
       450  1.885387307E-02  1.319548677E-01  1.203553293E-01  1.072282474E+05  2.769160655E+02  3.432538183E+02  2.934091275E+02  2.003552282E+02  1.526254357E-01 
       451  1.837479322E-02  1.322913677E-01  1.233018373E-01  1.074688926E+05  2.770582609E+02  3.433844624E+02  2.936326303E+02  2.005967636E+02  1.547415038E-01 
       452  1.811263581E-02  1.325954541E-01  1.262715907E-01  1.075927661E+05  2.769561939E+02  3.435134878E+02  2.938533010E+02  2.007955723E+02  1.581193418E-01 
       453  1.805653049E-02  1.328847135E-01  1.292554963E-01  1.076102402E+05  2.773056297E+02  3.435478258E+02  2.939120593E+02  2.016588960E+02  1.612906351E-01 
       454  1.819877737E-02  1.331672438E-01  1.322380588E-01  1.075356655E+05  2.778598356E+02  3.435252447E+02  2.938733428E+02  2.028149432E+02  1.643270570E-01 
       455  1.852494771E-02  1.334510277E-01  1.352129826E-01  1.073951971E+05  2.785568819E+02  3.434466821E+02  2.937389593E+02  2.042350180E+02  1.676603713E-01 
       456  1.890761882E-02  1.337081709E-01  1.381756048E-01  1.071631716E+05  2.792326517E+02  3.433291676E+02  2.935379661E+02  2.057822748E+02  1.714185764E-01 
       457  1.937808835E-02  1.339540030E-01  1.411279949E-01  1.068676311E+05  2.799600661E+02  3.431902165E+02  2.933004045E+02  2.073778400E+02  1.749998857E-01 
       458  1.989552602E-02  1.341916383E-01  1.440726902E-01  1.065757516E+05  2.806781272E+02  3.430609033E+02  2.930794701E+02  2.089111041E+02  1.784046138E-01 
       459  2.048114376E-02  1.344526817E-01  1.469999956E-01  1.063186328E+05  2.817033129E+02  3.428869553E+02  2.927803907E+02  2.108814945E+02  1.811735183E-01 
       460 -4.772920012E-02  1.664853148E-01 -4.258181757E-02  8.252230711E+04  1.813260598E+02  3.302818623E+02  2.716516398E+02  3.429039793E+02  1.013493921E+00 
       461 -4.770031945E-02  1.666117663E-01 -3.916302660E-02  8.228263263E+04  1.821096494E+02  3.301076458E+02  2.713652205E+02  3.438825653E+02  1.012589918E+00 
       462 -4.768621633E-02  1.667606858E-01 -3.574527808E-02  8.185806360E+04  1.827534549E+02  3.299038873E+02  2.710303054E+02  3.448204675E+02  1.012115117E+00 
       463 -4.773671611E-02  1.669008759E-01 -3.232563070E-02  8.131235986E+04  1.845729561E+02  3.295457792E+02  2.704423676E+02  3.467433167E+02  1.009448595E+00 
       464 -4.779814392E-02  1.670685917E-01 -2.890641835E-02  8.070948413E+04  1.865788250E+02  3.291677542E+02  2.698221617E+02  3.491626606E+02  1.007091533E+00 
       465 -4.772832030E-02  1.672854950E-01 -2.549705171E-02  8.003528784E+04  1.882004988E+02  3.288399653E+02  2.692851362E+02  3.502868519E+02  1.003734510E+00 
       466 -4.733274936E-02  1.676197526E-01 -2.211766833E-02  7.943187366E+04  1.912630858E+02  3.284232635E+02  2.686031699E+02  3.536587644E+02  9.996462967E-01 
       467 -4.646629434E-02  1.680852894E-01 -1.884685997E-02  7.949063708E+04  1.928706479E+02  3.284623103E+02  2.686672243E+02  3.532654898E+02  9.933099286E-01 
       468 -4.497458874E-02  1.687177674E-01 -1.583913045E-02  8.147204614E+04  1.904351559E+02  3.296561604E+02  2.706258245E+02  3.477462940E+02  9.914994724E-01 
       469 -4.311049959E-02  1.694263862E-01 -1.306511329E-02  8.474060034E+04  1.849427819E+02  3.315263720E+02  2.737053618E+02  3.395037050E+02  9.958507288E-01 
       470 -4.101650432E-02  1.701661907E-01 -1.047820325E-02  8.755550488E+04  1.791991854E+02  3.330238400E+02  2.761812077E+02  3.316997223E+02  1.002572540E+00 
       471 -3.872443978E-02  1.709287414E-01 -8.043812788E-03  8.761429688E+04  1.766374183E+02  3.330630183E+02  2.762463288E+02  3.310605230E+02  1.010411152E+00 
       472 -3.634257562E-02  1.716543837E-01 -5.706210795E-03  8.547633252E+04  1.790569706E+02  3.318564720E+02  2.742495461E+02  3.376083584E+02  1.012749851E+00 
       473 -3.384972842E-02  1.724025179E-01 -3.469956820E-03  8.154430579E+04  1.863398852E+02  3.296325870E+02  2.705881076E+02  3.489655216E+02  1.007791702E+00 
       474 -3.133060076E-02  1.731099844E-01 -1.271304633E-03  7.705804459E+04  1.965905567E+02  3.270393422E+02  2.663471506E+02  3.616764557E+02  9.968632897E-01 
       475 -2.873453975E-02  1.737912906E-01  8.535856133E-04  7.330673120E+04  2.066125007E+02  3.247236814E+02  2.625877295E+02  3.724737120E+02  9.846079350E-01 
       476 -2.611690126E-02  1.744247281E-01  2.958268427E-03  7.056292627E+04  2.137559237E+02  3.229788179E+02  2.597723727E+02  3.804924488E+02  9.771837089E-01 
       477 -2.348835128E-02  1.750433393E-01  5.058280838E-03  6.958580557E+04  2.178501571E+02  3.222568662E+02  2.586129153E+02  3.837241484E+02  9.704526514E-01 
       478 -2.083113736E-02  1.756162102E-01  7.133742148E-03  6.967269043E+04  2.184045510E+02  3.223743544E+02  2.588006001E+02  3.837188177E+02  9.682050385E-01 
       479 -1.816607045E-02  1.761555279E-01  9.209141426E-03  7.012363232E+04  2.203058214E+02  3.227219353E+02  2.593595896E+02  3.815580273E+02  9.572648108E-01 
       480 -1.549262448E-02  1.766467189E-01  1.128626304E-02  7.274324683E+04  2.212759151E+02  3.243697815E+02  2.620231009E+02  3.765818443E+02  9.436553381E-01 
       481 -1.281959455E-02  1.771087169E-01  1.337222607E-02  8.282109039E+04  2.136688194E+02  3.304242463E+02  2.719061389E+02  3.476140599E+02  9.150062064E-01 
       482 -1.015361520E-02  1.775059034E-01  1.547159933E-02  9.869717017E+04  2.058193564E+02  3.386364740E+02  2.855751571E+02  3.035337956E+02  8.763052479E-01 
       483 -7.491200012E-03  1.778633735E-01  1.757589553E-02  9.685994678E+04  2.212459040E+02  3.376982613E+02  2.839951153E+02  3.137836075E+02  8.346463740E-01 
       484 -4.837064878E-03  1.782590199E-01  1.971143984E-02  8.945410400E+04  2.313882837E+02  3.340082178E+02  2.778190432E+02  3.310817080E+02  8.263317905E-01 
       485 -2.188499166E-03  1.785530451E-01  2.185094162E-02  8.845291589E+04  2.309445763E+02  3.337569336E+02  2.773997022E+02  3.343381237E+02  8.337702306E-01 
       486  4.329096806E-04  1.787998193E-01  2.404680664E-02  8.887444141E+04  2.340692024E+02  3.339864674E+02  2.777809067E+02  3.337495327E+02  8.228288144E-01 
       487  3.027224691E-03  1.790317150E-01  2.627094405E-02  8.879417719E+04  2.372223463E+02  3.338548505E+02  2.775619733E+02  3.349937489E+02  8.145502969E-01 
       488  5.626976121E-03  1.792222402E-01  2.847807669E-02  8.943507373E+04  2.389305534E+02  3.341777530E+02  2.780990813E+02  3.348616600E+02  8.088017115E-01 
       489  8.191038637E-03  1.793338257E-01  3.074695743E-02  9.152831018E+04  2.388981202E+02  3.352846570E+02  2.799460366E+02  3.290902655E+02  7.998015173E-01 
       490  1.074058355E-02  1.794129340E-01  3.303046409E-02  9.505656136E+04  2.373623175E+02  3.370329373E+02  2.828755071E+02  3.191098828E+02  7.898789744E-01 
       491  1.325979491E-02  1.793970135E-01  3.532576038E-02  9.930245935E+04  2.349182510E+02  3.390669155E+02  2.863003452E+02  3.072713628E+02  7.812076882E-01 
       492  1.577166567E-02  1.793535417E-01  3.765132951E-02  1.029829517E+05  2.332006125E+02  3.407593389E+02  2.891633782E+02  2.974371371E+02  7.737691095E-01 
       493  1.825553626E-02  1.792503646E-01  4.000403552E-02  1.053913615E+05  2.325097740E+02  3.418836050E+02  2.910730319E+02  2.908736606E+02  7.676753495E-01 
       494  2.071273564E-02  1.790845686E-01  4.238164633E-02  1.072125647E+05  2.321088262E+02  3.427747340E+02  2.925922780E+02  2.860651085E+02  7.633167787E-01 
       495  2.315348782E-02  1.789033294E-01  4.476881837E-02  1.092684216E+05  2.319151573E+02  3.436794105E+02  2.941383500E+02  2.813413358E+02  7.583689103E-01 
       496  2.554611962E-02  1.786610662E-01  4.720294885E-02  1.113468794E+05  2.311689653E+02  3.446676569E+02  2.958326893E+02  2.757150936E+02  7.548995186E-01 
       497  2.790553153E-02  1.783591187E-01  4.966367300E-02  1.131314734E+05  2.306765280E+02  3.455265541E+02  2.973085327E+02  2.705134048E+02  7.510430124E-01 
       498  3.023553076E-02  1.780531658E-01  5.215009418E-02  1.146943547E+05  2.301584113E+02  3.462706683E+02  2.985901222E+02  2.659360390E+02  7.483196938E-01 
       499  3.255140683E-02  1.777481834E-01  5.464573084E-02  1.160944266E+05  2.299667033E+02  3.468493116E+02  2.995889367E+02  2.624837201E+02  7.459826991E-01 
       500  3.480321611E-02  1.773622653E-01  5.719033452E-02  1.172390256E+05  2.297066038E+02  3.473207722E+02  3.004035978E+02  2.595565209E+02  7.442077077E-01 
       501  3.704366447E-02  1.769956776E-01  5.978074099E-02  1.180371783E+05  2.300551293E+02  3.476463461E+02  3.009669271E+02  2.575234938E+02  7.412321372E-01 
       502  3.923116288E-02  1.766153691E-01  6.237867612E-02  1.185828380E+05  2.304951248E+02  3.478995147E+02  3.014053898E+02  2.560524154E+02  7.384256423E-01 
       503  4.136429871E-02  1.761773997E-01  6.501205622E-02  1.189789833E+05  2.309698184E+02  3.480924563E+02  3.017396765E+02  2.547523638E+02  7.355102936E-01 
       504  4.348069858E-02  1.757484529E-01  6.766046190E-02  1.192422969E+05  2.314851303E+02  3.481983681E+02  3.019232435E+02  2.543116245E+02  7.333461586E-01 
       505  4.554226392E-02  1.753162813E-01  7.034950997E-02  1.194260488E+05  2.319423037E+02  3.482717619E+02  3.020505304E+02  2.537489614E+02  7.313541304E-01 
       506  4.756665315E-02  1.748560179E-01  7.306168772E-02  1.195143474E+05  2.324672878E+02  3.483002646E+02  3.020999770E+02  2.536147872E+02  7.294139005E-01 
       507  4.956604909E-02  1.743615796E-01  7.580968578E-02  1.194802072E+05  2.329447799E+02  3.482709879E+02  3.020491709E+02  2.536318764E+02  7.277800918E-01 
       508  5.152654947E-02  1.738670862E-01  7.855886540E-02  1.191993936E+05  2.334525972E+02  3.481269271E+02  3.017993124E+02  2.544310742E+02  7.267877068E-01 
       509  5.347325952E-02  1.733659220E-01  8.131742073E-02  1.189721804E+05  2.334395872E+02  3.480516202E+02  3.016688223E+02  2.551194289E+02  7.278710408E-01 
       510  5.541917190E-02  1.728212690E-01  8.412523757E-02  1.192104213E+05  2.334765276E+02  3.481103694E+02  3.017706334E+02  2.546938091E+02  7.275591603E-01 
       511  5.731737707E-02  1.722438844E-01  8.698058411E-02  1.195892314E+05  2.336296383E+02  3.482482700E+02  3.020098746E+02  2.537239567E+02  7.261933750E-01 
       512  5.917186437E-02  1.716911252E-01  8.979478553E-02  1.197922669E+05  2.340744040E+02  3.483553805E+02  3.021957090E+02  2.532916272E+02  7.242741085E-01 
       513  6.096387184E-02  1.711643945E-01  9.255110888E-02  1.198346419E+05  2.347269273E+02  3.483826958E+02  3.022432642E+02  2.535555067E+02  7.221853817E-01 
       514  6.270700241E-02  1.705757992E-01  9.544380808E-02  1.197375874E+05  2.356123257E+02  3.483261938E+02  3.021451311E+02  2.540267835E+02  7.191214077E-01 
       515  6.442263795E-02  1.699823167E-01  9.834544530E-02  1.195608663E+05  2.365734714E+02  3.482286075E+02  3.019758041E+02  2.544830085E+02  7.158466778E-01 
       516  6.612271722E-02  1.694054111E-01  1.012510921E-01  1.193465692E+05  2.375113020E+02  3.481267903E+02  3.017992494E+02  2.551011715E+02  7.130463156E-01 
       517  6.776083839E-02  1.688452726E-01  1.042003507E-01  1.191612129E+05  2.380838618E+02  3.480576440E+02  3.016792645E+02  2.560014833E+02  7.119922703E-01 
       518  6.936215302E-02  1.682812898E-01  1.071729988E-01  1.190837318E+05  2.384431506E+02  3.480511756E+02  3.016680050E+02  2.564689296E+02  7.113567034E-01 
       519  7.082677073E-02  1.677321085E-01  1.102128146E-01  1.190883105E+05  2.393540686E+02  3.480603321E+02  3.016840816E+02  2.568959595E+02  7.083588359E-01 
       520  7.220712168E-02  1.672497044E-01  1.133584680E-01  1.190796175E+05  2.405078932E+02  3.481043417E+02  3.017606693E+02  2.574614048E+02  7.046332109E-01 
       521  7.342602904E-02  1.668557431E-01  1.165154693E-01  1.189835933E+05  2.412385328E+02  3.482311130E+02  3.019806681E+02  2.574234672E+02  7.020672755E-01 
       522  7.439926912E-02  1.665467988E-01  1.197652411E-01  1.187874176E+05  2.417121778E+02  3.483765697E+02  3.022328930E+02  2.575536029E+02  7.005875446E-01 
       523  7.498839543E-02  1.664581038E-01  1.231239650E-01  1.185410508E+05  2.420293522E+02  3.484856224E+02  3.024219284E+02  2.573454247E+02  6.996928304E-01 
       524  7.530423640E-02  1.665023734E-01  1.265249777E-01  1.183806243E+05  2.420841017E+02  3.485478010E+02  3.025296903E+02  2.569685211E+02  6.996637760E-01 
       525  7.543612494E-02  1.666233331E-01  1.299370256E-01  1.182454600E+05  2.430487995E+02  3.483975601E+02  3.022688675E+02  2.584732265E+02  6.979175694E-01 
       526  7.553122174E-02  1.667952118E-01  1.333496155E-01  1.181355706E+05  2.444952397E+02  3.481751461E+02  3.018830838E+02  2.606641693E+02  6.951900879E-01 
       527  7.566054780E-02  1.669469890E-01  1.367626796E-01  1.180770515E+05  2.452883859E+02  3.481543798E+02  3.018472185E+02  2.611209922E+02  6.932535805E-01 
       528  7.583993244E-02  1.671002891E-01  1.401745263E-01  1.180286775E+05  2.451376630E+02  3.484357176E+02  3.023362122E+02  2.599696677E+02  6.936670248E-01 
       529  7.600645069E-02  1.672586086E-01  1.435869327E-01  1.179158491E+05  2.433628247E+02  3.491109703E+02  3.035113757E+02  2.556376424E+02  6.982900035E-01 
       530  7.611546960E-02  1.674572299E-01  1.470000031E-01  1.179516837E+05  2.383610611E+02  3.501574163E+02  3.054163358E+02  2.460706439E+02  7.118090354E-01 
       531 -5.220359409E-02  2.342994603E-01 -4.210986580E-02  8.162462549E+04  1.833452886E+02  3.296291188E+02  2.706620549E+02  4.444526466E+02  1.145582380E+00 
       532 -5.220192467E-02  2.343108577E-01 -3.821952920E-02  8.090941977E+04  1.862321305E+02  3.292623060E+02  2.699773307E+02  4.462186949E+02  1.140303208E+00 
       533 -5.220302368E-02  2.343278434E-01 -3.432921672E-02  8.108865866E+04  1.861308450E+02  3.294265774E+02  2.702470881E+02  4.456212752E+02  1.139965640E+00 
       534 -5.220531674E-02  2.343446645E-01 -3.043898101E-02  8.243846101E+04  1.823624507E+02  3.302516689E+02  2.716039991E+02  4.421191010E+02  1.145764920E+00 
       535 -5.220735409E-02  2.343651870E-01 -2.654892396E-02  8.437399365E+04  1.774447460E+02  3.313582687E+02  2.734269600E+02  4.381533470E+02  1.154060937E+00 
       536 -5.221355576E-02  2.343966826E-01 -2.266385481E-02  8.567910496E+04  1.736771291E+02  3.321043251E+02  2.746583431E+02  4.351006582E+02  1.160514955E+00 
       537 -5.221196162E-02  2.344309954E-01 -1.877454498E-02  8.556539848E+04  1.730289721E+02  3.319495009E+02  2.744031555E+02  4.351619544E+02  1.162153842E+00 
       538 -5.222596507E-02  2.344687402E-01 -1.488167101E-02  8.397349738E+04  1.765404614E+02  3.309283777E+02  2.727185069E+02  4.402102581E+02  1.158340300E+00 
       539 -5.222923531E-02  2.345160018E-01 -1.099302079E-02  8.169141492E+04  1.820735698E+02  3.296969376E+02  2.706923864E+02  4.442705481E+02  1.148713037E+00 
       540 -5.210275326E-02  2.345957540E-01 -7.104134264E-03  7.998807578E+04  1.868707037E+02  3.289365190E+02  2.694439814E+02  4.476366062E+02  1.140583839E+00 
       541 -5.114101036E-02  2.348545508E-01 -3.375994418E-03  7.979300325E+04  1.875485153E+02  3.289724339E+02  2.695025212E+02  4.480502672E+02  1.139509631E+00 
       542 -4.917766965E-02  2.353023755E-01 -5.047413344E-05  8.031494775E+04  1.869962134E+02  3.292235155E+02  2.699141102E+02  4.482322445E+02  1.141560271E+00 
       543 -4.661414278E-02  2.358651253E-01  2.823323178E-03  8.131912305E+04  1.844916625E+02  3.298896542E+02  2.710080352E+02  4.456122704E+02  1.145153392E+00 
       544 -4.374488282E-02  2.364440537E-01  5.350106892E-03  8.444224164E+04  1.766393232E+02  3.317036605E+02  2.739984391E+02  4.381895857E+02  1.157097956E+00 
       545 -4.059796688E-02  2.370222596E-01  7.583171126E-03  8.884944659E+04  1.650609519E+02  3.338234766E+02  2.775103581E+02  4.287380645E+02  1.176966739E+00 
       546 -3.738701819E-02  2.375676250E-01  9.702642239E-03  8.791350317E+04  1.677267919E+02  3.332117529E+02  2.764962752E+02  4.309903669E+02  1.172296694E+00 
       547 -3.407522408E-02  2.380263225E-01  1.169481074E-02  8.234067993E+04  1.839751077E+02  3.301866913E+02  2.715016747E+02  4.440710840E+02  1.144438026E+00 
       548 -3.073065008E-02  2.384984497E-01  1.361793802E-02  7.956465649E+04  1.917567235E+02  3.286263084E+02  2.689366094E+02  4.493159485E+02  1.130535317E+00 
       549 -2.732884007E-02  2.388770261E-01  1.546643341E-02  8.098104126E+04  1.868311133E+02  3.294765325E+02  2.703301272E+02  4.472972708E+02  1.140557716E+00 
       550 -2.390908864E-02  2.392176502E-01  1.728468609E-02  8.189231870E+04  1.845206546E+02  3.299829884E+02  2.711615295E+02  4.447400033E+02  1.143962451E+00 
       551 -2.044822495E-02  2.394794424E-01  1.908927170E-02  8.129053482E+04  1.872986742E+02  3.295802505E+02  2.704998280E+02  4.452765517E+02  1.137999374E+00 
       552 -1.699643969E-02  2.397114515E-01  2.086461287E-02  8.079775073E+04  1.872981510E+02  3.294637957E+02  2.703095670E+02  4.459573441E+02  1.139513301E+00 
       553 -1.354033893E-02  2.398615604E-01  2.263394957E-02  8.085088037E+04  1.875731058E+02  3.294627495E+02  2.703092365E+02  4.458417339E+02  1.139737710E+00 
       554 -1.007792796E-02  2.399171479E-01  2.439846914E-02  8.117374634E+04  1.861623771E+02  3.297143960E+02  2.707216101E+02  4.446157689E+02  1.143555669E+00 
       555 -6.592279415E-03  2.399646350E-01  2.619220728E-02  8.062507739E+04  1.882578826E+02  3.292893343E+02  2.700229397E+02  4.456506853E+02  1.140909884E+00 
       556 -3.124907716E-03  2.398994093E-01  2.794309000E-02  7.893932520E+04  1.887930822E+02  3.285405464E+02  2.687975922E+02  4.435024376E+02  1.141212791E+00 
       557  3.338943067E-04  2.398017910E-01  2.968583889E-02  1.012952517E+05  2.079785274E+02  3.403319234E+02  2.884493238E+02  3.959218154E+02  1.051066758E+00 
       558  3.794068913E-03  2.396169640E-01  3.144821874E-02  9.943580005E+04  2.122668567E+02  3.394460688E+02  2.869426289E+02  4.034524288E+02  1.046974225E+00 
       559  7.248441593E-03  2.393064044E-01  3.320284907E-02  9.478468799E+04  2.107956438E+02  3.373639698E+02  2.834296255E+02  4.127020779E+02  1.058221843E+00 
       560  1.068879679E-02  2.389885178E-01  3.498866898E-02  9.203789795E+04  2.118082466E+02  3.360630865E+02  2.812476969E+02  4.174700022E+02  1.058842115E+00 
       561  1.412543948E-02  2.386075767E-01  3.676435012E-02  8.939223950E+04  2.145142565E+02  3.346955013E+02  2.789622402E+02  4.248122034E+02  1.057741232E+00 
       562  1.753589177E-02  2.380598424E-01  3.855175648E-02  8.841551563E+04  2.167652225E+02  3.341720314E+02  2.780928020E+02  4.277142982E+02  1.056253813E+00 
       563  2.093820079E-02  2.375000001E-01  4.035454522E-02  9.134185645E+04  2.136309595E+02  3.360775833E+02  2.812774143E+02  4.194914322E+02  1.056426041E+00 
       564  2.432947450E-02  2.368878370E-01  4.215773147E-02  1.032375517E+05  2.066038965E+02  3.420193008E+02  2.913459400E+02  3.909832991E+02  1.058359763E+00 
       565  2.770729830E-02  2.361795572E-01  4.394886350E-02  1.230245393E+05  1.986237619E+02  3.500028443E+02  3.050847449E+02  3.501113219E+02  1.064297345E+00 
       566  3.105826597E-02  2.354459967E-01  4.578622705E-02  1.295431270E+05  1.976458638E+02  3.523045073E+02  3.090891953E+02  3.405088072E+02  1.067753987E+00 
       567  3.438758923E-02  2.346372217E-01  4.762879820E-02  1.228879145E+05  1.963488710E+02  3.503557937E+02  3.056818504E+02  3.525041259E+02  1.068158086E+00 
       568  3.771502906E-02  2.337669833E-01  4.947240569E-02  1.180464653E+05  1.984413857E+02  3.487815783E+02  3.029370394E+02  3.597373726E+02  1.058799538E+00 
       569  4.101460083E-02  2.329246351E-01  5.135281935E-02  1.195969830E+05  2.005959840E+02  3.492981672E+02  3.038345480E+02  3.555410275E+02  1.051044886E+00 
       570  4.428347740E-02  2.319960665E-01  5.324515281E-02  1.227590074E+05  2.020706316E+02  3.505260630E+02  3.059740725E+02  3.468017311E+02  1.044956403E+00 
       571  4.749748393E-02  2.310181580E-01  5.520824782E-02  1.236802893E+05  2.038038101E+02  3.510544052E+02  3.068965263E+02  3.453007131E+02  1.039110878E+00 
       572  5.066691057E-02  2.300652086E-01  5.723980181E-02  1.238269827E+05  2.059807234E+02  3.511764532E+02  3.071099339E+02  3.458038783E+02  1.032291464E+00 
       573  5.379140778E-02  2.290521307E-01  5.932353399E-02  1.243493662E+05  2.086777381E+02  3.513740597E+02  3.074557685E+02  3.439257414E+02  1.023740111E+00 
       574  5.683956615E-02  2.279793322E-01  6.149869556E-02  1.248655391E+05  2.119732475E+02  3.514987793E+02  3.076740351E+02  3.421886787E+02  1.012896337E+00 
       575  5.985072913E-02  2.269370111E-01  6.373374277E-02  1.248833555E+05  2.159092331E+02  3.514437809E+02  3.075777931E+02  3.412649555E+02  1.000351481E+00 
       576  6.280959972E-02  2.258492183E-01  6.601505396E-02  1.244445194E+05  2.195210528E+02  3.513616660E+02  3.074342403E+02  3.415867482E+02  9.886615389E-01 
       577  6.573461678E-02  2.247295145E-01  6.832363097E-02  1.239602679E+05  2.228823802E+02  3.513024054E+02  3.073304405E+02  3.428309140E+02  9.784041960E-01 
       578  6.865501872E-02  2.236625994E-01  7.064894084E-02  1.233726189E+05  2.260719205E+02  3.511756709E+02  3.071086241E+02  3.444080119E+02  9.686795771E-01 
       579  7.151541969E-02  2.224865137E-01  7.302188293E-02  1.220106521E+05  2.282619510E+02  3.507261105E+02  3.063229661E+02  3.451720252E+02  9.607615620E-01 
       580  7.433322259E-02  2.213060150E-01  7.543149031E-02  1.213248252E+05  2.283092408E+02  3.504794445E+02  3.058928432E+02  3.454370584E+02  9.593450967E-01 
       581  7.711325138E-02  2.201536844E-01  7.789825066E-02  1.231695324E+05  2.293750871E+02  3.512377859E+02  3.072181250E+02  3.406684548E+02  9.533408224E-01 
       582  7.981655167E-02  2.189959972E-01  8.044372180E-02  1.237424794E+05  2.320258780E+02  3.515322928E+02  3.077340751E+02  3.385726423E+02  9.431805629E-01 
       583  8.242371870E-02  2.177951216E-01  8.306797326E-02  1.233944419E+05  2.328576117E+02  3.514882984E+02  3.076574173E+02  3.382462826E+02  9.388504364E-01 
       584  8.497819178E-02  2.166305248E-01  8.576177505E-02  1.229528042E+05  2.333097787E+02  3.512831528E+02  3.072984043E+02  3.389467875E+02  9.365181795E-01 
       585  8.747465708E-02  2.155008942E-01  8.852176985E-02  1.226030198E+05  2.325400200E+02  3.511690435E+02  3.070989799E+02  3.391935143E+02  9.381069615E-01 
       586  8.983863293E-02  2.143275504E-01  9.137087988E-02  1.224238418E+05  2.315639207E+02  3.510900822E+02  3.069609251E+02  3.387720251E+02  9.401543252E-01 
       587  9.211779941E-02  2.131724912E-01  9.430579148E-02  1.224494048E+05  2.305230851E+02  3.511103514E+02  3.069968072E+02  3.376318938E+02  9.424251655E-01 
       588  9.424446159E-02  2.121023496E-01  9.738772987E-02  1.226334804E+05  2.288789538E+02  3.512659024E+02  3.072696108E+02  3.372535525E+02  9.471573618E-01 
       589  9.610967173E-02  2.111612431E-01  1.006666829E-01  1.228157880E+05  2.266141672E+02  3.513551156E+02  3.074267314E+02  3.367620575E+02  9.535557914E-01 
       590  9.742401869E-02  2.103903297E-01  1.042235364E-01  1.229205317E+05  2.230024923E+02  3.513441428E+02  3.074081828E+02  3.380113657E+02  9.641627744E-01 
       591  9.764724840E-02  2.101688920E-01  1.080985861E-01  1.228921279E+05  2.198582096E+02  3.510292153E+02  3.068568735E+02  3.395241222E+02  9.734335020E-01 
       592  9.763062643E-02  2.101108570E-01  1.119846410E-01  1.227225777E+05  2.192336611E+02  3.507507132E+02  3.063689539E+02  3.403164421E+02  9.752340751E-01 
       593  9.759894170E-02  2.100363093E-01  1.158782398E-01  1.225552584E+05  2.211585639E+02  3.511751528E+02  3.071115577E+02  3.397922654E+02  9.694835236E-01 
       594  9.760335841E-02  2.100041055E-01  1.197683889E-01  1.225685678E+05  2.223977009E+02  3.524993787E+02  3.094343551E+02  3.322411234E+02  9.647482126E-01 
       595  9.760552297E-02  2.099886023E-01  1.236588659E-01  1.226255142E+05  2.233306222E+02  3.542093109E+02  3.124432265E+02  3.155889962E+02  9.617225921E-01 
       596  9.760989540E-02  2.100145164E-01  1.275491461E-01  1.227107567E+05  2.253327519E+02  3.554137194E+02  3.145702785E+02  3.008952119E+02  9.570527799E-01 
       597  9.760550437E-02  2.100148949E-01  1.314412195E-01  1.229061748E+05  2.261763320E+02  3.560623436E+02  3.157207985E+02  3.006351385E+02  9.541230053E-01 
       598  9.762031038E-02  2.101034915E-01  1.353312483E-01  1.230103010E+05  2.271305079E+02  3.560174179E+02  3.156469197E+02  3.095433424E+02  9.494646981E-01 
       599  9.762506170E-02  2.101609083E-01  1.392228176E-01  1.230499927E+05  2.268232017E+02  3.553984069E+02  3.145541621E+02  3.182410815E+02  9.504877075E-01 
       600  9.764671237E-02  2.102092269E-01  1.431110049E-01  1.231507445E+05  2.245176921E+02  3.544384766E+02  3.128574772E+02  3.242854652E+02  9.579471387E-01 
       601  9.766256924E-02  2.102587391E-01  1.469999989E-01  1.232811860E+05  2.219162436E+02  3.538376741E+02  3.115203133E+02  3.279896526E+02  9.662762433E-01 
