nodenumber     x-coordinate     y-coordinate     z-coordinate         pressure velocity-magnitude      sound-speed      temperature rel-velocity-magnitude relative-velocity-angle 
         1 -2.216901913E-02  1.039879580E-01 -4.300600202E-02  8.755197621E+04  1.539415518E+02  3.330517149E+02  2.762270349E+02  2.357928425E+02  8.594844159E-01 
         2 -2.197401757E-02  1.042260031E-01 -4.002397295E-02  8.747151456E+04  1.544248943E+02  3.330078603E+02  2.761543485E+02  2.363443729E+02  8.589773339E-01 
         3 -2.150271627E-02  1.045375264E-01 -3.708169353E-02  8.736737976E+04  1.550558577E+02  3.329513800E+02  2.760606534E+02  2.370240302E+02  8.582099248E-01 
         4 -2.072290556E-02  1.049359494E-01 -3.421635317E-02  8.725137280E+04  1.557490194E+02  3.328904071E+02  2.759595432E+02  2.377669337E+02  8.573940666E-01 
         5 -1.964621854E-02  1.053757771E-01 -3.145501365E-02  8.712732886E+04  1.564471631E+02  3.328265009E+02  2.758535609E+02  2.385233226E+02  8.566475809E-01 
         6 -1.833909717E-02  1.058829391E-01 -2.880182754E-02  8.697711548E+04  1.572140279E+02  3.327483931E+02  2.757241249E+02  2.394355526E+02  8.561214022E-01 
         7 -1.686396899E-02  1.064019756E-01 -2.624136390E-02  8.679723999E+04  1.580559893E+02  3.326535206E+02  2.755669527E+02  2.404455476E+02  8.555686083E-01 
         8 -1.524276490E-02  1.069101094E-01 -2.376908005E-02  8.658248340E+04  1.590440259E+02  3.325383120E+02  2.753760943E+02  2.415829315E+02  8.547116071E-01 
         9 -1.353040875E-02  1.074492491E-01 -2.136449246E-02  8.634713818E+04  1.602449942E+02  3.324104886E+02  2.751644676E+02  2.428698189E+02  8.532660827E-01 
        10 -1.175719847E-02  1.079385502E-01 -1.899452623E-02  8.615171002E+04  1.615282446E+02  3.323040867E+02  2.749882989E+02  2.439831035E+02  8.507964937E-01 
        11 -9.920451205E-03  1.084473482E-01 -1.667649769E-02  8.608861948E+04  1.626413561E+02  3.322698197E+02  2.749315790E+02  2.447180417E+02  8.479212683E-01 
        12 -8.053093039E-03  1.089314126E-01 -1.437870322E-02  8.627310031E+04  1.631086642E+02  3.323720394E+02  2.751008010E+02  2.444350630E+02  8.449605801E-01 
        13 -6.139911673E-03  1.093816015E-01 -1.211111235E-02  8.674750928E+04  1.624956846E+02  3.326293116E+02  2.755268183E+02  2.429958787E+02  8.438385278E-01 
        14 -4.213714023E-03  1.098625599E-01 -9.853315987E-03  8.749023145E+04  1.604983063E+02  3.330254822E+02  2.761835651E+02  2.405766954E+02  8.469811045E-01 
        15 -2.267252226E-03  1.102821410E-01 -7.616721013E-03  8.843658447E+04  1.566075850E+02  3.335295868E+02  2.770204706E+02  2.374243565E+02  8.582305200E-01 
        16 -3.058463972E-04  1.106716081E-01 -5.380345181E-03  8.948559082E+04  1.497823215E+02  3.340429468E+02  2.778740177E+02  2.339438272E+02  8.850087374E-01 
        17  1.649896870E-03  1.110991589E-01 -3.144821902E-03  8.720865051E+04  1.465720823E+02  3.328749852E+02  2.759355686E+02  2.432723367E+02  9.348965697E-01 
        18  3.605378217E-03  1.114680886E-01 -8.997268064E-04  7.594754065E+04  1.737907469E+02  3.264082723E+02  2.653177967E+02  2.846158967E+02  9.436909314E-01 
        19  5.548952344E-03  1.118349081E-01  1.356589372E-03  7.021417230E+04  2.074120804E+02  3.228931639E+02  2.596350565E+02  3.059752896E+02  8.487844788E-01 
        20  7.472030685E-03  1.121892539E-01  3.633809071E-03  7.261749403E+04  2.119273335E+02  3.245321949E+02  2.622804063E+02  2.977241322E+02  7.898545391E-01 
        21  9.366594022E-03  1.125505666E-01  5.932977735E-03  7.623765002E+04  2.084745296E+02  3.266523314E+02  2.657173936E+02  2.849601550E+02  7.577339550E-01 
        22  1.122147558E-02  1.129077905E-01  8.263617067E-03  7.870207800E+04  2.084494682E+02  3.280015864E+02  2.679155988E+02  2.767180016E+02  7.270365751E-01 
        23  1.303284284E-02  1.132507638E-01  1.062953057E-02  8.029081503E+04  2.111639954E+02  3.289067233E+02  2.693955900E+02  2.717109313E+02  6.950594994E-01 
        24  1.479928419E-02  1.136234762E-01  1.303021626E-02  8.144337895E+04  2.156108658E+02  3.296170505E+02  2.705602913E+02  2.680816227E+02  6.593670372E-01 
        25  1.649617427E-02  1.139938279E-01  1.547769530E-02  8.247160138E+04  2.206020255E+02  3.302298520E+02  2.715671215E+02  2.649524987E+02  6.227883394E-01 
        26  1.811807173E-02  1.143837002E-01  1.797032872E-02  8.323976379E+04  2.261002331E+02  3.306700702E+02  2.722911067E+02  2.629454508E+02  5.878054472E-01 
        27  1.968166241E-02  1.148013513E-01  2.049621310E-02  8.344009576E+04  2.329620740E+02  3.308047459E+02  2.725126636E+02  2.631348403E+02  5.537587889E-01 
        28  2.119101764E-02  1.152299366E-01  2.305322148E-02  8.298447319E+04  2.414640391E+02  3.306262933E+02  2.722186986E+02  2.655740378E+02  5.192269388E-01 
        29  2.266338778E-02  1.156643914E-01  2.563116057E-02  8.238265588E+04  2.502845362E+02  3.303079443E+02  2.716947850E+02  2.687297245E+02  4.857455362E-01 
        30  2.408077791E-02  1.161159634E-01  2.823658064E-02  8.183578442E+04  2.584445753E+02  3.300527720E+02  2.712753034E+02  2.714778583E+02  4.544506120E-01 
        31  2.544088325E-02  1.165921105E-01  3.086849856E-02  8.129320508E+04  2.666112132E+02  3.297594838E+02  2.707937102E+02  2.744436264E+02  4.242017954E-01 
        32  2.674433127E-02  1.170738851E-01  3.352942364E-02  8.074578125E+04  2.746712778E+02  3.294840531E+02  2.703418586E+02  2.775211103E+02  3.951258319E-01 
        33  2.797950643E-02  1.175445507E-01  3.622298897E-02  8.023507391E+04  2.824793390E+02  3.292731071E+02  2.699961982E+02  2.803189162E+02  3.664032618E-01 
        34  2.916313541E-02  1.180056499E-01  3.893937175E-02  7.995091983E+04  2.896897774E+02  3.291382778E+02  2.697755114E+02  2.822399892E+02  3.374935958E-01 
        35  3.031249539E-02  1.184785399E-01  4.167042727E-02  8.010414017E+04  2.954746310E+02  3.291238132E+02  2.697519426E+02  2.826747282E+02  3.104059055E-01 
        36  3.139929926E-02  1.189405785E-01  4.442941843E-02  8.039998346E+04  3.007489618E+02  3.292134082E+02  2.698985821E+02  2.825433260E+02  2.837216579E-01 
        37  3.242013936E-02  1.193808800E-01  4.721660669E-02  8.095587083E+04  3.057347247E+02  3.293291709E+02  2.700879194E+02  2.814676280E+02  2.545710715E-01 
        38  3.340677803E-02  1.198011670E-01  5.002067675E-02  8.218202286E+04  3.085094789E+02  3.299347833E+02  2.710820485E+02  2.780559742E+02  2.277376660E-01 
        39  3.430413654E-02  1.201853153E-01  5.285529857E-02  8.374989966E+04  3.101873665E+02  3.308805408E+02  2.726388531E+02  2.734752874E+02  2.020117417E-01 
        40  3.515433510E-02  1.205874318E-01  5.570324370E-02  8.564045068E+04  3.106134167E+02  3.319588871E+02  2.744191971E+02  2.677867985E+02  1.786513608E-01 
        41  3.592907297E-02  1.209644065E-01  5.857535950E-02  8.776796655E+04  3.096320629E+02  3.331159782E+02  2.763360467E+02  2.611168585E+02  1.591871921E-01 
        42  3.664355424E-02  1.213334730E-01  6.146049591E-02  9.000396594E+04  3.073637142E+02  3.342785912E+02  2.782680445E+02  2.540203538E+02  1.454245024E-01 
        43  3.727845098E-02  1.217084379E-01  6.437276718E-02  9.213214014E+04  3.043196115E+02  3.353984194E+02  2.801349468E+02  2.472711926E+02  1.378906560E-01 
        44  3.781448665E-02  1.220744111E-01  6.730672953E-02  9.390762769E+04  3.010734177E+02  3.363516073E+02  2.817291784E+02  2.416242623E+02  1.365454756E-01 
        45  3.826762164E-02  1.224563704E-01  7.025293559E-02  9.516024854E+04  2.981887028E+02  3.370821276E+02  2.829538307E+02  2.373998739E+02  1.392629144E-01 
        46  3.856443464E-02  1.228195695E-01  7.317567491E-02  9.588932422E+04  2.962300720E+02  3.375703278E+02  2.837737885E+02  2.351284637E+02  1.444379762E-01 
        47  3.882754171E-02  1.231963568E-01  7.616928387E-02  9.619826422E+04  2.949604136E+02  3.380956105E+02  2.846590781E+02  2.339779628E+02  1.506636037E-01 
        48  3.896508106E-02  1.235573809E-01  7.913505459E-02  9.623079492E+04  2.914879265E+02  3.390145569E+02  2.862207451E+02  2.284982491E+02  1.548109464E-01 
        49  3.903512947E-02  1.239238609E-01  8.213137167E-02  9.620980542E+04  2.833621933E+02  3.407774425E+02  2.892272110E+02  2.144247406E+02  1.594655360E-01 
        50  3.900153017E-02  1.243001337E-01  8.510504302E-02  9.634974463E+04  2.691549994E+02  3.437705588E+02  2.943431930E+02  1.890988707E+02  1.626188333E-01 
        51  3.889299026E-02  1.246700891E-01  8.806950082E-02  9.639927191E+04  2.531995914E+02  3.473057737E+02  3.004296026E+02  1.500651543E+02  1.423696587E-01 
        52  3.870303970E-02  1.250405990E-01  9.105247242E-02  9.638010254E+04  2.443554153E+02  3.500873961E+02  3.052390532E+02  1.143147959E+02  6.812283455E-02 
        53  3.847530202E-02  1.253810613E-01  9.402032493E-02  9.707610791E+04  2.420160460E+02  3.519825875E+02  3.085453962E+02  8.155975375E+01 -2.026855633E-01 
        54  3.809583015E-02  1.257752167E-01  9.695318516E-02  9.922937500E+04  2.400661469E+02  3.532308311E+02  3.107256393E+02  5.475602579E+01 -6.320521086E-01 
        55  3.767199372E-02  1.261489404E-01  9.992435767E-02  1.019236326E+05  2.394518080E+02  3.539133940E+02  3.119184399E+02  4.881374276E+01 -5.511128679E-01 
        56  3.723780727E-02  1.265196365E-01  1.028569506E-01  1.044362290E+05  2.372912883E+02  3.537882683E+02  3.116974466E+02  6.117515425E+01 -1.980757735E-01 
        57  3.672955052E-02  1.269046997E-01  1.057947981E-01  1.059918169E+05  2.374650588E+02  3.522869391E+02  3.090635905E+02  9.064066494E+01  1.753701991E-02 
        58  3.615520807E-02  1.273091289E-01  1.087154776E-01  1.067829346E+05  2.428669491E+02  3.495781937E+02  3.043357935E+02  1.286982679E+02  1.284834654E-01 
        59  3.556812424E-02  1.277144368E-01  1.116309472E-01  1.072473454E+05  2.528636131E+02  3.465705068E+02  2.991189976E+02  1.640528497E+02  1.780634335E-01 
        60  3.495651588E-02  1.281329458E-01  1.145394580E-01  1.076260215E+05  2.624876342E+02  3.443568792E+02  2.953027172E+02  1.869527044E+02  1.928246785E-01 
        61  3.433795015E-02  1.285471243E-01  1.174457346E-01  1.078406079E+05  2.681883807E+02  3.432971330E+02  2.934838891E+02  1.971203096E+02  1.933352125E-01 
        62  3.376061330E-02  1.289460490E-01  1.203607660E-01  1.079214303E+05  2.707273426E+02  3.430057180E+02  2.929852202E+02  2.002411320E+02  1.901545480E-01 
        63  3.331803132E-02  1.293309423E-01  1.232882868E-01  1.079164016E+05  2.720611094E+02  3.429852130E+02  2.929501561E+02  2.010673820E+02  1.867365394E-01 
        64  3.310586596E-02  1.296649637E-01  1.262581306E-01  1.078341599E+05  2.729994335E+02  3.430067432E+02  2.929869008E+02  2.014014641E+02  1.840748868E-01 
        65  3.306639982E-02  1.299493947E-01  1.292495641E-01  1.076930704E+05  2.738059694E+02  3.429940068E+02  2.929651273E+02  2.018155201E+02  1.825039922E-01 
        66  3.322486525E-02  1.302097713E-01  1.322380794E-01  1.075183369E+05  2.746588738E+02  3.429400107E+02  2.928729394E+02  2.026064183E+02  1.821765402E-01 
        67  3.356462385E-02  1.304573038E-01  1.352130229E-01  1.073349822E+05  2.756105694E+02  3.428641902E+02  2.927434501E+02  2.037228756E+02  1.827452550E-01 
        68  3.400410102E-02  1.306751199E-01  1.381765647E-01  1.071366570E+05  2.766204972E+02  3.427733502E+02  2.925883000E+02  2.050355666E+02  1.835603621E-01 
        69  3.451963359E-02  1.308741206E-01  1.411278790E-01  1.069093560E+05  2.776165097E+02  3.426856766E+02  2.924386179E+02  2.064493909E+02  1.848764631E-01 
        70  3.508991352E-02  1.310576265E-01  1.440660380E-01  1.066396108E+05  2.787550809E+02  3.425673652E+02  2.922367702E+02  2.081164041E+02  1.862564720E-01 
        71  3.570211579E-02  1.312503676E-01  1.470000000E-01  1.063210869E+05  2.800787468E+02  3.424342613E+02  2.920107460E+02  2.099750481E+02  1.869545579E-01 
        72 -2.843361623E-02  1.708417341E-01 -4.258217492E-02  8.203748853E+04  1.837829685E+02  3.299723091E+02  2.711426544E+02  3.443227797E+02  1.007631790E+00 
        73 -2.838826984E-02  1.709653765E-01 -3.916427879E-02  8.199895435E+04  1.842450063E+02  3.299565465E+02  2.711167834E+02  3.446032300E+02  1.006561057E+00 
        74 -2.835908450E-02  1.711140563E-01 -3.574649433E-02  8.232010382E+04  1.839043009E+02  3.301517663E+02  2.714377613E+02  3.438381028E+02  1.006345773E+00 
        75 -2.838361088E-02  1.712589164E-01 -3.232950605E-02  8.301335913E+04  1.829320140E+02  3.305412073E+02  2.720785818E+02  3.422220154E+02  1.006797004E+00 
        76 -2.841360827E-02  1.714319125E-01 -2.891476756E-02  8.386226428E+04  1.813192215E+02  3.310301852E+02  2.728840351E+02  3.400762143E+02  1.008551545E+00 
        77 -2.833774301E-02  1.716334782E-01 -2.549995819E-02  8.447157098E+04  1.800688749E+02  3.313634918E+02  2.734337690E+02  3.386657333E+02  1.010425059E+00 
        78 -2.791452343E-02  1.719215161E-01 -2.212016887E-02  8.462847021E+04  1.794037180E+02  3.314391537E+02  2.735587206E+02  3.385004616E+02  1.012467220E+00 
        79 -2.700703325E-02  1.722886754E-01 -1.884820631E-02  8.428748682E+04  1.795842772E+02  3.312347364E+02  2.732214279E+02  3.398110495E+02  1.014155451E+00 
        80 -2.544395246E-02  1.727209334E-01 -1.584518523E-02  8.312258270E+04  1.813293824E+02  3.305834386E+02  2.721482265E+02  3.431644800E+02  1.014091368E+00 
        81 -2.351536464E-02  1.732363399E-01 -1.306823492E-02  8.107352719E+04  1.853395188E+02  3.294146360E+02  2.702275849E+02  3.491030400E+02  1.011143369E+00 
        82 -2.134527601E-02  1.737374909E-01 -1.047435973E-02  7.827666786E+04  1.919210311E+02  3.277749997E+02  2.675445707E+02  3.572344003E+02  1.004057995E+00 
        83 -1.897326710E-02  1.742189522E-01 -8.035177519E-03  7.530009070E+04  1.999366856E+02  3.259806697E+02  2.646233571E+02  3.658754737E+02  9.938334040E-01 
        84 -1.652827274E-02  1.746780172E-01 -5.688541800E-03  7.308371692E+04  2.068195407E+02  3.246048532E+02  2.623939545E+02  3.724294968E+02  9.838105263E-01 
        85 -1.397929867E-02  1.751251779E-01 -3.446989688E-03  7.251938953E+04  2.098463092E+02  3.242497187E+02  2.618197746E+02  3.743191652E+02  9.774025884E-01 
        86 -1.139011487E-02  1.755573757E-01 -1.256774906E-03  7.419586108E+04  2.086256912E+02  3.252974229E+02  2.635159512E+02  3.701239038E+02  9.728089031E-01 
        87 -8.734274343E-03  1.759085237E-01  8.667805443E-04  7.956132758E+04  2.023551518E+02  3.285218174E+02  2.687704334E+02  3.557006662E+02  9.660545429E-01 
        88 -6.073383534E-03  1.762548475E-01  2.984781313E-03  8.897387915E+04  1.907618495E+02  3.337714567E+02  2.774273643E+02  3.299929636E+02  9.621314183E-01 
        89 -3.359730182E-03  1.765819110E-01  5.053045394E-03  9.837927838E+04  1.756861448E+02  3.384541509E+02  2.852637404E+02  3.040777321E+02  9.800521214E-01 
        90 -6.741955509E-04  1.768270807E-01  7.130208361E-03  9.841599368E+04  1.648477109E+02  3.384326693E+02  2.852276005E+02  3.056780953E+02  1.020692322E+00 
        91  2.027043660E-03  1.770783858E-01  9.208570588E-03  7.923377353E+04  1.921758986E+02  3.280647736E+02  2.680215242E+02  3.575823951E+02  1.004189767E+00 
        92  4.731686997E-03  1.772422585E-01  1.127155269E-02  7.205592451E+04  2.149407538E+02  3.240537271E+02  2.615046734E+02  3.780625040E+02  9.675252053E-01 
        93  7.454465044E-03  1.773874983E-01  1.334309669E-02  7.277076195E+04  2.102418010E+02  3.245164199E+02  2.622518678E+02  3.755895372E+02  9.781098713E-01 
        94  1.015989937E-02  1.775222933E-01  1.545596277E-02  7.043429467E+04  2.167099139E+02  3.230052960E+02  2.598196014E+02  3.821864138E+02  9.701335795E-01 
        95  1.284858280E-02  1.775661421E-01  1.756817794E-02  6.701797491E+04  2.276883610E+02  3.207007343E+02  2.561266067E+02  3.919468975E+02  9.543180498E-01 
        96  1.551966693E-02  1.776138061E-01  1.970369132E-02  6.402022675E+04  2.375324926E+02  3.185712113E+02  2.527363524E+02  4.010340533E+02  9.415599173E-01 
        97  1.817410325E-02  1.776258069E-01  2.186017323E-02  6.163118140E+04  2.458738859E+02  3.168739424E+02  2.500485482E+02  4.083667021E+02  9.303666539E-01 
        98  2.080993586E-02  1.775631240E-01  2.403936301E-02  6.002190393E+04  2.527041330E+02  3.157627177E+02  2.482952676E+02  4.132166338E+02  9.187715389E-01 
        99  2.341570779E-02  1.774969016E-01  2.625394818E-02  5.976111267E+04  2.571655016E+02  3.156045513E+02  2.480473671E+02  4.142041101E+02  9.061028268E-01 
       100  2.600295182E-02  1.773818036E-01  2.848806157E-02  6.194431812E+04  2.576033115E+02  3.171609201E+02  2.505175323E+02  4.084784803E+02  8.916621022E-01 
       101  2.856627515E-02  1.771883875E-01  3.074502562E-02  6.776899170E+04  2.521767950E+02  3.211410561E+02  2.568858461E+02  3.920403862E+02  8.744293526E-01 
       102  3.110662233E-02  1.769811535E-01  3.302644514E-02  7.567994214E+04  2.447313118E+02  3.262069321E+02  2.650488863E+02  3.694328642E+02  8.528254703E-01 
       103  3.362247542E-02  1.767159818E-01  3.532849163E-02  8.115530530E+04  2.432012329E+02  3.294616871E+02  2.703190541E+02  3.542377396E+02  8.279419802E-01 
       104  3.610895472E-02  1.763647845E-01  3.765120331E-02  8.151057068E+04  2.501695156E+02  3.295708375E+02  2.704873414E+02  3.542604685E+02  8.045848347E-01 
       105  3.856497337E-02  1.759966372E-01  4.000321012E-02  7.921018024E+04  2.592794882E+02  3.283007768E+02  2.684052689E+02  3.616097256E+02  7.877258537E-01 
       106  4.103059304E-02  1.755360248E-01  4.234569910E-02  7.788190037E+04  2.650002425E+02  3.277626372E+02  2.675237451E+02  3.651520970E+02  7.751070882E-01 
       107  4.340106546E-02  1.750377176E-01  4.474435622E-02  7.946008714E+04  2.665376189E+02  3.288391267E+02  2.692882055E+02  3.606395988E+02  7.613831658E-01 
       108  4.575540032E-02  1.745445103E-01  4.717695363E-02  8.427517871E+04  2.635516047E+02  3.315723128E+02  2.737902856E+02  3.476239862E+02  7.475828342E-01 
       109  4.807037784E-02  1.739953488E-01  4.963532790E-02  9.051395068E+04  2.590344286E+02  3.348418369E+02  2.792140636E+02  3.304846115E+02  7.328878548E-01 
       110  5.034733117E-02  1.734133857E-01  5.212084081E-02  9.525678613E+04  2.578642292E+02  3.371830482E+02  2.831254768E+02  3.180400791E+02  7.159705423E-01 
       111  5.258765486E-02  1.728405975E-01  5.464144749E-02  9.833650391E+04  2.589466686E+02  3.387292061E+02  2.857271023E+02  3.104717045E+02  7.000787817E-01 
       112  5.479076840E-02  1.722430532E-01  5.718902978E-02  1.012379922E+05  2.590786133E+02  3.402307835E+02  2.882658072E+02  3.028018942E+02  6.877434514E-01 
       113  5.694737683E-02  1.716020731E-01  5.976586917E-02  1.043347980E+05  2.581918409E+02  3.417572188E+02  2.908576777E+02  2.937756157E+02  6.774792424E-01 
       114  5.911848447E-02  1.709340834E-01  6.233872565E-02  1.072857228E+05  2.573703526E+02  3.431150007E+02  2.931724842E+02  2.857161605E+02  6.688694552E-01 
       115  6.119351897E-02  1.703313828E-01  6.496775561E-02  1.098984351E+05  2.566900129E+02  3.442727585E+02  2.951545243E+02  2.783443642E+02  6.615872551E-01 
       116  6.319798910E-02  1.696485115E-01  6.765543605E-02  1.123689279E+05  2.559414854E+02  3.453626156E+02  2.970258760E+02  2.717080092E+02  6.557181673E-01 
       117  6.520189851E-02  1.689621155E-01  7.034628384E-02  1.149039961E+05  2.546992006E+02  3.464578028E+02  2.989125872E+02  2.649894781E+02  6.522777919E-01 
       118  6.717992039E-02  1.682884043E-01  7.305807409E-02  1.176544258E+05  2.523480034E+02  3.476372881E+02  3.009510899E+02  2.585910463E+02  6.542184856E-01 
       119  6.910755662E-02  1.675987334E-01  7.579818779E-02  1.190437550E+05  2.512466366E+02  3.481729171E+02  3.018791435E+02  2.545779080E+02  6.545845838E-01 
       120  7.101404689E-02  1.668389198E-01  7.852135391E-02  1.201530723E+05  2.475684514E+02  3.486954556E+02  3.027861340E+02  2.513085501E+02  6.661702180E-01 
       121  7.286652020E-02  1.661304029E-01  8.130170181E-02  1.204141845E+05  2.445578994E+02  3.488136044E+02  3.029914953E+02  2.503023533E+02  6.778656634E-01 
       122  7.473378469E-02  1.653966549E-01  8.408122010E-02  1.203174985E+05  2.416306057E+02  3.489397736E+02  3.032110844E+02  2.506310558E+02  6.906008460E-01 
       123  7.654776682E-02  1.646234676E-01  8.688218818E-02  1.200722019E+05  2.407977819E+02  3.489608126E+02  3.032479916E+02  2.504808989E+02  6.941493340E-01 
       124  7.830115451E-02  1.638494494E-01  8.971806956E-02  1.198067910E+05  2.402164860E+02  3.490306873E+02  3.033697357E+02  2.493370438E+02  6.958689950E-01 
       125  8.003223315E-02  1.630890187E-01  9.257063461E-02  1.197083767E+05  2.392781110E+02  3.492923727E+02  3.038256774E+02  2.476123991E+02  6.989617217E-01 
       126  8.174167210E-02  1.623344685E-01  9.543869445E-02  1.194836268E+05  2.383577805E+02  3.496095023E+02  3.043794773E+02  2.447615762E+02  7.013394665E-01 
       127  8.339566060E-02  1.615413001E-01  9.829620033E-02  1.192588069E+05  2.374836214E+02  3.499826657E+02  3.050319874E+02  2.408522397E+02  7.028276776E-01 
       128  8.500809507E-02  1.607572746E-01  1.012133408E-01  1.191232191E+05  2.362852632E+02  3.505429492E+02  3.060121963E+02  2.358041414E+02  7.050146745E-01 
       129  8.654116005E-02  1.600133249E-01  1.041766726E-01  1.189912205E+05  2.345565788E+02  3.513975676E+02  3.075092363E+02  2.294302033E+02  7.093069640E-01 
       130  8.807530659E-02  1.592883350E-01  1.071513815E-01  1.188931335E+05  2.327018847E+02  3.523720751E+02  3.092181625E+02  2.231839418E+02  7.150848471E-01 
       131  8.946870181E-02  1.585918917E-01  1.101955952E-01  1.188286713E+05  2.307201844E+02  3.534156076E+02  3.110492008E+02  2.164152883E+02  7.218492706E-01 
       132  9.078169785E-02  1.579398834E-01  1.132895212E-01  1.188104039E+05  2.287326959E+02  3.541723824E+02  3.123772372E+02  2.122951062E+02  7.302018814E-01 
       133  9.193376095E-02  1.573753789E-01  1.164622823E-01  1.187618993E+05  2.274881954E+02  3.541091928E+02  3.122629893E+02  2.127809024E+02  7.363418285E-01 
       134  9.287851211E-02  1.569754829E-01  1.197270904E-01  1.187123499E+05  2.278699911E+02  3.530908762E+02  3.104723177E+02  2.199475826E+02  7.371286347E-01 
       135  9.346963790E-02  1.567893278E-01  1.230899614E-01  1.186326679E+05  2.314458898E+02  3.511666555E+02  3.071012434E+02  2.350937405E+02  7.288136133E-01 
       136  9.376445592E-02  1.568076376E-01  1.265149706E-01  1.185867108E+05  2.373474891E+02  3.491780267E+02  3.036292439E+02  2.510910044E+02  7.146854317E-01 
       137  9.391306034E-02  1.569225935E-01  1.299303306E-01  1.184962837E+05  2.413803596E+02  3.481384630E+02  3.018202496E+02  2.591712313E+02  7.052971143E-01 
       138  9.402896493E-02  1.570765633E-01  1.333445553E-01  1.183668242E+05  2.427880583E+02  3.478403864E+02  3.013028202E+02  2.611743364E+02  7.022089139E-01 
       139  9.417960043E-02  1.572174564E-01  1.367593072E-01  1.182277563E+05  2.430745587E+02  3.478432846E+02  3.013078370E+02  2.612616749E+02  7.019283194E-01 
       140  9.437397158E-02  1.573466446E-01  1.401725853E-01  1.180802191E+05  2.433860750E+02  3.479117322E+02  3.014264112E+02  2.613740134E+02  7.016428532E-01 
       141  9.455826038E-02  1.574868932E-01  1.435861248E-01  1.179588324E+05  2.437927332E+02  3.480364323E+02  3.016424433E+02  2.617211164E+02  7.012286400E-01 
       142  9.468914447E-02  1.576724412E-01  1.470000022E-01  1.179355786E+05  2.442105236E+02  3.480979118E+02  3.017604122E+02  2.622605143E+02  7.010307908E-01 
       143 -2.515044289E-02  2.387134140E-01 -4.211006034E-02  8.397519138E+04  1.787266860E+02  3.310645809E+02  2.729414619E+02  4.391368992E+02  1.151661424E+00 
       144 -2.515073613E-02  2.387267259E-01 -3.821832766E-02  8.569650961E+04  1.744779008E+02  3.319783392E+02  2.744502268E+02  4.354615116E+02  1.158704292E+00 
       145 -2.514274647E-02  2.387409373E-01 -3.433018188E-02  8.621285805E+04  1.736257098E+02  3.322374410E+02  2.748787117E+02  4.343730019E+02  1.159907256E+00 
       146 -2.514933814E-02  2.387615668E-01 -3.043885368E-02  8.515412779E+04  1.767705366E+02  3.316814122E+02  2.739591996E+02  4.366192964E+02  1.154412323E+00 
       147 -2.514205174E-02  2.387863737E-01 -2.655197175E-02  8.345456116E+04  1.814499761E+02  3.307941864E+02  2.724955098E+02  4.403571603E+02  1.146518656E+00 
       148 -2.514801404E-02  2.388163633E-01 -2.268742808E-02  8.190057924E+04  1.852378215E+02  3.299683432E+02  2.711363760E+02  4.436497271E+02  1.140504736E+00 
       149 -2.514603624E-02  2.387984711E-01 -1.877579094E-02  8.076690234E+04  1.878301277E+02  3.293272743E+02  2.700838127E+02  4.460848007E+02  1.136581033E+00 
       150 -2.513833525E-02  2.388756875E-01 -1.487946342E-02  7.981265663E+04  1.897738319E+02  3.287684385E+02  2.691679344E+02  4.479826344E+02  1.133809336E+00 
       151 -2.514495058E-02  2.389300222E-01 -1.098752945E-02  7.961882947E+04  1.899103938E+02  3.286889814E+02  2.690378175E+02  4.488122604E+02  1.134375940E+00 
       152 -2.501801490E-02  2.389948317E-01 -7.101428526E-03  8.210016605E+04  1.836355254E+02  3.301917337E+02  2.715065694E+02  4.435928435E+02  1.144450999E+00 
       153 -2.403359079E-02  2.391541778E-01 -3.362202731E-03  8.841799852E+04  1.679498055E+02  3.335444544E+02  2.770476023E+02  4.297955654E+02  1.170074073E+00 
       154 -2.203079393E-02  2.393877231E-01 -4.501692070E-05  8.903776814E+04  1.675005676E+02  3.337017055E+02  2.773080049E+02  4.279238907E+02  1.169421170E+00 
       155 -1.942355624E-02  2.396357170E-01  2.825132604E-03  8.405604956E+04  1.797103682E+02  3.310717714E+02  2.729548666E+02  4.397163755E+02  1.149941142E+00 
       156 -1.648721574E-02  2.398964014E-01  5.342831758E-03  8.137132422E+04  1.853035687E+02  3.296992581E+02  2.706942933E+02  4.460419502E+02  1.142470474E+00 
       157 -1.330897545E-02  2.400801911E-01  7.594698846E-03  8.095855420E+04  1.851583977E+02  3.294778194E+02  2.703310609E+02  4.461827044E+02  1.143077603E+00 
       158 -1.004552185E-02  2.402353079E-01  9.709455816E-03  8.071292627E+04  1.854704022E+02  3.292102757E+02  2.698926363E+02  4.463908558E+02  1.142811973E+00 
       159 -6.714656287E-03  2.403804415E-01  1.171394437E-02  8.026676196E+04  1.860472303E+02  3.288596649E+02  2.693181218E+02  4.474152282E+02  1.142893028E+00 
       160 -3.322138608E-03  2.404066774E-01  1.362735999E-02  7.994577579E+04  1.858837122E+02  3.287133217E+02  2.690788110E+02  4.480041928E+02  1.144435620E+00 
       161  9.783589121E-05  2.404201762E-01  1.547870720E-02  8.046100134E+04  1.851904576E+02  3.290183058E+02  2.695788603E+02  4.470562334E+02  1.146073803E+00 
       162  3.534439975E-03  2.403949673E-01  1.730379042E-02  8.081169897E+04  1.835662289E+02  3.293474636E+02  2.701222696E+02  4.451563511E+02  1.149604399E+00 
       163  6.969024296E-03  2.402279751E-01  1.908412837E-02  9.235256042E+04  1.528370348E+02  3.356985583E+02  2.806623402E+02  4.197313001E+02  1.203248203E+00 
       164  1.043411823E-02  2.400800089E-01  2.085152946E-02  7.827930933E+04  1.901078290E+02  3.284482353E+02  2.686454879E+02  4.488532717E+02  1.136808805E+00 
       165  1.388371434E-02  2.398652026E-01  2.263181169E-02  7.886712042E+04  1.867837627E+02  3.286071076E+02  2.689042516E+02  4.482150974E+02  1.143745231E+00 
       166  1.734145131E-02  2.394992745E-01  2.440657916E-02  7.884126709E+04  1.870190063E+02  3.286377430E+02  2.689542220E+02  4.482663298E+02  1.142855113E+00 
       167  2.080043859E-02  2.391294908E-01  2.615375350E-02  7.888440300E+04  1.892826239E+02  3.285523739E+02  2.688146181E+02  4.479817740E+02  1.137348840E+00 
       168  2.424052770E-02  2.387186889E-01  2.792040504E-02  7.910036926E+04  1.909620199E+02  3.285883098E+02  2.688733022E+02  4.474287453E+02  1.133047179E+00 
       169  2.766624902E-02  2.381908713E-01  2.968394578E-02  7.888795935E+04  1.933748872E+02  3.285507011E+02  2.688116565E+02  4.475886898E+02  1.127528768E+00 
       170  3.108229850E-02  2.375970478E-01  3.144655572E-02  7.856292126E+04  1.960902200E+02  3.284840825E+02  2.687029605E+02  4.481479058E+02  1.121849599E+00 
       171  3.449726266E-02  2.369314331E-01  3.319569832E-02  7.865734839E+04  1.979488178E+02  3.285981823E+02  2.688909169E+02  4.477538698E+02  1.117819699E+00 
       172  3.787267708E-02  2.362004853E-01  3.498142333E-02  7.911048865E+04  1.993695192E+02  3.288514595E+02  2.693068395E+02  4.463646545E+02  1.114639668E+00 
       173  4.123744789E-02  2.354271843E-01  3.677379579E-02  7.919781323E+04  2.014976006E+02  3.288449993E+02  2.692962399E+02  4.455443511E+02  1.110688794E+00 
       174  4.456263149E-02  2.345133553E-01  3.856958315E-02  7.830349791E+04  2.053735841E+02  3.283052971E+02  2.684122120E+02  4.467749318E+02  1.104202369E+00 
       175  4.789152860E-02  2.335402793E-01  4.034492433E-02  7.671312250E+04  2.105653371E+02  3.273809899E+02  2.669028753E+02  4.499426632E+02  1.095989214E+00 
       176  5.119514426E-02  2.325727211E-01  4.215365701E-02  7.500226580E+04  2.157928720E+02  3.263641843E+02  2.652476616E+02  4.534881621E+02  1.088045979E+00 
       177  5.444737908E-02  2.314873556E-01  4.396264389E-02  7.319686626E+04  2.210616079E+02  3.252577650E+02  2.634523814E+02  4.569085901E+02  1.079712625E+00 
       178  5.771043354E-02  2.303389779E-01  4.576361213E-02  7.111019885E+04  2.273031948E+02  3.238909824E+02  2.612441127E+02  4.612213273E+02  1.070349775E+00 
       179  6.093363739E-02  2.292015055E-01  4.761570799E-02  6.849359070E+04  2.362003365E+02  3.221108465E+02  2.583818612E+02  4.670353289E+02  1.056165300E+00 
       180  6.411569228E-02  2.279427553E-01  4.946832252E-02  6.645213037E+04  2.474156885E+02  3.208889589E+02  2.564244556E+02  4.714315224E+02  1.033424057E+00 
       181  6.728438578E-02  2.267057043E-01  5.135068917E-02  6.842443286E+04  2.595424128E+02  3.225536699E+02  2.591090274E+02  4.665274096E+02  9.945406746E-01 
       182  7.045491472E-02  2.254566135E-01  5.324396322E-02  7.859825842E+04  2.648250051E+02  3.287530327E+02  2.692005944E+02  4.427295341E+02  9.490817087E-01 
       183  7.352398986E-02  2.240979077E-01  5.520813549E-02  9.271539539E+04  2.510937066E+02  3.362615733E+02  2.816235495E+02  4.109078159E+02  9.486311171E-01 
       184  7.654294831E-02  2.227589545E-01  5.724026033E-02  1.023020707E+05  2.362925460E+02  3.408949741E+02  2.893962300E+02  3.909536560E+02  9.681052550E-01 
       185  7.954929441E-02  2.214414527E-01  5.933596166E-02  1.096218538E+05  2.392067342E+02  3.442059641E+02  2.950492239E+02  3.741291695E+02  9.475112762E-01 
       186  8.244157493E-02  2.200232159E-01  6.149679439E-02  1.191025566E+05  2.417051315E+02  3.483113403E+02  3.021204300E+02  3.549387741E+02  9.268515855E-01 
       187  8.531452000E-02  2.186177542E-01  6.372436707E-02  1.224345325E+05  2.367726104E+02  3.502433841E+02  3.054810303E+02  3.479631267E+02  9.373629051E-01 
       188  8.816039266E-02  2.172472440E-01  6.601424901E-02  1.231258323E+05  2.326769700E+02  3.504543924E+02  3.058487849E+02  3.454041095E+02  9.475203902E-01 
       189  9.092008057E-02  2.157826082E-01  6.831794754E-02  1.231226202E+05  2.262627504E+02  3.504467374E+02  3.058351212E+02  3.442121723E+02  9.644787317E-01 
       190  9.367581728E-02  2.143255962E-01  7.064980943E-02  1.231546408E+05  2.210572377E+02  3.503677028E+02  3.056971346E+02  3.430646870E+02  9.784576963E-01 
       191  9.641114101E-02  2.128789625E-01  7.302159977E-02  1.229276266E+05  2.183296275E+02  3.502191195E+02  3.054378864E+02  3.443674016E+02  9.858745327E-01 
       192  9.907895187E-02  2.114028516E-01  7.542603674E-02  1.227329951E+05  2.175763159E+02  3.501705174E+02  3.053531315E+02  3.448243330E+02  9.874233762E-01 
       193  1.016896232E-01  2.099003163E-01  7.789626121E-02  1.228364862E+05  2.171916111E+02  3.504270625E+02  3.058011689E+02  3.435241370E+02  9.876501206E-01 
       194  1.042573666E-01  2.084682280E-01  8.044071344E-02  1.229952094E+05  2.171860633E+02  3.509525812E+02  3.067205431E+02  3.409369168E+02  9.868177590E-01 
       195  1.067132028E-01  2.069758083E-01  8.306726980E-02  1.229815619E+05  2.178790029E+02  3.517356681E+02  3.080941423E+02  3.362034753E+02  9.833602877E-01 
       196  1.091091693E-01  2.055182938E-01  8.576040538E-02  1.228939652E+05  2.190873009E+02  3.529194991E+02  3.101776249E+02  3.288833203E+02  9.785365562E-01 
       197  1.114533399E-01  2.040960959E-01  8.851719904E-02  1.227979133E+05  2.204381994E+02  3.544809555E+02  3.129344208E+02  3.192574206E+02  9.741009653E-01 
       198  1.136946430E-01  2.026973542E-01  9.137514269E-02  1.226943722E+05  2.215469426E+02  3.563568518E+02  3.162559413E+02  3.078731103E+02  9.713591062E-01 
       199  1.158224243E-01  2.012857480E-01  9.431046231E-02  1.226385800E+05  2.228583673E+02  3.580543883E+02  3.192713186E+02  2.972926874E+02  9.688300299E-01 
       200  1.177983438E-01  1.999614296E-01  9.738734661E-02  1.226195196E+05  2.245514566E+02  3.591696759E+02  3.212561340E+02  2.899465128E+02  9.647164177E-01 
       201  1.195376812E-01  1.988013159E-01  1.006637087E-01  1.226218689E+05  2.267655085E+02  3.592268529E+02  3.213569507E+02  2.892282943E+02  9.570104972E-01 
       202  1.207748534E-01  1.979244993E-01  1.042263433E-01  1.226261141E+05  2.294055346E+02  3.576440651E+02  3.185404155E+02  2.998116908E+02  9.453935586E-01 
       203  1.209766187E-01  1.976967879E-01  1.080979692E-01  1.226757999E+05  2.322088215E+02  3.547850907E+02  3.134715249E+02  3.200016750E+02  9.344484325E-01 
       204  1.209415894E-01  1.976147862E-01  1.119887176E-01  1.227322917E+05  2.312076213E+02  3.530933040E+02  3.104860575E+02  3.306373907E+02  9.377996523E-01 
       205  1.209136670E-01  1.975679793E-01  1.158784497E-01  1.227526982E+05  2.280755036E+02  3.522700622E+02  3.090355231E+02  3.334909574E+02  9.472122259E-01 
       206  1.209140530E-01  1.975343277E-01  1.197687765E-01  1.227892620E+05  2.251295061E+02  3.517260258E+02  3.080777091E+02  3.344065473E+02  9.560247046E-01 
       207  1.209033119E-01  1.974945510E-01  1.236620610E-01  1.228302351E+05  2.231625956E+02  3.514364026E+02  3.075684370E+02  3.348567593E+02  9.619650166E-01 
       208  1.208998844E-01  1.975608583E-01  1.275528569E-01  1.228781391E+05  2.222919523E+02  3.516314387E+02  3.079118558E+02  3.336438525E+02  9.648300473E-01 
       209  1.209086196E-01  1.975927695E-01  1.314428594E-01  1.228871173E+05  2.220400918E+02  3.521829953E+02  3.088817205E+02  3.302511689E+02  9.654293433E-01 
       210  1.209261261E-01  1.976437754E-01  1.353324952E-01  1.229481169E+05  2.220867912E+02  3.530729878E+02  3.104484258E+02  3.251284298E+02  9.650794598E-01 
       211  1.209477387E-01  1.976921952E-01  1.392217013E-01  1.230350715E+05  2.216755387E+02  3.541587325E+02  3.123621954E+02  3.192967548E+02  9.663850879E-01 
       212  1.209659901E-01  1.977439656E-01  1.431109690E-01  1.231734195E+05  2.212421668E+02  3.552112756E+02  3.142052849E+02  3.136794024E+02  9.681129558E-01 
       213  1.210017723E-01  1.977818072E-01  1.470000027E-01  1.233120562E+05  2.215519505E+02  3.557206564E+02  3.148803949E+02  3.111432037E+02  9.676861279E-01 
       214 -1.337431699E-02  1.053111530E-01 -4.600000000E-02  8.760372363E+04  1.539347324E+02  3.331070786E+02  2.762954636E+02  2.357084236E+02  8.591587618E-01 
       215 -1.336879354E-02  1.054912688E-01 -4.299898917E-02  8.749784131E+04  1.539993720E+02  3.330530710E+02  2.762293167E+02  2.359621587E+02  8.597975876E-01 
       216 -1.321272523E-02  1.057016208E-01 -4.000664894E-02  8.750278467E+04  1.542127953E+02  3.330186977E+02  2.761723156E+02  2.362286520E+02  8.597459570E-01 
       217 -1.269691607E-02  1.059729593E-01 -3.706120983E-02  8.739398607E+04  1.550163968E+02  3.329434409E+02  2.760475307E+02  2.369314932E+02  8.580669731E-01 
       218 -1.181263769E-02  1.063072321E-01 -3.420969757E-02  8.720305527E+04  1.559436494E+02  3.328505786E+02  2.758935367E+02  2.379267423E+02  8.568550732E-01 
       219 -1.066241908E-02  1.066659143E-01 -3.145726216E-02  8.705070635E+04  1.566800557E+02  3.327973813E+02  2.758053114E+02  2.387822525E+02  8.562531375E-01 
       220 -9.280794463E-03  1.070573859E-01 -2.881758489E-02  8.691200783E+04  1.574586880E+02  3.327314657E+02  2.756960704E+02  2.396351725E+02  8.554611062E-01 
       221 -7.735023178E-03  1.074435380E-01 -2.626912607E-02  8.679840494E+04  1.581700945E+02  3.326882796E+02  2.756245629E+02  2.402962819E+02  8.544093859E-01 
       222 -6.047350445E-03  1.078135440E-01 -2.381048416E-02  8.666748283E+04  1.591653549E+02  3.325644266E+02  2.754193468E+02  2.412225169E+02  8.527552979E-01 
       223 -4.299611852E-03  1.081916589E-01 -2.139379423E-02  8.662267339E+04  1.596235443E+02  3.326481424E+02  2.755581106E+02  2.415721692E+02  8.520328946E-01 
       224 -2.461870607E-03  1.085505379E-01 -1.904289133E-02  8.667959452E+04  1.600464277E+02  3.325593332E+02  2.754109429E+02  2.418600358E+02  8.512455210E-01 
       225 -5.886173328E-04  1.088780789E-01 -1.671486844E-02  8.675562126E+04  1.600087143E+02  3.326778045E+02  2.756072261E+02  2.420777835E+02  8.527357060E-01 
       226  1.337912187E-03  1.092215599E-01 -1.443302686E-02  8.684755206E+04  1.596912544E+02  3.325830906E+02  2.754502895E+02  2.423405432E+02  8.558766935E-01 
       227  3.290030235E-03  1.094941851E-01 -1.216353628E-02  8.667973315E+04  1.593986114E+02  3.324800021E+02  2.752795767E+02  2.436500663E+02  8.625434857E-01 
       228  5.262023684E-03  1.097864070E-01 -9.913643549E-03  8.608239576E+04  1.600951657E+02  3.321023047E+02  2.746547352E+02  2.467596228E+02  8.703378007E-01 
       229  7.256339014E-03  1.100495762E-01 -7.679258903E-03  8.398304820E+04  1.650904686E+02  3.309928500E+02  2.728231331E+02  2.541868368E+02  8.705670918E-01 
       230  9.250945095E-03  1.102792579E-01 -5.441700620E-03  8.184328372E+04  1.726423592E+02  3.299066307E+02  2.710349138E+02  2.619181344E+02  8.589508564E-01 
       231  1.125130268E-02  1.105297001E-01 -3.209862298E-03  8.084910400E+04  1.789604616E+02  3.295424414E+02  2.704367704E+02  2.653174610E+02  8.384454027E-01 
       232  1.324504242E-02  1.107259366E-01 -9.692227629E-04  8.114760107E+04  1.837930245E+02  3.296692085E+02  2.706449728E+02  2.645529499E+02  8.104139529E-01 
       233  1.522818012E-02  1.109344875E-01  1.280794701E-03  8.280513721E+04  1.852455664E+02  3.305521183E+02  2.720975637E+02  2.587973299E+02  7.826556861E-01 
       234  1.717717000E-02  1.111306516E-01  3.565314237E-03  8.507992871E+04  1.844918194E+02  3.318296776E+02  2.742051697E+02  2.507119312E+02  7.593854293E-01 
       235  2.098827574E-02  1.115152878E-01  8.199040730E-03  8.913958789E+04  1.884033594E+02  3.339495392E+02  2.777195091E+02  2.383791103E+02  6.994895265E-01 
       236  2.283804163E-02  1.116790561E-01  1.055952489E-02  9.035726154E+04  1.914031003E+02  3.351265037E+02  2.796796155E+02  2.304231181E+02  6.585464850E-01 
       237  2.632960383E-02  1.121198866E-01  1.543269692E-02  9.099061719E+04  2.070656948E+02  3.351444302E+02  2.797096996E+02  2.320112667E+02  5.804901719E-01 
       238  2.959379811E-02  1.126564718E-01  2.044933110E-02  9.019862793E+04  2.229075928E+02  3.346125336E+02  2.788222065E+02  2.378552961E+02  5.170864221E-01 
       239  3.114059063E-02  1.129278581E-01  2.301118304E-02  8.967711423E+04  2.302204050E+02  3.345039463E+02  2.786412981E+02  2.403026839E+02  4.875451404E-01 
       240  3.264987762E-02  1.132456905E-01  2.559358749E-02  8.912632132E+04  2.374572654E+02  3.340887597E+02  2.779503985E+02  2.434780184E+02  4.614518684E-01 
       241  3.807676132E-02  1.146676712E-01  3.621643154E-02  8.786515506E+04  2.621274704E+02  3.333595063E+02  2.767378956E+02  2.522906935E+02  3.684652735E-01 
       242  3.928374460E-02  1.150413043E-01  3.894926042E-02  8.800890167E+04  2.676589041E+02  3.337583132E+02  2.774012623E+02  2.532588937E+02  3.440831099E-01 
       243  4.044503934E-02  1.154301055E-01  4.169676193E-02  8.842879394E+04  2.713749286E+02  3.341363359E+02  2.780298398E+02  2.524198363E+02  3.230513767E-01 
       244  4.154949506E-02  1.158110833E-01  4.446441861E-02  8.907559619E+04  2.747488327E+02  3.344959145E+02  2.786285667E+02  2.511092367E+02  3.019849379E-01 
       245  4.259018966E-02  1.161595968E-01  4.726780086E-02  8.990623973E+04  2.777032216E+02  3.349058293E+02  2.793120579E+02  2.491640844E+02  2.805242449E-01 
       246  4.357921759E-02  1.165132208E-01  5.008364009E-02  9.090530249E+04  2.797871666E+02  3.354242916E+02  2.801773129E+02  2.462413940E+02  2.601081450E-01 
       247  4.448002582E-02  1.168267471E-01  5.293502673E-02  9.206299833E+04  2.818874390E+02  3.359503971E+02  2.810567905E+02  2.432586983E+02  2.391021785E-01 
       248  4.534234860E-02  1.171711221E-01  5.579536500E-02  9.331968115E+04  2.828617783E+02  3.366054134E+02  2.821542244E+02  2.394111919E+02  2.212738963E-01 
       249  4.612355051E-02  1.174912616E-01  5.867935283E-02  9.453204785E+04  2.840263252E+02  3.372544823E+02  2.832434464E+02  2.357438202E+02  2.026566062E-01 
       250  4.681688670E-02  1.178330389E-01  6.158342338E-02  9.568970508E+04  2.849602318E+02  3.378588524E+02  2.842594376E+02  2.325633965E+02  1.875863299E-01 
       251  4.742483443E-02  1.181684938E-01  6.451168194E-02  9.675508398E+04  2.857208061E+02  3.384381790E+02  2.852350578E+02  2.296535091E+02  1.746206395E-01 
       252  4.796175059E-02  1.184973583E-01  6.744925218E-02  9.769465527E+04  2.865826731E+02  3.390068970E+02  2.861940508E+02  2.268474979E+02  1.611783397E-01 
       253  4.839690646E-02  1.188449776E-01  7.040346354E-02  9.847193570E+04  2.877810307E+02  3.394061394E+02  2.868681992E+02  2.249441863E+02  1.491189735E-01 
       254  4.867844520E-02  1.192029192E-01  7.337369276E-02  9.898953584E+04  2.894795583E+02  3.396251689E+02  2.872387418E+02  2.239318082E+02  1.375190235E-01 
       255  4.889804354E-02  1.195863964E-01  7.634446821E-02  9.936732829E+04  2.910320934E+02  3.397356982E+02  2.874258492E+02  2.228425190E+02  1.263442159E-01 
       256  4.901527392E-02  1.199575346E-01  7.936475415E-02  9.948898807E+04  2.936291790E+02  3.397204156E+02  2.874001380E+02  2.232239426E+02  1.145957780E-01 
       257  4.897414798E-02  1.207471392E-01  8.530893469E-02  9.967460156E+04  2.976021805E+02  3.399234161E+02  2.877433739E+02  2.234564133E+02  9.583603218E-02 
       258  4.879835866E-02  1.211503063E-01  8.827262235E-02  1.001838281E+05  2.981868362E+02  3.400713844E+02  2.879942932E+02  2.229443054E+02  9.215542953E-02 
       259  4.854576088E-02  1.215647590E-01  9.126615169E-02  1.005915747E+05  2.979903848E+02  3.401833509E+02  2.881838768E+02  2.218429236E+02  9.082078924E-02 
       260  4.818457029E-02  1.219712360E-01  9.420996830E-02  1.011096630E+05  2.974531601E+02  3.404217140E+02  2.885877711E+02  2.199259677E+02  8.783784283E-02 
       261  4.782320061E-02  1.224212570E-01  9.713670139E-02  1.018967905E+05  2.962057095E+02  3.407266006E+02  2.891059704E+02  2.173623400E+02  8.691383153E-02 
       262  4.734997920E-02  1.228526278E-01  1.001180955E-01  1.029745977E+05  2.943381996E+02  3.413036423E+02  2.900855331E+02  2.139665871E+02  8.602516074E-02 
       263  4.683890011E-02  1.232935874E-01  1.030087938E-01  1.042917638E+05  2.911811779E+02  3.421513466E+02  2.915288703E+02  2.100483737E+02  9.152060288E-02 
       264  4.566507936E-02  1.242316696E-01  1.088390156E-01  1.062181483E+05  2.849650330E+02  3.425572323E+02  2.922207144E+02  2.038571006E+02  1.093462095E-01 
       265  4.352639189E-02  1.257122811E-01  1.174848542E-01  1.075446325E+05  2.599051140E+02  3.467176131E+02  2.993656010E+02  1.645992405E+02  1.335168852E-01 
       266  4.289440586E-02  1.261798267E-01  1.203730247E-01  1.075667185E+05  2.515312815E+02  3.483111133E+02  3.021233430E+02  1.469381821E+02  1.330271025E-01 
       267  4.242365191E-02  1.265975250E-01  1.232861776E-01  1.076026018E+05  2.461284372E+02  3.494544342E+02  3.041064463E+02  1.369061041E+02  1.405848758E-01 
       268  4.208270049E-02  1.270006734E-01  1.262530889E-01  1.076297090E+05  2.447259407E+02  3.495943527E+02  3.043492393E+02  1.368794136E+02  1.539846789E-01 
       269  4.202415066E-02  1.273246053E-01  1.292418903E-01  1.075962736E+05  2.453512925E+02  3.493166152E+02  3.038659972E+02  1.404740970E+02  1.635613506E-01 
       270  4.218523596E-02  1.275849052E-01  1.322314117E-01  1.074659287E+05  2.470707486E+02  3.488735528E+02  3.030957851E+02  1.454469715E+02  1.697199427E-01 
       271  4.252691668E-02  1.278080741E-01  1.352038484E-01  1.073107968E+05  2.495220106E+02  3.485096674E+02  3.024641998E+02  1.509629387E+02  1.726655815E-01 
       272  4.296344289E-02  1.279984053E-01  1.381664338E-01  1.071686831E+05  2.517810976E+02  3.480702775E+02  3.017029271E+02  1.558523999E+02  1.756500626E-01 
       273  4.347514252E-02  1.281630447E-01  1.411197974E-01  1.069225372E+05  2.539686135E+02  3.476561814E+02  3.009854216E+02  1.604125734E+02  1.781812789E-01 
       274  4.403358971E-02  1.283124551E-01  1.440677535E-01  1.066147783E+05  2.560459274E+02  3.474328145E+02  3.005977640E+02  1.642934348E+02  1.795137444E-01 
       275  4.466583781E-02  1.284644007E-01  1.470000034E-01  1.063656641E+05  2.582774397E+02  3.470795004E+02  2.963829119E+02  1.680541505E+02  1.792513024E-01 
       276 -1.390154712E-02  1.725232616E-01 -4.600000033E-02  8.238613628E+04  1.818805916E+02  3.303193709E+02  2.714084216E+02  3.424148603E+02  1.010696482E+00 
       277 -1.389524734E-02  1.726308379E-01 -4.258575940E-02  8.268253046E+04  1.814915200E+02  3.303616382E+02  2.717828426E+02  3.424092273E+02  1.012020704E+00 
       278 -1.388827040E-02  1.727470810E-01 -3.919459871E-02  8.295203914E+04  1.810372664E+02  3.304250573E+02  2.718872648E+02  3.422523268E+02  1.013296872E+00 
       279 -1.387976982E-02  1.728866868E-01 -3.575874102E-02  8.304166617E+04  1.808276339E+02  3.304470477E+02  2.719234281E+02  3.423395586E+02  1.014174763E+00 
       280 -1.386962822E-02  1.730354599E-01 -3.234598001E-02  8.290575926E+04  1.810745410E+02  3.303665988E+02  2.717910458E+02  3.429658094E+02  1.014461001E+00 
       281 -1.385715910E-02  1.732129765E-01 -2.893478341E-02  8.250653016E+04  1.817771100E+02  3.301504928E+02  2.714356507E+02  3.442539194E+02  1.014386595E+00 
       282 -1.381464856E-02  1.733989484E-01 -2.553958976E-02  8.189282301E+04  1.830299517E+02  3.297919774E+02  2.708466257E+02  3.462218418E+02  1.013690047E+00 
       283 -1.334927366E-02  1.736519924E-01 -2.216152427E-02  8.099476014E+04  1.851212234E+02  3.292870661E+02  2.700179908E+02  3.489164767E+02  1.011509799E+00 
       284 -1.220387625E-02  1.739549638E-01 -1.896956374E-02  7.965770361E+04  1.886983309E+02  3.284891968E+02  2.687117901E+02  3.527578468E+02  1.006508268E+00 
       285 -1.057589609E-02  1.742731966E-01 -1.599005111E-02  7.783901834E+04  1.940786913E+02  3.274612085E+02  2.670330085E+02  3.580222097E+02  9.982985563E-01 
       286 -8.586070527E-03  1.745821273E-01 -1.323108332E-02  7.594526024E+04  1.991111062E+02  3.266795616E+02  2.657586294E+02  3.623806992E+02  9.896661221E-01 
       287 -6.371188279E-03  1.748941133E-01 -1.065117603E-02  7.579685563E+04  2.009677071E+02  3.268059700E+02  2.659648487E+02  3.621132774E+02  9.827925636E-01 
       288 -3.959984913E-03  1.752012559E-01 -8.251810021E-03  7.871987218E+04  1.971054322E+02  3.284638741E+02  2.686760694E+02  3.545073729E+02  9.815369174E-01 
       289 -1.474621790E-03  1.754287438E-01 -5.921768022E-03  8.443397935E+04  1.883552130E+02  3.312694901E+02  2.732877525E+02  3.408645094E+02  9.871971826E-01 
       290  1.096342236E-03  1.756586641E-01 -3.684409899E-03  8.943747057E+04  1.802839801E+02  3.336022050E+02  2.771442894E+02  3.286791943E+02  9.950412134E-01 
       291  3.722457199E-03  1.758529720E-01 -1.512169024E-03  9.166249072E+04  1.750456405E+02  3.344382963E+02  2.785324392E+02  3.246539164E+02  1.006860539E+00 
       292  6.390497491E-03  1.759799744E-01  6.206893580E-04  8.928489990E+04  1.760903139E+02  3.332883339E+02  2.766244392E+02  3.314362068E+02  1.013649136E+00 
       293  1.179759467E-02  1.761809281E-01  4.808741428E-03  7.520453906E+04  2.030103073E+02  3.261338654E+02  2.648779869E+02  3.676736069E+02  9.867752790E-01 
       294  1.450804596E-02  1.762121176E-01  6.883706551E-03  7.196564697E+04  2.112714386E+02  3.240370331E+02  2.614782925E+02  3.774779091E+02  9.786249697E-01 
       295  1.722225861E-02  1.762495216E-01  8.953048646E-03  7.083914258E+04  2.138733177E+02  3.232565079E+02  2.602195587E+02  3.809719238E+02  9.770295918E-01 
       296  1.993233776E-02  1.761597577E-01  1.102855473E-02  6.953694336E+04  2.167291298E+02  3.223459663E+02  2.587569046E+02  3.838448868E+02  9.735524729E-01 
       297  2.263244469E-02  1.760920636E-01  1.311525345E-02  6.746890332E+04  2.230076084E+02  3.208551369E+02  2.563699837E+02  3.901038322E+02  9.659840688E-01 
       298  2.532249661E-02  1.759768902E-01  1.521525865E-02  6.566892578E+04  2.305069351E+02  3.195435925E+02  2.542772961E+02  3.968319588E+02  9.555817321E-01 
       299  2.800116021E-02  1.758008440E-01  1.732596334E-02  6.551865332E+04  2.347525635E+02  3.194521837E+02  2.541320467E+02  3.981127043E+02  9.441061541E-01 
       300  3.066011949E-02  1.756198651E-01  1.946182943E-02  6.838346472E+04  2.353299136E+02  3.211486259E+02  2.568493648E+02  3.913810954E+02  9.275556765E-01 
       301  3.850917716E-02  1.748410184E-01  2.602581626E-02  8.771298267E+04  2.344788055E+02  3.343391314E+02  2.783711128E+02  3.333393373E+02  8.209204674E-01 
       302  4.358739934E-02  1.740919978E-01  3.053362568E-02  8.543640186E+04  2.414495029E+02  3.324771900E+02  2.752754478E+02  3.460612860E+02  8.191694058E-01 
       303  4.609287257E-02  1.736863543E-01  3.281922705E-02  8.426224902E+04  2.443548803E+02  3.320669651E+02  2.745962210E+02  3.487332573E+02  8.143754639E-01 
       304  4.855845708E-02  1.731970535E-01  3.512834265E-02  8.426353003E+04  2.476172562E+02  3.320532942E+02  2.745736065E+02  3.484336309E+02  8.027039878E-01 
       305  5.100043215E-02  1.726458906E-01  3.745772352E-02  8.614918982E+04  2.504423013E+02  3.329989767E+02  2.761419291E+02  3.436985273E+02  7.850319855E-01 
       306  5.340036417E-02  1.720848619E-01  3.982071753E-02  9.042572278E+04  2.499454143E+02  3.353322568E+02  2.800316255E+02  3.326657910E+02  7.683835123E-01 
       307  5.576533568E-02  1.714326002E-01  4.220398857E-02  9.585766177E+04  2.474580663E+02  3.381220018E+02  2.847080323E+02  3.184206834E+02  7.541474951E-01 
       308  5.808130114E-02  1.707532671E-01  4.462162642E-02  9.992461982E+04  2.457576248E+02  3.402341517E+02  2.882733326E+02  3.076636710E+02  7.436631825E-01 
       309  6.913202621E-02  1.670049815E-01  5.708998555E-02  1.114499915E+05  2.423818140E+02  3.459957232E+02  2.981175880E+02  2.754772105E+02  7.129302314E-01 
       310  7.325557335E-02  1.653928843E-01  6.228962682E-02  1.151049964E+05  2.409347929E+02  3.475915196E+02  3.008731120E+02  2.657086351E+02  7.074029385E-01 
       311  7.526114685E-02  1.645964451E-01  6.493668120E-02  1.164824023E+05  2.400184135E+02  3.481434498E+02  3.018292561E+02  2.625962639E+02  7.090327442E-01 
       312  8.099008587E-02  1.620989224E-01  7.305121222E-02  1.190594717E+05  2.378290920E+02  3.491653366E+02  3.036026878E+02  2.551693153E+02  7.098912597E-01 
       313  8.281625202E-02  1.612441772E-01  7.580722199E-02  1.193749229E+05  2.371718140E+02  3.492284317E+02  3.037123222E+02  2.544221840E+02  7.124550864E-01 
       314  8.462318717E-02  1.604029889E-01  7.856519154E-02  1.195641973E+05  2.365720921E+02  3.492813320E+02  3.038042898E+02  2.543000879E+02  7.162148561E-01 
       315  8.638808364E-02  1.595156660E-01  8.135371941E-02  1.195837739E+05  2.362898226E+02  3.492527542E+02  3.037545381E+02  2.541248999E+02  7.179747727E-01 
       316  8.818531781E-02  1.586346563E-01  8.418846896E-02  1.194868261E+05  2.365568935E+02  3.490752481E+02  3.034459187E+02  2.535741540E+02  7.147837472E-01 
       317  9.153487112E-02  1.568453452E-01  8.985396979E-02  1.194117089E+05  2.362637267E+02  3.491133285E+02  3.035127044E+02  2.536300468E+02  7.166418144E-01 
       318  9.319079870E-02  1.559467714E-01  9.269883327E-02  1.194210273E+05  2.363943825E+02  3.491557941E+02  3.035867081E+02  2.534377060E+02  7.161305286E-01 
       319  9.639067810E-02  1.541493463E-01  9.845101971E-02  1.195218184E+05  2.372150631E+02  3.490475903E+02  3.033980293E+02  2.534910393E+02  7.139720879E-01 
       320  9.789700787E-02  1.532238030E-01  1.013752208E-01  1.195074015E+05  2.382771952E+02  3.489226947E+02  3.031807575E+02  2.534485631E+02  7.087044548E-01 
       321  9.939560036E-02  1.523575645E-01  1.043121280E-01  1.194116777E+05  2.389327259E+02  3.487725296E+02  3.029198112E+02  2.538413448E+02  7.070978656E-01 
       322  1.008373928E-01  1.515239935E-01  1.072922639E-01  1.191767793E+05  2.395609016E+02  3.485539455E+02  3.025402546E+02  2.548174305E+02  7.061652243E-01 
       323  1.021925752E-01  1.507164957E-01  1.103173974E-01  1.188869619E+05  2.408405070E+02  3.482922001E+02  3.020863481E+02  2.563978133E+02  7.023236789E-01 
       324  1.063175391E-01  1.486079647E-01  1.265700906E-01  1.183609902E+05  2.422928085E+02  3.489330750E+02  3.032025948E+02  2.546437263E+02  6.976488680E-01 
       325  1.064822206E-01  1.487022474E-01  1.299738775E-01  1.185386719E+05  2.380546761E+02  3.502790909E+02  3.055473976E+02  2.441198463E+02  7.071485370E-01 
       326  1.066476119E-01  1.488146338E-01  1.333799290E-01  1.185158301E+05  2.332211266E+02  3.514880295E+02  3.076578712E+02  2.341150513E+02  7.214826494E-01 
       327  1.068180965E-01  1.489318139E-01  1.367854531E-01  1.183685996E+05  2.301595116E+02  3.519721222E+02  3.085037804E+02  2.305138474E+02  7.334125564E-01 
       328  1.069979625E-01  1.490578552E-01  1.401905319E-01  1.181766318E+05  2.305435658E+02  3.514776154E+02  3.076380215E+02  2.345314655E+02  7.347291410E-01 
       329  1.071817424E-01  1.491887345E-01  1.435955648E-01  1.179495171E+05  2.340412636E+02  3.502983875E+02  3.054082050E+02  2.437028370E+02  7.262127884E-01 
       330  1.073851999E-01  1.493347905E-01  1.470000044E-01  1.178494727E+05  2.402796249E+02  3.487705307E+02  3.017099838E+02  2.558180389E+02  7.101254016E-01 
       331 -5.132010553E-03  2.399711247E-01 -4.600000034E-02  8.410774316E+04  1.734993629E+02  3.308894310E+02  2.732629566E+02  4.397831459E+02  1.165223219E+00 
       332 -5.128125210E-03  2.399809281E-01 -4.210430258E-02  8.371764258E+04  1.756183887E+02  3.304284706E+02  2.718938904E+02  4.416095066E+02  1.161850769E+00 
       333 -5.125201508E-03  2.399922328E-01 -3.820870464E-02  8.175221332E+04  1.789159825E+02  3.297279451E+02  2.707434564E+02  4.442740064E+02  1.156462425E+00 
       334 -5.121813889E-03  2.400095995E-01 -3.431329778E-02  8.014038773E+04  1.832615304E+02  3.288090736E+02  2.692357609E+02  4.477397883E+02  1.149347963E+00 
       335 -5.119016059E-03  2.400291916E-01 -3.041776666E-02  7.881376178E+04  1.863598879E+02  3.281283112E+02  2.681215860E+02  4.502149339E+02  1.144356660E+00 
       336 -5.114574788E-03  2.400538233E-01 -2.652182619E-02  7.787728906E+04  1.877586588E+02  3.279458886E+02  2.678231435E+02  4.511445287E+02  1.141894837E+00 
       337 -5.109553763E-03  2.400828758E-01 -2.262552630E-02  7.819371680E+04  1.865296197E+02  3.284247866E+02  2.686093688E+02  4.497964849E+02  1.143546414E+00 
       338 -5.103895973E-03  2.401152952E-01 -1.872899116E-02  8.169580408E+04  1.805066812E+02  3.300659995E+02  2.713047369E+02  4.433889005E+02  1.151880906E+00 
       339 -4.925504783E-03  2.402473149E-01 -7.056915668E-03  8.356853671E+04  1.744204438E+02  3.312055849E+02  2.731795126E+02  4.390253575E+02  1.162538121E+00 
       340 -3.715119829E-03  2.403023013E-01 -3.373311706E-03  8.057707202E+04  1.819491889E+02  3.296806901E+02  2.706661057E+02  4.455877202E+02  1.150285878E+00 
       341 -1.562012846E-03  2.403581740E-01 -1.360753051E-04  7.987170449E+04  1.851488972E+02  3.289736719E+02  2.695048428E+02  4.485804024E+02  1.145548523E+00 
       342  1.133764527E-03  2.404094608E-01  2.675248428E-03  7.992416650E+04  1.848250413E+02  3.289307499E+02  2.694349270E+02  4.479339333E+02  1.145874921E+00 
       343  4.137632423E-03  2.404197044E-01  5.149238455E-03  7.974531497E+04  1.847617080E+02  3.287836895E+02  2.691940243E+02  4.482624285E+02  1.146645485E+00 
       344  7.316400202E-03  2.403253331E-01  7.399564588E-03  7.946530201E+04  1.852839166E+02  3.285878916E+02  2.688728896E+02  4.491895428E+02  1.146746140E+00 
       345  1.395577155E-02  2.400667001E-01  1.148649181E-02  8.688853906E+04  1.715206537E+02  3.318830795E+02  2.743010798E+02  4.378493347E+02  1.169991352E+00 
       346  1.735065466E-02  2.397965962E-01  1.337576268E-02  9.001624609E+04  1.598195438E+02  3.336874313E+02  2.772876968E+02  4.287998886E+02  1.190830275E+00 
       347  2.419161170E-02  2.391929427E-01  1.704637434E-02  8.008230566E+04  1.845212936E+02  3.294704056E+02  2.703222542E+02  4.465984955E+02  1.146257266E+00 
       348  2.761839379E-02  2.387452844E-01  1.884103948E-02  8.043141211E+04  1.864882030E+02  3.294784126E+02  2.703325996E+02  4.474628601E+02  1.142032132E+00 
       349  3.105226563E-02  2.382885234E-01  2.062260888E-02  8.134401123E+04  1.849862604E+02  3.300353889E+02  2.712467203E+02  4.443549690E+02  1.142582774E+00 
       350  3.788868369E-02  2.371344800E-01  2.417075674E-02  8.019584131E+04  1.876275082E+02  3.293326740E+02  2.700934410E+02  4.465653725E+02  1.138799720E+00 
       351  4.468291751E-02  2.357525484E-01  2.771953789E-02  8.037743164E+04  1.896583118E+02  3.293280830E+02  2.700884495E+02  4.459263649E+02  1.135225467E+00 
       352  4.805699300E-02  2.349490393E-01  2.948953136E-02  8.114800403E+04  1.889802198E+02  3.297561865E+02  2.707911892E+02  4.437349739E+02  1.136654012E+00 
       353  5.140582287E-02  2.340778219E-01  3.127771149E-02  8.090570996E+04  1.903875237E+02  3.295389786E+02  2.704331512E+02  4.437010593E+02  1.134761222E+00 
       354  5.473006301E-02  2.331020583E-01  3.305777180E-02  7.967314746E+04  1.934148750E+02  3.287775459E+02  2.691846848E+02  4.459302292E+02  1.130994022E+00 
       355  5.803984836E-02  2.320923676E-01  3.484458617E-02  7.814107275E+04  1.976303654E+02  3.277608776E+02  2.675228214E+02  4.494011040E+02  1.125807926E+00 
       356  6.132921494E-02  2.310454118E-01  3.665150486E-02  7.643463092E+04  2.015015809E+02  3.267808583E+02  2.659251730E+02  4.528130507E+02  1.121725840E+00 
       357  6.777528194E-02  2.285846393E-01  4.027160278E-02  8.439181348E+04  2.155325089E+02  3.320303421E+02  2.745692368E+02  4.311928329E+02  1.065707192E+00 
       358  7.097972553E-02  2.273472007E-01  4.209367684E-02  9.119534277E+04  2.307872925E+02  3.355845108E+02  2.804518471E+02  4.152751617E+02  1.011660591E+00 
       359  7.412444428E-02  2.259565065E-01  4.393674079E-02  9.000474585E+04  2.362360816E+02  3.343747988E+02  2.784338856E+02  4.208874311E+02  1.003886821E+00 
       360  7.725834663E-02  2.245514312E-01  4.577102978E-02  8.561125830E+04  2.379166708E+02  3.325796661E+02  2.754466286E+02  4.310253506E+02  1.009089068E+00 
       361  8.037011026E-02  2.231435234E-01  4.763983740E-02  8.783368066E+04  2.384681168E+02  3.343947182E+02  2.784815750E+02  4.243218575E+02  1.003382608E+00 
       362  8.343109451E-02  2.215945322E-01  4.950276897E-02  1.017414378E+05  2.298075809E+02  3.412383938E+02  2.900275428E+02  3.946000996E+02  1.006955911E+00 
       363  8.646988642E-02  2.201046420E-01  5.141624103E-02  1.232145383E+05  2.186281137E+02  3.487581758E+02  3.029251738E+02  3.571993151E+02  1.022205327E+00 
       364  9.242245520E-02  2.169732682E-01  5.534503106E-02  1.178512002E+05  2.280207381E+02  3.486134787E+02  3.026638470E+02  3.578059244E+02  9.805713892E-01 
       365  9.533631835E-02  2.153857768E-01  5.738443174E-02  1.178011614E+05  2.261784959E+02  3.492266493E+02  3.037352171E+02  3.571263309E+02  9.821079699E-01 
       366  9.819952312E-02  2.138016843E-01  5.949569436E-02  1.192018330E+05  2.260960369E+02  3.500833721E+02  3.052273560E+02  3.523197041E+02  9.778629392E-01 
       367  1.009694591E-01  2.121295788E-01  6.167326851E-02  1.201017952E+05  2.275413332E+02  3.504863462E+02  3.059319649E+02  3.473617134E+02  9.693304151E-01 
       368  1.037116704E-01  2.105064985E-01  6.390540356E-02  1.205086963E+05  2.296803827E+02  3.508063307E+02  3.064938488E+02  3.440078211E+02  9.597602263E-01 
       369  1.064180189E-01  2.088777679E-01  6.618856681E-02  1.211263242E+05  2.309843950E+02  3.511375885E+02  3.070718937E+02  3.416295967E+02  9.531378672E-01 
       370  1.090480686E-01  2.071800512E-01  6.850700508E-02  1.217376001E+05  2.311887140E+02  3.515083294E+02  3.077211304E+02  3.389371071E+02  9.500450529E-01 
       371  1.116790455E-01  2.055210471E-01  7.084353951E-02  1.222081858E+05  2.312143362E+02  3.519090009E+02  3.084240327E+02  3.363183341E+02  9.483241551E-01 
       372  1.142974452E-01  2.038484190E-01  7.319785208E-02  1.225324644E+05  2.302007790E+02  3.520718193E+02  3.087062368E+02  3.353797140E+02  9.498692472E-01 
       373  1.168416696E-01  2.021295301E-01  7.558130371E-02  1.227987407E+05  2.292623024E+02  3.522650261E+02  3.090465641E+02  3.342867584E+02  9.516124465E-01 
       374  1.193277496E-01  2.004108846E-01  7.805168345E-02  1.229733955E+05  2.280129871E+02  3.523709316E+02  3.092341232E+02  3.335690517E+02  9.544945769E-01 
       375  1.217693779E-01  1.987784452E-01  8.060399866E-02  1.229679883E+05  2.266178141E+02  3.522974930E+02  3.091044178E+02  3.334036322E+02  9.580912329E-01 
       376  1.240793489E-01  1.970470446E-01  8.322373237E-02  1.228735830E+05  2.249475861E+02  3.521777554E+02  3.088946972E+02  3.334219675E+02  9.624975286E-01 
       377  1.263696524E-01  1.953872062E-01  8.590193330E-02  1.230268184E+05  2.224572130E+02  3.524252825E+02  3.093223913E+02  3.322170905E+02  9.689340391E-01 
       378  1.285811840E-01  1.937639536E-01  8.866989816E-02  1.232379667E+05  2.204407022E+02  3.516330061E+02  3.079274325E+02  3.358756413E+02  9.746121839E-01 
       379  1.378530526E-01  1.861918564E-01  1.119425893E-01  1.229598271E+05  2.194197073E+02  3.557096262E+02  3.150997562E+02  3.143606567E+02  9.742128775E-01 
       380  1.378280879E-01  1.861358471E-01  1.158380052E-01  1.230579758E+05  2.220138803E+02  3.570195694E+02  3.174237766E+02  3.030866089E+02  9.669252895E-01 
       381  1.378172244E-01  1.861105784E-01  1.197328496E-01  1.225621646E+05  2.260535550E+02  3.571987247E+02  3.177442732E+02  3.009296641E+02  9.542124756E-01 
       382  1.378137064E-01  1.861013403E-01  1.236281983E-01  1.225710233E+05  2.285729461E+02  3.564046876E+02  3.163375835E+02  3.074285750E+02  9.447424673E-01 
       383  1.378232998E-01  1.861207539E-01  1.275238734E-01  1.226758666E+05  2.285243305E+02  3.551046525E+02  3.140366771E+02  3.174365601E+02  9.446002507E-01 
       384  1.378388478E-01  1.861485149E-01  1.314192119E-01  1.228362889E+05  2.265592506E+02  3.539142190E+02  3.119329043E+02  3.252144109E+02  9.512027429E-01 
       385  1.378667705E-01  1.861922064E-01  1.353144338E-01  1.230089124E+05  2.242018548E+02  3.534045110E+02  3.110343734E+02  3.277294781E+02  9.594143480E-01 
       386  1.378917792E-01  1.862393165E-01  1.392095884E-01  1.231682892E+05  2.227923319E+02  3.530051370E+02  3.103288913E+02  3.289183004E+02  9.637661357E-01 
       387  1.379128913E-01  1.862912877E-01  1.431056120E-01  1.232867311E+05  2.219671792E+02  3.529502963E+02  3.100784570E+02  3.276730587E+02  9.657896008E-01 
       388  1.379274402E-01  1.863453723E-01  1.469999959E-01  1.233401184E+05  2.210419827E+02  3.536205516E+02  3.107992220E+02  3.220030794E+02  9.684851374E-01 
       389 -3.389247132E-02  1.007789921E-01 -4.300551245E-02  8.754889355E+04  1.539457350E+02  3.330587273E+02  2.762386894E+02  2.357985191E+02  8.594923094E-01 
       390 -3.372456358E-02  1.010433636E-01 -4.002223516E-02  8.745643567E+04  1.544667155E+02  3.330190778E+02  2.761729403E+02  2.363972765E+02  8.589297529E-01 
       391 -3.329024078E-02  1.014074167E-01 -3.707963811E-02  8.733910043E+04  1.551589850E+02  3.329562460E+02  2.760687310E+02  2.371226028E+02  8.579779970E-01 
       392 -3.255620303E-02  1.018883264E-01 -3.421559131E-02  8.722299342E+04  1.558794248E+02  3.328830797E+02  2.759474099E+02  2.378730182E+02  8.570379886E-01 
       393 -3.153373485E-02  1.024554568E-01 -3.145384174E-02  8.711171945E+04  1.566064209E+02  3.328089596E+02  2.758245638E+02  2.386187261E+02  8.561104054E-01 
       394 -3.028950121E-02  1.031058036E-01 -2.880322264E-02  8.700551657E+04  1.573194542E+02  3.327445131E+02  2.757176865E+02  2.393607697E+02  8.552898203E-01 
       395 -2.888173412E-02  1.037838005E-01 -2.624318977E-02  8.691662115E+04  1.579520599E+02  3.326955251E+02  2.756365427E+02  2.400077637E+02  8.545995257E-01 
       396 -2.733119538E-02  1.044792183E-01 -2.377110822E-02  8.683637188E+04  1.584971309E+02  3.326552369E+02  2.755698149E+02  2.406441480E+02  8.543736344E-01 
       397 -2.568342124E-02  1.052055751E-01 -2.135968630E-02  8.671597267E+04  1.590383465E+02  3.325945385E+02  2.754691917E+02  2.414619229E+02  8.548180662E-01 
       398 -2.397735570E-02  1.059146334E-01 -1.899049647E-02  8.652320901E+04  1.596537805E+02  3.324912286E+02  2.752980998E+02  2.425590658E+02  8.558557318E-01 
       399 -2.220871387E-02  1.066063154E-01 -1.667396516E-02  8.616797232E+04  1.606643848E+02  3.322986112E+02  2.749792624E+02  2.442779913E+02  8.569689489E-01 
       400 -2.041003203E-02  1.073389070E-01 -1.437512078E-02  8.563972073E+04  1.623278735E+02  3.320086851E+02  2.744997230E+02  2.467704104E+02  8.573552077E-01 
       401 -1.856976066E-02  1.079715131E-01 -1.211630566E-02  8.497300532E+04  1.649333844E+02  3.316455734E+02  2.738995883E+02  2.496716122E+02  8.542492570E-01 
       402 -1.670953655E-02  1.086522831E-01 -9.860640570E-03  8.437178659E+04  1.683506021E+02  3.313223340E+02  2.733659097E+02  2.523268717E+02  8.460075294E-01 
       403 -1.482329113E-02  1.093026603E-01 -7.620995183E-03  8.438163416E+04  1.710404288E+02  3.313401355E+02  2.733953460E+02  2.526767062E+02  8.335173689E-01 
       404 -1.292306254E-02  1.099268373E-01 -5.385291055E-03  8.532003442E+04  1.715725274E+02  3.318652554E+02  2.742628727E+02  2.497917709E+02  8.213120420E-01 
       405 -1.101845801E-02  1.105590611E-01 -3.137660868E-03  8.691472189E+04  1.705215820E+02  3.327352016E+02  2.757027625E+02  2.443531462E+02  8.091649271E-01 
       406 -9.120841472E-03  1.111701815E-01 -8.914052251E-04  8.919862061E+04  1.678221862E+02  3.339584645E+02  2.777338437E+02  2.360869026E+02  7.975767495E-01 
       407 -7.240675928E-03  1.117476218E-01  1.353994698E-03  9.284226786E+04  1.634147303E+02  3.358428990E+02  2.808778583E+02  2.226184807E+02  7.818630766E-01 
       408 -5.370549944E-03  1.123083196E-01  3.627204146E-03  9.639099976E+04  1.640627937E+02  3.376342015E+02  2.838809233E+02  2.089016707E+02  7.400289113E-01 
       409 -3.530590186E-03  1.128981262E-01  5.933484609E-03  9.835996045E+04  1.738665972E+02  3.386023925E+02  2.855114855E+02  2.019957987E+02  6.652817180E-01 
       410 -1.726912218E-03  1.134387153E-01  8.259926622E-03  9.802825244E+04  1.849022384E+02  3.385272326E+02  2.853845077E+02  2.045880322E+02  6.095367093E-01 
       411  3.734044288E-05  1.140039107E-01  1.062617763E-02  9.714721118E+04  1.942942395E+02  3.380533695E+02  2.845861082E+02  2.088097610E+02  5.696055284E-01 
       412  1.740848712E-03  1.145879687E-01  1.302702968E-02  9.631784036E+04  2.019568721E+02  3.376394631E+02  2.838895397E+02  2.130025919E+02  5.408619979E-01 
       413  3.387617433E-03  1.151172021E-01  1.547343878E-02  9.583587595E+04  2.085061181E+02  3.374133103E+02  2.835093880E+02  2.158447332E+02  5.148262843E-01 
       414  4.957112811E-03  1.157081541E-01  1.796238578E-02  9.535621436E+04  2.154886575E+02  3.371464548E+02  2.830612063E+02  2.188697448E+02  4.878071109E-01 
       415  6.462677552E-03  1.163151534E-01  2.048609031E-02  9.457062256E+04  2.224462333E+02  3.367326012E+02  2.823667660E+02  2.230062280E+02  4.652419062E-01 
       416  7.926557233E-03  1.168909271E-01  2.304605918E-02  9.386459888E+04  2.283303394E+02  3.363697991E+02  2.817584562E+02  2.268287094E+02  4.479406420E-01 
       417  9.338612782E-03  1.175119790E-01  2.562398907E-02  9.355175055E+04  2.332743763E+02  3.361890680E+02  2.814556912E+02  2.291248985E+02  4.311742217E-01 
       418  1.068984297E-02  1.181121478E-01  2.822455248E-02  9.343477847E+04  2.379175376E+02  3.361158705E+02  2.813331702E+02  2.305779910E+02  4.132268854E-01 
       419  1.198650266E-02  1.187330819E-01  3.085849659E-02  9.336965111E+04  2.424784258E+02  3.360805624E+02  2.812740879E+02  2.318509749E+02  3.952795819E-01 
       420  1.322982934E-02  1.193430432E-01  3.352159396E-02  9.340436398E+04  2.466887137E+02  3.360946696E+02  2.812976851E+02  2.327317803E+02  3.778219518E-01 
       421  1.439865389E-02  1.199672983E-01  3.621509854E-02  9.361655942E+04  2.503228617E+02  3.362087011E+02  2.814886511E+02  2.330274558E+02  3.615030180E-01 
       422  1.553995729E-02  1.205631245E-01  3.892438234E-02  9.407320316E+04  2.534467241E+02  3.364450998E+02  2.818846709E+02  2.323752443E+02  3.444631471E-01 
       423  1.662952250E-02  1.211745408E-01  4.165332372E-02  9.461236581E+04  2.561967810E+02  3.367074974E+02  2.823244867E+02  2.314318099E+02  3.285509530E-01 
       424  1.764894372E-02  1.217373945E-01  4.441857664E-02  9.531892212E+04  2.582991852E+02  3.370648601E+02  2.829243175E+02  2.298457264E+02  3.136393479E-01 
       425  1.861873940E-02  1.222791769E-01  4.720617614E-02  9.631188660E+04  2.599608507E+02  3.375641072E+02  2.837630996E+02  2.271407550E+02  2.971175374E-01 
       426  1.950820179E-02  1.228336643E-01  5.001741530E-02  9.727970126E+04  2.617815962E+02  3.380378288E+02  2.845600690E+02  2.245692705E+02  2.801705593E-01 
       427  2.036944420E-02  1.233245632E-01  5.285072558E-02  9.821609323E+04  2.635108936E+02  3.385052353E+02  2.853476015E+02  2.220166689E+02  2.635328634E-01 
       428  2.117157025E-02  1.238295963E-01  5.569831964E-02  9.919663318E+04  2.650987144E+02  3.389873428E+02  2.861609941E+02  2.193129098E+02  2.472651273E-01 
       429  2.190592593E-02  1.242947792E-01  5.857026217E-02  1.001320581E+05  2.667499666E+02  3.394408312E+02  2.869271574E+02  2.166731014E+02  2.305691261E-01 
       430  2.257248913E-02  1.247551336E-01  6.145961794E-02  1.010001216E+05  2.685252647E+02  3.398593502E+02  2.876350832E+02  2.142716045E+02  2.140242755E-01 
       431  2.314781749E-02  1.251835029E-01  6.437124902E-02  1.017616665E+05  2.705500650E+02  3.402225246E+02  2.882500582E+02  2.122142496E+02  1.968944087E-01 
       432  2.363318974E-02  1.255957621E-01  6.730774801E-02  1.024041229E+05  2.727961929E+02  3.405344720E+02  2.887788212E+02  2.105800445E+02  1.798610910E-01 
       433  2.402789138E-02  1.260195069E-01  7.025072331E-02  1.029101729E+05  2.753288221E+02  3.407817650E+02  2.891983509E+02  2.095136700E+02  1.631708909E-01 
       434  2.431727977E-02  1.264030352E-01  7.321094069E-02  1.032513799E+05  2.781091480E+02  3.409613647E+02  2.895032501E+02  2.089518509E+02  1.465285914E-01 
       435  2.453016930E-02  1.268032789E-01  7.617447467E-02  1.034493674E+05  2.812186732E+02  3.410644026E+02  2.896782236E+02  2.090827985E+02  1.305342021E-01 
       436  2.462079541E-02  1.271795605E-01  7.915094878E-02  1.033844576E+05  2.846878555E+02  3.410523877E+02  2.896577702E+02  2.099386415E+02  1.149289546E-01 
       437  2.463902970E-02  1.275610820E-01  8.212637731E-02  1.029323240E+05  2.887429533E+02  3.408444028E+02  2.893046560E+02  2.124266019E+02  1.023239442E-01 
       438  2.457492051E-02  1.279220853E-01  8.510260082E-02  1.020562878E+05  2.933378641E+02  3.404131295E+02  2.885729946E+02  2.162560757E+02  9.188942979E-02 
       439  2.441429013E-02  1.282749863E-01  8.807550525E-02  1.013506338E+05  2.962539641E+02  3.400752744E+02  2.880003920E+02  2.201798048E+02  9.227736407E-02 
       440  2.420234297E-02  1.286273229E-01  9.105186832E-02  1.004919559E+05  2.969608454E+02  3.396702719E+02  2.873148402E+02  2.237586060E+02  1.047653658E-01 
       441  2.388558350E-02  1.289647853E-01  9.401845916E-02  1.003660282E+05  2.946962540E+02  3.396048156E+02  2.872041714E+02  2.241871275E+02  1.218302432E-01 
       442  2.351928731E-02  1.293134864E-01  9.696958543E-02  1.010639644E+05  2.906461986E+02  3.399446443E+02  2.877792165E+02  2.215963182E+02  1.375672498E-01 
       443  2.306449285E-02  1.296327241E-01  9.991680403E-02  1.022224617E+05  2.867363396E+02  3.404913416E+02  2.887056112E+02  2.173190570E+02  1.457739752E-01 
       444  2.257188759E-02  1.299515661E-01  1.028605699E-01  1.034363076E+05  2.834879580E+02  3.410773010E+02  2.897001209E+02  2.129234886E+02  1.498420723E-01 
       445  2.201092100E-02  1.302726916E-01  1.057899135E-01  1.045194760E+05  2.813679218E+02  3.416113777E+02  2.906080589E+02  2.092775953E+02  1.502947202E-01 
       446  2.143382683E-02  1.305960230E-01  1.087107054E-01  1.054910848E+05  2.800898219E+02  3.421267767E+02  2.914856142E+02  2.065204840E+02  1.492219939E-01 
       447  2.076802587E-02  1.309307408E-01  1.116221513E-01  1.062279575E+05  2.791791096E+02  3.425869007E+02  2.922701454E+02  2.043574009E+02  1.482174769E-01 
       448  2.010215597E-02  1.312657467E-01  1.145293522E-01  1.067361646E+05  2.784408417E+02  3.429491043E+02  2.928884745E+02  2.026503654E+02  1.479980666E-01 
       449  1.945135245E-02  1.316056955E-01  1.174374795E-01  1.070879229E+05  2.780005219E+02  3.432399514E+02  2.933854499E+02  2.015744348E+02  1.485073364E-01 
       450  1.885387307E-02  1.319548677E-01  1.203553293E-01  1.073188955E+05  2.778749437E+02  3.434305925E+02  2.937114084E+02  2.011591312E+02  1.496934940E-01 
       451  1.837479322E-02  1.322913677E-01  1.233018373E-01  1.074309382E+05  2.779246387E+02  3.435116415E+02  2.938500996E+02  2.012521601E+02  1.517956234E-01 
       452  1.811263581E-02  1.325954541E-01  1.262715907E-01  1.074276274E+05  2.781071701E+02  3.435147171E+02  2.938553200E+02  2.017669115E+02  1.545676147E-01 
       453  1.805653049E-02  1.328847135E-01  1.292554963E-01  1.073644548E+05  2.783667531E+02  3.434821692E+02  2.937997003E+02  2.025394545E+02  1.579687393E-01 
       454  1.819877737E-02  1.331672438E-01  1.322380588E-01  1.072696665E+05  2.786748600E+02  3.434297924E+02  2.937100672E+02  2.034928914E+02  1.617912712E-01 
       455  1.852494771E-02  1.334510277E-01  1.352129826E-01  1.071361569E+05  2.790727539E+02  3.433460395E+02  2.935668416E+02  2.046613436E+02  1.660569013E-01 
       456  1.890761882E-02  1.337081709E-01  1.381756048E-01  1.069620822E+05  2.794925729E+02  3.432430196E+02  2.933906813E+02  2.058555460E+02  1.700997272E-01 
       457  1.937808835E-02  1.339540030E-01  1.411279949E-01  1.067509755E+05  2.800513277E+02  3.431258554E+02  2.931904297E+02  2.072444580E+02  1.739704360E-01 
       458  1.989552602E-02  1.341916383E-01  1.440726902E-01  1.065426814E+05  2.806707712E+02  3.430111863E+02  2.929945226E+02  2.087690703E+02  1.779408109E-01 
       459  2.048114376E-02  1.344526817E-01  1.469999956E-01  1.063236860E+05  2.813044872E+02  3.428791876E+02  2.927669201E+02  2.104087067E+02  1.818677867E-01 
       460 -4.772920012E-02  1.664853148E-01 -4.258181757E-02  8.252898180E+04  1.813398997E+02  3.302762981E+02  2.716424581E+02  3.429032986E+02  1.013436764E+00 
       461 -4.770031945E-02  1.666117663E-01 -3.916302660E-02  8.229641223E+04  1.818630946E+02  3.301399884E+02  2.714183456E+02  3.436996233E+02  1.013088867E+00 
       462 -4.768621633E-02  1.667606858E-01 -3.574527808E-02  8.185928479E+04  1.830132055E+02  3.298752027E+02  2.709831252E+02  3.451395731E+02  1.011777064E+00 
       463 -4.773671611E-02  1.669008759E-01 -3.232563070E-02  8.125053418E+04  1.845808105E+02  3.295200005E+02  2.703999252E+02  3.469926081E+02  1.009824306E+00 
       464 -4.779814392E-02  1.670685917E-01 -2.890641835E-02  8.052107446E+04  1.867089481E+02  3.290793247E+02  2.696772776E+02  3.493421326E+02  1.006915960E+00 
       465 -4.772832030E-02  1.672854950E-01 -2.549705171E-02  7.973220947E+04  1.891295798E+02  3.286201262E+02  2.689251652E+02  3.517624846E+02  1.003192609E+00 
       466 -4.733274936E-02  1.676197526E-01 -2.211766833E-02  7.913974646E+04  1.917895923E+02  3.282892194E+02  2.683838377E+02  3.540112767E+02  9.983749315E-01 
       467 -4.646629434E-02  1.680852894E-01 -1.884685997E-02  7.944625378E+04  1.930818994E+02  3.285232592E+02  2.687670718E+02  3.531304710E+02  9.923089244E-01 
       468 -4.497458874E-02  1.687177674E-01 -1.583913045E-02  8.200105762E+04  1.898733339E+02  3.300052671E+02  2.711997652E+02  3.467146826E+02  9.915098678E-01 
       469 -4.311049959E-02  1.694263862E-01 -1.306511329E-02  8.552744482E+04  1.835244145E+02  3.319100904E+02  2.743386722E+02  3.367489367E+02  9.959873557E-01 
       470 -4.101650432E-02  1.701661907E-01 -1.047820325E-02  8.760337598E+04  1.788706446E+02  3.329443512E+02  2.760490341E+02  3.312433357E+02  1.002885908E+00 
       471 -3.872443978E-02  1.709287414E-01 -8.043812788E-03  8.730416479E+04  1.775223935E+02  3.327664680E+02  2.757544472E+02  3.327294650E+02  1.009945394E+00 
       472 -3.634257562E-02  1.716543837E-01 -5.706210795E-03  8.537601074E+04  1.793223600E+02  3.317486477E+02  2.740709095E+02  3.383432484E+02  1.013038680E+00 
       473 -3.384972842E-02  1.724025179E-01 -3.469956820E-03  8.156597778E+04  1.859928892E+02  3.296803775E+02  2.706666248E+02  3.491252584E+02  1.009214601E+00 
       474 -3.133060076E-02  1.731099844E-01 -1.271304633E-03  7.657133798E+04  1.974206945E+02  3.268302488E+02  2.660068238E+02  3.632369847E+02  9.970745179E-01 
       475 -2.873453975E-02  1.737912906E-01  8.535856133E-04  7.256362744E+04  2.084237180E+02  3.244044333E+02  2.620712357E+02  3.745832243E+02  9.826149084E-01 
       476 -2.611690126E-02  1.744247281E-01  2.958268427E-03  7.106320264E+04  2.127488694E+02  3.234140420E+02  2.604722776E+02  3.786140356E+02  9.763203468E-01 
       477 -2.348835128E-02  1.750433393E-01  5.058280838E-03  7.049147769E+04  2.143066787E+02  3.229554309E+02  2.597341268E+02  3.802471511E+02  9.744956861E-01 
       478 -2.083113736E-02  1.756162102E-01  7.133742148E-03  6.945842773E+04  2.184426365E+02  3.221993465E+02  2.585194273E+02  3.836890697E+02  9.679049738E-01 
       479 -1.816607045E-02  1.761555279E-01  9.209141426E-03  6.929557690E+04  2.226383934E+02  3.220716352E+02  2.583151855E+02  3.850292263E+02  9.565282948E-01 
       480 -1.549262448E-02  1.766467189E-01  1.128626304E-02  7.244583765E+04  2.221209412E+02  3.242246313E+02  2.617887077E+02  3.768311148E+02  9.411242865E-01 
       481 -1.281959455E-02  1.771087169E-01  1.337222607E-02  8.377197748E+04  2.126330152E+02  3.310277600E+02  2.729021211E+02  3.460704405E+02  9.157219920E-01 
       482 -1.015361520E-02  1.775059034E-01  1.547159933E-02  9.885705474E+04  2.067347713E+02  3.386923137E+02  2.856678382E+02  3.046867530E+02  8.741375908E-01 
       483 -7.491200012E-03  1.778633735E-01  1.757589553E-02  9.702929443E+04  2.198387814E+02  3.379365101E+02  2.843930044E+02  3.113978119E+02  8.361042533E-01 
       484 -4.837064878E-03  1.782590199E-01  1.971143984E-02  8.958008228E+04  2.299608545E+02  3.340880432E+02  2.779503803E+02  3.319024010E+02  8.325691074E-01 
       485 -2.188499166E-03  1.785530451E-01  2.185094162E-02  8.829907373E+04  2.311196274E+02  3.336986763E+02  2.773020532E+02  3.354170842E+02  8.348089757E-01 
       486  4.329096806E-04  1.787998193E-01  2.404680664E-02  8.869174951E+04  2.347791424E+02  3.338231277E+02  2.775083256E+02  3.343627243E+02  8.208894655E-01 
       487  3.027224691E-03  1.790317150E-01  2.627094405E-02  8.841820929E+04  2.374640529E+02  3.336850312E+02  2.772786238E+02  3.352906973E+02  8.135947571E-01 
       488  5.626976121E-03  1.792222402E-01  2.847807669E-02  8.942931738E+04  2.386190562E+02  3.343144598E+02  2.783265970E+02  3.332864122E+02  8.067297116E-01 
       489  8.191038637E-03  1.793338257E-01  3.074695743E-02  9.218627856E+04  2.382334971E+02  3.357761266E+02  2.807677803E+02  3.263407142E+02  7.972704526E-01 
       490  1.074058355E-02  1.794129340E-01  3.303046409E-02  9.608528169E+04  2.364032115E+02  3.376467685E+02  2.839057494E+02  3.160571960E+02  7.881767350E-01 
       491  1.325979491E-02  1.793970135E-01  3.532576038E-02  9.999349060E+04  2.341176894E+02  3.394326820E+02  2.869163427E+02  3.054138482E+02  7.808965640E-01 
       492  1.577166567E-02  1.793535417E-01  3.765132951E-02  1.030665261E+05  2.325758371E+02  3.409161687E+02  2.894286361E+02  2.971917667E+02  7.752089277E-01 
       493  1.825553626E-02  1.792503646E-01  4.000403552E-02  1.053799486E+05  2.320880120E+02  3.421029816E+02  2.914465418E+02  2.912133961E+02  7.692829911E-01 
       494  2.071273564E-02  1.790845686E-01  4.238164633E-02  1.074537147E+05  2.318461398E+02  3.431118536E+02  2.931676319E+02  2.856744006E+02  7.633514672E-01 
       495  2.315348782E-02  1.789033294E-01  4.476881837E-02  1.094720571E+05  2.313222487E+02  3.440010705E+02  2.946890731E+02  2.800979223E+02  7.588274321E-01 
       496  2.554611962E-02  1.786610662E-01  4.720294885E-02  1.113558740E+05  2.307457161E+02  3.448052816E+02  2.960684528E+02  2.749388618E+02  7.552740816E-01 
       497  2.790553153E-02  1.783591187E-01  4.966367300E-02  1.130920435E+05  2.303684587E+02  3.455525360E+02  2.973529692E+02  2.703100557E+02  7.517386787E-01 
       498  3.023553076E-02  1.780531658E-01  5.215009418E-02  1.146384860E+05  2.302244332E+02  3.462146170E+02  2.984933176E+02  2.662873201E+02  7.482592463E-01 
       499  3.255140683E-02  1.777481834E-01  5.464573084E-02  1.159482261E+05  2.301084349E+02  3.467811313E+02  2.994708109E+02  2.628777732E+02  7.456082306E-01 
       500  3.480321611E-02  1.773622653E-01  5.719033452E-02  1.170072496E+05  2.301924056E+02  3.472308652E+02  3.002480335E+02  2.599616771E+02  7.425814862E-01 
       501  3.704366447E-02  1.769956776E-01  5.978074099E-02  1.178741702E+05  2.303127482E+02  3.475972106E+02  3.008818552E+02  2.576610067E+02  7.402741895E-01 
       502  3.923116288E-02  1.766153691E-01  6.237867612E-02  1.185652937E+05  2.305357366E+02  3.478865709E+02  3.013829122E+02  2.558247108E+02  7.380067902E-01 
       503  4.136429871E-02  1.761773997E-01  6.501205622E-02  1.190472798E+05  2.309965929E+02  3.480762919E+02  3.017116150E+02  2.546222175E+02  7.352515217E-01 
       504  4.348069858E-02  1.757484529E-01  6.766046190E-02  1.193257620E+05  2.313505363E+02  3.482043715E+02  3.019336433E+02  2.539488926E+02  7.335569430E-01 
       505  4.554226392E-02  1.753162813E-01  7.034950997E-02  1.194749355E+05  2.318928804E+02  3.482601252E+02  3.020303268E+02  2.537611961E+02  7.315573413E-01 
       506  4.756665315E-02  1.748560179E-01  7.306168772E-02  1.194893680E+05  2.323483924E+02  3.482763145E+02  3.020583858E+02  2.538943150E+02  7.301369999E-01 
       507  4.956604909E-02  1.743615796E-01  7.580968578E-02  1.193508390E+05  2.329289750E+02  3.481999364E+02  3.019258808E+02  2.544504259E+02  7.285644072E-01 
       508  5.152654947E-02  1.738670862E-01  7.855886540E-02  1.191089882E+05  2.330847901E+02  3.481054580E+02  3.017620637E+02  2.553064145E+02  7.290328760E-01 
       509  5.347325952E-02  1.733659220E-01  8.131742073E-02  1.189899234E+05  2.327557275E+02  3.480364722E+02  3.016425010E+02  2.558638237E+02  7.312890470E-01 
       510  5.541917190E-02  1.728212690E-01  8.412523757E-02  1.193662360E+05  2.319507036E+02  3.481960956E+02  3.019192851E+02  2.550238789E+02  7.339922605E-01 
       511  5.731737707E-02  1.722438844E-01  8.698058411E-02  1.202452262E+05  2.321660149E+02  3.485297803E+02  3.024983915E+02  2.528918637E+02  7.313782990E-01 
       512  5.917186437E-02  1.716911252E-01  8.979478553E-02  1.204763822E+05  2.328681614E+02  3.486305874E+02  3.026735277E+02  2.520737375E+02  7.280961401E-01 
       513  6.096387184E-02  1.711643945E-01  9.255110888E-02  1.203008680E+05  2.340630106E+02  3.485717248E+02  3.025713539E+02  2.522040606E+02  7.236395003E-01 
       514  6.270700241E-02  1.705757992E-01  9.544380808E-02  1.200563240E+05  2.354200182E+02  3.484729915E+02  3.023999009E+02  2.523755364E+02  7.183562983E-01 
       515  6.442263795E-02  1.699823167E-01  9.834544530E-02  1.196497412E+05  2.366015227E+02  3.482815984E+02  3.020676366E+02  2.529637539E+02  7.142599976E-01 
       516  6.612271722E-02  1.694054111E-01  1.012510921E-01  1.193468625E+05  2.375586488E+02  3.481554108E+02  3.018487542E+02  2.540159998E+02  7.117042802E-01 
       517  6.776083839E-02  1.688452726E-01  1.042003507E-01  1.191885854E+05  2.384998336E+02  3.481021219E+02  3.017563449E+02  2.550861387E+02  7.092759334E-01 
       518  6.936215302E-02  1.682812898E-01  1.071729988E-01  1.190441598E+05  2.393224993E+02  3.480652586E+02  3.016923836E+02  2.559820070E+02  7.071136723E-01 
       519  7.082677073E-02  1.677321085E-01  1.102128146E-01  1.188960485E+05  2.400316366E+02  3.480530291E+02  3.016712415E+02  2.566342978E+02  7.050461019E-01 
       520  7.220712168E-02  1.672497044E-01  1.133584680E-01  1.187689247E+05  2.406491357E+02  3.480947270E+02  3.017435855E+02  2.571794549E+02  7.034340422E-01 
       521  7.342602904E-02  1.668557431E-01  1.165154693E-01  1.186800573E+05  2.412178571E+02  3.482092187E+02  3.019421930E+02  2.575615709E+02  7.019490534E-01 
       522  7.439926912E-02  1.665467988E-01  1.197652411E-01  1.186347208E+05  2.417407300E+02  3.483687019E+02  3.022188468E+02  2.577182550E+02  7.003724966E-01 
       523  7.498839543E-02  1.664581038E-01  1.231239650E-01  1.186268281E+05  2.421146278E+02  3.485228615E+02  3.024862232E+02  2.578146152E+02  6.995896250E-01 
       524  7.530423640E-02  1.665023734E-01  1.265249777E-01  1.185783040E+05  2.424584427E+02  3.485708256E+02  3.025694122E+02  2.580250640E+02  6.990698762E-01 
       525  7.543612494E-02  1.666233331E-01  1.299370256E-01  1.184633760E+05  2.431236134E+02  3.484662571E+02  3.023879356E+02  2.588209171E+02  6.978620104E-01 
       526  7.553122174E-02  1.667952118E-01  1.333496155E-01  1.183075442E+05  2.441456714E+02  3.482939396E+02  3.020890002E+02  2.601667128E+02  6.959752738E-01 
       527  7.566054780E-02  1.669469890E-01  1.367626796E-01  1.181645142E+05  2.446355510E+02  3.482768660E+02  3.020596209E+02  2.601165333E+02  6.948190760E-01 
       528  7.583993244E-02  1.671002891E-01  1.401745263E-01  1.180239728E+05  2.438766484E+02  3.485836532E+02  3.025930301E+02  2.574001484E+02  6.962280711E-01 
       529  7.600645069E-02  1.672586086E-01  1.435869327E-01  1.179181257E+05  2.414698186E+02  3.493292086E+02  3.038905480E+02  2.522522409E+02  7.024024092E-01 
       530  7.611546960E-02  1.674572299E-01  1.470000031E-01  1.179644397E+05  2.376023467E+02  3.502713544E+02  3.056033409E+02  2.455175653E+02  7.136199637E-01 
       531 -5.220359409E-02  2.342994603E-01 -4.210986580E-02  8.157707477E+04  1.838372215E+02  3.296826066E+02  2.707304049E+02  4.448011800E+02  1.144720775E+00 
       532 -5.220192467E-02  2.343108577E-01 -3.821952920E-02  8.104264252E+04  1.857045168E+02  3.294579602E+02  2.702982088E+02  4.456892853E+02  1.141030989E+00 
       533 -5.220302368E-02  2.343278434E-01 -3.432921672E-02  8.162066711E+04  1.852666960E+02  3.297586012E+02  2.707925858E+02  4.444680927E+02  1.140885034E+00 
       534 -5.220531674E-02  2.343446645E-01 -3.043898101E-02  8.339062082E+04  1.809863510E+02  3.308083761E+02  2.725210854E+02  4.407927844E+02  1.147858692E+00 
       535 -5.220735409E-02  2.343651870E-01 -2.654892396E-02  8.529817871E+04  1.759584970E+02  3.318519478E+02  2.742416992E+02  4.367032127E+02  1.156361669E+00 
       536 -5.221355576E-02  2.343966826E-01 -2.266385481E-02  8.584797337E+04  1.731686358E+02  3.320972974E+02  2.746465308E+02  4.348443259E+02  1.161492226E+00 
       537 -5.221196162E-02  2.344309954E-01 -1.877454498E-02  8.464189486E+04  1.747910374E+02  3.314217634E+02  2.735318846E+02  4.371946342E+02  1.159705640E+00 
       538 -5.222596507E-02  2.344687402E-01 -1.488167101E-02  8.282045535E+04  1.792950411E+02  3.304467105E+02  2.719244134E+02  4.419676502E+02  1.153189030E+00 
       539 -5.222923531E-02  2.345160018E-01 -1.099302079E-02  8.120977704E+04  1.832413325E+02  3.297217925E+02  2.707322366E+02  4.459820063E+02  1.147600398E+00 
       540 -5.210275326E-02  2.345957540E-01 -7.104134264E-03  8.024748508E+04  1.859296581E+02  3.291234837E+02  2.697502780E+02  4.477046247E+02  1.142862468E+00 
       541 -5.114101036E-02  2.348545508E-01 -3.375994418E-03  8.009291553E+04  1.856622446E+02  3.289680045E+02  2.694951479E+02  4.476745673E+02  1.143664509E+00 
       542 -4.917766965E-02  2.353023755E-01 -5.047413344E-05  8.031337939E+04  1.859537554E+02  3.290311203E+02  2.695986261E+02  4.475312920E+02  1.143013764E+00 
       543 -4.661414278E-02  2.358651253E-01  2.823323178E-03  8.167194983E+04  1.835830972E+02  3.298674397E+02  2.709722018E+02  4.446571674E+02  1.146161236E+00 
       544 -4.374488282E-02  2.364440537E-01  5.350106892E-03  8.539345679E+04  1.751247466E+02  3.320519795E+02  2.745744863E+02  4.365464315E+02  1.159169849E+00 
       545 -4.059796688E-02  2.370222596E-01  7.583171126E-03  8.878143976E+04  1.659679984E+02  3.336727958E+02  2.772590854E+02  4.290223010E+02  1.174771517E+00 
       546 -3.738701819E-02  2.375676250E-01  9.702642239E-03  8.669272137E+04  1.707231122E+02  3.324949756E+02  2.753077307E+02  4.337750611E+02  1.167203952E+00 
       547 -3.407522408E-02  2.380263225E-01  1.169481074E-02  8.209799731E+04  1.835468626E+02  3.302812705E+02  2.716525540E+02  4.441594744E+02  1.145328658E+00 
       548 -3.073065008E-02  2.384984497E-01  1.361793802E-02  8.105968396E+04  1.866669000E+02  3.299070108E+02  2.710356159E+02  4.463714511E+02  1.139741858E+00 
       549 -2.732884007E-02  2.388770261E-01  1.546643341E-02  8.170715942E+04  1.847557216E+02  3.301972823E+02  2.715128574E+02  4.443521700E+02  1.142420489E+00 
       550 -2.390908864E-02  2.392176502E-01  1.728468609E-02  8.125920245E+04  1.857347776E+02  3.297407959E+02  2.707631446E+02  4.451702117E+02  1.141082474E+00 
       551 -2.044822495E-02  2.394794424E-01  1.908927170E-02  8.050932852E+04  1.877874945E+02  3.292051842E+02  2.698847680E+02  4.465565777E+02  1.137945446E+00 
       552 -1.699643969E-02  2.397114515E-01  2.086461287E-02  8.065904382E+04  1.879487619E+02  3.293118491E+02  2.700607638E+02  4.461965303E+02  1.138033397E+00 
       553 -1.354033893E-02  2.398615604E-01  2.263394957E-02  8.129399316E+04  1.867486305E+02  3.297219543E+02  2.707339268E+02  4.449016190E+02  1.140820347E+00 
       554 -1.007792796E-02  2.399171479E-01  2.439846914E-02  8.152188342E+04  1.863942509E+02  3.298334002E+02  2.709161091E+02  4.441133347E+02  1.142124815E+00 
       555 -6.592279415E-03  2.399646350E-01  2.619220728E-02  8.061935181E+04  1.876294827E+02  3.293323946E+02  2.700930557E+02  4.454080906E+02  1.141454149E+00 
       556 -3.124907716E-03  2.398994093E-01  2.794309000E-02  7.920006250E+04  1.905239677E+02  3.283874950E+02  2.685476570E+02  4.496336174E+02  1.139814503E+00 
       557  3.338943067E-04  2.398017910E-01  2.968583889E-02  1.019062126E+05  2.064133513E+02  3.404798821E+02  2.887178411E+02  4.028866936E+02  1.058210103E+00 
       558  3.794068913E-03  2.396169640E-01  3.144821874E-02  9.922274585E+04  2.112761765E+02  3.394913116E+02  2.870193682E+02  4.055304070E+02  1.049559440E+00 
       559  7.248441593E-03  2.393064044E-01  3.320284907E-02  9.494156250E+04  2.103062315E+02  3.374389133E+02  2.835545168E+02  4.128800011E+02  1.058105238E+00 
       560  1.068879679E-02  2.389885178E-01  3.498866898E-02  9.209883276E+04  2.123621917E+02  3.359972258E+02  2.811358976E+02  4.189803162E+02  1.057382528E+00 
       561  1.412543948E-02  2.386075767E-01  3.676435012E-02  8.911259131E+04  2.142582364E+02  3.345997887E+02  2.788019695E+02  4.242510710E+02  1.056692351E+00 
       562  1.753589177E-02  2.380598424E-01  3.855175648E-02  8.769843604E+04  2.165827255E+02  3.340133133E+02  2.778253269E+02  4.276976547E+02  1.053716205E+00 
       563  2.093820079E-02  2.375000001E-01  4.035454522E-02  9.126603149E+04  2.145774870E+02  3.362952528E+02  2.816483889E+02  4.202040577E+02  1.052735891E+00 
       564  2.432947450E-02  2.368878370E-01  4.215773147E-02  1.055981420E+05  2.063529178E+02  3.434875191E+02  2.938521993E+02  3.880960546E+02  1.055403688E+00 
       565  2.770729830E-02  2.361795572E-01  4.394886350E-02  1.250884561E+05  1.984826975E+02  3.509855309E+02  3.067922006E+02  3.460135555E+02  1.063890891E+00 
       566  3.105826597E-02  2.354459967E-01  4.578622705E-02  1.272309568E+05  1.961224632E+02  3.519772868E+02  3.085145950E+02  3.413773308E+02  1.067961493E+00 
       567  3.438758923E-02  2.346372217E-01  4.762879820E-02  1.206580584E+05  1.983821919E+02  3.503525575E+02  3.056716240E+02  3.567369882E+02  1.059167210E+00 
       568  3.771502906E-02  2.337669833E-01  4.947240569E-02  1.196159290E+05  2.016949241E+02  3.501136436E+02  3.052541101E+02  3.579035113E+02  1.048471126E+00 
       569  4.101460083E-02  2.329246351E-01  5.135281935E-02  1.214659087E+05  2.027512724E+02  3.503997202E+02  3.057528915E+02  3.517277250E+02  1.043908564E+00 
       570  4.428347740E-02  2.319960665E-01  5.324515281E-02  1.224281418E+05  2.030530648E+02  3.504148388E+02  3.057792640E+02  3.482506416E+02  1.041930392E+00 
       571  4.749748393E-02  2.310181580E-01  5.520824782E-02  1.228747375E+05  2.039273496E+02  3.505885410E+02  3.060826268E+02  3.474998474E+02  1.038539054E+00 
       572  5.066691057E-02  2.300652086E-01  5.723980181E-02  1.238095110E+05  2.057676376E+02  3.509896323E+02  3.067832842E+02  3.460475180E+02  1.032602329E+00 
       573  5.379140778E-02  2.290521307E-01  5.932353399E-02  1.246331703E+05  2.083775758E+02  3.513143706E+02  3.073511878E+02  3.437982160E+02  1.024036589E+00 
       574  5.683956615E-02  2.279793322E-01  6.149869556E-02  1.249344702E+05  2.117902222E+02  3.513781738E+02  3.074628925E+02  3.424048977E+02  1.013014551E+00 
       575  5.985072913E-02  2.269370111E-01  6.373374277E-02  1.248462852E+05  2.153452244E+02  3.512958012E+02  3.073187695E+02  3.419566460E+02  1.001746945E+00 
       576  6.280959972E-02  2.258492183E-01  6.601505396E-02  1.244800699E+05  2.188479175E+02  3.511234276E+02  3.070172362E+02  3.421230723E+02  9.904575619E-01 
       577  6.573461678E-02  2.247295145E-01  6.832363097E-02  1.240198550E+05  2.219470639E+02  3.509507756E+02  3.067153058E+02  3.428312812E+02  9.803834679E-01 
       578  6.865501872E-02  2.236625994E-01  7.064894084E-02  1.233135249E+05  2.251410336E+02  3.506383919E+02  3.061695509E+02  3.434147730E+02  9.702298634E-01 
       579  7.151541969E-02  2.224865137E-01  7.302188293E-02  1.219025332E+05  2.270110555E+02  3.501407204E+02  3.053009577E+02  3.459504437E+02  9.643544964E-01 
       580  7.433322259E-02  2.213060150E-01  7.543149031E-02  1.208699739E+05  2.274296689E+02  3.497691545E+02  3.046536360E+02  3.467399874E+02  9.625895582E-01 
       581  7.711325138E-02  2.201536844E-01  7.789825066E-02  1.235095588E+05  2.282542183E+02  3.510630079E+02  3.069117564E+02  3.400509950E+02  9.572277994E-01 
       582  7.981655167E-02  2.189959972E-01  8.044372180E-02  1.242269297E+05  2.313619530E+02  3.516148176E+02  3.078781672E+02  3.369562893E+02  9.454709617E-01 
       583  8.242371870E-02  2.177951216E-01  8.306797326E-02  1.238676943E+05  2.331247406E+02  3.517491226E+02  3.081146965E+02  3.357934532E+02  9.382125065E-01 
       584  8.497819178E-02  2.166305248E-01  8.576177505E-02  1.232776647E+05  2.337415837E+02  3.517823520E+02  3.081744943E+02  3.352015516E+02  9.349460183E-01 
       585  8.747465708E-02  2.155008942E-01  8.852176985E-02  1.228265010E+05  2.333907971E+02  3.518443604E+02  3.082850060E+02  3.347341199E+02  9.349511806E-01 
       586  8.983863293E-02  2.143275504E-01  9.137087988E-02  1.226156343E+05  2.321183395E+02  3.519139924E+02  3.084086776E+02  3.346641302E+02  9.378142953E-01 
       587  9.211779941E-02  2.131724912E-01  9.430579148E-02  1.226537650E+05  2.303395689E+02  3.519888555E+02  3.085408284E+02  3.350734932E+02  9.424634990E-01 
       588  9.424446159E-02  2.121023496E-01  9.738772987E-02  1.228334691E+05  2.282991376E+02  3.520023780E+02  3.085645694E+02  3.354454766E+02  9.481663939E-01 
       589  9.610967173E-02  2.111612431E-01  1.006666829E-01  1.229792191E+05  2.258577195E+02  3.518895408E+02  3.083659282E+02  3.358164353E+02  9.551612659E-01 
       590  9.742401869E-02  2.103903297E-01  1.042235364E-01  1.230713115E+05  2.233769423E+02  3.515342887E+02  3.077419218E+02  3.364152898E+02  9.623025376E-01 
       591  9.764724840E-02  2.101688920E-01  1.080985861E-01  1.230911118E+05  2.214124045E+02  3.509560390E+02  3.067284584E+02  3.374381194E+02  9.681960586E-01 
       592  9.763062643E-02  2.101108570E-01  1.119846410E-01  1.229917370E+05  2.207609763E+02  3.506244358E+02  3.061477791E+02  3.378417250E+02  9.702486358E-01 
       593  9.759894170E-02  2.100363093E-01  1.158782398E-01  1.228077104E+05  2.215358173E+02  3.512049031E+02  3.071636920E+02  3.342285614E+02  9.670332316E-01 
       594  9.760335841E-02  2.100041055E-01  1.197683889E-01  1.226928855E+05  2.225988520E+02  3.526467095E+02  3.096937782E+02  3.264734608E+02  9.625755248E-01 
       595  9.760552297E-02  2.099886023E-01  1.236588659E-01  1.227298594E+05  2.236119033E+02  3.544224158E+02  3.128203039E+02  3.170416662E+02  9.589103917E-01 
       596  9.760989540E-02  2.100145164E-01  1.275491461E-01  1.228592403E+05  2.245047858E+02  3.557014835E+02  3.150807868E+02  3.104024322E+02  9.565621218E-01 
       597  9.760550437E-02  2.100148949E-01  1.314412195E-01  1.230097998E+05  2.251061249E+02  3.561482801E+02  3.158738260E+02  3.086419449E+02  9.549552575E-01 
       598  9.762031038E-02  2.101034915E-01  1.353312483E-01  1.231269453E+05  2.253329917E+02  3.559448805E+02  3.155178887E+02  3.111973275E+02  9.545791240E-01 
       599  9.762506170E-02  2.101609083E-01  1.392228176E-01  1.231657104E+05  2.249292848E+02  3.553669872E+02  3.144968951E+02  3.162232817E+02  9.559425279E-01 
       600  9.764671237E-02  2.102092269E-01  1.431110049E-01  1.232059404E+05  2.238421359E+02  3.546294670E+02  3.131933823E+02  3.210631745E+02  9.596829573E-01 
       601  9.766256924E-02  2.102587391E-01  1.469999989E-01  1.233041626E+05  2.222969394E+02  3.541641216E+02  3.120906687E+02  3.239011240E+02  9.648664221E-01 
