nodenumber     x-coordinate     y-coordinate     z-coordinate         pressure velocity-magnitude      sound-speed      temperature rel-velocity-magnitude relative-velocity-angle 
         1 -2.216901913E-02  1.039879580E-01 -4.300600202E-02  8.758479793E+04  1.537637105E+02  3.330614412E+02  2.762432137E+02  2.357565970E+02  8.603940699E-01 
         2 -2.197401757E-02  1.042260031E-01 -4.002397295E-02  8.746065790E+04  1.544526179E+02  3.329953384E+02  2.761336325E+02  2.364170294E+02  8.591161694E-01 
         3 -2.150271627E-02  1.045375264E-01 -3.708169353E-02  8.736124432E+04  1.550848399E+02  3.329425075E+02  2.760459859E+02  2.370385646E+02  8.581114649E-01 
         4 -2.072290556E-02  1.049359494E-01 -3.421635317E-02  8.726298425E+04  1.556723647E+02  3.328978643E+02  2.759719396E+02  2.377174480E+02  8.576448224E-01 
         5 -1.964621854E-02  1.053757771E-01 -3.145501365E-02  8.715795630E+04  1.563494840E+02  3.328424854E+02  2.758801522E+02  2.384079432E+02  8.568406440E-01 
         6 -1.833909717E-02  1.058829391E-01 -2.880182754E-02  8.700998657E+04  1.570991368E+02  3.327670279E+02  2.757551436E+02  2.392684164E+02  8.562310636E-01 
         7 -1.686396899E-02  1.064019756E-01 -2.624136390E-02  8.681303394E+04  1.579771357E+02  3.326610422E+02  2.755795822E+02  2.403544331E+02  8.557705209E-01 
         8 -1.524276490E-02  1.069101094E-01 -2.376908005E-02  8.659829028E+04  1.589318044E+02  3.325498061E+02  2.753953238E+02  2.415695858E+02  8.553351089E-01 
         9 -1.353040875E-02  1.074492491E-01 -2.136449246E-02  8.632970850E+04  1.602395310E+02  3.324010372E+02  2.751489344E+02  2.429843583E+02  8.537138235E-01 
        10 -1.175719847E-02  1.079385502E-01 -1.899452623E-02  8.608242853E+04  1.618424395E+02  3.322463722E+02  2.748928819E+02  2.442007201E+02  8.498781603E-01 
        11 -9.920451205E-03  1.084473482E-01 -1.667649769E-02  8.601011951E+04  1.629351901E+02  3.322124058E+02  2.748367277E+02  2.448512168E+02  8.469096881E-01 
        12 -8.053093039E-03  1.089314126E-01 -1.437870322E-02  8.620005435E+04  1.633261586E+02  3.323264723E+02  2.750254567E+02  2.444907557E+02  8.439800143E-01 
        13 -6.139911673E-03  1.093816015E-01 -1.211111235E-02  8.671108618E+04  1.627422075E+02  3.326053209E+02  2.754871225E+02  2.432543411E+02  8.433718514E-01 
        14 -4.213714023E-03  1.098625599E-01 -9.853315987E-03  8.753099902E+04  1.604484129E+02  3.330582237E+02  2.762379189E+02  2.405144186E+02  8.470868096E-01 
        15 -2.267252226E-03  1.102821410E-01 -7.616721013E-03  8.859722900E+04  1.563565569E+02  3.336151676E+02  2.771626921E+02  2.370693893E+02  8.585056737E-01 
        16 -3.058463972E-04  1.106716081E-01 -5.380345181E-03  8.944568652E+04  1.497772899E+02  3.340134153E+02  2.778250265E+02  2.341566572E+02  8.857570644E-01 
        17  1.649896870E-03  1.110991589E-01 -3.144821902E-03  8.733558533E+04  1.461838390E+02  3.329507957E+02  2.760610580E+02  2.437225881E+02  9.381209277E-01 
        18  3.605378217E-03  1.114680886E-01 -8.997268064E-04  7.573906482E+04  1.767799020E+02  3.261971316E+02  2.649756474E+02  2.868022079E+02  9.366146773E-01 
        19  5.548952344E-03  1.118349081E-01  1.356589372E-03  6.996209937E+04  2.081644269E+02  3.228936036E+02  2.596372125E+02  3.066664300E+02  8.477847530E-01 
        20  7.472030685E-03  1.121892539E-01  3.633809071E-03  7.293541090E+04  2.132850358E+02  3.246514748E+02  2.624734458E+02  2.995021142E+02  7.900587309E-01 
        21  9.366594022E-03  1.125505666E-01  5.932977735E-03  7.667511151E+04  2.100488160E+02  3.268759441E+02  2.660832639E+02  2.870067284E+02  7.579310215E-01 
        22  1.122147558E-02  1.129077905E-01  8.263617067E-03  7.903457492E+04  2.090087668E+02  3.283246650E+02  2.684453473E+02  2.770852254E+02  7.258694276E-01 
        23  1.303284284E-02  1.132507638E-01  1.062953057E-02  8.049625552E+04  2.116335226E+02  3.291564553E+02  2.698055253E+02  2.725223553E+02  6.962990237E-01 
        24  1.479928419E-02  1.136234762E-01  1.303021626E-02  8.164621628E+04  2.154072455E+02  3.298810345E+02  2.709945491E+02  2.678792615E+02  6.605794765E-01 
        25  1.649617427E-02  1.139938279E-01  1.547769530E-02  8.272587903E+04  2.198317347E+02  3.304819214E+02  2.719823878E+02  2.639614682E+02  6.238969644E-01 
        26  1.811807173E-02  1.143837002E-01  1.797032872E-02  8.345987415E+04  2.254672859E+02  3.308011026E+02  2.725074172E+02  2.628050404E+02  5.909827733E-01 
        27  1.968166241E-02  1.148013513E-01  2.049621310E-02  8.351627966E+04  2.328438449E+02  3.307578776E+02  2.724360971E+02  2.643639398E+02  5.590036092E-01 
        28  2.119101764E-02  1.152299366E-01  2.305322148E-02  8.298603982E+04  2.417321847E+02  3.304486376E+02  2.719266712E+02  2.673116878E+02  5.243280493E-01 
        29  2.266338778E-02  1.156643914E-01  2.563116057E-02  8.240238776E+04  2.505916435E+02  3.301426895E+02  2.714235719E+02  2.695767417E+02  4.871582696E-01 
        30  2.408077791E-02  1.161159634E-01  2.823658064E-02  8.186993585E+04  2.591061823E+02  3.298243687E+02  2.709004750E+02  2.717708528E+02  4.519428164E-01 
        31  2.544088325E-02  1.165921105E-01  3.086849856E-02  8.132496423E+04  2.674257903E+02  3.294505916E+02  2.702871327E+02  2.745632796E+02  4.201841303E-01 
        32  2.674433127E-02  1.170738851E-01  3.352942364E-02  8.076642700E+04  2.752838039E+02  3.291014123E+02  2.697145057E+02  2.773987641E+02  3.912746175E-01 
        33  2.797950643E-02  1.175445507E-01  3.622298897E-02  8.025341858E+04  2.827431091E+02  3.288275626E+02  2.692655134E+02  2.797578678E+02  3.628393920E-01 
        34  2.916313541E-02  1.180056499E-01  3.893937175E-02  7.996908374E+04  2.897495158E+02  3.286857457E+02  2.690330214E+02  2.814205060E+02  3.340300210E-01 
        35  3.031249539E-02  1.184785399E-01  4.167042727E-02  8.008376297E+04  2.955810577E+02  3.287691052E+02  2.691695771E+02  2.821139102E+02  3.075474700E-01 
        36  3.139929926E-02  1.189405785E-01  4.442941843E-02  8.034164972E+04  3.011287502E+02  3.289178078E+02  2.694131556E+02  2.824095220E+02  2.811161321E-01 
        37  3.242013936E-02  1.193808800E-01  4.721660669E-02  8.086085472E+04  3.063703969E+02  3.292086830E+02  2.698898114E+02  2.817972778E+02  2.524830955E-01 
        38  3.340677803E-02  1.198011670E-01  5.002067675E-02  8.206362778E+04  3.091232589E+02  3.299441730E+02  2.710976563E+02  2.783997732E+02  2.258546293E-01 
        39  3.430413654E-02  1.201853153E-01  5.285529857E-02  8.368770483E+04  3.104904947E+02  3.309068365E+02  2.726823730E+02  2.735816660E+02  2.008320363E-01 
        40  3.515433510E-02  1.205874318E-01  5.570324370E-02  8.570116455E+04  3.105533028E+02  3.320470409E+02  2.745653744E+02  2.675480824E+02  1.780943666E-01 
        41  3.592907297E-02  1.209644065E-01  5.857535950E-02  8.802602710E+04  3.090633626E+02  3.333241234E+02  2.766819353E+02  2.603862858E+02  1.594876787E-01 
        42  3.664355424E-02  1.213334730E-01  6.146049591E-02  9.049659448E+04  3.061473384E+02  3.345894513E+02  2.787862701E+02  2.526643920E+02  1.469170034E-01 
        43  3.727845098E-02  1.217084379E-01  6.437276718E-02  9.282776367E+04  3.024687042E+02  3.357304926E+02  2.806902838E+02  2.454515095E+02  1.413130499E-01 
        44  3.781448665E-02  1.220744111E-01  6.730672953E-02  9.471363794E+04  2.988090105E+02  3.366939068E+02  2.823028431E+02  2.396576061E+02  1.419704668E-01 
        45  3.826762164E-02  1.224563704E-01  7.025293559E-02  9.599005145E+04  2.960944517E+02  3.373816669E+02  2.834568541E+02  2.359248223E+02  1.458730020E-01 
        46  3.856443464E-02  1.228195695E-01  7.317567491E-02  9.665905469E+04  2.945238342E+02  3.378126678E+02  2.841817551E+02  2.341720734E+02  1.510496549E-01 
        47  3.882754171E-02  1.231963568E-01  7.616928387E-02  9.687900046E+04  2.931075400E+02  3.384173334E+02  2.852013350E+02  2.325449084E+02  1.562977399E-01 
        48  3.896508106E-02  1.235573809E-01  7.913505459E-02  9.679225977E+04  2.896124496E+02  3.394023743E+02  2.868756714E+02  2.269762383E+02  1.607004814E-01 
        49  3.903512947E-02  1.239238609E-01  8.213137167E-02  9.661945398E+04  2.812486660E+02  3.411916177E+02  2.899306488E+02  2.118216945E+02  1.654008189E-01 
        50  3.900153017E-02  1.243001337E-01  8.510504302E-02  9.643479108E+04  2.659666346E+02  3.442133279E+02  2.951028543E+02  1.837015268E+02  1.708021793E-01 
        51  3.889299026E-02  1.246700891E-01  8.806950082E-02  9.631237402E+04  2.485677209E+02  3.478228838E+02  3.013247142E+02  1.387290006E+02  1.448822323E-01 
        52  3.870303970E-02  1.250405990E-01  9.105247242E-02  9.670836621E+04  2.409124622E+02  3.507128601E+02  3.063235593E+02  9.514333081E+01 -1.556632470E-02 
        53  3.847530202E-02  1.253810613E-01  9.402032493E-02  9.733005328E+04  2.355991956E+02  3.529675617E+02  3.102663893E+02  5.618737989E+01 -2.927601850E-01 
        54  3.809583015E-02  1.257752167E-01  9.695318516E-02  9.774931641E+04  2.299538765E+02  3.536708298E+02  3.114932327E+02  3.538392401E+01 -1.560396269E+00 
        55  3.767199372E-02  1.261489404E-01  9.992435767E-02  9.872114526E+04  2.394887738E+02  3.526630316E+02  3.097193103E+02  4.182969236E+01 -1.486473549E+00 
        56  3.723780727E-02  1.265196365E-01  1.028569506E-01  1.011860139E+05  2.450108360E+02  3.515997571E+02  3.078560171E+02  5.645478815E+01 -1.149391040E+00 
        57  3.672955052E-02  1.269046997E-01  1.057947981E-01  1.040788447E+05  2.458446932E+02  3.507845783E+02  3.064306803E+02  9.243288517E+01 -2.899095900E-01 
        58  3.615520807E-02  1.273091289E-01  1.087154776E-01  1.058177202E+05  2.525180988E+02  3.489760008E+02  3.032816362E+02  1.407346296E+02  5.867197644E-02 
        59  3.556812424E-02  1.277144368E-01  1.116309472E-01  1.066434847E+05  2.585060494E+02  3.462132063E+02  2.984972188E+02  1.798275411E+02  1.941707951E-01 
        60  3.495651588E-02  1.281329458E-01  1.145394580E-01  1.074381831E+05  2.617234783E+02  3.440603628E+02  2.947914786E+02  1.934357872E+02  2.204997637E-01 
        61  3.433795015E-02  1.285471243E-01  1.174457346E-01  1.079913101E+05  2.614122925E+02  3.434908576E+02  2.938147869E+02  1.908424585E+02  2.140103369E-01 
        62  3.376061330E-02  1.289460490E-01  1.203607660E-01  1.082659501E+05  2.630694866E+02  3.434606261E+02  2.937630312E+02  1.905245972E+02  2.037683974E-01 
        63  3.331803132E-02  1.293309423E-01  1.232882868E-01  1.083198627E+05  2.669950824E+02  3.433369950E+02  2.935516235E+02  1.944724165E+02  1.948355933E-01 
        64  3.310586596E-02  1.296649637E-01  1.262581306E-01  1.082311504E+05  2.706444764E+02  3.431596599E+02  2.932484078E+02  1.985222492E+02  1.884293255E-01 
        65  3.306639982E-02  1.299493947E-01  1.292495641E-01  1.080536710E+05  2.729472408E+02  3.430424607E+02  2.930481351E+02  2.014468853E+02  1.865617586E-01 
        66  3.322486525E-02  1.302097713E-01  1.322380794E-01  1.078168761E+05  2.742323784E+02  3.429635181E+02  2.929132234E+02  2.029824862E+02  1.862383681E-01 
        67  3.356462385E-02  1.304573038E-01  1.352130229E-01  1.075538812E+05  2.752019395E+02  3.428993729E+02  2.928037015E+02  2.042777576E+02  1.873099258E-01 
        68  3.400410102E-02  1.306751199E-01  1.381765647E-01  1.072717245E+05  2.762791700E+02  3.428056426E+02  2.926436470E+02  2.054731808E+02  1.872720914E-01 
        69  3.451963359E-02  1.308741206E-01  1.411278790E-01  1.069659749E+05  2.774900656E+02  3.426865258E+02  2.924402657E+02  2.068871346E+02  1.872606331E-01 
        70  3.508991352E-02  1.310576265E-01  1.440660380E-01  1.066552061E+05  2.786816542E+02  3.425573602E+02  2.922198296E+02  2.084384422E+02  1.878867887E-01 
        71  3.570211579E-02  1.312503676E-01  1.470000000E-01  1.063114463E+05  2.799586906E+02  3.424155922E+02  2.919777145E+02  2.103584518E+02  1.890603807E-01 
        72 -2.843361623E-02  1.708417341E-01 -4.258217492E-02  8.205942236E+04  1.837742586E+02  3.299840403E+02  2.711620922E+02  3.445885448E+02  1.008240432E+00 
        73 -2.838826984E-02  1.709653765E-01 -3.916427879E-02  8.207994934E+04  1.842116432E+02  3.299664354E+02  2.711334071E+02  3.447195873E+02  1.007053072E+00 
        74 -2.835908450E-02  1.711140563E-01 -3.574649433E-02  8.236289874E+04  1.837749895E+02  3.301421049E+02  2.714223082E+02  3.433470356E+02  1.006209507E+00 
        75 -2.838361088E-02  1.712589164E-01 -3.232950605E-02  8.285197070E+04  1.829270701E+02  3.304596872E+02  2.719448175E+02  3.426475954E+02  1.007796898E+00 
        76 -2.841360827E-02  1.714319125E-01 -2.891476756E-02  8.346669299E+04  1.824142470E+02  3.307608027E+02  2.724406381E+02  3.415341578E+02  1.007684635E+00 
        77 -2.833774301E-02  1.716334782E-01 -2.549995819E-02  8.409342996E+04  1.804967913E+02  3.311822805E+02  2.731351901E+02  3.389429837E+02  1.009742572E+00 
        78 -2.791452343E-02  1.719215161E-01 -2.212016887E-02  8.441578467E+04  1.801511698E+02  3.312902164E+02  2.733129997E+02  3.391536102E+02  1.011245996E+00 
        79 -2.700703325E-02  1.722886754E-01 -1.884820631E-02  8.427635596E+04  1.796153793E+02  3.312288771E+02  2.732118254E+02  3.402084932E+02  1.014917612E+00 
        80 -2.544395246E-02  1.727209334E-01 -1.584518523E-02  8.321713123E+04  1.816720732E+02  3.305734277E+02  2.721318839E+02  3.422406383E+02  1.011479142E+00 
        81 -2.351536464E-02  1.732363399E-01 -1.306823492E-02  8.133903085E+04  1.844050775E+02  3.296087685E+02  2.705463565E+02  3.490370049E+02  1.014391982E+00 
        82 -2.134527601E-02  1.737374909E-01 -1.047435973E-02  7.866006232E+04  1.911656578E+02  3.279755745E+02  2.678727786E+02  3.555418528E+02  1.003656009E+00 
        83 -1.897326710E-02  1.742189522E-01 -8.035177519E-03  7.559252267E+04  1.984568317E+02  3.261904097E+02  2.649648818E+02  3.647249284E+02  9.968279242E-01 
        84 -1.652827274E-02  1.746780172E-01 -5.688541800E-03  7.339305524E+04  2.055723808E+02  3.248112497E+02  2.627279601E+02  3.711413479E+02  9.855649825E-01 
        85 -1.397929867E-02  1.751251779E-01 -3.446989688E-03  7.266341931E+04  2.102202334E+02  3.242568502E+02  2.618322253E+02  3.739333158E+02  9.755915385E-01 
        86 -1.139011487E-02  1.755573757E-01 -1.256774906E-03  7.361563940E+04  2.111573370E+02  3.248103814E+02  2.627287617E+02  3.719122715E+02  9.684309680E-01 
        87 -8.734274343E-03  1.759085237E-01  8.667805443E-04  7.877035046E+04  2.043655367E+02  3.280191550E+02  2.679494188E+02  3.575104444E+02  9.633736834E-01 
        88 -6.073383534E-03  1.762548475E-01  2.984781313E-03  8.843402942E+04  1.902598776E+02  3.334337635E+02  2.768704491E+02  3.330298655E+02  9.691561675E-01 
        89 -3.359730182E-03  1.765819110E-01  5.053045394E-03  9.825849469E+04  1.759389049E+02  3.383164117E+02  2.850333323E+02  3.058496926E+02  9.816292464E-01 
        90 -6.741955509E-04  1.768270807E-01  7.130208361E-03  9.796325932E+04  1.648074826E+02  3.381397443E+02  2.847339266E+02  3.092849415E+02  1.024239761E+00 
        91  2.027043660E-03  1.770783858E-01  9.208570588E-03  7.897528455E+04  1.918289901E+02  3.280314888E+02  2.679719666E+02  3.552742422E+02  1.001889007E+00 
        92  4.731686997E-03  1.772422585E-01  1.127155269E-02  7.279790987E+04  2.144125078E+02  3.242990384E+02  2.619027182E+02  3.769010916E+02  9.672934188E-01 
        93  7.454465044E-03  1.773874983E-01  1.334309669E-02  7.341047409E+04  2.098004441E+02  3.247196092E+02  2.625806447E+02  3.729738762E+02  9.746642974E-01 
        94  1.015989937E-02  1.775222933E-01  1.545596277E-02  7.079187708E+04  2.174469944E+02  3.229930823E+02  2.598008866E+02  3.811420776E+02  9.660085214E-01 
        95  1.284858280E-02  1.775661421E-01  1.756817794E-02  6.732858551E+04  2.279497510E+02  3.207855209E+02  2.562622173E+02  3.919165041E+02  9.538118718E-01 
        96  1.551966693E-02  1.776138061E-01  1.970369132E-02  6.431635608E+04  2.373377647E+02  3.187089827E+02  2.529563329E+02  4.017377467E+02  9.441016503E-01 
        97  1.817410325E-02  1.776258069E-01  2.186017323E-02  6.176317542E+04  2.458493588E+02  3.169014440E+02  2.500940022E+02  4.089473472E+02  9.321501404E-01 
        98  2.080993586E-02  1.775631240E-01  2.403936301E-02  5.993554871E+04  2.536779881E+02  3.155749068E+02  2.480026217E+02  4.143048134E+02  9.182830919E-01 
        99  2.341570779E-02  1.774969016E-01  2.625394818E-02  5.952849487E+04  2.580820765E+02  3.153910179E+02  2.477143068E+02  4.153367386E+02  9.057055824E-01 
       100  2.600295182E-02  1.773818036E-01  2.848806157E-02  6.135728418E+04  2.584871855E+02  3.168632774E+02  2.500464268E+02  4.088081789E+02  8.896798864E-01 
       101  2.856627515E-02  1.771883875E-01  3.074502562E-02  6.672816870E+04  2.533426981E+02  3.207542953E+02  2.562698689E+02  3.925029106E+02  8.722348474E-01 
       102  3.110662233E-02  1.769811535E-01  3.302644514E-02  7.495912549E+04  2.447130194E+02  3.262908154E+02  2.651949968E+02  3.683169727E+02  8.518772926E-01 
       103  3.362247542E-02  1.767159818E-01  3.532849163E-02  8.168921960E+04  2.418876929E+02  3.302617521E+02  2.716423159E+02  3.506256008E+02  8.267884087E-01 
       104  3.610895472E-02  1.763647845E-01  3.765120331E-02  8.315452673E+04  2.475566716E+02  3.307744780E+02  2.724705563E+02  3.493997817E+02  8.052544752E-01 
       105  3.856497337E-02  1.759966372E-01  4.000321012E-02  8.067096838E+04  2.569675491E+02  3.292640496E+02  2.699858932E+02  3.574189214E+02  7.882288205E-01 
       106  4.103059304E-02  1.755360248E-01  4.234569910E-02  7.838319047E+04  2.641195082E+02  3.281555287E+02  2.681661792E+02  3.630508378E+02  7.743367315E-01 
       107  4.340106546E-02  1.750377176E-01  4.474435622E-02  7.902243033E+04  2.671169475E+02  3.286369250E+02  2.689555067E+02  3.614649743E+02  7.612216782E-01 
       108  4.575540032E-02  1.745445103E-01  4.717695363E-02  8.280532690E+04  2.665397444E+02  3.307633252E+02  2.724537923E+02  3.515705833E+02  7.447695443E-01 
       109  4.807037784E-02  1.739953488E-01  4.963532790E-02  8.887720532E+04  2.616564875E+02  3.341079168E+02  2.779955645E+02  3.350726156E+02  7.319814749E-01 
       110  5.034733117E-02  1.734133857E-01  5.212084081E-02  9.483290381E+04  2.574847870E+02  3.372030296E+02  2.831632347E+02  3.187564602E+02  7.189177126E-01 
       111  5.258765486E-02  1.728405975E-01  5.464144749E-02  9.891263379E+04  2.573336258E+02  3.391553230E+02  2.864467220E+02  3.077511921E+02  7.016811743E-01 
       112  5.479076840E-02  1.722430532E-01  5.718902978E-02  1.018419656E+05  2.577673454E+02  3.405463696E+02  2.888006573E+02  3.007432432E+02  6.893500015E-01 
       113  5.694737683E-02  1.716020731E-01  5.976586917E-02  1.049284081E+05  2.566567588E+02  3.420377626E+02  2.913357482E+02  2.924529374E+02  6.813774812E-01 
       114  5.911848447E-02  1.709340834E-01  6.233872565E-02  1.082702120E+05  2.552825282E+02  3.435450852E+02  2.939080961E+02  2.829806472E+02  6.729778025E-01 
       115  6.119351897E-02  1.703313828E-01  6.496775561E-02  1.109509214E+05  2.543857102E+02  3.446514292E+02  2.958042707E+02  2.760183945E+02  6.674154624E-01 
       116  6.319798910E-02  1.696485115E-01  6.765543605E-02  1.131064005E+05  2.532961535E+02  3.455311089E+02  2.973159604E+02  2.700169125E+02  6.639119592E-01 
       117  6.520189851E-02  1.689621155E-01  7.034628384E-02  1.151415127E+05  2.521820765E+02  3.463362579E+02  2.987031088E+02  2.644930849E+02  6.616898533E-01 
       118  6.717992039E-02  1.682884043E-01  7.305807409E-02  1.170555225E+05  2.504865599E+02  3.471921930E+02  3.001809950E+02  2.610924034E+02  6.647497118E-01 
       119  6.910755662E-02  1.675987334E-01  7.579818779E-02  1.185069668E+05  2.502524190E+02  3.477728708E+02  3.011859145E+02  2.584246504E+02  6.629916513E-01 
       120  7.101404689E-02  1.668389198E-01  7.852135391E-02  1.195877692E+05  2.477628866E+02  3.483268342E+02  3.021461189E+02  2.553540983E+02  6.696480606E-01 
       121  7.286652020E-02  1.661304029E-01  8.130170181E-02  1.198189116E+05  2.456516831E+02  3.485144341E+02  3.024719102E+02  2.539878843E+02  6.770710755E-01 
       122  7.473378469E-02  1.653966549E-01  8.408122010E-02  1.198350454E+05  2.446683464E+02  3.485568027E+02  3.025455112E+02  2.537299919E+02  6.812241487E-01 
       123  7.654776682E-02  1.646234676E-01  8.688218818E-02  1.197630608E+05  2.440478067E+02  3.486650715E+02  3.027337284E+02  2.537618685E+02  6.839588154E-01 
       124  7.830115451E-02  1.638494494E-01  8.971806956E-02  1.196679526E+05  2.437006340E+02  3.488026104E+02  3.029730606E+02  2.532538853E+02  6.850067265E-01 
       125  8.003223315E-02  1.630890187E-01  9.257063461E-02  1.195983101E+05  2.420348167E+02  3.491815548E+02  3.036336694E+02  2.517432094E+02  6.908931732E-01 
       126  8.174167210E-02  1.623344685E-01  9.543869445E-02  1.194137632E+05  2.406984580E+02  3.498194084E+02  3.047481747E+02  2.511603472E+02  6.965803597E-01 
       127  8.339566060E-02  1.615413001E-01  9.829620033E-02  1.192025113E+05  2.424616508E+02  3.499946688E+02  3.050543291E+02  2.498455281E+02  6.884900290E-01 
       128  8.500809507E-02  1.607572746E-01  1.012133408E-01  1.192065707E+05  2.423994685E+02  3.501889403E+02  3.053927834E+02  2.442825027E+02  6.843321240E-01 
       129  8.654116005E-02  1.600133249E-01  1.041766726E-01  1.192770117E+05  2.381434851E+02  3.512312095E+02  3.072161999E+02  2.368804954E+02  6.982129095E-01 
       130  8.807530659E-02  1.592883350E-01  1.071513815E-01  1.191855371E+05  2.346508145E+02  3.523317633E+02  3.091445537E+02  2.299675469E+02  7.106354246E-01 
       131  8.946870181E-02  1.585918917E-01  1.101955952E-01  1.190117255E+05  2.326002728E+02  3.533013846E+02  3.108446836E+02  2.208970742E+02  7.164422383E-01 
       132  9.078169785E-02  1.579398834E-01  1.132895212E-01  1.188902793E+05  2.293860985E+02  3.541952460E+02  3.124154041E+02  2.124126391E+02  7.291508443E-01 
       133  9.193376095E-02  1.573753789E-01  1.164622823E-01  1.187769136E+05  2.268348415E+02  3.543020425E+02  3.126024346E+02  2.109529808E+02  7.408769643E-01 
       134  9.287851211E-02  1.569754829E-01  1.197270904E-01  1.186380459E+05  2.278250390E+02  3.532895374E+02  3.108218063E+02  2.200847712E+02  7.401285025E-01 
       135  9.346963790E-02  1.567893278E-01  1.230899614E-01  1.185247584E+05  2.331569301E+02  3.511986539E+02  3.071592201E+02  2.397910436E+02  7.266638270E-01 
       136  9.376445592E-02  1.568076376E-01  1.265149706E-01  1.184504120E+05  2.401454725E+02  3.489202361E+02  3.031829457E+02  2.568170371E+02  7.087010536E-01 
       137  9.391306034E-02  1.569225935E-01  1.299303306E-01  1.183694844E+05  2.429834185E+02  3.478340912E+02  3.012929583E+02  2.615176535E+02  7.013552412E-01 
       138  9.402896493E-02  1.570765633E-01  1.333445553E-01  1.182335415E+05  2.425769005E+02  3.476925793E+02  3.010468969E+02  2.603313713E+02  7.023287434E-01 
       139  9.417960043E-02  1.572174564E-01  1.367593072E-01  1.180987507E+05  2.428360162E+02  3.477196398E+02  3.010937052E+02  2.605823841E+02  7.022937592E-01 
       140  9.437397158E-02  1.573466446E-01  1.401725853E-01  1.179836558E+05  2.437557082E+02  3.477618933E+02  3.011669440E+02  2.620032892E+02  7.009129953E-01 
       141  9.455826038E-02  1.574868932E-01  1.435861248E-01  1.179038444E+05  2.439513378E+02  3.479704220E+02  3.015281937E+02  2.620072650E+02  7.009310462E-01 
       142  9.468914447E-02  1.576724412E-01  1.470000022E-01  1.179123047E+05  2.440783615E+02  3.480969791E+02  3.017581310E+02  2.619803734E+02  7.012795806E-01 
       143 -2.515044289E-02  2.387134140E-01 -4.211006034E-02  8.329256665E+04  1.808744121E+02  3.306703044E+02  2.722913075E+02  4.406739954E+02  1.147879825E+00 
       144 -2.515073613E-02  2.387267259E-01 -3.821832766E-02  8.482525499E+04  1.770527774E+02  3.315121543E+02  2.736800838E+02  4.374062290E+02  1.154246825E+00 
       145 -2.514274647E-02  2.387409373E-01 -3.433018188E-02  8.594027704E+04  1.745138037E+02  3.320999072E+02  2.746513776E+02  4.354720319E+02  1.158803585E+00 
       146 -2.514933814E-02  2.387615668E-01 -3.043885368E-02  8.588204198E+04  1.746485351E+02  3.321162279E+02  2.746782304E+02  4.340513194E+02  1.157422729E+00 
       147 -2.514205174E-02  2.387863737E-01 -2.655197175E-02  8.444022409E+04  1.779535593E+02  3.314081175E+02  2.735081174E+02  4.379805398E+02  1.153044952E+00 
       148 -2.514801404E-02  2.388163633E-01 -2.268742808E-02  8.238010063E+04  1.836406890E+02  3.301803015E+02  2.714853152E+02  4.432449569E+02  1.144297717E+00 
       149 -2.514603624E-02  2.387984711E-01 -1.877579094E-02  8.036811914E+04  1.887588196E+02  3.290172043E+02  2.695763283E+02  4.474400368E+02  1.135978267E+00 
       150 -2.513833525E-02  2.388756875E-01 -1.487946342E-02  7.924874265E+04  1.914252865E+02  3.283578017E+02  2.684961145E+02  4.494527028E+02  1.131380188E+00 
       151 -2.514495058E-02  2.389300222E-01 -1.098752945E-02  7.943010492E+04  1.894412336E+02  3.285796666E+02  2.688591268E+02  4.488497176E+02  1.135510814E+00 
       152 -2.501801490E-02  2.389948317E-01 -7.101428526E-03  8.115724786E+04  1.856275496E+02  3.294748812E+02  2.703274871E+02  4.467068391E+02  1.142945164E+00 
       153 -2.403359079E-02  2.391541778E-01 -3.362202731E-03  8.585233949E+04  1.726910365E+02  3.321589011E+02  2.747516413E+02  4.349003372E+02  1.163071252E+00 
       154 -2.203079393E-02  2.393877231E-01 -4.501692070E-05  8.977281184E+04  1.646407163E+02  3.340720972E+02  2.779237981E+02  4.265048788E+02  1.175548608E+00 
       155 -1.942355624E-02  2.396357170E-01  2.825132604E-03  8.668433026E+04  1.717580853E+02  3.326020254E+02  2.754864900E+02  4.331775577E+02  1.163732844E+00 
       156 -1.648721574E-02  2.398964014E-01  5.342831758E-03  8.130479034E+04  1.889691497E+02  3.292529445E+02  2.699645877E+02  4.441653359E+02  1.131472225E+00 
       157 -1.330897545E-02  2.400801911E-01  7.594698846E-03  7.947229443E+04  1.891408548E+02  3.285233617E+02  2.687679400E+02  4.499463711E+02  1.137308272E+00 
       158 -1.004552185E-02  2.402353079E-01  9.709455816E-03  8.026205127E+04  1.877919564E+02  3.287337837E+02  2.691130719E+02  4.476258831E+02  1.138407364E+00 
       159 -6.714656287E-03  2.403804415E-01  1.171394437E-02  8.062948439E+04  1.845428479E+02  3.291280633E+02  2.697585660E+02  4.478979402E+02  1.147342677E+00 
       160 -3.322138608E-03  2.404066774E-01  1.362735999E-02  7.992074295E+04  1.860626006E+02  3.287018473E+02  2.690601522E+02  4.484881172E+02  1.144706166E+00 
       161  9.783589121E-05  2.404201762E-01  1.547870720E-02  7.979810718E+04  1.853859365E+02  3.287828851E+02  2.691937571E+02  4.452926846E+02  1.143687947E+00 
       162  3.534439975E-03  2.403949673E-01  1.730379042E-02  8.109578418E+04  1.846516171E+02  3.294322701E+02  2.702621050E+02  4.457598381E+02  1.147022910E+00 
       163  6.969024296E-03  2.402279751E-01  1.908412837E-02  9.031321204E+04  1.583346164E+02  3.348111768E+02  2.791862907E+02  4.250798252E+02  1.194951352E+00 
       164  1.043411823E-02  2.400800089E-01  2.085152946E-02  7.841685659E+04  1.924408076E+02  3.284074756E+02  2.685805168E+02  4.521126781E+02  1.135623349E+00 
       165  1.388371434E-02  2.398652026E-01  2.263181169E-02  7.871268842E+04  1.886356585E+02  3.284554381E+02  2.686574347E+02  4.479787035E+02  1.139906965E+00 
       166  1.734145131E-02  2.394992745E-01  2.440657916E-02  7.835568616E+04  1.859381976E+02  3.285095572E+02  2.687450449E+02  4.433465872E+02  1.141774025E+00 
       167  2.080043859E-02  2.391294908E-01  2.615375350E-02  7.838416476E+04  1.881513467E+02  3.284048977E+02  2.685758569E+02  4.436379408E+02  1.137365073E+00 
       168  2.424052770E-02  2.387186889E-01  2.792040504E-02  7.872001282E+04  1.903711979E+02  3.284491796E+02  2.686480727E+02  4.444853692E+02  1.132516625E+00 
       169  2.766624902E-02  2.381908713E-01  2.968394578E-02  7.872730945E+04  1.922000020E+02  3.285432272E+02  2.688008485E+02  4.439758964E+02  1.127307864E+00 
       170  3.108229850E-02  2.375970478E-01  3.144655572E-02  7.848008820E+04  1.952704049E+02  3.285121472E+02  2.687499270E+02  4.439713693E+02  1.120572803E+00 
       171  3.449726266E-02  2.369314331E-01  3.319569832E-02  7.857764429E+04  1.994770714E+02  3.283921278E+02  2.685540545E+02  4.461227210E+02  1.112894725E+00 
       172  3.787267708E-02  2.362004853E-01  3.498142333E-02  7.900904260E+04  2.014820192E+02  3.285631080E+02  2.688350616E+02  4.480571346E+02  1.111178897E+00 
       173  4.123744789E-02  2.354271843E-01  3.677379579E-02  7.931465759E+04  2.018933594E+02  3.288589282E+02  2.693208108E+02  4.470893030E+02  1.111720214E+00 
       174  4.456263149E-02  2.345133553E-01  3.856958315E-02  7.864691145E+04  2.040865741E+02  3.286529869E+02  2.689819369E+02  4.451958581E+02  1.106421928E+00 
       175  4.789152860E-02  2.335402793E-01  4.034492433E-02  7.702907706E+04  2.078782167E+02  3.278529806E+02  2.676735481E+02  4.438424976E+02  1.096463414E+00 
       176  5.119514426E-02  2.325727211E-01  4.215365701E-02  7.506039494E+04  2.127617325E+02  3.266839275E+02  2.657679466E+02  4.439788120E+02  1.084968572E+00 
       177  5.444737908E-02  2.314873556E-01  4.396264389E-02  7.320678423E+04  2.180140253E+02  3.254238214E+02  2.637218810E+02  4.479982851E+02  1.076714668E+00 
       178  5.771043354E-02  2.303389779E-01  4.576361213E-02  7.122052515E+04  2.249042245E+02  3.241087191E+02  2.615951771E+02  4.564822726E+02  1.070605875E+00 
       179  6.093363739E-02  2.292015055E-01  4.761570799E-02  6.877530859E+04  2.356957211E+02  3.223027668E+02  2.586903129E+02  4.653756285E+02  1.055366458E+00 
       180  6.411569228E-02  2.279427553E-01  4.946832252E-02  6.683289697E+04  2.466548681E+02  3.211693020E+02  2.568725443E+02  4.699347591E+02  1.033395670E+00 
       181  6.728438578E-02  2.267057043E-01  5.135068917E-02  6.885623242E+04  2.599968996E+02  3.226172361E+02  2.592094889E+02  4.663990259E+02  9.929687213E-01 
       182  7.045491472E-02  2.254566135E-01  5.324396322E-02  7.966524744E+04  2.646899853E+02  3.293943977E+02  2.702604752E+02  4.390091481E+02  9.461224098E-01 
       183  7.352398986E-02  2.240979077E-01  5.520813549E-02  9.556618823E+04  2.503915167E+02  3.376036720E+02  2.838751383E+02  4.059156189E+02  9.468455203E-01 
       184  7.654294831E-02  2.227589545E-01  5.724026033E-02  1.044076646E+05  2.360293488E+02  3.417235478E+02  2.908044871E+02  3.879535021E+02  9.687129662E-01 
       185  7.954929441E-02  2.214414527E-01  5.933596166E-02  1.084207324E+05  2.385760980E+02  3.443523684E+02  2.953065920E+02  3.764061279E+02  9.521276262E-01 
       186  8.244157493E-02  2.200232159E-01  6.149679439E-02  1.251608789E+05  2.399931984E+02  3.507774658E+02  3.064210739E+02  3.448949890E+02  9.298726618E-01 
       187  8.531452000E-02  2.186177542E-01  6.372436707E-02  1.204683317E+05  2.422743539E+02  3.489568608E+02  3.032447910E+02  3.524614658E+02  9.239920997E-01 
       188  8.816039266E-02  2.172472440E-01  6.601424901E-02  1.222872239E+05  2.333596692E+02  3.501894908E+02  3.053872843E+02  3.481174908E+02  9.463852141E-01 
       189  9.092008057E-02  2.157826082E-01  6.831794754E-02  1.219101530E+05  2.291492326E+02  3.496990730E+02  3.045321705E+02  3.481726773E+02  9.572633009E-01 
       190  9.367581728E-02  2.143255962E-01  7.064980943E-02  1.216071287E+05  2.231646868E+02  3.497458809E+02  3.046132415E+02  3.477360769E+02  9.734743657E-01 
       191  9.641114101E-02  2.128789625E-01  7.302159977E-02  1.218361688E+05  2.205997928E+02  3.498937120E+02  3.048705455E+02  3.475106928E+02  9.799278807E-01 
       192  9.907895187E-02  2.114028516E-01  7.542603674E-02  1.219599027E+05  2.197102113E+02  3.500108933E+02  3.050750053E+02  3.460493827E+02  9.814440170E-01 
       193  1.016896232E-01  2.099003163E-01  7.789626121E-02  1.222421888E+05  2.186598063E+02  3.504793348E+02  3.058926866E+02  3.448300586E+02  9.836339448E-01 
       194  1.042573666E-01  2.084682280E-01  8.044071344E-02  1.224347971E+05  2.201737875E+02  3.509235783E+02  3.066699181E+02  3.450198293E+02  9.786839960E-01 
       195  1.067132028E-01  2.069758083E-01  8.306726980E-02  1.226348279E+05  2.220688938E+02  3.513581932E+02  3.074313710E+02  3.407632513E+02  9.714411286E-01 
       196  1.091091693E-01  2.055182938E-01  8.576040538E-02  1.227885397E+05  2.208267501E+02  3.527562941E+02  3.098894559E+02  3.352992483E+02  9.735945878E-01 
       197  1.114533399E-01  2.040960959E-01  8.851719904E-02  1.226686811E+05  2.217799202E+02  3.542791879E+02  3.125773706E+02  3.280473757E+02  9.700238378E-01 
       198  1.136946430E-01  2.026973542E-01  9.137514269E-02  1.224611953E+05  2.241203354E+02  3.555266472E+02  3.147833357E+02  3.181096011E+02  9.627818532E-01 
       199  1.158224243E-01  2.012857480E-01  9.431046231E-02  1.224677038E+05  2.255637584E+02  3.567553427E+02  3.169578300E+02  3.055646500E+02  9.594155384E-01 
       200  1.177983438E-01  1.999614296E-01  9.738734661E-02  1.224787090E+05  2.278422473E+02  3.578018850E+02  3.188138418E+02  2.947727399E+02  9.537515310E-01 
       201  1.195376812E-01  1.988013159E-01  1.006637087E-01  1.226196238E+05  2.311987608E+02  3.581395164E+02  3.194130974E+02  2.887016644E+02  9.437801893E-01 
       202  1.207748534E-01  1.979244993E-01  1.042263433E-01  1.224809945E+05  2.328267766E+02  3.570931377E+02  3.175572174E+02  3.012623188E+02  9.371629660E-01 
       203  1.209766187E-01  1.976967879E-01  1.080979692E-01  1.225862524E+05  2.341636057E+02  3.542674639E+02  3.125555772E+02  3.305604363E+02  9.317181001E-01 
       204  1.209415894E-01  1.976147862E-01  1.119887176E-01  1.227882419E+05  2.328284041E+02  3.523046819E+02  3.090950343E+02  3.343242174E+02  9.340455830E-01 
       205  1.209136670E-01  1.975679793E-01  1.158784497E-01  1.228466870E+05  2.297338583E+02  3.516293959E+02  3.079077922E+02  3.345003254E+02  9.424850810E-01 
       206  1.209140530E-01  1.975343277E-01  1.197687765E-01  1.229410410E+05  2.254452702E+02  3.515631426E+02  3.077911292E+02  3.367232627E+02  9.557149595E-01 
       207  1.209033119E-01  1.974945510E-01  1.236620610E-01  1.229429210E+05  2.218147318E+02  3.516251755E+02  3.078996222E+02  3.356888741E+02  9.662296395E-01 
       208  1.208998844E-01  1.975608583E-01  1.275528569E-01  1.229503846E+05  2.214902884E+02  3.517747906E+02  3.081641775E+02  3.358568376E+02  9.677650162E-01 
       209  1.209086196E-01  1.975927695E-01  1.314428594E-01  1.229253202E+05  2.214770265E+02  3.522449228E+02  3.089910046E+02  3.358700242E+02  9.681844519E-01 
       210  1.209261261E-01  1.976437754E-01  1.353324952E-01  1.229864811E+05  2.217415642E+02  3.529960404E+02  3.103123584E+02  3.306657984E+02  9.669173302E-01 
       211  1.209477387E-01  1.976921952E-01  1.392217013E-01  1.229795721E+05  2.211834013E+02  3.539718095E+02  3.120313721E+02  3.219551524E+02  9.685319394E-01 
       212  1.209659901E-01  1.977439656E-01  1.431109690E-01  1.231283747E+05  2.206480924E+02  3.550704066E+02  3.139562818E+02  3.111845548E+02  9.707845536E-01 
       213  1.210017723E-01  1.977818072E-01  1.470000027E-01  1.232679180E+05  2.215773973E+02  3.556188822E+02  3.147303228E+02  3.060000973E+02  9.688791931E-01 
       214 -1.337431699E-02  1.053111530E-01 -4.600000000E-02  8.758351465E+04  1.543129501E+02  3.330751114E+02  2.763524246E+02  2.358356495E+02  8.575152308E-01 
       215 -1.336879354E-02  1.054912688E-01 -4.299898917E-02  8.751169751E+04  1.538818846E+02  3.330664682E+02  2.762515440E+02  2.358012857E+02  8.598640654E-01 
       216 -1.321272523E-02  1.057016208E-01 -4.000664894E-02  8.750093066E+04  1.542871037E+02  3.330123959E+02  2.761618710E+02  2.365149946E+02  8.603658341E-01 
       217 -1.269691607E-02  1.059729593E-01 -3.706120983E-02  8.741487962E+04  1.550651317E+02  3.329360479E+02  2.760352348E+02  2.370208605E+02  8.581472584E-01 
       218 -1.181263769E-02  1.063072321E-01 -3.420969757E-02  8.722622276E+04  1.558004452E+02  3.328677410E+02  2.759219915E+02  2.377212619E+02  8.568891264E-01 
       219 -1.066241908E-02  1.066659143E-01 -3.145726216E-02  8.707792695E+04  1.565541378E+02  3.328161111E+02  2.758364015E+02  2.386258035E+02  8.563642065E-01 
       220 -9.280794463E-03  1.070573859E-01 -2.881758489E-02  8.692158461E+04  1.573775409E+02  3.327394981E+02  2.757094498E+02  2.395725667E+02  8.556598768E-01 
       221 -7.735023178E-03  1.074435380E-01 -2.626912607E-02  8.677623120E+04  1.581489673E+02  3.326769253E+02  2.756057534E+02  2.404033291E+02  8.548748228E-01 
       222 -6.047350445E-03  1.078135440E-01 -2.381048416E-02  8.663625559E+04  1.595549515E+02  3.325128953E+02  2.753340065E+02  2.414968213E+02  8.516097645E-01 
       223 -4.299611852E-03  1.081916589E-01 -2.139379423E-02  8.658380482E+04  1.598570243E+02  3.326147170E+02  2.755027061E+02  2.418000053E+02  8.515295929E-01 
       224 -2.461870607E-03  1.085505379E-01 -1.904289133E-02  8.664777145E+04  1.603035190E+02  3.325282765E+02  2.753594696E+02  2.421493798E+02  8.508462405E-01 
       225 -5.886173328E-04  1.088780789E-01 -1.671486844E-02  8.675979355E+04  1.601161181E+02  3.326748474E+02  2.756023167E+02  2.421065845E+02  8.522609524E-01 
       226  1.337912187E-03  1.092215599E-01 -1.443302686E-02  8.688740997E+04  1.596858661E+02  3.326051473E+02  2.754867769E+02  2.424717473E+02  8.563525151E-01 
       227  3.290030235E-03  1.094941851E-01 -1.216353628E-02  8.670381046E+04  1.594301089E+02  3.324869918E+02  2.752911316E+02  2.435838424E+02  8.620811725E-01 
       228  5.262023684E-03  1.097864070E-01 -9.913643549E-03  8.593906722E+04  1.604492050E+02  3.320200083E+02  2.745187270E+02  2.470773827E+02  8.697241278E-01 
       229  7.256339014E-03  1.100495762E-01 -7.679258903E-03  8.398650767E+04  1.652535966E+02  3.309474555E+02  2.727483029E+02  2.544601959E+02  8.707672425E-01 
       230  9.250945095E-03  1.102792579E-01 -5.441700620E-03  8.174863396E+04  1.728154086E+02  3.298312090E+02  2.709113177E+02  2.621840633E+02  8.592928719E-01 
       231  1.125130268E-02  1.105297001E-01 -3.209862298E-03  8.050574780E+04  1.803531342E+02  3.293032427E+02  2.700445662E+02  2.663754468E+02  8.349480759E-01 
       232  1.324504242E-02  1.107259366E-01 -9.692227629E-04  8.135481079E+04  1.834313960E+02  3.297738028E+02  2.708172617E+02  2.639867535E+02  8.104019091E-01 
       233  1.522818012E-02  1.109344875E-01  1.280794701E-03  8.327482031E+04  1.844130230E+02  3.307808475E+02  2.724745159E+02  2.585460148E+02  7.864279449E-01 
       234  1.717717000E-02  1.111306516E-01  3.565314237E-03  8.539607813E+04  1.831203346E+02  3.320894890E+02  2.746346264E+02  2.496685772E+02  7.632116303E-01 
       235  2.098827574E-02  1.115152878E-01  8.199040730E-03  8.925258203E+04  1.863039846E+02  3.342248230E+02  2.781777592E+02  2.372903042E+02  7.073624320E-01 
       236  2.283804163E-02  1.116790561E-01  1.055952489E-02  9.049010400E+04  1.904770186E+02  3.352839613E+02  2.799426949E+02  2.303297167E+02  6.633135537E-01 
       237  2.632960383E-02  1.121198866E-01  1.543269692E-02  9.115236719E+04  2.046723118E+02  3.354564533E+02  2.802307549E+02  2.308036194E+02  5.900114775E-01 
       238  2.959379811E-02  1.126564718E-01  2.044933110E-02  9.030041797E+04  2.212111754E+02  3.349755893E+02  2.794277716E+02  2.367123942E+02  5.224633059E-01 
       239  3.114059063E-02  1.129278581E-01  2.301118304E-02  8.978685556E+04  2.280064909E+02  3.349590015E+02  2.794001243E+02  2.386807739E+02  4.939850113E-01 
       240  3.264987762E-02  1.132456905E-01  2.559358749E-02  8.921564539E+04  2.352732432E+02  3.345663292E+02  2.787455980E+02  2.419825297E+02  4.681402511E-01 
       241  3.807676132E-02  1.146676712E-01  3.621643154E-02  8.789688147E+04  2.604235411E+02  3.336672801E+02  2.772491684E+02  2.513749889E+02  3.743643833E-01 
       242  3.928374460E-02  1.150413043E-01  3.894926042E-02  8.798984900E+04  2.661806796E+02  3.340117469E+02  2.778227520E+02  2.523133194E+02  3.485326569E-01 
       243  4.044503934E-02  1.154301055E-01  4.169676193E-02  8.837866606E+04  2.704006799E+02  3.343138543E+02  2.783254481E+02  2.518465014E+02  3.262332471E-01 
       244  4.154949506E-02  1.158110833E-01  4.446441861E-02  8.900431152E+04  2.737852669E+02  3.346867733E+02  2.789471874E+02  2.505587101E+02  3.052624259E-01 
       245  4.259018966E-02  1.161595968E-01  4.726780086E-02  8.981446949E+04  2.768533453E+02  3.350888954E+02  2.796182402E+02  2.487457651E+02  2.837101401E-01 
       246  4.357921759E-02  1.165132208E-01  5.008364009E-02  9.080311768E+04  2.794856367E+02  3.355200863E+02  2.803378935E+02  2.463238869E+02  2.622154048E-01 
       247  4.448002582E-02  1.168267471E-01  5.293502673E-02  9.200198390E+04  2.813561444E+02  3.360843731E+02  2.812812364E+02  2.431912867E+02  2.418401835E-01 
       248  4.534234860E-02  1.171711221E-01  5.579536500E-02  9.333243799E+04  2.823760414E+02  3.367143307E+02  2.823371143E+02  2.393484917E+02  2.238549888E-01 
       249  4.612355051E-02  1.174912616E-01  5.867935283E-02  9.464417871E+04  2.833946342E+02  3.373616562E+02  2.834237900E+02  2.355200691E+02  2.054986078E-01 
       250  4.681688670E-02  1.178330389E-01  6.158342338E-02  9.589443164E+04  2.839515419E+02  3.379825439E+02  2.844678230E+02  2.318763733E+02  1.908272207E-01 
       251  4.742483443E-02  1.181684938E-01  6.451168194E-02  9.704179395E+04  2.843654976E+02  3.385789146E+02  2.854724503E+02  2.285747738E+02  1.783854887E-01 
       252  4.796175059E-02  1.184973583E-01  6.744925218E-02  9.806307227E+04  2.851483831E+02  3.391581955E+02  2.864497805E+02  2.258259087E+02  1.657164665E-01 
       253  4.839690646E-02  1.188449776E-01  7.040346354E-02  9.891796518E+04  2.862508606E+02  3.395890967E+02  2.871777143E+02  2.239376884E+02  1.543688309E-01 
       254  4.867844520E-02  1.192029192E-01  7.337369276E-02  9.945368128E+04  2.883212008E+02  3.397752748E+02  2.874928387E+02  2.228719807E+02  1.402379333E-01 
       255  4.889804354E-02  1.195863964E-01  7.634446821E-02  9.986817135E+04  2.899069778E+02  3.399505547E+02  2.877897142E+02  2.223679715E+02  1.313705743E-01 
       256  4.901527392E-02  1.199575346E-01  7.936475415E-02  9.999299341E+04  2.923947238E+02  3.400099584E+02  2.878905678E+02  2.227277479E+02  1.201767794E-01 
       257  4.897414798E-02  1.207471392E-01  8.530893469E-02  9.987618945E+04  2.970969200E+02  3.400681839E+02  2.879888077E+02  2.235544319E+02  9.938998893E-02 
       258  4.879835866E-02  1.211503063E-01  8.827262235E-02  9.989770703E+04  2.989595070E+02  3.399639244E+02  2.878122330E+02  2.242663136E+02  9.300425742E-02 
       259  4.854576088E-02  1.215647590E-01  9.126615169E-02  9.997744048E+04  3.002335552E+02  3.398154843E+02  2.875608099E+02  2.243766552E+02  8.768359870E-02 
       260  4.818457029E-02  1.219712360E-01  9.420996830E-02  1.004031878E+05  3.002307460E+02  3.400278911E+02  2.879203612E+02  2.234896458E+02  8.567197421E-02 
       261  4.782320061E-02  1.224212570E-01  9.713670139E-02  1.008911270E+05  2.999311447E+02  3.402608356E+02  2.883161678E+02  2.218983841E+02  8.283410920E-02 
       262  4.734997920E-02  1.228526278E-01  1.001180955E-01  1.017837656E+05  2.993846359E+02  3.407342491E+02  2.891184387E+02  2.193035011E+02  7.685167622E-02 
       263  4.683890011E-02  1.232935874E-01  1.030087938E-01  1.032630148E+05  2.967401528E+02  3.416590467E+02  2.906909262E+02  2.145598648E+02  7.523349746E-02 
       264  4.566507936E-02  1.242316696E-01  1.088390156E-01  1.057819608E+05  2.900765790E+02  3.423936224E+02  2.919413688E+02  2.045885063E+02  7.945172704E-02 
       265  4.352639189E-02  1.257122811E-01  1.174848542E-01  1.083629155E+05  2.661727970E+02  3.450875833E+02  2.965595080E+02  1.829694563E+02  1.594404084E-01 
       266  4.289440586E-02  1.261798267E-01  1.203730247E-01  1.081195154E+05  2.542837470E+02  3.474062966E+02  3.005623040E+02  1.579306241E+02  1.557205896E-01 
       267  4.242365191E-02  1.265975250E-01  1.232861776E-01  1.079226254E+05  2.459316241E+02  3.495277824E+02  3.042372052E+02  1.322875207E+02  1.290274497E-01 
       268  4.208270049E-02  1.270006734E-01  1.262530889E-01  1.078290313E+05  2.414571953E+02  3.502399483E+02  3.054757004E+02  1.256452427E+02  1.460729539E-01 
       269  4.202415066E-02  1.273246053E-01  1.292418903E-01  1.076995513E+05  2.409470647E+02  3.500263036E+02  3.051033742E+02  1.297344477E+02  1.652828523E-01 
       270  4.218523596E-02  1.275849052E-01  1.322314117E-01  1.075148935E+05  2.425595901E+02  3.494763208E+02  3.041468124E+02  1.376888435E+02  1.811099120E-01 
       271  4.252691668E-02  1.278080741E-01  1.352038484E-01  1.073436824E+05  2.459909534E+02  3.490720257E+02  3.034444762E+02  1.466655187E+02  1.866617301E-01 
       272  4.296344289E-02  1.279984053E-01  1.381664338E-01  1.072056844E+05  2.492726499E+02  3.485781092E+02  3.025880767E+02  1.533985926E+02  1.873858471E-01 
       273  4.347514252E-02  1.281630447E-01  1.411197974E-01  1.069672334E+05  2.521991963E+02  3.481500022E+02  3.018447206E+02  1.587814987E+02  1.865588659E-01 
       274  4.403358971E-02  1.283124551E-01  1.440677535E-01  1.066294790E+05  2.548210181E+02  3.479656685E+02  3.015217357E+02  1.629178262E+02  1.840994099E-01 
       275  4.466583781E-02  1.284644007E-01  1.470000034E-01  1.063459496E+05  2.578634993E+02  3.475261126E+02  2.952399819E+02  1.670517446E+02  1.790009064E-01 
       276 -1.390154712E-02  1.725232616E-01 -4.600000033E-02  8.220508536E+04  1.811775652E+02  3.303853869E+02  2.710246525E+02  3.411976706E+02  1.010903906E+00 
       277 -1.389524734E-02  1.726308379E-01 -4.258575940E-02  8.270765681E+04  1.815147873E+02  3.303384598E+02  2.717447270E+02  3.422654582E+02  1.011686703E+00 
       278 -1.388827040E-02  1.727470810E-01 -3.919459871E-02  8.283027995E+04  1.814575940E+02  3.303471181E+02  2.717590046E+02  3.427704290E+02  1.012794650E+00 
       279 -1.387976982E-02  1.728866868E-01 -3.575874102E-02  8.288046548E+04  1.811840439E+02  3.303754226E+02  2.718055625E+02  3.426247876E+02  1.013478161E+00 
       280 -1.386962822E-02  1.730354599E-01 -3.234598001E-02  8.278205003E+04  1.810457541E+02  3.303548746E+02  2.717717999E+02  3.426004415E+02  1.013950745E+00 
       281 -1.385715910E-02  1.732129765E-01 -2.893478341E-02  8.254778863E+04  1.815714943E+02  3.301969404E+02  2.715120906E+02  3.441294017E+02  1.014946320E+00 
       282 -1.381464856E-02  1.733989484E-01 -2.553958976E-02  8.207086130E+04  1.828207113E+02  3.298744742E+02  2.709821468E+02  3.461778776E+02  1.014360169E+00 
       283 -1.334927366E-02  1.736519924E-01 -2.216152427E-02  8.124495123E+04  1.844024544E+02  3.294551573E+02  2.702936095E+02  3.477341376E+02  1.011803586E+00 
       284 -1.220387625E-02  1.739549638E-01 -1.896956374E-02  8.006065625E+04  1.873852577E+02  3.287425003E+02  2.691263523E+02  3.511948986E+02  1.008107312E+00 
       285 -1.057589609E-02  1.742731966E-01 -1.599005111E-02  7.829542655E+04  1.920695985E+02  3.278209193E+02  2.676195967E+02  3.554801946E+02  1.000219713E+00 
       286 -8.586070527E-03  1.745821273E-01 -1.323108332E-02  7.652037364E+04  1.976128592E+02  3.269883044E+02  2.662615563E+02  3.611803560E+02  9.924963127E-01 
       287 -6.371188279E-03  1.748941133E-01 -1.065117603E-02  7.587414260E+04  2.009954642E+02  3.267945520E+02  2.659460267E+02  3.627981843E+02  9.844733579E-01 
       288 -3.959984913E-03  1.752012559E-01 -8.251810021E-03  7.820132516E+04  1.985824422E+02  3.280819379E+02  2.680499581E+02  3.558747661E+02  9.794586748E-01 
       289 -1.474621790E-03  1.754287438E-01 -5.921768022E-03  8.316511268E+04  1.907155367E+02  3.306819537E+02  2.723194562E+02  3.416135084E+02  9.810686887E-01 
       290  1.096342236E-03  1.756586641E-01 -3.684409899E-03  8.895910521E+04  1.808471834E+02  3.333049686E+02  2.766522695E+02  3.289829282E+02  9.938304507E-01 
       291  3.722457199E-03  1.758529720E-01 -1.512169024E-03  9.172079419E+04  1.741065512E+02  3.344851952E+02  2.786109056E+02  3.242808046E+02  1.010130256E+00 
       292  6.390497491E-03  1.759799744E-01  6.206893580E-04  8.829317773E+04  1.770788088E+02  3.332311192E+02  2.765295391E+02  3.322966976E+02  1.011946827E+00 
       293  1.179759467E-02  1.761809281E-01  4.808741428E-03  7.661861328E+04  1.994956665E+02  3.269875488E+02  2.662664413E+02  3.641880112E+02  9.918774217E-01 
       294  1.450804596E-02  1.762121176E-01  6.883706551E-03  7.273440479E+04  2.089923477E+02  3.244448643E+02  2.621386471E+02  3.755536041E+02  9.825029075E-01 
       295  1.722225861E-02  1.762495216E-01  8.953048646E-03  7.057567969E+04  2.147179527E+02  3.229291954E+02  2.596934395E+02  3.819910355E+02  9.764416665E-01 
       296  1.993233776E-02  1.761597577E-01  1.102855473E-02  6.916653809E+04  2.184384251E+02  3.220134315E+02  2.582222862E+02  3.864430008E+02  9.733496532E-01 
       297  2.263244469E-02  1.760920636E-01  1.311525345E-02  6.748843896E+04  2.233286266E+02  3.209370155E+02  2.564995632E+02  3.911766205E+02  9.671136737E-01 
       298  2.532249661E-02  1.759768902E-01  1.521525865E-02  6.591874170E+04  2.297424107E+02  3.198112679E+02  2.547026539E+02  3.959120426E+02  9.559375681E-01 
       299  2.800116021E-02  1.758008440E-01  1.732596334E-02  6.564373535E+04  2.339898081E+02  3.195920792E+02  2.543535423E+02  3.973440399E+02  9.447883181E-01 
       300  3.066011949E-02  1.756198651E-01  1.946182943E-02  6.811566101E+04  2.347244849E+02  3.210869641E+02  2.567501640E+02  3.916948733E+02  9.301955365E-01 
       301  3.850917716E-02  1.748410184E-01  2.602581626E-02  8.714625195E+04  2.352797670E+02  3.337931271E+02  2.774619932E+02  3.347698603E+02  8.204779103E-01 
       302  4.358739934E-02  1.740919978E-01  3.053362568E-02  8.645297900E+04  2.380186491E+02  3.333606205E+02  2.767406435E+02  3.430197601E+02  8.257460073E-01 
       303  4.609287257E-02  1.736863543E-01  3.281922705E-02  8.551021533E+04  2.408413467E+02  3.328811150E+02  2.759449120E+02  3.441514807E+02  8.183831014E-01 
       304  4.855845708E-02  1.731970535E-01  3.512834265E-02  8.507374463E+04  2.456369791E+02  3.325012846E+02  2.753150902E+02  3.446783352E+02  8.029244784E-01 
       305  5.100043215E-02  1.726458906E-01  3.745772352E-02  8.588933826E+04  2.497288513E+02  3.328931842E+02  2.759651332E+02  3.435320110E+02  7.872340679E-01 
       306  5.340036417E-02  1.720848619E-01  3.982071753E-02  8.891710364E+04  2.506128645E+02  3.345683155E+02  2.787558842E+02  3.362097483E+02  7.721243156E-01 
       307  5.576533568E-02  1.714326002E-01  4.220398857E-02  9.406899777E+04  2.478930366E+02  3.374321036E+02  2.835504813E+02  3.234561300E+02  7.607429749E-01 
       308  5.808130114E-02  1.707532671E-01  4.462162642E-02  9.941358626E+04  2.444784859E+02  3.403393229E+02  2.884554929E+02  3.082630185E+02  7.494914817E-01 
       309  6.913202621E-02  1.670049815E-01  5.708998555E-02  1.122081985E+05  2.420478058E+02  3.467554197E+02  2.994288368E+02  2.747094488E+02  7.132546725E-01 
       310  7.325557335E-02  1.653928843E-01  6.228962682E-02  1.152087473E+05  2.419443737E+02  3.481737506E+02  3.018824282E+02  2.663988439E+02  7.041812781E-01 
       311  7.526114685E-02  1.645964451E-01  6.493668120E-02  1.163874863E+05  2.409009094E+02  3.486897907E+02  3.027777081E+02  2.634129410E+02  7.064529024E-01 
       312  8.099008587E-02  1.620989224E-01  7.305121222E-02  1.187786133E+05  2.387885036E+02  3.494172935E+02  3.040412827E+02  2.566655560E+02  7.074915618E-01 
       313  8.281625202E-02  1.612441772E-01  7.580722199E-02  1.190978301E+05  2.386413803E+02  3.493661957E+02  3.039521980E+02  2.556029587E+02  7.076545656E-01 
       314  8.462318717E-02  1.604029889E-01  7.856519154E-02  1.193732056E+05  2.379771066E+02  3.494001694E+02  3.040111675E+02  2.552012205E+02  7.114039529E-01 
       315  8.638808364E-02  1.595156660E-01  8.135371941E-02  1.195254670E+05  2.372331944E+02  3.494099321E+02  3.040280495E+02  2.548051863E+02  7.148079276E-01 
       316  8.818531781E-02  1.586346563E-01  8.418846896E-02  1.194768036E+05  2.370359223E+02  3.492226792E+02  3.037024314E+02  2.541213952E+02  7.133727437E-01 
       317  9.153487112E-02  1.568453452E-01  8.985396979E-02  1.191594270E+05  2.366915810E+02  3.491212745E+02  3.035265360E+02  2.540103316E+02  7.153357137E-01 
       318  9.319079870E-02  1.559467714E-01  9.269883327E-02  1.190665635E+05  2.367011757E+02  3.491472359E+02  3.035718594E+02  2.534792576E+02  7.149657644E-01 
       319  9.639067810E-02  1.541493463E-01  9.845101971E-02  1.190745518E+05  2.370159817E+02  3.489924393E+02  3.033021507E+02  2.531234093E+02  7.144817337E-01 
       320  9.789700787E-02  1.532238030E-01  1.013752208E-01  1.190562214E+05  2.376564205E+02  3.488255053E+02  3.030119162E+02  2.530216761E+02  7.108502323E-01 
       321  9.939560036E-02  1.523575645E-01  1.043121280E-01  1.189961045E+05  2.382736816E+02  3.486209793E+02  3.026565857E+02  2.537589931E+02  7.097165957E-01 
       322  1.008373928E-01  1.515239935E-01  1.072922639E-01  1.188270527E+05  2.388884926E+02  3.483747826E+02  3.022292614E+02  2.550457439E+02  7.091330215E-01 
       323  1.021925752E-01  1.507164957E-01  1.103173974E-01  1.186761487E+05  2.402025986E+02  3.480998001E+02  3.017526107E+02  2.568123817E+02  7.053163555E-01 
       324  1.063175391E-01  1.486079647E-01  1.265700906E-01  1.182778340E+05  2.429188576E+02  3.486571960E+02  3.027231102E+02  2.564119186E+02  6.966134161E-01 
       325  1.064822206E-01  1.487022474E-01  1.299738775E-01  1.184063867E+05  2.386781387E+02  3.500128174E+02  3.050838089E+02  2.455017891E+02  7.062806785E-01 
       326  1.066476119E-01  1.488146338E-01  1.333799290E-01  1.183214355E+05  2.322617950E+02  3.514802589E+02  3.076454201E+02  2.303301964E+02  7.260801643E-01 
       327  1.068180965E-01  1.489318139E-01  1.367854531E-01  1.181254355E+05  2.279638824E+02  3.522469292E+02  3.089862251E+02  2.215447102E+02  7.430234179E-01 
       328  1.069979625E-01  1.490578552E-01  1.401905319E-01  1.179568516E+05  2.287436123E+02  3.518275681E+02  3.082518425E+02  2.278238525E+02  7.432633042E-01 
       329  1.071817424E-01  1.491887345E-01  1.435955648E-01  1.178903794E+05  2.347546539E+02  3.503912468E+02  3.055732021E+02  2.454341030E+02  7.263878323E-01 
       330  1.073851999E-01  1.493347905E-01  1.470000044E-01  1.179370469E+05  2.426622391E+02  3.485249100E+02  3.013104630E+02  2.620432587E+02  7.066852450E-01 
       331 -5.132010553E-03  2.399711247E-01 -4.600000034E-02  8.396017188E+04  1.733507214E+02  3.310631657E+02  2.728613453E+02  4.394328423E+02  1.165233135E+00 
       332 -5.128125210E-03  2.399809281E-01 -4.210430258E-02  8.412513184E+04  1.751254439E+02  3.307035837E+02  2.723465152E+02  4.406707287E+02  1.162143063E+00 
       333 -5.125201508E-03  2.399922328E-01 -3.820870464E-02  8.289936108E+04  1.779335314E+02  3.300790055E+02  2.713200212E+02  4.428329973E+02  1.157471331E+00 
       334 -5.121813889E-03  2.400095995E-01 -3.431329778E-02  8.091122659E+04  1.818666048E+02  3.291830426E+02  2.698489951E+02  4.461015918E+02  1.151186199E+00 
       335 -5.119016059E-03  2.400291916E-01 -3.041776666E-02  7.918619756E+04  1.869736817E+02  3.282478920E+02  2.683179492E+02  4.501974587E+02  1.142929540E+00 
       336 -5.114574788E-03  2.400538233E-01 -2.652182619E-02  7.811998254E+04  1.895756936E+02  3.278845172E+02  2.677231464E+02  4.521705371E+02  1.138581889E+00 
       337 -5.109553763E-03  2.400828758E-01 -2.262552630E-02  7.826548987E+04  1.891124825E+02  3.281746693E+02  2.681988330E+02  4.513151226E+02  1.138801167E+00 
       338 -5.103895973E-03  2.401152952E-01 -1.872899116E-02  8.070738068E+04  1.841729310E+02  3.294556415E+02  2.702987955E+02  4.451650143E+02  1.144550621E+00 
       339 -4.925504783E-03  2.402473149E-01 -7.056915668E-03  8.727786313E+04  1.695313005E+02  3.323358181E+02  2.750462117E+02  4.342744070E+02  1.170202369E+00 
       340 -3.715119829E-03  2.403023013E-01 -3.373311706E-03  8.168138306E+04  1.788078113E+02  3.303539391E+02  2.717801018E+02  4.427722585E+02  1.155630214E+00 
       341 -1.562012846E-03  2.403581740E-01 -1.360753051E-04  7.839978685E+04  1.888622373E+02  3.283168941E+02  2.684345480E+02  4.520804377E+02  1.140534313E+00 
       342  1.133764527E-03  2.404094608E-01  2.675248428E-03  7.833683105E+04  1.905425429E+02  3.278224239E+02  2.676235294E+02  4.530892315E+02  1.137785923E+00 
       343  4.137632423E-03  2.404197044E-01  5.149238455E-03  7.992964005E+04  1.851002880E+02  3.285238647E+02  2.687691119E+02  4.487637306E+02  1.146814148E+00 
       344  7.316400202E-03  2.403253331E-01  7.399564588E-03  8.021122038E+04  1.833815138E+02  3.288365899E+02  2.692800685E+02  4.453404714E+02  1.147759385E+00 
       345  1.395577155E-02  2.400667001E-01  1.148649181E-02  8.624940967E+04  1.717542629E+02  3.317819042E+02  2.741355352E+02  4.362144070E+02  1.167948142E+00 
       346  1.735065466E-02  2.397965962E-01  1.337576268E-02  8.980662793E+04  1.597604027E+02  3.338237534E+02  2.775139351E+02  4.276400337E+02  1.190089881E+00 
       347  2.419161170E-02  2.391929427E-01  1.704637434E-02  7.950031348E+04  1.861106033E+02  3.290403824E+02  2.696196365E+02  4.473964996E+02  1.143513665E+00 
       348  2.761839379E-02  2.387452844E-01  1.884103948E-02  7.976809277E+04  1.877026749E+02  3.289360352E+02  2.694441757E+02  4.492262993E+02  1.141044080E+00 
       349  3.105226563E-02  2.382885234E-01  2.062260888E-02  8.106551514E+04  1.852248516E+02  3.298005028E+02  2.708615227E+02  4.454911461E+02  1.143182650E+00 
       350  3.788868369E-02  2.371344800E-01  2.417075674E-02  8.067379834E+04  1.868637142E+02  3.296725025E+02  2.706509418E+02  4.457592888E+02  1.140163660E+00 
       351  4.468291751E-02  2.357525484E-01  2.771953789E-02  8.021441016E+04  1.890041046E+02  3.292952499E+02  2.700339088E+02  4.454911003E+02  1.136453651E+00 
       352  4.805699300E-02  2.349490393E-01  2.948953136E-02  8.060072192E+04  1.908396301E+02  3.293108802E+02  2.700608559E+02  4.454917030E+02  1.133633332E+00 
       353  5.140582287E-02  2.340778219E-01  3.127771149E-02  8.061182373E+04  1.908107443E+02  3.294096088E+02  2.702223492E+02  4.448902664E+02  1.134750210E+00 
       354  5.473006301E-02  2.331020583E-01  3.305777180E-02  7.976843457E+04  1.938155403E+02  3.288985214E+02  2.693838501E+02  4.465768967E+02  1.131061077E+00 
       355  5.803984836E-02  2.320923676E-01  3.484458617E-02  7.838588281E+04  1.967938366E+02  3.280542316E+02  2.680027237E+02  4.486848183E+02  1.127821654E+00 
       356  6.132921494E-02  2.310454118E-01  3.665150486E-02  7.660950748E+04  2.010825629E+02  3.269057016E+02  2.661298143E+02  4.523011032E+02  1.122261068E+00 
       357  6.777528194E-02  2.285846393E-01  4.027160278E-02  8.487969629E+04  2.133292618E+02  3.325263786E+02  2.753885422E+02  4.301718712E+02  1.070597246E+00 
       358  7.097972553E-02  2.273472007E-01  4.209367684E-02  9.179121289E+04  2.289266262E+02  3.358478127E+02  2.808938541E+02  4.154521637E+02  1.017334312E+00 
       359  7.412444428E-02  2.259565065E-01  4.393674079E-02  9.066651367E+04  2.360138965E+02  3.343781319E+02  2.784405756E+02  4.191391611E+02  1.003771070E+00 
       360  7.725834663E-02  2.245514312E-01  4.577102978E-02  8.673284668E+04  2.350070791E+02  3.328789978E+02  2.759425602E+02  4.265510254E+02  1.013395537E+00 
       361  8.037011026E-02  2.231435234E-01  4.763983740E-02  8.904224707E+04  2.310081100E+02  3.349610481E+02  2.794216690E+02  4.211887741E+02  1.021452501E+00 
       362  8.343109451E-02  2.215945322E-01  4.950276897E-02  1.021629401E+05  2.232130680E+02  3.409991395E+02  2.896083179E+02  3.935598571E+02  1.027414812E+00 
       363  8.646988642E-02  2.201046420E-01  5.141624103E-02  1.222682639E+05  2.105775909E+02  3.483019686E+02  3.021452541E+02  3.592156734E+02  1.048870403E+00 
       364  9.242245520E-02  2.169732682E-01  5.534503106E-02  1.183815850E+05  2.211343651E+02  3.497167416E+02  3.045956459E+02  3.493926439E+02  1.001422737E+00 
       365  9.533631835E-02  2.153857768E-01  5.738443174E-02  1.165126433E+05  2.228000765E+02  3.494650321E+02  3.041700020E+02  3.507257547E+02  9.928881610E-01 
       366  9.819952312E-02  2.138016843E-01  5.949569436E-02  1.172474102E+05  2.217137718E+02  3.507718124E+02  3.064532585E+02  3.472673969E+02  9.923912063E-01 
       367  1.009694591E-01  2.121295788E-01  6.167326851E-02  1.190424126E+05  2.245571899E+02  3.523226404E+02  3.091719027E+02  3.401216002E+02  9.790779278E-01 
       368  1.037116704E-01  2.105064985E-01  6.390540356E-02  1.196617305E+05  2.309258976E+02  3.536811399E+02  3.115686750E+02  3.333087425E+02  9.554560445E-01 
       369  1.064180189E-01  2.088777679E-01  6.618856681E-02  1.197842466E+05  2.358530369E+02  3.543537006E+02  3.127593689E+02  3.300775585E+02  9.361336157E-01 
       370  1.090480686E-01  2.071800512E-01  6.850700508E-02  1.203223276E+05  2.372958851E+02  3.544003391E+02  3.128452015E+02  3.296516399E+02  9.286806136E-01 
       371  1.116790455E-01  2.055210471E-01  7.084353951E-02  1.210868850E+05  2.372395258E+02  3.543444929E+02  3.127357883E+02  3.301374002E+02  9.270038549E-01 
       372  1.142974452E-01  2.038484190E-01  7.319785208E-02  1.218358389E+05  2.362964463E+02  3.537158804E+02  3.116111498E+02  3.322076702E+02  9.288108051E-01 
       373  1.168416696E-01  2.021295301E-01  7.558130371E-02  1.223841855E+05  2.343735151E+02  3.531201458E+02  3.105536804E+02  3.338755722E+02  9.343880787E-01 
       374  1.193277496E-01  2.004108846E-01  7.805168345E-02  1.227868906E+05  2.299499764E+02  3.526165066E+02  3.096609199E+02  3.354272323E+02  9.474989744E-01 
       375  1.217693779E-01  1.987784452E-01  8.060399866E-02  1.229655354E+05  2.267300153E+02  3.518809872E+02  3.083646231E+02  3.366810703E+02  9.569114037E-01 
       376  1.240793489E-01  1.970470446E-01  8.322373237E-02  1.230614438E+05  2.236009064E+02  3.513083849E+02  3.073584709E+02  3.379405680E+02  9.658138566E-01 
       377  1.263696524E-01  1.953872062E-01  8.590193330E-02  1.234730004E+05  2.209272470E+02  3.516638188E+02  3.079776788E+02  3.361848323E+02  9.727931563E-01 
       378  1.285811840E-01  1.937639536E-01  8.866989816E-02  1.235424735E+05  2.187957721E+02  3.507987509E+02  3.064616275E+02  3.411690536E+02  9.798601642E-01 
       379  1.378530526E-01  1.861918564E-01  1.119425893E-01  1.226716030E+05  2.178385057E+02  3.552835913E+02  3.143448563E+02  3.153655243E+02  9.812532701E-01 
       380  1.378280879E-01  1.861358471E-01  1.158380052E-01  1.222671970E+05  2.199887686E+02  3.563936434E+02  3.163121719E+02  3.011315908E+02  9.763660189E-01 
       381  1.378172244E-01  1.861105784E-01  1.197328496E-01  1.216511621E+05  2.270895948E+02  3.566470609E+02  3.167638087E+02  2.970523019E+02  9.540214613E-01 
       382  1.378137064E-01  1.861013403E-01  1.236281983E-01  1.220673280E+05  2.319618492E+02  3.561580017E+02  3.158991652E+02  3.088073277E+02  9.343423750E-01 
       383  1.378232998E-01  1.861207539E-01  1.275238734E-01  1.227569312E+05  2.321420207E+02  3.550104012E+02  3.138717280E+02  3.225442532E+02  9.349765410E-01 
       384  1.378388478E-01  1.861485149E-01  1.314192119E-01  1.231708987E+05  2.273366291E+02  3.537926033E+02  3.117210451E+02  3.323914433E+02  9.507132432E-01 
       385  1.378667705E-01  1.861922064E-01  1.353144338E-01  1.232310276E+05  2.232353014E+02  3.531126969E+02  3.105217323E+02  3.322746296E+02  9.628914543E-01 
       386  1.378917792E-01  1.862393165E-01  1.392095884E-01  1.232131586E+05  2.215180006E+02  3.527407612E+02  3.098640095E+02  3.318703673E+02  9.678402576E-01 
       387  1.379128913E-01  1.862912877E-01  1.431056120E-01  1.232193327E+05  2.211249687E+02  3.528397727E+02  3.098450222E+02  3.294266740E+02  9.687851975E-01 
       388  1.379274402E-01  1.863453723E-01  1.469999959E-01  1.233018193E+05  2.205354781E+02  3.536388683E+02  3.106709075E+02  3.212775002E+02  9.703240581E-01 
       389 -3.389247132E-02  1.007789921E-01 -4.300551245E-02  8.755055420E+04  1.539061604E+02  3.330614357E+02  2.762432251E+02  2.357185154E+02  8.594369292E-01 
       390 -3.372456358E-02  1.010433636E-01 -4.002223516E-02  8.744475580E+04  1.545546350E+02  3.330045543E+02  2.761488370E+02  2.365577329E+02  8.590311255E-01 
       391 -3.329024078E-02  1.014074167E-01 -3.707963811E-02  8.733682925E+04  1.550214934E+02  3.329614726E+02  2.760773813E+02  2.370144454E+02  8.583642361E-01 
       392 -3.255620303E-02  1.018883264E-01 -3.421559131E-02  8.723940405E+04  1.557693072E+02  3.328908668E+02  2.759603132E+02  2.377952747E+02  8.574196132E-01 
       393 -3.153373485E-02  1.024554568E-01 -3.145384174E-02  8.712135044E+04  1.565855938E+02  3.328099603E+02  2.758262431E+02  2.386800140E+02  8.564538325E-01 
       394 -3.028950121E-02  1.031058036E-01 -2.880322264E-02  8.701035927E+04  1.572777192E+02  3.327424476E+02  2.757143614E+02  2.393959723E+02  8.556627923E-01 
       395 -2.888173412E-02  1.037838005E-01 -2.624318977E-02  8.689808315E+04  1.580203774E+02  3.326804383E+02  2.756115567E+02  2.401287374E+02  8.546818945E-01 
       396 -2.733119538E-02  1.044792183E-01 -2.377110822E-02  8.681196466E+04  1.586524147E+02  3.326341651E+02  2.755348841E+02  2.406549188E+02  8.536496489E-01 
       397 -2.568342124E-02  1.052055751E-01 -2.135968630E-02  8.669297453E+04  1.590647087E+02  3.325843592E+02  2.754523509E+02  2.414428004E+02  8.546145046E-01 
       398 -2.397735570E-02  1.059146334E-01 -1.899049647E-02  8.651732343E+04  1.596550384E+02  3.324928797E+02  2.753008745E+02  2.424619853E+02  8.555527644E-01 
       399 -2.220871387E-02  1.066063154E-01 -1.667396516E-02  8.617913501E+04  1.606187207E+02  3.323051412E+02  2.749900579E+02  2.442519878E+02  8.571097706E-01 
       400 -2.041003203E-02  1.073389070E-01 -1.437512078E-02  8.561893271E+04  1.622859094E+02  3.320092498E+02  2.745006084E+02  2.466792810E+02  8.572280928E-01 
       401 -1.856976066E-02  1.079715131E-01 -1.211630566E-02  8.486379836E+04  1.652079061E+02  3.315858606E+02  2.738009639E+02  2.500318096E+02  8.540002799E-01 
       402 -1.670953655E-02  1.086522831E-01 -9.860640570E-03  8.429205155E+04  1.688474944E+02  3.312530636E+02  2.732516746E+02  2.528049636E+02  8.450751555E-01 
       403 -1.482329113E-02  1.093026603E-01 -7.620995183E-03  8.435675696E+04  1.711785506E+02  3.313139890E+02  2.733522407E+02  2.529592494E+02  8.338324807E-01 
       404 -1.292306254E-02  1.099268373E-01 -5.385291055E-03  8.525510767E+04  1.718104935E+02  3.318276396E+02  2.742005987E+02  2.500225630E+02  8.208451867E-01 
       405 -1.101845801E-02  1.105590611E-01 -3.137660868E-03  8.696470746E+04  1.705643268E+02  3.327558290E+02  2.757371188E+02  2.442577722E+02  8.085121287E-01 
       406 -9.120841472E-03  1.111701815E-01 -8.914052251E-04  8.942834338E+04  1.675816087E+02  3.340751005E+02  2.779278430E+02  2.356622929E+02  7.976241524E-01 
       407 -7.240675928E-03  1.117476218E-01  1.353994698E-03  9.286016900E+04  1.624212374E+02  3.359867903E+02  2.811188183E+02  2.226853886E+02  7.875542279E-01 
       408 -5.370549944E-03  1.123083196E-01  3.627204146E-03  9.653435718E+04  1.640439870E+02  3.376624084E+02  2.839289176E+02  2.090793567E+02  7.409864441E-01 
       409 -3.530590186E-03  1.128981262E-01  5.933484609E-03  9.851777603E+04  1.751032673E+02  3.385297843E+02  2.853898748E+02  2.025267968E+02  6.609845362E-01 
       410 -1.726912218E-03  1.134387153E-01  8.259926622E-03  9.809555981E+04  1.850312810E+02  3.385060430E+02  2.853492537E+02  2.056177173E+02  6.121802181E-01 
       411  3.734044288E-05  1.140039107E-01  1.062617763E-02  9.732225732E+04  1.939350610E+02  3.381688309E+02  2.847812967E+02  2.076960835E+02  5.690405667E-01 
       412  1.740848712E-03  1.145879687E-01  1.302702968E-02  9.654120635E+04  2.021660859E+02  3.377098399E+02  2.840083535E+02  2.132610224E+02  5.406223988E-01 
       413  3.387617433E-03  1.151172021E-01  1.547343878E-02  9.598770062E+04  2.092290554E+02  3.373794295E+02  2.834527029E+02  2.170762755E+02  5.148097686E-01 
       414  4.957112811E-03  1.157081541E-01  1.796238578E-02  9.540951404E+04  2.156469383E+02  3.371443052E+02  2.830577855E+02  2.190961874E+02  4.875998236E-01 
       415  6.462677552E-03  1.163151534E-01  2.048609031E-02  9.459840796E+04  2.222621422E+02  3.367658310E+02  2.824226542E+02  2.223580756E+02  4.640439674E-01 
       416  7.926557233E-03  1.168909271E-01  2.304605918E-02  9.391564166E+04  2.281331494E+02  3.364155004E+02  2.818353412E+02  2.257384841E+02  4.452858032E-01 
       417  9.338612782E-03  1.175119790E-01  2.562398907E-02  9.360352333E+04  2.331882584E+02  3.361973832E+02  2.814700331E+02  2.285348716E+02  4.295823054E-01 
       418  1.068984297E-02  1.181121478E-01  2.822455248E-02  9.345429794E+04  2.379073977E+02  3.360643040E+02  2.812470934E+02  2.304629068E+02  4.127502178E-01 
       419  1.198650266E-02  1.187330819E-01  3.085849659E-02  9.337524948E+04  2.423731897E+02  3.360223102E+02  2.811767445E+02  2.317248541E+02  3.954100116E-01 
       420  1.322982934E-02  1.193430432E-01  3.352159396E-02  9.341155052E+04  2.465345626E+02  3.360383161E+02  2.812034121E+02  2.322092017E+02  3.769003692E-01 
       421  1.439865389E-02  1.199672983E-01  3.621509854E-02  9.361553163E+04  2.501375951E+02  3.361476180E+02  2.813864272E+02  2.323313985E+02  3.602034129E-01 
       422  1.553995729E-02  1.205631245E-01  3.892438234E-02  9.405850357E+04  2.531755663E+02  3.363904930E+02  2.817932993E+02  2.320337268E+02  3.448845700E-01 
       423  1.662952250E-02  1.211745408E-01  4.165332372E-02  9.460284229E+04  2.561934997E+02  3.366308739E+02  2.821962155E+02  2.314085377E+02  3.285744868E-01 
       424  1.764894372E-02  1.217373945E-01  4.441857664E-02  9.529890497E+04  2.584188454E+02  3.369879919E+02  2.827954865E+02  2.301484961E+02  3.140802521E-01 
       425  1.861873940E-02  1.222791769E-01  4.720617614E-02  9.624105064E+04  2.604470415E+02  3.374365596E+02  2.835486667E+02  2.277705394E+02  2.966477871E-01 
       426  1.950820179E-02  1.228336643E-01  5.001741530E-02  9.716628952E+04  2.622733251E+02  3.378870423E+02  2.843065113E+02  2.252717118E+02  2.799406556E-01 
       427  2.036944420E-02  1.233245632E-01  5.285072558E-02  9.812081033E+04  2.639459039E+02  3.383651283E+02  2.851115366E+02  2.227355240E+02  2.636825513E-01 
       428  2.117157025E-02  1.238295963E-01  5.569831964E-02  9.912754028E+04  2.655305591E+02  3.388533697E+02  2.859351935E+02  2.198643978E+02  2.468380607E-01 
       429  2.190592593E-02  1.242947792E-01  5.857026217E-02  1.000999734E+05  2.669253302E+02  3.393453264E+02  2.867658796E+02  2.169408293E+02  2.305905912E-01 
       430  2.257248913E-02  1.247551336E-01  6.145961794E-02  1.010633130E+05  2.685945702E+02  3.397864962E+02  2.875119019E+02  2.143844805E+02  2.140971376E-01 
       431  2.314781749E-02  1.251835029E-01  6.437124902E-02  1.019757444E+05  2.703784609E+02  3.402013874E+02  2.882145391E+02  2.119781008E+02  1.971001402E-01 
       432  2.363318974E-02  1.255957621E-01  6.730774801E-02  1.028054332E+05  2.722531786E+02  3.406002758E+02  2.888905625E+02  2.099562607E+02  1.808355957E-01 
       433  2.402789138E-02  1.260195069E-01  7.025072331E-02  1.034466929E+05  2.745679903E+02  3.409269886E+02  2.894449787E+02  2.084779148E+02  1.638684552E-01 
       434  2.431727977E-02  1.264030352E-01  7.321094069E-02  1.038193809E+05  2.773676949E+02  3.411332645E+02  2.897952690E+02  2.078902683E+02  1.469829911E-01 
       435  2.453016930E-02  1.268032789E-01  7.617447467E-02  1.038753274E+05  2.807772775E+02  3.411788311E+02  2.898726892E+02  2.084645057E+02  1.308851144E-01 
       436  2.462079541E-02  1.271795605E-01  7.915094878E-02  1.036818465E+05  2.843904836E+02  3.411371689E+02  2.898018942E+02  2.096978209E+02  1.158738959E-01 
       437  2.463902970E-02  1.275610820E-01  8.212637731E-02  1.032106208E+05  2.886258345E+02  3.409272695E+02  2.894454446E+02  2.121979346E+02  1.021730840E-01 
       438  2.457492051E-02  1.279220853E-01  8.510260082E-02  1.024958089E+05  2.928431613E+02  3.406203492E+02  2.889245147E+02  2.155227319E+02  9.197425575E-02 
       439  2.441429013E-02  1.282749863E-01  8.807550525E-02  1.012624685E+05  2.964043166E+02  3.400795327E+02  2.880077882E+02  2.202409453E+02  9.169600915E-02 
       440  2.420234297E-02  1.286273229E-01  9.105186832E-02  1.002229085E+05  2.978009499E+02  3.395462663E+02  2.871052010E+02  2.243564479E+02  1.021907228E-01 
       441  2.388558350E-02  1.289647853E-01  9.401845916E-02  1.001375162E+05  2.960830341E+02  3.395324093E+02  2.870817869E+02  2.244844626E+02  1.148024632E-01 
       442  2.351928731E-02  1.293134864E-01  9.696958543E-02  1.005638026E+05  2.935004261E+02  3.397054202E+02  2.873743493E+02  2.232484301E+02  1.271230421E-01 
       443  2.306449285E-02  1.296327241E-01  9.991680403E-02  1.013636775E+05  2.904231091E+02  3.400828152E+02  2.880133591E+02  2.203262501E+02  1.354577406E-01 
       444  2.257188759E-02  1.299515661E-01  1.028605699E-01  1.024068047E+05  2.873909893E+02  3.405972061E+02  2.888853540E+02  2.166096601E+02  1.405748627E-01 
       445  2.201092100E-02  1.302726916E-01  1.057899135E-01  1.035467299E+05  2.848279598E+02  3.411389325E+02  2.898049276E+02  2.131701849E+02  1.441949194E-01 
       446  2.143382683E-02  1.305960230E-01  1.087107054E-01  1.045714808E+05  2.821721545E+02  3.416779047E+02  2.907213795E+02  2.093951682E+02  1.473978339E-01 
       447  2.076802587E-02  1.309307408E-01  1.116221513E-01  1.054656206E+05  2.795999603E+02  3.421856403E+02  2.915861816E+02  2.050413227E+02  1.481758934E-01 
       448  2.010215597E-02  1.312657467E-01  1.145293522E-01  1.062680488E+05  2.769674673E+02  3.427646275E+02  2.925737362E+02  2.009932733E+02  1.509024920E-01 
       449  1.945135245E-02  1.316056955E-01  1.174374795E-01  1.069090884E+05  2.757934043E+02  3.431475117E+02  2.932275770E+02  1.990077071E+02  1.526336811E-01 
       450  1.885387307E-02  1.319548677E-01  1.203553293E-01  1.073789827E+05  2.758221037E+02  3.433482816E+02  2.935707021E+02  1.988733153E+02  1.539320130E-01 
       451  1.837479322E-02  1.322913677E-01  1.233018373E-01  1.076485955E+05  2.758014660E+02  3.435020275E+02  2.938337059E+02  1.988795075E+02  1.561911711E-01 
       452  1.811263581E-02  1.325954541E-01  1.262715907E-01  1.077349165E+05  2.758373175E+02  3.435875664E+02  2.939800854E+02  1.992784824E+02  1.594659318E-01 
       453  1.805653049E-02  1.328847135E-01  1.292554963E-01  1.077024780E+05  2.761759982E+02  3.436002979E+02  2.940019302E+02  2.003841434E+02  1.636237246E-01 
       454  1.819877737E-02  1.331672438E-01  1.322380588E-01  1.075652862E+05  2.769330052E+02  3.435390543E+02  2.938971546E+02  2.019869725E+02  1.670433403E-01 
       455  1.852494771E-02  1.334510277E-01  1.352129826E-01  1.073803874E+05  2.778574522E+02  3.434377832E+02  2.937237748E+02  2.036479218E+02  1.698247855E-01 
       456  1.890761882E-02  1.337081709E-01  1.381756048E-01  1.071451455E+05  2.787802526E+02  3.433164976E+02  2.935163263E+02  2.053537363E+02  1.726310410E-01 
       457  1.937808835E-02  1.339540030E-01  1.411279949E-01  1.069068318E+05  2.796971936E+02  3.431902821E+02  2.933005900E+02  2.069268899E+02  1.749748753E-01 
       458  1.989552602E-02  1.341916383E-01  1.440726902E-01  1.066322438E+05  2.806074345E+02  3.430541693E+02  2.930679624E+02  2.086319771E+02  1.778353688E-01 
       459  2.048114376E-02  1.344526817E-01  1.469999956E-01  1.063140444E+05  2.816599894E+02  3.428781204E+02  2.927668314E+02  2.106875868E+02  1.807427686E-01 
       460 -4.772920012E-02  1.664853148E-01 -4.258181757E-02  8.247019822E+04  1.814489662E+02  3.302444554E+02  2.715901284E+02  3.429127960E+02  1.013109830E+00 
       461 -4.770031945E-02  1.666117663E-01 -3.916302660E-02  8.222222479E+04  1.820191807E+02  3.300930955E+02  2.713413256E+02  3.437242420E+02  1.012666193E+00 
       462 -4.768621633E-02  1.667606858E-01 -3.574527808E-02  8.179245813E+04  1.829540529E+02  3.298676162E+02  2.709707665E+02  3.449283400E+02  1.011716077E+00 
       463 -4.773671611E-02  1.669008759E-01 -3.232563070E-02  8.131716040E+04  1.846404738E+02  3.295403852E+02  2.704335442E+02  3.473387222E+02  1.010436635E+00 
       464 -4.779814392E-02  1.670685917E-01 -2.890641835E-02  8.078058740E+04  1.861231642E+02  3.292313480E+02  2.699265232E+02  3.486835861E+02  1.007835206E+00 
       465 -4.772832030E-02  1.672854950E-01 -2.549705171E-02  8.016788525E+04  1.878526533E+02  3.288833075E+02  2.693562608E+02  3.497642703E+02  1.004010992E+00 
       466 -4.733274936E-02  1.676197526E-01 -2.211766833E-02  7.957843396E+04  1.909128838E+02  3.284956822E+02  2.687218103E+02  3.535537858E+02  1.000680033E+00 
       467 -4.646629434E-02  1.680852894E-01 -1.884685997E-02  7.943146274E+04  1.933010585E+02  3.284348191E+02  2.686221826E+02  3.546096023E+02  9.944360177E-01 
       468 -4.497458874E-02  1.687177674E-01 -1.583913045E-02  8.121309497E+04  1.909120059E+02  3.295065670E+02  2.703801236E+02  3.479755087E+02  9.903292973E-01 
       469 -4.311049959E-02  1.694263862E-01 -1.306511329E-02  8.447658032E+04  1.853096576E+02  3.313927517E+02  2.734848256E+02  3.390729303E+02  9.939470254E-01 
       470 -4.101650432E-02  1.701661907E-01 -1.047820325E-02  8.756545361E+04  1.790882254E+02  3.330440044E+02  2.762148800E+02  3.301163864E+02  1.000597768E+00 
       471 -3.872443978E-02  1.709287414E-01 -8.043812788E-03  8.779372449E+04  1.767355237E+02  3.331364756E+02  2.763682561E+02  3.317486057E+02  1.011389173E+00 
       472 -3.634257562E-02  1.716543837E-01 -5.706210795E-03  8.561715674E+04  1.790206671E+02  3.319034882E+02  2.743276329E+02  3.389010754E+02  1.015285052E+00 
       473 -3.384972842E-02  1.724025179E-01 -3.469956820E-03  8.153472076E+04  1.861278212E+02  3.296500003E+02  2.706167634E+02  3.489052083E+02  1.008484099E+00 
       474 -3.133060076E-02  1.731099844E-01 -1.271304633E-03  7.702579062E+04  1.972087125E+02  3.269452894E+02  2.661938124E+02  3.622427669E+02  9.961144589E-01 
       475 -2.873453975E-02  1.737912906E-01  8.535856133E-04  7.331894092E+04  2.053407836E+02  3.248505487E+02  2.627934628E+02  3.712233505E+02  9.865556806E-01 
       476 -2.611690126E-02  1.744247281E-01  2.958268427E-03  7.083498145E+04  2.145533528E+02  3.229812865E+02  2.597761850E+02  3.806444373E+02  9.747856986E-01 
       477 -2.348835128E-02  1.750433393E-01  5.058280838E-03  6.979175775E+04  2.160395634E+02  3.225731784E+02  2.591199520E+02  3.824643050E+02  9.736653203E-01 
       478 -2.083113736E-02  1.756162102E-01  7.133742148E-03  6.969883813E+04  2.195850205E+02  3.222448578E+02  2.585933790E+02  3.837012424E+02  9.642654322E-01 
       479 -1.816607045E-02  1.761555279E-01  9.209141426E-03  7.005150854E+04  2.201007986E+02  3.227020073E+02  2.593273296E+02  3.822487354E+02  9.594213739E-01 
       480 -1.549262448E-02  1.766467189E-01  1.128626304E-02  7.270917725E+04  2.211877375E+02  3.243271799E+02  2.619526100E+02  3.756849279E+02  9.422731847E-01 
       481 -1.281959455E-02  1.771087169E-01  1.337222607E-02  8.256215021E+04  2.133790989E+02  3.303696790E+02  2.718158901E+02  3.477897165E+02  9.169242494E-01 
       482 -1.015361520E-02  1.775059034E-01  1.547159933E-02  9.819538931E+04  2.071527439E+02  3.383248311E+02  2.850488671E+02  3.061835201E+02  8.747924912E-01 
       483 -7.491200012E-03  1.778633735E-01  1.757589553E-02  9.687253369E+04  2.235077753E+02  3.376577682E+02  2.839240589E+02  3.111281595E+02  8.233673498E-01 
       484 -4.837064878E-03  1.782590199E-01  1.971143984E-02  8.945377930E+04  2.302939243E+02  3.341331749E+02  2.780264492E+02  3.322853880E+02  8.321947977E-01 
       485 -2.188499166E-03  1.785530451E-01  2.185094162E-02  8.869518649E+04  2.312477685E+02  3.338223764E+02  2.775074885E+02  3.338835039E+02  8.319761157E-01 
       486  4.329096806E-04  1.787998193E-01  2.404680664E-02  8.915467676E+04  2.345619717E+02  3.338826790E+02  2.776075897E+02  3.345385571E+02  8.221870810E-01 
       487  3.027224691E-03  1.790317150E-01  2.627094405E-02  8.892549554E+04  2.371184502E+02  3.337302711E+02  2.773541508E+02  3.349828246E+02  8.146884423E-01 
       488  5.626976121E-03  1.792222402E-01  2.847807669E-02  8.948392737E+04  2.383943584E+02  3.341406746E+02  2.780379028E+02  3.325688972E+02  8.067751285E-01 
       489  8.191038637E-03  1.793338257E-01  3.074695743E-02  9.148058362E+04  2.393361697E+02  3.352172205E+02  2.798342791E+02  3.279393358E+02  7.965142019E-01 
       490  1.074058355E-02  1.794129340E-01  3.303046409E-02  9.492082761E+04  2.388059190E+02  3.369535641E+02  2.827427517E+02  3.193893669E+02  7.853769293E-01 
       491  1.325979491E-02  1.793970135E-01  3.532576038E-02  9.918414832E+04  2.364172738E+02  3.390069814E+02  2.861990185E+02  3.086202769E+02  7.779901028E-01 
       492  1.577166567E-02  1.793535417E-01  3.765132951E-02  1.029924232E+05  2.340637507E+02  3.407527122E+02  2.891524105E+02  2.986293173E+02  7.726252433E-01 
       493  1.825553626E-02  1.792503646E-01  4.000403552E-02  1.056065255E+05  2.323372271E+02  3.420371361E+02  2.913346353E+02  2.909047499E+02  7.686206596E-01 
       494  2.071273564E-02  1.790845686E-01  4.238164633E-02  1.073487513E+05  2.320943109E+02  3.429120301E+02  2.928270829E+02  2.869174097E+02  7.643697346E-01 
       495  2.315348782E-02  1.789033294E-01  4.476881837E-02  1.093003813E+05  2.322102733E+02  3.437199178E+02  2.942078176E+02  2.821423125E+02  7.582123745E-01 
       496  2.554611962E-02  1.786610662E-01  4.720294885E-02  1.113953384E+05  2.314825544E+02  3.445920382E+02  2.957032709E+02  2.754981146E+02  7.535727918E-01 
       497  2.790553153E-02  1.783591187E-01  4.966367300E-02  1.133603347E+05  2.302685957E+02  3.454623384E+02  2.971983290E+02  2.698564281E+02  7.520297989E-01 
       498  3.023553076E-02  1.780531658E-01  5.215009418E-02  1.150493859E+05  2.297616160E+02  3.461965535E+02  2.984623604E+02  2.659065454E+02  7.498856960E-01 
       499  3.255140683E-02  1.777481834E-01  5.464573084E-02  1.163998099E+05  2.297919031E+02  3.468280871E+02  2.995522012E+02  2.630564620E+02  7.472251034E-01 
       500  3.480321611E-02  1.773622653E-01  5.719033452E-02  1.173295131E+05  2.303495693E+02  3.473145628E+02  3.003927488E+02  2.598745685E+02  7.419566684E-01 
       501  3.704366447E-02  1.769956776E-01  5.978074099E-02  1.180139452E+05  2.307201645E+02  3.476714702E+02  3.010104744E+02  2.577227361E+02  7.387420996E-01 
       502  3.923116288E-02  1.766153691E-01  6.237867612E-02  1.185904012E+05  2.309395185E+02  3.479146833E+02  3.014317045E+02  2.561321468E+02  7.366875736E-01 
       503  4.136429871E-02  1.761773997E-01  6.501205622E-02  1.190332132E+05  2.313207276E+02  3.480613344E+02  3.016858293E+02  2.549028345E+02  7.342276103E-01 
       504  4.348069858E-02  1.757484529E-01  6.766046190E-02  1.193769023E+05  2.316316466E+02  3.482042933E+02  3.019335508E+02  2.543795161E+02  7.328350227E-01 
       505  4.554226392E-02  1.753162813E-01  7.034950997E-02  1.196245005E+05  2.321455793E+02  3.483275509E+02  3.021473408E+02  2.536063509E+02  7.304390594E-01 
       506  4.756665315E-02  1.748560179E-01  7.306168772E-02  1.197167427E+05  2.328352019E+02  3.483853958E+02  3.022476556E+02  2.537059753E+02  7.280388838E-01 
       507  4.956604909E-02  1.743615796E-01  7.580968578E-02  1.196359968E+05  2.333105736E+02  3.483686887E+02  3.022186723E+02  2.540552428E+02  7.267213068E-01 
       508  5.152654947E-02  1.738670862E-01  7.855886540E-02  1.193931016E+05  2.337881421E+02  3.482439671E+02  3.020023144E+02  2.547760589E+02  7.257703159E-01 
       509  5.347325952E-02  1.733659220E-01  8.131742073E-02  1.191955998E+05  2.338452793E+02  3.481412973E+02  3.018242542E+02  2.556042336E+02  7.267016051E-01 
       510  5.541917190E-02  1.728212690E-01  8.412523757E-02  1.193252166E+05  2.332251656E+02  3.481851067E+02  3.019002319E+02  2.550400538E+02  7.288971751E-01 
       511  5.731737707E-02  1.722438844E-01  8.698058411E-02  1.196919521E+05  2.334203985E+02  3.483016284E+02  3.021023951E+02  2.540140488E+02  7.273165488E-01 
       512  5.917186437E-02  1.716911252E-01  8.979478553E-02  1.199097475E+05  2.338432586E+02  3.484113906E+02  3.022928790E+02  2.535918338E+02  7.255115415E-01 
       513  6.096387184E-02  1.711643945E-01  9.255110888E-02  1.199384016E+05  2.347111638E+02  3.484184240E+02  3.023051828E+02  2.535132650E+02  7.222270349E-01 
       514  6.270700241E-02  1.705757992E-01  9.544380808E-02  1.197937988E+05  2.359179707E+02  3.483425965E+02  3.021735778E+02  2.538973031E+02  7.177744620E-01 
       515  6.442263795E-02  1.699823167E-01  9.834544530E-02  1.195942972E+05  2.368989868E+02  3.482468765E+02  3.020074739E+02  2.545378640E+02  7.145896971E-01 
       516  6.612271722E-02  1.694054111E-01  1.012510921E-01  1.194007441E+05  2.373802946E+02  3.481790359E+02  3.018897820E+02  2.553981881E+02  7.138477811E-01 
       517  6.776083839E-02  1.688452726E-01  1.042003507E-01  1.193221595E+05  2.378388420E+02  3.481454451E+02  3.018315830E+02  2.558344756E+02  7.129281887E-01 
       518  6.936215302E-02  1.682812898E-01  1.071729988E-01  1.192522438E+05  2.387365612E+02  3.480909467E+02  3.017373354E+02  2.563861493E+02  7.103846984E-01 
       519  7.082677073E-02  1.677321085E-01  1.102128146E-01  1.191143637E+05  2.396945829E+02  3.480417709E+02  3.016524215E+02  2.573926811E+02  7.078308696E-01 
       520  7.220712168E-02  1.672497044E-01  1.133584680E-01  1.189227944E+05  2.404433025E+02  3.480363254E+02  3.016426649E+02  2.585091583E+02  7.062103599E-01 
       521  7.342602904E-02  1.668557431E-01  1.165154693E-01  1.186946708E+05  2.409625187E+02  3.481083024E+02  3.017675164E+02  2.582507443E+02  7.043232978E-01 
       522  7.439926912E-02  1.665467988E-01  1.197652411E-01  1.185550923E+05  2.413459308E+02  3.482617955E+02  3.020339737E+02  2.573838503E+02  7.023958871E-01 
       523  7.498839543E-02  1.664581038E-01  1.231239650E-01  1.184564541E+05  2.413630447E+02  3.484678669E+02  3.023916645E+02  2.566279354E+02  7.020214796E-01 
       524  7.530423640E-02  1.665023734E-01  1.265249777E-01  1.183817510E+05  2.413069005E+02  3.485836778E+02  3.025924082E+02  2.563506632E+02  7.023436176E-01 
       525  7.543612494E-02  1.666233331E-01  1.299370256E-01  1.182463779E+05  2.426040630E+02  3.483930492E+02  3.022612419E+02  2.583203716E+02  6.996552795E-01 
       526  7.553122174E-02  1.667952118E-01  1.333496155E-01  1.181041921E+05  2.444152117E+02  3.480998130E+02  3.017526269E+02  2.610623217E+02  6.960965777E-01 
       527  7.566054780E-02  1.669469890E-01  1.367626796E-01  1.180224094E+05  2.450224857E+02  3.481083040E+02  3.017673349E+02  2.609433560E+02  6.941833124E-01 
       528  7.583993244E-02  1.671002891E-01  1.401745263E-01  1.179202663E+05  2.449785244E+02  3.483810267E+02  3.022411989E+02  2.597398639E+02  6.941053267E-01 
       529  7.600645069E-02  1.672586086E-01  1.435869327E-01  1.178234650E+05  2.438134067E+02  3.489814692E+02  3.032864175E+02  2.566268766E+02  6.975455643E-01 
       530  7.611546960E-02  1.674572299E-01  1.470000031E-01  1.179409068E+05  2.383397527E+02  3.501193678E+02  3.053547478E+02  2.464965699E+02  7.125247419E-01 
       531 -5.220359409E-02  2.342994603E-01 -4.210986580E-02  8.164272321E+04  1.831500373E+02  3.296521535E+02  2.706931363E+02  4.444075853E+02  1.146027135E+00 
       532 -5.220192467E-02  2.343108577E-01 -3.821952920E-02  8.085414380E+04  1.858858920E+02  3.292600875E+02  2.699738238E+02  4.462464974E+02  1.141199553E+00 
       533 -5.220302368E-02  2.343278434E-01 -3.432921672E-02  8.102036145E+04  1.861174029E+02  3.293767211E+02  2.701651773E+02  4.460166323E+02  1.140449340E+00 
       534 -5.220531674E-02  2.343446645E-01 -3.043898101E-02  8.233470464E+04  1.828535280E+02  3.301631540E+02  2.714582279E+02  4.423218000E+02  1.144843215E+00 
       535 -5.220735409E-02  2.343651870E-01 -2.654892396E-02  8.417282471E+04  1.777988310E+02  3.312747402E+02  2.732890739E+02  4.381553574E+02  1.153248526E+00 
       536 -5.221355576E-02  2.343966826E-01 -2.266385481E-02  8.548124899E+04  1.741655997E+02  3.319962698E+02  2.744796570E+02  4.359682021E+02  1.160127070E+00 
       537 -5.221196162E-02  2.344309954E-01 -1.877454498E-02  8.552780842E+04  1.733991487E+02  3.319031387E+02  2.743260151E+02  4.363259893E+02  1.162359512E+00 
       538 -5.222596507E-02  2.344687402E-01 -1.488167101E-02  8.416893462E+04  1.758519764E+02  3.310790715E+02  2.729664583E+02  4.394896499E+02  1.159306719E+00 
       539 -5.222923531E-02  2.345160018E-01 -1.099302079E-02  8.191607513E+04  1.809010304E+02  3.298954844E+02  2.710186518E+02  4.435466130E+02  1.150889922E+00 
       540 -5.210275326E-02  2.345957540E-01 -7.104134264E-03  7.987696811E+04  1.872299793E+02  3.287922412E+02  2.692083111E+02  4.485945020E+02  1.140703435E+00 
       541 -5.114101036E-02  2.348545508E-01 -3.375994418E-03  7.945070433E+04  1.889527735E+02  3.286707069E+02  2.690087481E+02  4.490842192E+02  1.137340115E+00 
       542 -4.917766965E-02  2.353023755E-01 -5.047413344E-05  8.017796997E+04  1.877273250E+02  3.290459690E+02  2.696231995E+02  4.492680359E+02  1.141073409E+00 
       543 -4.661414278E-02  2.358651253E-01  2.823323178E-03  8.141163928E+04  1.848229783E+02  3.297775450E+02  2.708242779E+02  4.466488857E+02  1.145610642E+00 
       544 -4.374488282E-02  2.364440537E-01  5.350106892E-03  8.431537695E+04  1.775995641E+02  3.315277839E+02  2.737069798E+02  4.414376540E+02  1.158326901E+00 
       545 -4.059796688E-02  2.370222596E-01  7.583171126E-03  8.859606830E+04  1.659159596E+02  3.337235563E+02  2.773452296E+02  4.293190000E+02  1.175640713E+00 
       546 -3.738701819E-02  2.375676250E-01  9.702642239E-03  8.753380475E+04  1.678771439E+02  3.331283541E+02  2.763584561E+02  4.307807794E+02  1.171762520E+00 
       547 -3.407522408E-02  2.380263225E-01  1.169481074E-02  8.208001758E+04  1.832996242E+02  3.301741252E+02  2.714796677E+02  4.436834941E+02  1.145941800E+00 
       548 -3.073065008E-02  2.384984497E-01  1.361793802E-02  7.981599841E+04  1.904724333E+02  3.289078383E+02  2.693969091E+02  4.473380733E+02  1.131673587E+00 
       549 -2.732884007E-02  2.388770261E-01  1.546643341E-02  8.112549182E+04  1.863559122E+02  3.295320125E+02  2.704210272E+02  4.456328430E+02  1.140093142E+00 
       550 -2.390908864E-02  2.392176502E-01  1.728468609E-02  8.185042215E+04  1.839992391E+02  3.299332809E+02  2.710796228E+02  4.444852648E+02  1.145001082E+00 
       551 -2.044822495E-02  2.394794424E-01  1.908927170E-02  8.123465689E+04  1.873189808E+02  3.294787610E+02  2.703340553E+02  4.452690425E+02  1.138220134E+00 
       552 -1.699643969E-02  2.397114515E-01  2.086461287E-02  8.074728967E+04  1.880240312E+02  3.292604547E+02  2.699768386E+02  4.461560946E+02  1.137812020E+00 
       553 -1.354033893E-02  2.398615604E-01  2.263394957E-02  8.066633740E+04  1.878738890E+02  3.292604580E+02  2.699781952E+02  4.474221630E+02  1.140932359E+00 
       554 -1.007792796E-02  2.399171479E-01  2.439846914E-02  8.083144495E+04  1.875976024E+02  3.293679180E+02  2.701534307E+02  4.458989015E+02  1.141770964E+00 
       555 -6.592279415E-03  2.399646350E-01  2.619220728E-02  8.018929639E+04  1.890635943E+02  3.289590015E+02  2.694825110E+02  4.473971682E+02  1.140746504E+00 
       556 -3.124907716E-03  2.398994093E-01  2.794309000E-02  7.947491650E+04  1.901245775E+02  3.285179253E+02  2.687614574E+02  4.442180405E+02  1.137192979E+00 
       557  3.338943067E-04  2.398017910E-01  2.968583889E-02  1.017972439E+05  2.057076041E+02  3.407750813E+02  2.892000608E+02  3.925838128E+02  1.054463491E+00 
       558  3.794068913E-03  2.396169640E-01  3.144821874E-02  1.003261851E+05  2.147384982E+02  3.398159380E+02  2.875698071E+02  4.041030941E+02  1.041319320E+00 
       559  7.248441593E-03  2.393064044E-01  3.320284907E-02  9.556840430E+04  2.122893877E+02  3.377466755E+02  2.840748682E+02  4.161996441E+02  1.056530859E+00 
       560  1.068879679E-02  2.389885178E-01  3.498866898E-02  9.248923804E+04  2.124997439E+02  3.362440357E+02  2.815538416E+02  4.179382353E+02  1.058828741E+00 
       561  1.412543948E-02  2.386075767E-01  3.676435012E-02  8.976066187E+04  2.157184019E+02  3.345180149E+02  2.786668873E+02  4.246517553E+02  1.055030145E+00 
       562  1.753589177E-02  2.380598424E-01  3.855175648E-02  8.889834131E+04  2.166952362E+02  3.342127724E+02  2.781585331E+02  4.271548996E+02  1.054657489E+00 
       563  2.093820079E-02  2.375000001E-01  4.035454522E-02  9.168455811E+04  2.141645708E+02  3.361320066E+02  2.813689795E+02  4.199658833E+02  1.055146731E+00 
       564  2.432947450E-02  2.368878370E-01  4.215773147E-02  1.028248556E+05  2.068031721E+02  3.419948548E+02  2.912965592E+02  3.939089111E+02  1.058244418E+00 
       565  2.770729830E-02  2.361795572E-01  4.394886350E-02  1.231693311E+05  1.976520565E+02  3.504583898E+02  3.058886938E+02  3.504727430E+02  1.066953495E+00 
       566  3.105826597E-02  2.354459967E-01  4.578622705E-02  1.305889357E+05  1.955622559E+02  3.531012545E+02  3.104886580E+02  3.371310468E+02  1.070561410E+00 
       567  3.438758923E-02  2.346372217E-01  4.762879820E-02  1.236512545E+05  1.964556657E+02  3.507443763E+02  3.063601313E+02  3.471190487E+02  1.063023119E+00 
       568  3.771502906E-02  2.337669833E-01  4.947240569E-02  1.179458757E+05  2.023632855E+02  3.486040454E+02  3.026288874E+02  3.575776832E+02  1.046545300E+00 
       569  4.101460083E-02  2.329246351E-01  5.135281935E-02  1.193003042E+05  2.045850606E+02  3.490875244E+02  3.034691634E+02  3.562091842E+02  1.042132614E+00 
       570  4.428347740E-02  2.319960665E-01  5.324515281E-02  1.229204545E+05  2.036674385E+02  3.503641415E+02  3.056931067E+02  3.485212646E+02  1.045193134E+00 
       571  4.749748393E-02  2.310181580E-01  5.520824782E-02  1.241544060E+05  2.012868261E+02  3.509618292E+02  3.067362771E+02  3.474107971E+02  1.049876630E+00 
       572  5.066691057E-02  2.300652086E-01  5.723980181E-02  1.241117786E+05  2.023577345E+02  3.511108059E+02  3.069955169E+02  3.458234143E+02  1.043569833E+00 
       573  5.379140778E-02  2.290521307E-01  5.932353399E-02  1.244106126E+05  2.071117619E+02  3.512426579E+02  3.072259159E+02  3.428461430E+02  1.027949454E+00 
       574  5.683956615E-02  2.279793322E-01  6.149869556E-02  1.250123726E+05  2.121413069E+02  3.514779167E+02  3.076375647E+02  3.411831093E+02  1.012539901E+00 
       575  5.985072913E-02  2.269370111E-01  6.373374277E-02  1.250858770E+05  2.163097982E+02  3.515272923E+02  3.077240200E+02  3.417158985E+02  9.999297336E-01 
       576  6.280959972E-02  2.258492183E-01  6.601505396E-02  1.246166742E+05  2.202067633E+02  3.513515827E+02  3.074164325E+02  3.428289236E+02  9.877061869E-01 
       577  6.573461678E-02  2.247295145E-01  6.832363097E-02  1.240113657E+05  2.235100977E+02  3.511472545E+02  3.070588288E+02  3.433036304E+02  9.769060640E-01 
       578  6.865501872E-02  2.236625994E-01  7.064894084E-02  1.233020918E+05  2.276053165E+02  3.508031965E+02  3.064575130E+02  3.438673851E+02  9.635561218E-01 
       579  7.151541969E-02  2.224865137E-01  7.302188293E-02  1.218601230E+05  2.292309685E+02  3.504390249E+02  3.058215561E+02  3.450761561E+02  9.577657394E-01 
       580  7.433322259E-02  2.213060150E-01  7.543149031E-02  1.215423723E+05  2.292985415E+02  3.506660624E+02  3.062187738E+02  3.446872654E+02  9.563273266E-01 
       581  7.711325138E-02  2.201536844E-01  7.789825066E-02  1.233496475E+05  2.311779141E+02  3.516960594E+02  3.080201418E+02  3.411713168E+02  9.486943393E-01 
       582  7.981655167E-02  2.189959972E-01  8.044372180E-02  1.239499792E+05  2.334590173E+02  3.521777172E+02  3.088652368E+02  3.387366533E+02  9.389614956E-01 
       583  8.242371870E-02  2.177951216E-01  8.306797326E-02  1.234657026E+05  2.345512304E+02  3.518983517E+02  3.083772430E+02  3.379636536E+02  9.336556569E-01 
       584  8.497819178E-02  2.166305248E-01  8.576177505E-02  1.229079778E+05  2.341857941E+02  3.515320027E+02  3.077353920E+02  3.387562721E+02  9.337210215E-01 
       585  8.747465708E-02  2.155008942E-01  8.852176985E-02  1.224588335E+05  2.330284305E+02  3.512180233E+02  3.071856017E+02  3.395865922E+02  9.366454016E-01 
       586  8.983863293E-02  2.143275504E-01  9.137087988E-02  1.222937451E+05  2.309057567E+02  3.510350599E+02  3.068648868E+02  3.397426920E+02  9.422368295E-01 
       587  9.211779941E-02  2.131724912E-01  9.430579148E-02  1.223944838E+05  2.287527091E+02  3.509698805E+02  3.067502804E+02  3.394878977E+02  9.480932083E-01 
       588  9.424446159E-02  2.121023496E-01  9.738772987E-02  1.226536445E+05  2.270226081E+02  3.510173791E+02  3.068336774E+02  3.390640222E+02  9.531809352E-01 
       589  9.610967173E-02  2.111612431E-01  1.006666829E-01  1.228258618E+05  2.252323595E+02  3.510914533E+02  3.069639850E+02  3.382883658E+02  9.580290519E-01 
       590  9.742401869E-02  2.103903297E-01  1.042235364E-01  1.228503639E+05  2.225146682E+02  3.511182653E+02  3.070119285E+02  3.384997917E+02  9.657605247E-01 
       591  9.764724840E-02  2.101688920E-01  1.080985861E-01  1.227975186E+05  2.197817559E+02  3.509562025E+02  3.067293339E+02  3.399054418E+02  9.738387186E-01 
       592  9.763062643E-02  2.101108570E-01  1.119846410E-01  1.226721633E+05  2.191382106E+02  3.508030831E+02  3.064610027E+02  3.408447486E+02  9.756720070E-01 
       593  9.759894170E-02  2.100363093E-01  1.158782398E-01  1.225358067E+05  2.209229795E+02  3.512273264E+02  3.072029641E+02  3.405637991E+02  9.704144653E-01 
       594  9.760335841E-02  2.100041055E-01  1.197683889E-01  1.224914390E+05  2.224216318E+02  3.524394670E+02  3.093287941E+02  3.325461534E+02  9.651006958E-01 
       595  9.760552297E-02  2.099886023E-01  1.236588659E-01  1.224957186E+05  2.232450204E+02  3.541048130E+02  3.122588218E+02  3.150567788E+02  9.628277082E-01 
       596  9.760989540E-02  2.100145164E-01  1.275491461E-01  1.226147567E+05  2.251271494E+02  3.553733637E+02  3.144985507E+02  2.992612964E+02  9.589740056E-01 
       597  9.760550437E-02  2.100148949E-01  1.314412195E-01  1.228082334E+05  2.267569499E+02  3.560113611E+02  3.156305313E+02  2.979719496E+02  9.534554295E-01 
       598  9.762031038E-02  2.101034915E-01  1.353312483E-01  1.229695033E+05  2.274912952E+02  3.560505239E+02  3.157060076E+02  3.090100229E+02  9.485999960E-01 
       599  9.762506170E-02  2.101609083E-01  1.392228176E-01  1.230680221E+05  2.273033314E+02  3.554251933E+02  3.146024309E+02  3.185125947E+02  9.490046590E-01 
       600  9.764671237E-02  2.102092269E-01  1.431110049E-01  1.231823597E+05  2.246728830E+02  3.544226816E+02  3.128300781E+02  3.247537725E+02  9.574910514E-01 
       601  9.766256924E-02  2.102587391E-01  1.469999989E-01  1.232600542E+05  2.217474871E+02  3.537737322E+02  3.114093266E+02  3.289901590E+02  9.668347165E-01 
