nodenumber     x-coordinate     y-coordinate     z-coordinate         pressure velocity-magnitude      sound-speed      temperature rel-velocity-magnitude relative-velocity-angle 
         1 -2.216901913E-02  1.039879580E-01 -4.300600202E-02  8.755280998E+04  1.539519159E+02  3.330522973E+02  2.762279814E+02  2.357961370E+02  8.594394465E-01 
         2 -2.197401757E-02  1.042260031E-01 -4.002397295E-02  8.747254010E+04  1.544316217E+02  3.330088084E+02  2.761558585E+02  2.363417990E+02  8.589301768E-01 
         3 -2.150271627E-02  1.045375264E-01 -3.708169353E-02  8.736940967E+04  1.550539320E+02  3.329531443E+02  2.760635719E+02  2.370128431E+02  8.581785867E-01 
         4 -2.072290556E-02  1.049359494E-01 -3.421635317E-02  8.725452637E+04  1.557366703E+02  3.328925443E+02  2.759630742E+02  2.377453208E+02  8.573832326E-01 
         5 -1.964621854E-02  1.053757771E-01 -3.145501365E-02  8.713032959E+04  1.564306335E+02  3.328286858E+02  2.758572206E+02  2.385009594E+02  8.566576689E-01 
         6 -1.833909717E-02  1.058829391E-01 -2.880182754E-02  8.698119775E+04  1.571901789E+02  3.327519474E+02  2.757300515E+02  2.394128103E+02  8.561711647E-01 
         7 -1.686396899E-02  1.064019756E-01 -2.624136390E-02  8.680055322E+04  1.580331655E+02  3.326572304E+02  2.755730839E+02  2.404322062E+02  8.556481637E-01 
         8 -1.524276490E-02  1.069101094E-01 -2.376908005E-02  8.658220911E+04  1.590356185E+02  3.325402040E+02  2.753792405E+02  2.415899615E+02  8.547873702E-01 
         9 -1.353040875E-02  1.074492491E-01 -2.136449246E-02  8.633834778E+04  1.602615669E+02  3.324078264E+02  2.751600170E+02  2.429052989E+02  8.533097794E-01 
        10 -1.175719847E-02  1.079385502E-01 -1.899452623E-02  8.613160773E+04  1.615766107E+02  3.322942090E+02  2.749719324E+02  2.440399621E+02  8.507444393E-01 
        11 -9.920451205E-03  1.084473482E-01 -1.667649769E-02  8.605484756E+04  1.627374831E+02  3.322513418E+02  2.749010944E+02  2.447708814E+02  8.475952260E-01 
        12 -8.053093039E-03  1.089314126E-01 -1.437870322E-02  8.623720615E+04  1.632277620E+02  3.323490516E+02  2.750627489E+02  2.444847966E+02  8.444918916E-01 
        13 -6.139911673E-03  1.093816015E-01 -1.211111235E-02  8.675552417E+04  1.625587668E+02  3.326292257E+02  2.755267181E+02  2.429675159E+02  8.433933929E-01 
        14 -4.213714023E-03  1.098625599E-01 -9.853315987E-03  8.759294043E+04  1.603454208E+02  3.330817680E+02  2.762769680E+02  2.402777824E+02  8.467888348E-01 
        15 -2.267252226E-03  1.102821410E-01 -7.616721013E-03  8.859599268E+04  1.561751337E+02  3.336212158E+02  2.771726379E+02  2.369160147E+02  8.589007929E-01 
        16 -3.058463972E-04  1.106716081E-01 -5.380345181E-03  8.916746948E+04  1.500195708E+02  3.339251566E+02  2.776780367E+02  2.350209875E+02  8.870782945E-01 
        17  1.649896870E-03  1.110991589E-01 -3.144821902E-03  8.756203479E+04  1.455180880E+02  3.330754247E+02  2.762682021E+02  2.421335232E+02  9.366404340E-01 
        18  3.605378217E-03  1.114680886E-01 -8.997268064E-04  7.554506543E+04  1.747432272E+02  3.260982990E+02  2.648141232E+02  2.856902523E+02  9.427413326E-01 
        19  5.548952344E-03  1.118349081E-01  1.356589372E-03  7.038271021E+04  2.063575760E+02  3.228596101E+02  2.595811505E+02  3.050355425E+02  8.506122641E-01 
        20  7.472030685E-03  1.121892539E-01  3.633809071E-03  7.311505988E+04  2.092061126E+02  3.245679115E+02  2.623368348E+02  2.953434277E+02  7.946793898E-01 
        21  9.366594022E-03  1.125505666E-01  5.932977735E-03  7.617356604E+04  2.082201687E+02  3.264956083E+02  2.654624095E+02  2.847303512E+02  7.581121684E-01 
        22  1.122147558E-02  1.129077905E-01  8.263617067E-03  7.857676534E+04  2.085374029E+02  3.279653950E+02  2.678566948E+02  2.767248904E+02  7.265751458E-01 
        23  1.303284284E-02  1.132507638E-01  1.062953057E-02  8.030734844E+04  2.109847616E+02  3.290045524E+02  2.695559513E+02  2.711937148E+02  6.940700768E-01 
        24  1.479928419E-02  1.136234762E-01  1.303021626E-02  8.157855022E+04  2.151865800E+02  3.297472941E+02  2.707740349E+02  2.673596272E+02  6.589545859E-01 
        25  1.649617427E-02  1.139938279E-01  1.547769530E-02  8.255120782E+04  2.203005154E+02  3.303114080E+02  2.717009711E+02  2.646365130E+02  6.232639379E-01 
        26  1.811807173E-02  1.143837002E-01  1.797032872E-02  8.316691113E+04  2.262503481E+02  3.306937690E+02  2.723299422E+02  2.633500390E+02  5.885530962E-01 
        27  1.968166241E-02  1.148013513E-01  2.049621310E-02  8.329911237E+04  2.334102390E+02  3.308355331E+02  2.725633411E+02  2.639433599E+02  5.543875559E-01 
        28  2.119101764E-02  1.152299366E-01  2.305322148E-02  8.293513277E+04  2.418183935E+02  3.307241240E+02  2.723800175E+02  2.662637609E+02  5.199068390E-01 
        29  2.266338778E-02  1.156643914E-01  2.563116057E-02  8.240537103E+04  2.503318652E+02  3.305075946E+02  2.720239733E+02  2.689841152E+02  4.864228049E-01 
        30  2.408077791E-02  1.161159634E-01  2.823658064E-02  8.184469000E+04  2.586078818E+02  3.302709601E+02  2.716351242E+02  2.718335416E+02  4.549111146E-01 
        31  2.544088325E-02  1.165921105E-01  3.086849856E-02  8.124486743E+04  2.667766285E+02  3.300012589E+02  2.711922803E+02  2.748819475E+02  4.249845170E-01 
        32  2.674433127E-02  1.170738851E-01  3.352942364E-02  8.066390735E+04  2.747886035E+02  3.297087245E+02  2.707121458E+02  2.778789306E+02  3.958789711E-01 
        33  2.797950643E-02  1.175445507E-01  3.622298897E-02  8.018529919E+04  2.825338335E+02  3.294463720E+02  2.702818263E+02  2.804866620E+02  3.667688941E-01 
        34  2.916313541E-02  1.180056499E-01  3.893937175E-02  7.993262405E+04  2.896147274E+02  3.292616386E+02  2.699789623E+02  2.822263004E+02  3.378504334E-01 
        35  3.031249539E-02  1.184785399E-01  4.167042727E-02  7.999747223E+04  2.955877261E+02  3.291503325E+02  2.697962027E+02  2.828115897E+02  3.103595254E-01 
        36  3.139929926E-02  1.189405785E-01  4.442941843E-02  8.027466998E+04  3.011398774E+02  3.291617249E+02  2.698142896E+02  2.828007562E+02  2.826277312E-01 
        37  3.242013936E-02  1.193808800E-01  4.721660669E-02  8.092556910E+04  3.057467267E+02  3.293216895E+02  2.700758330E+02  2.813996834E+02  2.541904591E-01 
        38  3.340677803E-02  1.198011670E-01  5.002067675E-02  8.212797437E+04  3.085927320E+02  3.299132006E+02  2.710465677E+02  2.780566318E+02  2.272274005E-01 
        39  3.430413654E-02  1.201853153E-01  5.285529857E-02  8.370000513E+04  3.103581972E+02  3.308416452E+02  2.725748339E+02  2.735117731E+02  2.011737814E-01 
        40  3.515433510E-02  1.205874318E-01  5.570324370E-02  8.563772705E+04  3.106630058E+02  3.319291630E+02  2.743703270E+02  2.676863384E+02  1.779284254E-01 
        41  3.592907297E-02  1.209644065E-01  5.857535950E-02  8.782426782E+04  3.095685163E+02  3.330893574E+02  2.762919626E+02  2.608877072E+02  1.585578239E-01 
        42  3.664355424E-02  1.213334730E-01  6.146049591E-02  9.010341809E+04  3.071559272E+02  3.342862844E+02  2.782810912E+02  2.536351094E+02  1.450015451E-01 
        43  3.727845098E-02  1.217084379E-01  6.437276718E-02  9.225290991E+04  3.038940773E+02  3.354764662E+02  2.802657375E+02  2.467756033E+02  1.383215091E-01 
        44  3.781448665E-02  1.220744111E-01  6.730672953E-02  9.404727441E+04  3.005575581E+02  3.364797497E+02  2.819437904E+02  2.412590609E+02  1.380648403E-01 
        45  3.826762164E-02  1.224563704E-01  7.025293559E-02  9.534378204E+04  2.979784992E+02  3.371739144E+02  2.831078990E+02  2.377525268E+02  1.419907040E-01 
        46  3.856443464E-02  1.228195695E-01  7.317567491E-02  9.613437500E+04  2.966222763E+02  3.375458832E+02  2.837324905E+02  2.365023575E+02  1.478447057E-01 
        47  3.882754171E-02  1.231963568E-01  7.616928387E-02  9.650542529E+04  2.944794788E+02  3.381912993E+02  2.848212354E+02  2.334760473E+02  1.517913869E-01 
        48  3.896508106E-02  1.235573809E-01  7.913505459E-02  9.651928320E+04  2.897861900E+02  3.393103790E+02  2.867213135E+02  2.256212234E+02  1.534290574E-01 
        49  3.903512947E-02  1.239238609E-01  8.213137167E-02  9.634921057E+04  2.817931707E+02  3.410148945E+02  2.896278069E+02  2.113409097E+02  1.547744782E-01 
        50  3.900153017E-02  1.243001337E-01  8.510504302E-02  9.621870334E+04  2.694491002E+02  3.436992718E+02  2.942145795E+02  1.888439692E+02  1.540365535E-01 
        51  3.889299026E-02  1.246700891E-01  8.806950082E-02  9.637719006E+04  2.547046371E+02  3.471564379E+02  3.001731365E+02  1.549950764E+02  1.448159958E-01 
        52  3.870303970E-02  1.250405990E-01  9.105247242E-02  9.691663110E+04  2.450794449E+02  3.502779150E+02  3.055744085E+02  1.209126859E+02  8.839574736E-02 
        53  3.847530202E-02  1.253810613E-01  9.402032493E-02  9.763977353E+04  2.427368160E+02  3.521474614E+02  3.088309561E+02  8.694109760E+01 -1.964401182E-01 
        54  3.809583015E-02  1.257752167E-01  9.695318516E-02  1.001766543E+05  2.401704559E+02  3.535713310E+02  3.113247375E+02  6.126028395E+01 -4.976089615E-01 
        55  3.767199372E-02  1.261489404E-01  9.992435767E-02  1.025109390E+05  2.384897709E+02  3.542972517E+02  3.125948768E+02  5.379564989E+01 -3.713622512E-01 
        56  3.723780727E-02  1.265196365E-01  1.028569506E-01  1.045049304E+05  2.361132798E+02  3.539285455E+02  3.119440306E+02  6.431601301E+01 -1.233053167E-01 
        57  3.672955052E-02  1.269046997E-01  1.057947981E-01  1.057242611E+05  2.361548390E+02  3.522664700E+02  3.090263810E+02  9.089634466E+01  3.975742374E-02 
        58  3.615520807E-02  1.273091289E-01  1.087154776E-01  1.066239099E+05  2.413522139E+02  3.496892233E+02  3.045270128E+02  1.252484293E+02  1.295857686E-01 
        59  3.556812424E-02  1.277144368E-01  1.116309472E-01  1.073080912E+05  2.513538916E+02  3.468226359E+02  2.995536394E+02  1.585388708E+02  1.697593858E-01 
        60  3.495651588E-02  1.281329458E-01  1.145394580E-01  1.077652764E+05  2.615993190E+02  3.445621686E+02  2.956554089E+02  1.830136895E+02  1.850788393E-01 
        61  3.433795015E-02  1.285471243E-01  1.174457346E-01  1.079533628E+05  2.681666903E+02  3.433815651E+02  2.936284361E+02  1.958792481E+02  1.891797672E-01 
        62  3.376061330E-02  1.289460490E-01  1.203607660E-01  1.079824634E+05  2.710138924E+02  3.430386336E+02  2.930414445E+02  2.003125334E+02  1.886780534E-01 
        63  3.331803132E-02  1.293309423E-01  1.232882868E-01  1.079445827E+05  2.722664183E+02  3.430230312E+02  2.930146933E+02  2.013450382E+02  1.864868109E-01 
        64  3.310586596E-02  1.296649637E-01  1.262581306E-01  1.078666254E+05  2.731679900E+02  3.430420320E+02  2.930472217E+02  2.016852978E+02  1.840677164E-01 
        65  3.306639982E-02  1.299493947E-01  1.292495641E-01  1.077545811E+05  2.740101703E+02  3.430307565E+02  2.930279222E+02  2.020838493E+02  1.822187942E-01 
        66  3.322486525E-02  1.302097713E-01  1.322380794E-01  1.076085830E+05  2.749116760E+02  3.429836857E+02  2.929475247E+02  2.028148896E+02  1.813781503E-01 
        67  3.356462385E-02  1.304573038E-01  1.352130229E-01  1.074370539E+05  2.758797181E+02  3.429151194E+02  2.928303585E+02  2.038902588E+02  1.817036363E-01 
        68  3.400410102E-02  1.306751199E-01  1.381765647E-01  1.072215341E+05  2.769082880E+02  3.428223605E+02  2.926720009E+02  2.052085097E+02  1.824314729E-01 
        69  3.451963359E-02  1.308741206E-01  1.411278790E-01  1.069737551E+05  2.779913015E+02  3.427133985E+02  2.924859746E+02  2.067124166E+02  1.835503045E-01 
        70  3.508991352E-02  1.310576265E-01  1.440660380E-01  1.067042379E+05  2.790690753E+02  3.425965090E+02  2.922864873E+02  2.082935357E+02  1.850023789E-01 
        71  3.570211579E-02  1.312503676E-01  1.470000000E-01  1.063297451E+05  2.803456764E+02  3.424291039E+02  2.920023460E+02  2.102134781E+02  1.862080470E-01 
        72 -2.843361623E-02  1.708417341E-01 -4.258217492E-02  8.202390552E+04  1.838623505E+02  3.299651928E+02  2.711309595E+02  3.443618259E+02  1.007429615E+00 
        73 -2.838826984E-02  1.709653765E-01 -3.916427879E-02  8.200278430E+04  1.842316024E+02  3.299567320E+02  2.711170797E+02  3.445601268E+02  1.006527313E+00 
        74 -2.835908450E-02  1.711140563E-01 -3.574649433E-02  8.232883606E+04  1.839615654E+02  3.301480606E+02  2.714316540E+02  3.438562973E+02  1.006182054E+00 
        75 -2.838361088E-02  1.712589164E-01 -3.232950605E-02  8.305084668E+04  1.828108788E+02  3.305662127E+02  2.721197443E+02  3.420551529E+02  1.006911006E+00 
        76 -2.841360827E-02  1.714319125E-01 -2.891476756E-02  8.388321582E+04  1.812577314E+02  3.310422196E+02  2.729038744E+02  3.399901261E+02  1.008613084E+00 
        77 -2.833774301E-02  1.716334782E-01 -2.549995819E-02  8.446201001E+04  1.800306036E+02  3.313646580E+02  2.734356669E+02  3.386782395E+02  1.010575458E+00 
        78 -2.791452343E-02  1.719215161E-01 -2.212016887E-02  8.464743604E+04  1.793504667E+02  3.314611454E+02  2.735949936E+02  3.385009937E+02  1.012651701E+00 
        79 -2.700703325E-02  1.722886754E-01 -1.884820631E-02  8.430982520E+04  1.794593749E+02  3.312657881E+02  2.732726555E+02  3.397414885E+02  1.014464322E+00 
        80 -2.544395246E-02  1.727209334E-01 -1.584518523E-02  8.312556635E+04  1.812448844E+02  3.305936065E+02  2.721649854E+02  3.432728336E+02  1.014571471E+00 
        81 -2.351536464E-02  1.732363399E-01 -1.306823492E-02  8.102187108E+04  1.854263779E+02  3.293846516E+02  2.701784213E+02  3.493893633E+02  1.011377348E+00 
        82 -2.134527601E-02  1.737374909E-01 -1.047435973E-02  7.812441411E+04  1.923172188E+02  3.276754323E+02  2.673821022E+02  3.577057525E+02  1.003623058E+00 
        83 -1.897326710E-02  1.742189522E-01 -8.035177519E-03  7.513045401E+04  2.004650328E+02  3.258463771E+02  2.644052348E+02  3.662988638E+02  9.928857400E-01 
        84 -1.652827274E-02  1.746780172E-01 -5.688541800E-03  7.305391077E+04  2.068135552E+02  3.245360332E+02  2.622825840E+02  3.723493934E+02  9.836545279E-01 
        85 -1.397929867E-02  1.751251779E-01 -3.446989688E-03  7.241427014E+04  2.097892213E+02  3.241486096E+02  2.616564775E+02  3.744430227E+02  9.778520800E-01 
        86 -1.139011487E-02  1.755573757E-01 -1.256774906E-03  7.426576733E+04  2.081623154E+02  3.253048186E+02  2.635285673E+02  3.696020846E+02  9.733377751E-01 
        87 -8.734274343E-03  1.759085237E-01  8.667805443E-04  7.948341388E+04  2.025408841E+02  3.284701018E+02  2.686867561E+02  3.555846555E+02  9.651869861E-01 
        88 -6.073383534E-03  1.762548475E-01  2.984781313E-03  8.966268555E+04  1.902728126E+02  3.341141751E+02  2.779996488E+02  3.281024542E+02  9.611595548E-01 
        89 -3.359730182E-03  1.765819110E-01  5.053045394E-03  9.806393408E+04  1.760025082E+02  3.384788544E+02  2.853045025E+02  3.050706403E+02  9.797608852E-01 
        90 -6.741955509E-04  1.768270807E-01  7.130208361E-03  9.872042638E+04  1.631012148E+02  3.388320736E+02  2.859008431E+02  3.043409054E+02  1.024283750E+00 
        91  2.027043660E-03  1.770783858E-01  9.208570588E-03  7.712956651E+04  1.970834008E+02  3.270830157E+02  2.664224018E+02  3.623083431E+02  9.966496380E-01 
        92  4.731686997E-03  1.772422585E-01  1.127155269E-02  7.278544128E+04  2.121981024E+02  3.243323864E+02  2.619548651E+02  3.759519270E+02  9.723887204E-01 
        93  7.454465044E-03  1.773874983E-01  1.334309669E-02  7.323919432E+04  2.083021222E+02  3.247099437E+02  2.625656283E+02  3.732436103E+02  9.798425299E-01 
        94  1.015989937E-02  1.775222933E-01  1.545596277E-02  7.006059425E+04  2.184887308E+02  3.226860023E+02  2.593065696E+02  3.834182308E+02  9.667710497E-01 
        95  1.284858280E-02  1.775661421E-01  1.756817794E-02  6.671417169E+04  2.286059124E+02  3.204081380E+02  2.556590799E+02  3.932265816E+02  9.540027981E-01 
        96  1.551966693E-02  1.776138061E-01  1.970369132E-02  6.382045215E+04  2.375771139E+02  3.183715932E+02  2.524193299E+02  4.016697488E+02  9.428181024E-01 
        97  1.817410325E-02  1.776258069E-01  2.186017323E-02  6.145244336E+04  2.459154539E+02  3.166399350E+02  2.496799273E+02  4.088229432E+02  9.312985893E-01 
        98  2.080993586E-02  1.775631240E-01  2.403936301E-02  5.979998071E+04  2.528988771E+02  3.154538250E+02  2.478100429E+02  4.136668730E+02  9.192252308E-01 
        99  2.341570779E-02  1.774969016E-01  2.625394818E-02  5.957634277E+04  2.575900607E+02  3.153194370E+02  2.476000490E+02  4.149975853E+02  9.066505041E-01 
       100  2.600295182E-02  1.773818036E-01  2.848806157E-02  6.233885327E+04  2.574426003E+02  3.173070831E+02  2.507597389E+02  4.081465731E+02  8.918018304E-01 
       101  2.856627515E-02  1.771883875E-01  3.074502562E-02  6.907116992E+04  2.504712925E+02  3.219372253E+02  2.581687994E+02  3.888844252E+02  8.736328296E-01 
       102  3.110662233E-02  1.769811535E-01  3.302644514E-02  7.668661279E+04  2.432964087E+02  3.269356003E+02  2.662219362E+02  3.665231800E+02  8.515363093E-01 
       103  3.362247542E-02  1.767159818E-01  3.532849163E-02  8.065447998E+04  2.437972479E+02  3.294616928E+02  2.703129830E+02  3.554110918E+02  8.278280795E-01 
       104  3.610895472E-02  1.763647845E-01  3.765120331E-02  8.038006177E+04  2.506055920E+02  3.292879381E+02  2.700214233E+02  3.570661635E+02  8.080459842E-01 
       105  3.856497337E-02  1.759966372E-01  4.000321012E-02  7.843272452E+04  2.584612962E+02  3.281185563E+02  2.681065623E+02  3.627700561E+02  7.925069630E-01 
       106  4.103059304E-02  1.755360248E-01  4.234569910E-02  7.725500583E+04  2.649877431E+02  3.274389676E+02  2.669957166E+02  3.662620470E+02  7.773201849E-01 
       107  4.340106546E-02  1.750377176E-01  4.474435622E-02  7.942207744E+04  2.664806873E+02  3.286945635E+02  2.690538781E+02  3.614170783E+02  7.631807479E-01 
       108  4.575540032E-02  1.745445103E-01  4.717695363E-02  8.516165869E+04  2.618781202E+02  3.319732451E+02  2.744551146E+02  3.453581576E+02  7.493205117E-01 
       109  4.807037784E-02  1.739953488E-01  4.963532790E-02  9.107578735E+04  2.582184467E+02  3.351981373E+02  2.798058653E+02  3.286844883E+02  7.324801050E-01 
       110  5.034733117E-02  1.734133857E-01  5.212084081E-02  9.503409033E+04  2.581955032E+02  3.372476406E+02  2.832334957E+02  3.185197601E+02  7.155552283E-01 
       111  5.258765486E-02  1.728405975E-01  5.464144749E-02  9.812618164E+04  2.587081757E+02  3.387937107E+02  2.858360710E+02  3.106075764E+02  7.011519819E-01 
       112  5.479076840E-02  1.722430532E-01  5.718902978E-02  1.013138511E+05  2.584707851E+02  3.403404970E+02  2.884518070E+02  3.020489836E+02  6.888052747E-01 
       113  5.694737683E-02  1.716020731E-01  5.976586917E-02  1.044845407E+05  2.579618723E+02  3.418385055E+02  2.909958172E+02  2.935098500E+02  6.778959776E-01 
       114  5.911848447E-02  1.709340834E-01  6.233872565E-02  1.074412595E+05  2.572794772E+02  3.431999756E+02  2.933178836E+02  2.855675752E+02  6.690194992E-01 
       115  6.119351897E-02  1.703313828E-01  6.496775561E-02  1.100886460E+05  2.565065136E+02  3.443873949E+02  2.953510799E+02  2.785027885E+02  6.624769885E-01 
       116  6.319798910E-02  1.696485115E-01  6.765543605E-02  1.124926815E+05  2.557360816E+02  3.454430776E+02  2.971641874E+02  2.719649825E+02  6.567915641E-01 
       117  6.520189851E-02  1.689621155E-01  7.034628384E-02  1.147538730E+05  2.548795052E+02  3.464215784E+02  2.988499498E+02  2.659218807E+02  6.526513752E-01 
       118  6.717992039E-02  1.682884043E-01  7.305807409E-02  1.171722407E+05  2.533533354E+02  3.474752369E+02  3.006705561E+02  2.594071159E+02  6.511049028E-01 
       119  6.910755662E-02  1.675987334E-01  7.579818779E-02  1.192967682E+05  2.502411859E+02  3.483471510E+02  3.021814866E+02  2.536935637E+02  6.577132693E-01 
       120  7.101404689E-02  1.668389198E-01  7.852135391E-02  1.203099879E+05  2.466806508E+02  3.487610753E+02  3.029000602E+02  2.506801612E+02  6.691857823E-01 
       121  7.286652020E-02  1.661304029E-01  8.130170181E-02  1.205498872E+05  2.440088752E+02  3.489188382E+02  3.031740813E+02  2.497528989E+02  6.795966246E-01 
       122  7.473378469E-02  1.653966549E-01  8.408122010E-02  1.203541094E+05  2.421046638E+02  3.489142265E+02  3.031660938E+02  2.496676273E+02  6.877699047E-01 
       123  7.654776682E-02  1.646234676E-01  8.688218818E-02  1.200400930E+05  2.409358144E+02  3.489007378E+02  3.031427374E+02  2.494536905E+02  6.927533001E-01 
       124  7.830115451E-02  1.638494494E-01  8.971806956E-02  1.197877661E+05  2.401021576E+02  3.489593792E+02  3.032449932E+02  2.484335327E+02  6.957243271E-01 
       125  8.003223315E-02  1.630890187E-01  9.257063461E-02  1.196206626E+05  2.392101779E+02  3.491570215E+02  3.035896163E+02  2.463747826E+02  6.983264834E-01 
       126  8.174167210E-02  1.623344685E-01  9.543869445E-02  1.194729149E+05  2.382021062E+02  3.494786100E+02  3.041513920E+02  2.434082899E+02  7.008787249E-01 
       127  8.339566060E-02  1.615413001E-01  9.829620033E-02  1.193215113E+05  2.371407490E+02  3.499237772E+02  3.049306206E+02  2.398631232E+02  7.033601258E-01 
       128  8.500809507E-02  1.607572746E-01  1.012133408E-01  1.192084624E+05  2.358985990E+02  3.505594118E+02  3.060440578E+02  2.353748858E+02  7.061351109E-01 
       129  8.654116005E-02  1.600133249E-01  1.041766726E-01  1.191181765E+05  2.344146580E+02  3.514647021E+02  3.076302499E+02  2.294944314E+02  7.096152049E-01 
       130  8.807530659E-02  1.592883350E-01  1.071513815E-01  1.190105781E+05  2.327730441E+02  3.524603176E+02  3.093748770E+02  2.237832479E+02  7.146128155E-01 
       131  8.946870181E-02  1.585918917E-01  1.101955952E-01  1.188827531E+05  2.307551999E+02  3.535686630E+02  3.113184038E+02  2.179496073E+02  7.215554777E-01 
       132  9.078169785E-02  1.579398834E-01  1.132895212E-01  1.187233729E+05  2.289646780E+02  3.542482955E+02  3.125100254E+02  2.142224689E+02  7.289584214E-01 
       133  9.193376095E-02  1.573753789E-01  1.164622823E-01  1.185810564E+05  2.277867930E+02  3.539979157E+02  3.120666800E+02  2.152235193E+02  7.347200988E-01 
       134  9.287851211E-02  1.569754829E-01  1.197270904E-01  1.184917335E+05  2.280605210E+02  3.528623914E+02  3.100705435E+02  2.220360579E+02  7.359129786E-01 
       135  9.346963790E-02  1.567893278E-01  1.230899614E-01  1.184506583E+05  2.311554681E+02  3.510062376E+02  3.068192446E+02  2.345739883E+02  7.287029282E-01 
       136  9.376445592E-02  1.568076376E-01  1.265149706E-01  1.184907939E+05  2.364858472E+02  3.492011080E+02  3.036683469E+02  2.486305141E+02  7.159069171E-01 
       137  9.391306034E-02  1.569225935E-01  1.299303306E-01  1.184839399E+05  2.406578140E+02  3.482332344E+02  3.019845066E+02  2.574401693E+02  7.065654621E-01 
       138  9.402896493E-02  1.570765633E-01  1.333445553E-01  1.183891177E+05  2.426311846E+02  3.478971024E+02  3.014010563E+02  2.609866371E+02  7.026550192E-01 
       139  9.417960043E-02  1.572174564E-01  1.367593072E-01  1.182640999E+05  2.432496228E+02  3.478654041E+02  3.013461056E+02  2.617005453E+02  7.016918566E-01 
       140  9.437397158E-02  1.573466446E-01  1.401725853E-01  1.181489149E+05  2.434440050E+02  3.479486065E+02  3.014903255E+02  2.616499114E+02  7.017043652E-01 
       141  9.455826038E-02  1.574868932E-01  1.435861248E-01  1.180564209E+05  2.437943760E+02  3.480591112E+02  3.016817988E+02  2.617985475E+02  7.013043708E-01 
       142  9.468914447E-02  1.576724412E-01  1.470000022E-01  1.179582378E+05  2.440693760E+02  3.481223907E+02  3.018033161E+02  2.621786308E+02  7.015100010E-01 
       143 -2.515044289E-02  2.387134140E-01 -4.211006034E-02  8.431792140E+04  1.779795371E+02  3.312522325E+02  2.732511725E+02  4.383732563E+02  1.152773976E+00 
       144 -2.515073613E-02  2.387267259E-01 -3.821832766E-02  8.598937724E+04  1.740000741E+02  3.321614397E+02  2.747530448E+02  4.348341634E+02  1.159302488E+00 
       145 -2.514274647E-02  2.387409373E-01 -3.433018188E-02  8.612112187E+04  1.741159913E+02  3.322381434E+02  2.748797003E+02  4.346216800E+02  1.158936689E+00 
       146 -2.514933814E-02  2.387615668E-01 -3.043885368E-02  8.485083078E+04  1.776994365E+02  3.315534357E+02  2.737477861E+02  4.373738545E+02  1.152798128E+00 
       147 -2.514205174E-02  2.387863737E-01 -2.655197175E-02  8.324083437E+04  1.819556070E+02  3.306680686E+02  2.722876497E+02  4.408376372E+02  1.145712511E+00 
       148 -2.514801404E-02  2.388163633E-01 -2.268742808E-02  8.190248477E+04  1.852768379E+02  3.299264997E+02  2.710675540E+02  4.437155725E+02  1.140414863E+00 
       149 -2.514603624E-02  2.387984711E-01 -1.877579094E-02  8.086858789E+04  1.875850601E+02  3.293632050E+02  2.701427612E+02  4.458156776E+02  1.136899382E+00 
       150 -2.513833525E-02  2.388756875E-01 -1.487946342E-02  7.972958929E+04  1.900622724E+02  3.287174021E+02  2.690845314E+02  4.483746535E+02  1.133533508E+00 
       151 -2.514495058E-02  2.389300222E-01 -1.098752945E-02  7.895617776E+04  1.917785417E+02  3.283023041E+02  2.684052663E+02  4.502828307E+02  1.131421271E+00 
       152 -2.501801490E-02  2.389948317E-01 -7.101428526E-03  8.295048816E+04  1.819842193E+02  3.305953898E+02  2.721753868E+02  4.420651263E+02  1.147210581E+00 
       153 -2.403359079E-02  2.391541778E-01 -3.362202731E-03  8.979636357E+04  1.640655984E+02  3.343965527E+02  2.784635813E+02  4.262607764E+02  1.176602110E+00 
       154 -2.203079393E-02  2.393877231E-01 -4.501692070E-05  8.782599519E+04  1.706453053E+02  3.332515892E+02  2.765609086E+02  4.313144449E+02  1.164531671E+00 
       155 -1.942355624E-02  2.396357170E-01  2.825132604E-03  8.363795486E+04  1.806732178E+02  3.308585011E+02  2.726021658E+02  4.403330451E+02  1.148073298E+00 
       156 -1.648721574E-02  2.398964014E-01  5.342831758E-03  8.167126697E+04  1.843441542E+02  3.297367709E+02  2.707558208E+02  4.443793266E+02  1.143076479E+00 
       157 -1.330897545E-02  2.400801911E-01  7.594698846E-03  8.108575378E+04  1.849227574E+02  3.294256506E+02  2.702454839E+02  4.455841851E+02  1.143035386E+00 
       158 -1.004552185E-02  2.402353079E-01  9.709455816E-03  8.073877051E+04  1.856070616E+02  3.292238722E+02  2.699148655E+02  4.463197632E+02  1.142403610E+00 
       159 -6.714656287E-03  2.403804415E-01  1.171394437E-02  8.013906235E+04  1.861656570E+02  3.288806431E+02  2.693522379E+02  4.477516476E+02  1.142886825E+00 
       160 -3.322138608E-03  2.404066774E-01  1.362735999E-02  8.009948227E+04  1.857987520E+02  3.288642626E+02  2.693261632E+02  4.477564042E+02  1.144381990E+00 
       161  9.783589121E-05  2.404201762E-01  1.547870720E-02  8.059534680E+04  1.850787439E+02  3.291522913E+02  2.697978592E+02  4.466812272E+02  1.145827437E+00 
       162  3.534439975E-03  2.403949673E-01  1.730379042E-02  8.039939209E+04  1.841529474E+02  3.290650730E+02  2.696570139E+02  4.473004055E+02  1.149253208E+00 
       163  6.969024296E-03  2.402279751E-01  1.908412837E-02  9.026135876E+04  1.591096950E+02  3.350112796E+02  2.795207832E+02  4.246596007E+02  1.192017772E+00 
       164  1.043411823E-02  2.400800089E-01  2.085152946E-02  7.904751775E+04  1.870752163E+02  3.285637209E+02  2.688332561E+02  4.487790530E+02  1.144006056E+00 
       165  1.388371434E-02  2.398652026E-01  2.263181169E-02  7.908872589E+04  1.853344474E+02  3.287422793E+02  2.691253614E+02  4.480083313E+02  1.146842517E+00 
       166  1.734145131E-02  2.394992745E-01  2.440657916E-02  7.904099817E+04  1.867246132E+02  3.287942872E+02  2.692103167E+02  4.478059707E+02  1.143213656E+00 
       167  2.080043859E-02  2.391294908E-01  2.615375350E-02  7.913582571E+04  1.885633194E+02  3.288457399E+02  2.692946555E+02  4.473729805E+02  1.138589209E+00 
       168  2.424052770E-02  2.387186889E-01  2.792040504E-02  7.904512927E+04  1.909510520E+02  3.287951317E+02  2.692117658E+02  4.474358296E+02  1.132991119E+00 
       169  2.766624902E-02  2.381908713E-01  2.968394578E-02  7.874306726E+04  1.937093172E+02  3.286170144E+02  2.689201956E+02  4.478610406E+02  1.126894854E+00 
       170  3.108229850E-02  2.375970478E-01  3.144655572E-02  7.848164709E+04  1.960018765E+02  3.284651372E+02  2.686720550E+02  4.481853814E+02  1.122070679E+00 
       171  3.449726266E-02  2.369314331E-01  3.319569832E-02  7.874309879E+04  1.974563117E+02  3.286360495E+02  2.689531940E+02  4.473054829E+02  1.118636328E+00 
       172  3.787267708E-02  2.362004853E-01  3.498142333E-02  7.933600867E+04  1.986385951E+02  3.289861588E+02  2.695275559E+02  4.455123873E+02  1.115806418E+00 
       173  4.123744789E-02  2.354271843E-01  3.677379579E-02  7.917429517E+04  2.013131397E+02  3.289018044E+02  2.693888993E+02  4.454589305E+02  1.111083632E+00 
       174  4.456263149E-02  2.345133553E-01  3.856958315E-02  7.815104419E+04  2.057543284E+02  3.283125029E+02  2.684238015E+02  4.473576214E+02  1.103629039E+00 
       175  4.789152860E-02  2.335402793E-01  4.034492433E-02  7.672199771E+04  2.105928767E+02  3.274311177E+02  2.669845332E+02  4.499974265E+02  1.095853760E+00 
       176  5.119514426E-02  2.325727211E-01  4.215365701E-02  7.499283157E+04  2.157267798E+02  3.263710626E+02  2.652586248E+02  4.534549012E+02  1.087982444E+00 
       177  5.444737908E-02  2.314873556E-01  4.396264389E-02  7.321107521E+04  2.211328371E+02  3.252605468E+02  2.634568653E+02  4.569990780E+02  1.079617304E+00 
       178  5.771043354E-02  2.303389779E-01  4.576361213E-02  7.101447458E+04  2.274890094E+02  3.238252198E+02  2.611387393E+02  4.613366446E+02  1.070353109E+00 
       179  6.093363739E-02  2.292015055E-01  4.761570799E-02  6.784838049E+04  2.369029555E+02  3.216637840E+02  2.576665030E+02  4.685366001E+02  1.056694729E+00 
       180  6.411569228E-02  2.279427553E-01  4.946832252E-02  6.587124780E+04  2.490972328E+02  3.204854889E+02  2.557804117E+02  4.729250240E+02  1.031213693E+00 
       181  6.728438578E-02  2.267057043E-01  5.135068917E-02  6.887834802E+04  2.636631260E+02  3.224690542E+02  2.589756193E+02  4.660154009E+02  9.830230139E-01 
       182  7.045491472E-02  2.254566135E-01  5.324396322E-02  7.946417444E+04  2.665404792E+02  3.287192783E+02  2.691523337E+02  4.412995396E+02  9.422876220E-01 
       183  7.352398986E-02  2.240979077E-01  5.520813549E-02  9.278341968E+04  2.473962817E+02  3.363315883E+02  2.817403440E+02  4.104058332E+02  9.570122026E-01 
       184  7.654294831E-02  2.227589545E-01  5.724026033E-02  1.021757970E+05  2.348818096E+02  3.413628683E+02  2.901920246E+02  3.900830090E+02  9.712796233E-01 
       185  7.954929441E-02  2.214414527E-01  5.933596166E-02  1.113091042E+05  2.377706213E+02  3.454104567E+02  2.971175265E+02  3.709256191E+02  9.488467518E-01 
       186  8.244157493E-02  2.200232159E-01  6.149679439E-02  1.164427539E+05  2.409539795E+02  3.476652374E+02  3.009996567E+02  3.601454926E+02  9.313526303E-01 
       187  8.531452000E-02  2.186177542E-01  6.372436707E-02  1.216613087E+05  2.376675674E+02  3.497425189E+02  3.046078488E+02  3.488607523E+02  9.347149241E-01 
       188  8.816039266E-02  2.172472440E-01  6.601424901E-02  1.234773196E+05  2.305828953E+02  3.503221202E+02  3.056178856E+02  3.452607088E+02  9.533146862E-01 
       189  9.092008057E-02  2.157826082E-01  6.831794754E-02  1.233200359E+05  2.253687163E+02  3.502492503E+02  3.054905928E+02  3.452042440E+02  9.671602416E-01 
       190  9.367581728E-02  2.143255962E-01  7.064980943E-02  1.229973770E+05  2.216785988E+02  3.501215879E+02  3.052678771E+02  3.453137096E+02  9.769404507E-01 
       191  9.641114101E-02  2.128789625E-01  7.302159977E-02  1.227485646E+05  2.192422892E+02  3.500543120E+02  3.051505804E+02  3.452830710E+02  9.832766564E-01 
       192  9.907895187E-02  2.114028516E-01  7.542603674E-02  1.226969706E+05  2.178559470E+02  3.500990818E+02  3.052286279E+02  3.443718593E+02  9.864624860E-01 
       193  1.016896232E-01  2.099003163E-01  7.789626121E-02  1.227530815E+05  2.174829721E+02  3.503339639E+02  3.056387293E+02  3.424576769E+02  9.865628062E-01 
       194  1.042573666E-01  2.084682280E-01  8.044071344E-02  1.228927368E+05  2.176180511E+02  3.508553610E+02  3.065507810E+02  3.390962734E+02  9.852053863E-01 
       195  1.067132028E-01  2.069758083E-01  8.306726980E-02  1.229634566E+05  2.180863828E+02  3.517093742E+02  3.080489377E+02  3.340272027E+02  9.824471520E-01 
       196  1.091091693E-01  2.055182938E-01  8.576040538E-02  1.229425840E+05  2.188515792E+02  3.530256490E+02  3.103665705E+02  3.269904903E+02  9.790741531E-01 
       197  1.114533399E-01  2.040960959E-01  8.851719904E-02  1.229375432E+05  2.198267824E+02  3.547217833E+02  3.133624088E+02  3.180705861E+02  9.757440619E-01 
       198  1.136946430E-01  2.026973542E-01  9.137514269E-02  1.228900985E+05  2.209041200E+02  3.566333082E+02  3.167479599E+02  3.079193889E+02  9.729541676E-01 
       199  1.158224243E-01  2.012857480E-01  9.431046231E-02  1.227612042E+05  2.222537194E+02  3.582507426E+02  3.196213118E+02  2.987654292E+02  9.697953278E-01 
       200  1.177983438E-01  1.999614296E-01  9.738734661E-02  1.226247465E+05  2.240207911E+02  3.592339115E+02  3.213705242E+02  2.925885489E+02  9.649758029E-01 
       201  1.195376812E-01  1.988013159E-01  1.006637087E-01  1.224606386E+05  2.262856012E+02  3.591294493E+02  3.211826950E+02  2.918716560E+02  9.570401852E-01 
       202  1.207748534E-01  1.979244993E-01  1.042263433E-01  1.223722965E+05  2.288036004E+02  3.574242566E+02  3.181488988E+02  3.008815784E+02  9.463461968E-01 
       203  1.209766187E-01  1.976967879E-01  1.080979692E-01  1.225177802E+05  2.313141485E+02  3.547081554E+02  3.133340984E+02  3.182830731E+02  9.365908682E-01 
       204  1.209415894E-01  1.976147862E-01  1.119887176E-01  1.227603833E+05  2.308760028E+02  3.531901175E+02  3.106558283E+02  3.288283303E+02  9.383452293E-01 
       205  1.209136670E-01  1.975679793E-01  1.158784497E-01  1.228840402E+05  2.283910474E+02  3.523958545E+02  3.092563888E+02  3.327977089E+02  9.461266875E-01 
       206  1.209140530E-01  1.975343277E-01  1.197687765E-01  1.229343771E+05  2.255088118E+02  3.518454193E+02  3.082869524E+02  3.342794953E+02  9.548916445E-01 
       207  1.209033119E-01  1.974945510E-01  1.236620610E-01  1.229431032E+05  2.233428508E+02  3.515370067E+02  3.077443916E+02  3.345721446E+02  9.613669696E-01 
       208  1.208998844E-01  1.975608583E-01  1.275528569E-01  1.229233676E+05  2.222193655E+02  3.517157571E+02  3.080592142E+02  3.329287182E+02  9.649035899E-01 
       209  1.209086196E-01  1.975927695E-01  1.314428594E-01  1.228955805E+05  2.219893987E+02  3.522293072E+02  3.089624518E+02  3.296629626E+02  9.654806717E-01 
       210  1.209261261E-01  1.976437754E-01  1.353324952E-01  1.229021895E+05  2.219866400E+02  3.530784778E+02  3.104577708E+02  3.247317753E+02  9.653338981E-01 
       211  1.209477387E-01  1.976921952E-01  1.392217013E-01  1.229678358E+05  2.217777339E+02  3.541031767E+02  3.122644202E+02  3.190231476E+02  9.659790555E-01 
       212  1.209659901E-01  1.977439656E-01  1.431109690E-01  1.231376978E+05  2.214602502E+02  3.550940763E+02  3.139983159E+02  3.140922491E+02  9.673495626E-01 
       213  1.210017723E-01  1.977818072E-01  1.470000027E-01  1.233315952E+05  2.213116941E+02  3.556115952E+02  3.146793156E+02  3.118654919E+02  9.683058932E-01 
       214 -1.337431699E-02  1.053111530E-01 -4.600000000E-02  8.760061914E+04  1.539720764E+02  3.330973892E+02  2.762879257E+02  2.357585716E+02  8.591341376E-01 
       215 -1.336879354E-02  1.054912688E-01 -4.299898917E-02  8.749495044E+04  1.540148039E+02  3.330470209E+02  2.762192760E+02  2.360033107E+02  8.598602694E-01 
       216 -1.321272523E-02  1.057016208E-01 -4.000664894E-02  8.749131055E+04  1.542103920E+02  3.330165997E+02  2.761688290E+02  2.362345915E+02  8.597780950E-01 
       217 -1.269691607E-02  1.059729593E-01 -3.706120983E-02  8.737895394E+04  1.550152345E+02  3.329473363E+02  2.760539835E+02  2.369634011E+02  8.581868918E-01 
       218 -1.181263769E-02  1.063072321E-01 -3.420969757E-02  8.720016024E+04  1.559237652E+02  3.328581565E+02  2.759060975E+02  2.379552591E+02  8.570658725E-01 
       219 -1.066241908E-02  1.066659143E-01 -3.145726216E-02  8.704633603E+04  1.566719163E+02  3.327954339E+02  2.758021510E+02  2.388151641E+02  8.564208765E-01 
       220 -9.280794463E-03  1.070573859E-01 -2.881758489E-02  8.690607819E+04  1.574463371E+02  3.327259265E+02  2.756869204E+02  2.396485181E+02  8.555816809E-01 
       221 -7.735023178E-03  1.074435380E-01 -2.626912607E-02  8.678732150E+04  1.581672400E+02  3.326800262E+02  2.756108404E+02  2.403258456E+02  8.545344891E-01 
       222 -6.047350445E-03  1.078135440E-01 -2.381048416E-02  8.666712630E+04  1.591524512E+02  3.325724930E+02  2.754327207E+02  2.411947424E+02  8.527314660E-01 
       223 -4.299611852E-03  1.081916589E-01 -2.139379423E-02  8.661406142E+04  1.596729608E+02  3.326381245E+02  2.755414372E+02  2.416408703E+02  8.520067677E-01 
       224 -2.461870607E-03  1.085505379E-01 -1.904289133E-02  8.668330427E+04  1.600694562E+02  3.325673842E+02  2.754242665E+02  2.418719042E+02  8.511550274E-01 
       225 -5.886173328E-04  1.088780789E-01 -1.671486844E-02  8.676705826E+04  1.600001948E+02  3.326818724E+02  2.756139251E+02  2.420025214E+02  8.525156388E-01 
       226  1.337912187E-03  1.092215599E-01 -1.443302686E-02  8.687424941E+04  1.596072374E+02  3.326056102E+02  2.754875598E+02  2.422598999E+02  8.560357999E-01 
       227  3.290030235E-03  1.094941851E-01 -1.216353628E-02  8.666170723E+04  1.594096924E+02  3.324798431E+02  2.752793358E+02  2.436657088E+02  8.625280306E-01 
       228  5.262023684E-03  1.097864070E-01 -9.913643549E-03  8.591712528E+04  1.604045086E+02  3.320456588E+02  2.745610698E+02  2.471289137E+02  8.699446267E-01 
       229  7.256339014E-03  1.100495762E-01 -7.679258903E-03  8.410894366E+04  1.648647594E+02  3.310407985E+02  2.729020202E+02  2.540988401E+02  8.714865646E-01 
       230  9.250945095E-03  1.102792579E-01 -5.441700620E-03  8.169574077E+04  1.726560089E+02  3.298759221E+02  2.709846524E+02  2.620754272E+02  8.595049448E-01 
       231  1.125130268E-02  1.105297001E-01 -3.209862298E-03  8.057810718E+04  1.800677376E+02  3.293296652E+02  2.700876923E+02  2.659125504E+02  8.346427362E-01 
       232  1.324504242E-02  1.107259366E-01 -9.692227629E-04  8.144437671E+04  1.835931754E+02  3.297677069E+02  2.708068657E+02  2.636123543E+02  8.079720326E-01 
       233  1.522818012E-02  1.109344875E-01  1.280794701E-03  8.319526416E+04  1.844834576E+02  3.307959690E+02  2.724988337E+02  2.577775631E+02  7.830093019E-01 
       234  1.717717000E-02  1.111306516E-01  3.565314237E-03  8.525225488E+04  1.845020866E+02  3.319603500E+02  2.744206200E+02  2.503526707E+02  7.580330446E-01 
       235  2.098827574E-02  1.115152878E-01  8.199040730E-03  8.904252832E+04  1.884995432E+02  3.340235271E+02  2.778425140E+02  2.378747482E+02  6.972330883E-01 
       236  2.283804163E-02  1.116790561E-01  1.055952489E-02  9.027344757E+04  1.924157350E+02  3.351994877E+02  2.798015585E+02  2.299639164E+02  6.513343309E-01 
       237  2.632960383E-02  1.121198866E-01  1.543269692E-02  9.099577490E+04  2.077746449E+02  3.350417385E+02  2.795381622E+02  2.324524975E+02  5.780354962E-01 
       238  2.959379811E-02  1.126564718E-01  2.044933110E-02  9.017601270E+04  2.235485425E+02  3.345367737E+02  2.786959624E+02  2.382308755E+02  5.148270279E-01 
       239  3.114059063E-02  1.129278581E-01  2.301118304E-02  8.966186572E+04  2.307954011E+02  3.344604579E+02  2.785689406E+02  2.407205934E+02  4.858011633E-01 
       240  3.264987762E-02  1.132456905E-01  2.559358749E-02  8.908738654E+04  2.378213757E+02  3.340576948E+02  2.778986795E+02  2.437232525E+02  4.602997183E-01 
       241  3.807676132E-02  1.146676712E-01  3.621643154E-02  8.783048844E+04  2.624206903E+02  3.333791900E+02  2.767706719E+02  2.523720663E+02  3.670925837E-01 
       242  3.928374460E-02  1.150413043E-01  3.894926042E-02  8.800188867E+04  2.676050773E+02  3.338122604E+02  2.774906437E+02  2.529702125E+02  3.432450227E-01 
       243  4.044503934E-02  1.154301055E-01  4.169676193E-02  8.841045219E+04  2.715391967E+02  3.341410662E+02  2.780374659E+02  2.523765332E+02  3.219434710E-01 
       244  4.154949506E-02  1.158110833E-01  4.446441861E-02  8.905741602E+04  2.749785175E+02  3.344868774E+02  2.786133060E+02  2.511427526E+02  3.007984962E-01 
       245  4.259018966E-02  1.161595968E-01  4.726780086E-02  8.990975875E+04  2.778909081E+02  3.349050711E+02  2.793105297E+02  2.491250214E+02  2.792868922E-01 
       246  4.357921759E-02  1.165132208E-01  5.008364009E-02  9.093541113E+04  2.800262213E+02  3.354193668E+02  2.801689758E+02  2.462177773E+02  2.586479476E-01 
       247  4.448002582E-02  1.168267471E-01  5.293502673E-02  9.209063976E+04  2.818816428E+02  3.359881159E+02  2.811198836E+02  2.430699573E+02  2.383900176E-01 
       248  4.534234860E-02  1.171711221E-01  5.579536500E-02  9.334028906E+04  2.830120621E+02  3.366405659E+02  2.822130890E+02  2.393901024E+02  2.203046652E-01 
       249  4.612355051E-02  1.174912616E-01  5.867935283E-02  9.456347168E+04  2.840377159E+02  3.373110199E+02  2.833383980E+02  2.356124611E+02  2.020714656E-01 
       250  4.681688670E-02  1.178330389E-01  6.158342338E-02  9.571960742E+04  2.849435959E+02  3.379289169E+02  2.843773384E+02  2.323759232E+02  1.869364735E-01 
       251  4.742483443E-02  1.181684938E-01  6.451168194E-02  9.675765039E+04  2.858421364E+02  3.384894180E+02  2.853213234E+02  2.296002769E+02  1.736711711E-01 
       252  4.796175059E-02  1.184973583E-01  6.744925218E-02  9.765626611E+04  2.868312502E+02  3.390053406E+02  2.861913157E+02  2.270084133E+02  1.603114060E-01 
       253  4.839690646E-02  1.188449776E-01  7.040346354E-02  9.842795297E+04  2.879710097E+02  3.393681175E+02  2.868040452E+02  2.249798505E+02  1.481232168E-01 
       254  4.867844520E-02  1.192029192E-01  7.337369276E-02  9.892967218E+04  2.897999345E+02  3.395469340E+02  2.871063781E+02  2.241079051E+02  1.362824069E-01 
       255  4.889804354E-02  1.195863964E-01  7.634446821E-02  9.934374894E+04  2.914226173E+02  3.396654813E+02  2.873070434E+02  2.231559330E+02  1.252524515E-01 
       256  4.901527392E-02  1.199575346E-01  7.936475415E-02  9.959048514E+04  2.936197022E+02  3.397274340E+02  2.874118806E+02  2.231577116E+02  1.143769117E-01 
       257  4.897414798E-02  1.207471392E-01  8.530893469E-02  9.985173242E+04  2.972685509E+02  3.399743271E+02  2.878295212E+02  2.234226074E+02  9.775261395E-02 
       258  4.879835866E-02  1.211503063E-01  8.827262235E-02  1.000871123E+05  2.983069267E+02  3.400165710E+02  2.879013100E+02  2.231490498E+02  9.228490666E-02 
       259  4.854576088E-02  1.215647590E-01  9.126615169E-02  1.005085999E+05  2.985542617E+02  3.400660646E+02  2.879850252E+02  2.221729374E+02  8.874511388E-02 
       260  4.818457029E-02  1.219712360E-01  9.420996830E-02  1.012700785E+05  2.975385839E+02  3.404328791E+02  2.886066546E+02  2.198861675E+02  8.714800793E-02 
       261  4.782320061E-02  1.224212570E-01  9.713670139E-02  1.020878560E+05  2.960370083E+02  3.408229961E+02  2.892694511E+02  2.173912258E+02  8.809029497E-02 
       262  4.734997920E-02  1.228526278E-01  1.001180955E-01  1.031817012E+05  2.941682892E+02  3.414123421E+02  2.902701340E+02  2.144017220E+02  8.890037145E-02 
       263  4.683890011E-02  1.232935874E-01  1.030087938E-01  1.044850255E+05  2.912593644E+02  3.421867281E+02  2.915890132E+02  2.106718982E+02  9.359336129E-02 
       264  4.566507936E-02  1.242316696E-01  1.088390156E-01  1.062612503E+05  2.840195924E+02  3.426447689E+02  2.923696495E+02  2.024679986E+02  1.098325460E-01 
       265  4.352639189E-02  1.257122811E-01  1.174848542E-01  1.076838437E+05  2.594085904E+02  3.469845197E+02  2.998266309E+02  1.639605185E+02  1.345028560E-01 
       266  4.289440586E-02  1.261798267E-01  1.203730247E-01  1.074942693E+05  2.511397912E+02  3.484728638E+02  3.024028768E+02  1.483473616E+02  1.404838848E-01 
       267  4.242365191E-02  1.265975250E-01  1.232861776E-01  1.073902479E+05  2.465250570E+02  3.493357396E+02  3.038993244E+02  1.393787580E+02  1.455782506E-01 
       268  4.208270049E-02  1.270006734E-01  1.262530889E-01  1.074752422E+05  2.457518349E+02  3.492722359E+02  3.037884483E+02  1.395014400E+02  1.543325726E-01 
       269  4.202415066E-02  1.273246053E-01  1.292418903E-01  1.075174645E+05  2.467410453E+02  3.489103445E+02  3.031595160E+02  1.428915906E+02  1.606500959E-01 
       270  4.218523596E-02  1.275849052E-01  1.322314117E-01  1.074130671E+05  2.484676057E+02  3.484787576E+02  3.024101192E+02  1.475018282E+02  1.658760596E-01 
       271  4.252691668E-02  1.278080741E-01  1.352038484E-01  1.072421138E+05  2.507052788E+02  3.481330459E+02  3.018106959E+02  1.526132379E+02  1.693979145E-01 
       272  4.296344289E-02  1.279984053E-01  1.381664338E-01  1.070592946E+05  2.528474766E+02  3.477097830E+02  3.010779426E+02  1.572690603E+02  1.726729253E-01 
       273  4.347514252E-02  1.281630447E-01  1.411197974E-01  1.068165562E+05  2.549336187E+02  3.473314877E+02  3.004230560E+02  1.615811701E+02  1.752655045E-01 
       274  4.403358971E-02  1.283124551E-01  1.440677535E-01  1.065729041E+05  2.568079304E+02  3.471608439E+02  3.001271717E+02  1.651223508E+02  1.769946357E-01 
       275  4.466583781E-02  1.284644007E-01  1.470000034E-01  1.064461987E+05  2.585031234E+02  3.469249228E+02  2.965986891E+02  1.682727109E+02  1.784376708E-01 
       276 -1.390154712E-02  1.725232616E-01 -4.600000033E-02  8.239828410E+04  1.817583511E+02  3.303303793E+02  2.714135647E+02  3.424119570E+02  1.011111688E+00 
       277 -1.389524734E-02  1.726308379E-01 -4.258575940E-02  8.269399800E+04  1.814413515E+02  3.303683385E+02  2.717939076E+02  3.424479552E+02  1.012263442E+00 
       278 -1.388827040E-02  1.727470810E-01 -3.919459871E-02  8.295785759E+04  1.810377662E+02  3.304271406E+02  2.718906686E+02  3.423649291E+02  1.013498600E+00 
       279 -1.387976982E-02  1.728866868E-01 -3.575874102E-02  8.303727538E+04  1.808487718E+02  3.304456954E+02  2.719211977E+02  3.425247059E+02  1.014437096E+00 
       280 -1.386962822E-02  1.730354599E-01 -3.234598001E-02  8.289619830E+04  1.810880562E+02  3.303661056E+02  2.717902338E+02  3.431904407E+02  1.014822470E+00 
       281 -1.385715910E-02  1.732129765E-01 -2.893478341E-02  8.249685728E+04  1.817548933E+02  3.301585904E+02  2.714489736E+02  3.444566158E+02  1.014832174E+00 
       282 -1.381464856E-02  1.733989484E-01 -2.553958976E-02  8.191248627E+04  1.829460153E+02  3.298116257E+02  2.708788988E+02  3.463192281E+02  1.014154337E+00 
       283 -1.334927366E-02  1.736519924E-01 -2.216152427E-02  8.097350639E+04  1.850807109E+02  3.292970387E+02  2.700344615E+02  3.490521044E+02  1.011902552E+00 
       284 -1.220387625E-02  1.739549638E-01 -1.896956374E-02  7.955063623E+04  1.889888859E+02  3.284321804E+02  2.686187305E+02  3.532448502E+02  1.006456882E+00 
       285 -1.057589609E-02  1.742731966E-01 -1.599005111E-02  7.760478263E+04  1.944459718E+02  3.273400089E+02  2.668355190E+02  3.588139689E+02  9.986170106E-01 
       286 -8.586070527E-03  1.745821273E-01 -1.323108332E-02  7.560965998E+04  1.995343834E+02  3.264906812E+02  2.654515679E+02  3.634008416E+02  9.902741461E-01 
       287 -6.371188279E-03  1.748941133E-01 -1.065117603E-02  7.565608532E+04  2.007935191E+02  3.267395802E+02  2.658574804E+02  3.623326745E+02  9.838568118E-01 
       288 -3.959984913E-03  1.752012559E-01 -8.251810021E-03  7.919291409E+04  1.960589909E+02  3.287074172E+02  2.690761422E+02  3.528590255E+02  9.821252739E-01 
       289 -1.474621790E-03  1.754287438E-01 -5.921768022E-03  8.494981648E+04  1.879388618E+02  3.315955042E+02  2.738256697E+02  3.386509019E+02  9.848645687E-01 
       290  1.096342236E-03  1.756586641E-01 -3.684409899E-03  8.967061975E+04  1.805538833E+02  3.338309537E+02  2.775240961E+02  3.278426369E+02  9.927337149E-01 
       291  3.722457199E-03  1.758529720E-01 -1.512169024E-03  9.132024243E+04  1.755730343E+02  3.345532618E+02  2.787239943E+02  3.250610447E+02  1.005614482E+00 
       292  6.390497491E-03  1.759799744E-01  6.206893580E-04  8.904707227E+04  1.764586153E+02  3.333141098E+02  2.766672668E+02  3.322383270E+02  1.013662487E+00 
       293  1.179759467E-02  1.761809281E-01  4.808741428E-03  7.404046875E+04  2.040821724E+02  3.256799698E+02  2.641427879E+02  3.697048111E+02  9.873045683E-01 
       294  1.450804596E-02  1.762121176E-01  6.883706551E-03  7.252422705E+04  2.103453388E+02  3.241273880E+02  2.616231003E+02  3.760710144E+02  9.787470847E-01 
       295  1.722225861E-02  1.762495216E-01  8.953048646E-03  7.146400781E+04  2.119470940E+02  3.236548882E+02  2.608616753E+02  3.786173363E+02  9.785926193E-01 
       296  1.993233776E-02  1.761597577E-01  1.102855473E-02  6.926459277E+04  2.177631702E+02  3.223429680E+02  2.587531624E+02  3.847513809E+02  9.720576257E-01 
       297  2.263244469E-02  1.760920636E-01  1.311525345E-02  6.699286670E+04  2.251558342E+02  3.207584114E+02  2.562152653E+02  3.916715851E+02  9.621827379E-01 
       298  2.532249661E-02  1.759768902E-01  1.521525865E-02  6.542038818E+04  2.315496750E+02  3.196021996E+02  2.543696270E+02  3.967603779E+02  9.519064128E-01 
       299  2.800116021E-02  1.758008440E-01  1.732596334E-02  6.529789380E+04  2.357407436E+02  3.193431120E+02  2.539571228E+02  3.980455847E+02  9.406684600E-01 
       300  3.066011949E-02  1.756198651E-01  1.946182943E-02  6.822266821E+04  2.363012118E+02  3.208429461E+02  2.563618569E+02  3.924003000E+02  9.265118707E-01 
       301  3.850917716E-02  1.748410184E-01  2.602581626E-02  8.768889014E+04  2.322789688E+02  3.344324045E+02  2.785259018E+02  3.342043314E+02  8.298201188E-01 
       302  4.358739934E-02  1.740919978E-01  3.053362568E-02  8.518559790E+04  2.393359127E+02  3.323507338E+02  2.750661421E+02  3.449542570E+02  8.244329132E-01 
       303  4.609287257E-02  1.736863543E-01  3.281922705E-02  8.389438892E+04  2.444984198E+02  3.317061481E+02  2.739998217E+02  3.486266594E+02  8.137171827E-01 
       304  4.855845708E-02  1.731970535E-01  3.512834265E-02  8.387468652E+04  2.491747742E+02  3.315993986E+02  2.738236942E+02  3.493784561E+02  7.991743386E-01 
       305  5.100043215E-02  1.726458906E-01  3.745772352E-02  8.614548389E+04  2.514454074E+02  3.327964053E+02  2.758075356E+02  3.440129828E+02  7.822975256E-01 
       306  5.340036417E-02  1.720848619E-01  3.982071753E-02  9.111933069E+04  2.495253184E+02  3.355499105E+02  2.803971777E+02  3.301831403E+02  7.658913182E-01 
       307  5.576533568E-02  1.714326002E-01  4.220398857E-02  9.631411111E+04  2.457553439E+02  3.383793492E+02  2.851406915E+02  3.162526214E+02  7.567273136E-01 
       308  5.808130114E-02  1.707532671E-01  4.462162642E-02  9.960221888E+04  2.440536028E+02  3.401261375E+02  2.880887442E+02  3.078896051E+02  7.500204879E-01 
       309  6.913202621E-02  1.670049815E-01  5.708998555E-02  1.115510708E+05  2.418440328E+02  3.459338889E+02  2.980109320E+02  2.753894057E+02  7.148754857E-01 
       310  7.325557335E-02  1.653928843E-01  6.228962682E-02  1.150704089E+05  2.406285249E+02  3.475488758E+02  3.007992640E+02  2.657743725E+02  7.086612792E-01 
       311  7.526114685E-02  1.645964451E-01  6.493668120E-02  1.164501387E+05  2.397886295E+02  3.481483154E+02  3.018376236E+02  2.626288338E+02  7.099833861E-01 
       312  8.099008587E-02  1.620989224E-01  7.305121222E-02  1.189751260E+05  2.376946507E+02  3.491536293E+02  3.035822678E+02  2.550944500E+02  7.103627548E-01 
       313  8.281625202E-02  1.612441772E-01  7.580722199E-02  1.192300479E+05  2.371554947E+02  3.491999207E+02  3.036626663E+02  2.543990288E+02  7.124959156E-01 
       314  8.462318717E-02  1.604029889E-01  7.856519154E-02  1.193960583E+05  2.366037045E+02  3.492324095E+02  3.037191067E+02  2.543362651E+02  7.161114980E-01 
       315  8.638808364E-02  1.595156660E-01  8.135371941E-02  1.194358381E+05  2.362818317E+02  3.492030487E+02  3.036680117E+02  2.541972919E+02  7.180669233E-01 
       316  8.818531781E-02  1.586346563E-01  8.418846896E-02  1.193862343E+05  2.365033240E+02  3.490515631E+02  3.034047053E+02  2.535675456E+02  7.149907749E-01 
       317  9.153487112E-02  1.568453452E-01  8.985396979E-02  1.193166047E+05  2.364337535E+02  3.490423756E+02  3.033892550E+02  2.537625289E+02  7.160792612E-01 
       318  9.319079870E-02  1.559467714E-01  9.269883327E-02  1.193501709E+05  2.365852261E+02  3.490710602E+02  3.034391193E+02  2.536163216E+02  7.155075409E-01 
       319  9.639067810E-02  1.541493463E-01  9.845101971E-02  1.194320400E+05  2.373274250E+02  3.489795837E+02  3.032796726E+02  2.535862274E+02  7.135957852E-01 
       320  9.789700787E-02  1.532238030E-01  1.013752208E-01  1.194153876E+05  2.382666600E+02  3.488788271E+02  3.031045022E+02  2.535053549E+02  7.087975815E-01 
       321  9.939560036E-02  1.523575645E-01  1.043121280E-01  1.193272793E+05  2.389155903E+02  3.487372360E+02  3.028584633E+02  2.539121323E+02  7.072322145E-01 
       322  1.008373928E-01  1.515239935E-01  1.072922639E-01  1.191526650E+05  2.395665112E+02  3.485464211E+02  3.025270977E+02  2.547862625E+02  7.061152235E-01 
       323  1.021925752E-01  1.507164957E-01  1.103173974E-01  1.189545935E+05  2.407457972E+02  3.483424568E+02  3.021735010E+02  2.561897092E+02  7.024782263E-01 
       324  1.063175391E-01  1.486079647E-01  1.265700906E-01  1.184147480E+05  2.416814651E+02  3.490118256E+02  3.033388596E+02  2.525559502E+02  6.980601251E-01 
       325  1.064822206E-01  1.487022474E-01  1.299738775E-01  1.184518711E+05  2.380616226E+02  3.502218628E+02  3.054469032E+02  2.436059074E+02  7.062501460E-01 
       326  1.066476119E-01  1.488146338E-01  1.333799290E-01  1.183952578E+05  2.341534958E+02  3.513242836E+02  3.073708572E+02  2.360211182E+02  7.180603072E-01 
       327  1.068180965E-01  1.489318139E-01  1.367854531E-01  1.182882617E+05  2.317183304E+02  3.517763557E+02  3.081605682E+02  2.334387321E+02  7.277034447E-01 
       328  1.069979625E-01  1.490578552E-01  1.401905319E-01  1.182102549E+05  2.316549587E+02  3.513857040E+02  3.074768620E+02  2.364575310E+02  7.305669785E-01 
       329  1.071817424E-01  1.491887345E-01  1.435955648E-01  1.182059346E+05  2.340685539E+02  3.503638515E+02  3.055218582E+02  2.437636366E+02  7.256509922E-01 
       330  1.073851999E-01  1.493347905E-01  1.470000044E-01  1.181382266E+05  2.382558517E+02  3.492032776E+02  3.024568787E+02  2.524313660E+02  7.153953016E-01 
       331 -5.132010553E-03  2.399711247E-01 -4.600000034E-02  8.418018359E+04  1.736520863E+02  3.307933064E+02  2.734137592E+02  4.403314705E+02  1.165392995E+00 
       332 -5.128125210E-03  2.399809281E-01 -4.210430258E-02  8.352106348E+04  1.758413792E+02  3.303314114E+02  2.717342219E+02  4.420929708E+02  1.161787182E+00 
       333 -5.125201508E-03  2.399922328E-01 -3.820870464E-02  8.162035413E+04  1.790768963E+02  3.296431651E+02  2.706040919E+02  4.446339316E+02  1.156435841E+00 
       334 -5.121813889E-03  2.400095995E-01 -3.431329778E-02  8.007971655E+04  1.832418143E+02  3.287457829E+02  2.691319572E+02  4.479506626E+02  1.149629897E+00 
       335 -5.119016059E-03  2.400291916E-01 -3.041776666E-02  7.883448289E+04  1.863546803E+02  3.280329683E+02  2.679658864E+02  4.505945813E+02  1.144803248E+00 
       336 -5.114574788E-03  2.400538233E-01 -2.652182619E-02  7.779401854E+04  1.881843868E+02  3.278346570E+02  2.676416245E+02  4.515832658E+02  1.141339253E+00 
       337 -5.109553763E-03  2.400828758E-01 -2.262552630E-02  7.788730029E+04  1.867099774E+02  3.284265623E+02  2.686145239E+02  4.497793503E+02  1.143170908E+00 
       338 -5.103895973E-03  2.401152952E-01 -1.872899116E-02  8.241082251E+04  1.782012758E+02  3.304869587E+02  2.720014462E+02  4.417408960E+02  1.156127604E+00 
       339 -4.925504783E-03  2.402473149E-01 -7.056915668E-03  8.325232059E+04  1.755540138E+02  3.310383735E+02  2.729026432E+02  4.399729108E+02  1.160573010E+00 
       340 -3.715119829E-03  2.403023013E-01 -3.373311706E-03  8.055177429E+04  1.816723989E+02  3.296372306E+02  2.705945340E+02  4.454972072E+02  1.150862155E+00 
       341 -1.562012846E-03  2.403581740E-01 -1.360753051E-04  7.993012261E+04  1.841336619E+02  3.289584321E+02  2.694798499E+02  4.480150275E+02  1.147456790E+00 
       342  1.133764527E-03  2.404094608E-01  2.675248428E-03  7.982216260E+04  1.845909262E+02  3.288180923E+02  2.692499800E+02  4.485771523E+02  1.147118811E+00 
       343  4.137632423E-03  2.404197044E-01  5.149238455E-03  7.959553429E+04  1.848875705E+02  3.286777684E+02  2.690202151E+02  4.489606156E+02  1.147071541E+00 
       344  7.316400202E-03  2.403253331E-01  7.399564588E-03  7.919325326E+04  1.850971716E+02  3.284766244E+02  2.686909169E+02  4.494193138E+02  1.147371153E+00 
       345  1.395577155E-02  2.400667001E-01  1.148649181E-02  8.931102734E+04  1.671934862E+02  3.328252048E+02  2.758653088E+02  4.331366787E+02  1.176769461E+00 
       346  1.735065466E-02  2.397965962E-01  1.337576268E-02  8.827328027E+04  1.628358917E+02  3.335526085E+02  2.770649338E+02  4.295426369E+02  1.183838218E+00 
       347  2.419161170E-02  2.391929427E-01  1.704637434E-02  8.082707520E+04  1.836183968E+02  3.294846802E+02  2.703431778E+02  4.458168869E+02  1.147433415E+00 
       348  2.761839379E-02  2.387452844E-01  1.884103948E-02  8.109875293E+04  1.844199028E+02  3.296013985E+02  2.705338554E+02  4.451097031E+02  1.144613266E+00 
       349  3.105226563E-02  2.382885234E-01  2.062260888E-02  8.124370117E+04  1.847753935E+02  3.298826675E+02  2.709954815E+02  4.441882343E+02  1.142866567E+00 
       350  3.788868369E-02  2.371344800E-01  2.417075674E-02  8.008300488E+04  1.878898087E+02  3.293892975E+02  2.701862774E+02  4.471123161E+02  1.138703585E+00 
       351  4.468291751E-02  2.357525484E-01  2.771953789E-02  8.063334668E+04  1.889062080E+02  3.295023193E+02  2.703743324E+02  4.449723473E+02  1.136242650E+00 
       352  4.805699300E-02  2.349490393E-01  2.948953136E-02  8.122225037E+04  1.886761355E+02  3.298057208E+02  2.708718009E+02  4.433214979E+02  1.136878867E+00 
       353  5.140582287E-02  2.340778219E-01  3.127771149E-02  8.070070752E+04  1.903455229E+02  3.294953804E+02  2.703613491E+02  4.443453846E+02  1.135320798E+00 
       354  5.473006301E-02  2.331020583E-01  3.305777180E-02  7.962439063E+04  1.934912796E+02  3.288537712E+02  2.693096085E+02  4.461437225E+02  1.130955160E+00 
       355  5.803984836E-02  2.320923676E-01  3.484458617E-02  7.813052881E+04  1.977657185E+02  3.278684845E+02  2.676983414E+02  4.493531570E+02  1.125348993E+00 
       356  6.132921494E-02  2.310454118E-01  3.665150486E-02  7.633715005E+04  2.020817844E+02  3.267525358E+02  2.658793409E+02  4.524008266E+02  1.119644701E+00 
       357  6.777528194E-02  2.285846393E-01  4.027160278E-02  8.512512891E+04  2.168880272E+02  3.324824600E+02  2.753143082E+02  4.302147789E+02  1.061291441E+00 
       358  7.097972553E-02  2.273472007E-01  4.209367684E-02  9.087020020E+04  2.301612434E+02  3.356199532E+02  2.805089569E+02  4.153705444E+02  1.013916507E+00 
       359  7.412444428E-02  2.259565065E-01  4.393674079E-02  8.841600781E+04  2.354064541E+02  3.339209385E+02  2.776784945E+02  4.241779213E+02  1.008452849E+00 
       360  7.725834663E-02  2.245514312E-01  4.577102978E-02  8.431629395E+04  2.400554657E+02  3.316327877E+02  2.738811340E+02  4.330207996E+02  1.004622374E+00 
       361  8.037011026E-02  2.231435234E-01  4.763983740E-02  8.757855469E+04  2.401648178E+02  3.334421883E+02  2.769073029E+02  4.265879936E+02  1.001116350E+00 
       362  8.343109451E-02  2.215945322E-01  4.950276897E-02  1.046922040E+05  2.257313761E+02  3.417096586E+02  2.908618982E+02  3.903957229E+02  1.017829454E+00 
       363  8.646988642E-02  2.201046420E-01  5.141624103E-02  1.226240430E+05  2.169872355E+02  3.490990629E+02  3.035117130E+02  3.528224773E+02  1.021534322E+00 
       364  9.242245520E-02  2.169732682E-01  5.534503106E-02  1.172806255E+05  2.252925406E+02  3.481915569E+02  3.019315052E+02  3.586010933E+02  9.876609407E-01 
       365  9.533631835E-02  2.153857768E-01  5.738443174E-02  1.178222489E+05  2.258732860E+02  3.485756798E+02  3.026055183E+02  3.543350787E+02  9.823467135E-01 
       366  9.819952312E-02  2.138016843E-01  5.949569436E-02  1.189882559E+05  2.277422276E+02  3.495643711E+02  3.043275871E+02  3.488101807E+02  9.726730213E-01 
       367  1.009694591E-01  2.121295788E-01  6.167326851E-02  1.196622874E+05  2.296361318E+02  3.502511339E+02  3.055272655E+02  3.450053549E+02  9.631192330E-01 
       368  1.037116704E-01  2.105064985E-01  6.390540356E-02  1.201398857E+05  2.308177376E+02  3.508507977E+02  3.065772209E+02  3.420239754E+02  9.564336501E-01 
       369  1.064180189E-01  2.088777679E-01  6.618856681E-02  1.207398804E+05  2.310695143E+02  3.512983627E+02  3.073581085E+02  3.397855835E+02  9.529570043E-01 
       370  1.090480686E-01  2.071800512E-01  6.850700508E-02  1.213639380E+05  2.307915897E+02  3.516707439E+02  3.080091572E+02  3.375239658E+02  9.513068311E-01 
       371  1.116790455E-01  2.055210471E-01  7.084353951E-02  1.218873096E+05  2.305483668E+02  3.521110020E+02  3.087807660E+02  3.355250616E+02  9.503921662E-01 
       372  1.142974452E-01  2.038484190E-01  7.319785208E-02  1.222406558E+05  2.295409360E+02  3.522540894E+02  3.090275660E+02  3.348337975E+02  9.518105201E-01 
       373  1.168416696E-01  2.021295301E-01  7.558130371E-02  1.224722754E+05  2.285121603E+02  3.524284210E+02  3.093347244E+02  3.338930225E+02  9.537814595E-01 
       374  1.193277496E-01  2.004108846E-01  7.805168345E-02  1.226470198E+05  2.271855793E+02  3.525051851E+02  3.094712830E+02  3.330832272E+02  9.568139659E-01 
       375  1.217693779E-01  1.987784452E-01  8.060399866E-02  1.226681599E+05  2.256067734E+02  3.524376965E+02  3.093515177E+02  3.331166258E+02  9.609671943E-01 
       376  1.240793489E-01  1.970470446E-01  8.322373237E-02  1.226475205E+05  2.237733097E+02  3.523092546E+02  3.091254959E+02  3.334412279E+02  9.658579081E-01 
       377  1.263696524E-01  1.953872062E-01  8.590193330E-02  1.227528505E+05  2.216913549E+02  3.523975251E+02  3.092737219E+02  3.328864419E+02  9.711659676E-01 
       378  1.285811840E-01  1.937639536E-01  8.866989816E-02  1.230605062E+05  2.201482964E+02  3.517834287E+02  3.081906900E+02  3.354463539E+02  9.753199406E-01 
       379  1.378530526E-01  1.861918564E-01  1.119425893E-01  1.231794097E+05  2.207014647E+02  3.554364538E+02  3.146156788E+02  3.131852169E+02  9.694888443E-01 
       380  1.378280879E-01  1.861358471E-01  1.158380052E-01  1.229468335E+05  2.238515906E+02  3.567917938E+02  3.170193624E+02  3.055946913E+02  9.600854330E-01 
       381  1.378172244E-01  1.861105784E-01  1.197328496E-01  1.228137217E+05  2.260830116E+02  3.571345029E+02  3.176303248E+02  3.036141682E+02  9.532860704E-01 
       382  1.378137064E-01  1.861013403E-01  1.236281983E-01  1.228616428E+05  2.269936597E+02  3.564579115E+02  3.164325228E+02  3.079937186E+02  9.497302854E-01 
       383  1.378232998E-01  1.861207539E-01  1.275238734E-01  1.229677935E+05  2.267990020E+02  3.552876554E+02  3.143603046E+02  3.158724429E+02  9.498483609E-01 
       384  1.378388478E-01  1.861485149E-01  1.314192119E-01  1.230521397E+05  2.254907802E+02  3.541560182E+02  3.123587260E+02  3.233059179E+02  9.541798637E-01 
       385  1.378667705E-01  1.861922064E-01  1.353144338E-01  1.231155778E+05  2.236351168E+02  3.536097152E+02  3.113952785E+02  3.263169482E+02  9.609976728E-01 
       386  1.378917792E-01  1.862393165E-01  1.392095884E-01  1.231440750E+05  2.223066270E+02  3.531550951E+02  3.105922290E+02  3.277557644E+02  9.650691780E-01 
       387  1.379128913E-01  1.862912877E-01  1.431056120E-01  1.231666535E+05  2.214397623E+02  3.529881766E+02  3.100698967E+02  3.272774632E+02  9.671794758E-01 
       388  1.379274402E-01  1.863453723E-01  1.469999959E-01  1.232162915E+05  2.207206821E+02  3.534379430E+02  3.101794229E+02  3.238456373E+02  9.694402497E-01 
       389 -3.389247132E-02  1.007789921E-01 -4.300551245E-02  8.754588574E+04  1.539709234E+02  3.330590458E+02  2.762392120E+02  2.358109951E+02  8.593974151E-01 
       390 -3.372456358E-02  1.010433636E-01 -4.002223516E-02  8.745647083E+04  1.544682994E+02  3.330209890E+02  2.761761280E+02  2.363892260E+02  8.588916553E-01 
       391 -3.329024078E-02  1.014074167E-01 -3.707963811E-02  8.734090594E+04  1.551455872E+02  3.329560795E+02  2.760684249E+02  2.371173653E+02  8.580341274E-01 
       392 -3.255620303E-02  1.018883264E-01 -3.421559131E-02  8.722093091E+04  1.558773531E+02  3.328799360E+02  2.759421414E+02  2.378787221E+02  8.570705774E-01 
       393 -3.153373485E-02  1.024554568E-01 -3.145384174E-02  8.710742551E+04  1.566023622E+02  3.328058464E+02  2.758193762E+02  2.386086198E+02  8.560958022E-01 
       394 -3.028950121E-02  1.031058036E-01 -2.880322264E-02  8.700526828E+04  1.573074664E+02  3.327440987E+02  2.757170529E+02  2.393422322E+02  8.552902164E-01 
       395 -2.888173412E-02  1.037838005E-01 -2.624318977E-02  8.692177706E+04  1.579354448E+02  3.326980525E+02  2.756407093E+02  2.399838523E+02  8.546082263E-01 
       396 -2.733119538E-02  1.044792183E-01 -2.377110822E-02  8.684580192E+04  1.584707979E+02  3.326604382E+02  2.755784600E+02  2.406074174E+02  8.543888674E-01 
       397 -2.568342124E-02  1.052055751E-01 -2.135968630E-02  8.673537000E+04  1.589907058E+02  3.326054697E+02  2.754873354E+02  2.413990602E+02  8.548593378E-01 
       398 -2.397735570E-02  1.059146334E-01 -1.899049647E-02  8.653453955E+04  1.596062824E+02  3.324995282E+02  2.753118948E+02  2.425163436E+02  8.559655421E-01 
       399 -2.220871387E-02  1.066063154E-01 -1.667396516E-02  8.616302679E+04  1.606381905E+02  3.322991723E+02  2.749801506E+02  2.442928631E+02  8.571625664E-01 
       400 -2.041003203E-02  1.073389070E-01 -1.437512078E-02  8.557054880E+04  1.624884368E+02  3.319751204E+02  2.744441993E+02  2.469937088E+02  8.572735754E-01 
       401 -1.856976066E-02  1.079715131E-01 -1.211630566E-02  8.486789058E+04  1.652541164E+02  3.315883416E+02  2.738050686E+02  2.500006294E+02  8.536888184E-01 
       402 -1.670953655E-02  1.086522831E-01 -9.860640570E-03  8.433109378E+04  1.685539412E+02  3.312900345E+02  2.733126084E+02  2.524828284E+02  8.454776282E-01 
       403 -1.482329113E-02  1.093026603E-01 -7.620995183E-03  8.439961363E+04  1.710265944E+02  3.313305111E+02  2.733794180E+02  2.526693986E+02  8.335607530E-01 
       404 -1.292306254E-02  1.099268373E-01 -5.385291055E-03  8.529984131E+04  1.716243091E+02  3.318339148E+02  2.742109261E+02  2.498054533E+02  8.210211210E-01 
       405 -1.101845801E-02  1.105590611E-01 -3.137660868E-03  8.699442261E+04  1.702718238E+02  3.327659324E+02  2.757536409E+02  2.440546820E+02  8.094509074E-01 
       406 -9.120841472E-03  1.111701815E-01 -8.914052251E-04  8.942544907E+04  1.673399763E+02  3.340802395E+02  2.779363216E+02  2.354535604E+02  7.981059882E-01 
       407 -7.240675928E-03  1.117476218E-01  1.353994698E-03  9.254075217E+04  1.642476669E+02  3.357361389E+02  2.806986189E+02  2.237729991E+02  7.802644398E-01 
       408 -5.370549944E-03  1.123083196E-01  3.627204146E-03  9.643759644E+04  1.636719177E+02  3.376982074E+02  2.839885278E+02  2.094848859E+02  7.436981583E-01 
       409 -3.530590186E-03  1.128981262E-01  5.933484609E-03  9.838401114E+04  1.732451663E+02  3.386564065E+02  2.856023501E+02  2.022562761E+02  6.697129993E-01 
       410 -1.726912218E-03  1.134387153E-01  8.259926622E-03  9.794950562E+04  1.850755906E+02  3.384592137E+02  2.852697568E+02  2.047274227E+02  6.088760197E-01 
       411  3.734044288E-05  1.140039107E-01  1.062617763E-02  9.714535034E+04  1.943283982E+02  3.380572729E+02  2.845927153E+02  2.089584746E+02  5.698413020E-01 
       412  1.740848712E-03  1.145879687E-01  1.302702968E-02  9.638527142E+04  2.019962566E+02  3.376808259E+02  2.839590967E+02  2.129557898E+02  5.404713115E-01 
       413  3.387617433E-03  1.151172021E-01  1.547343878E-02  9.578030603E+04  2.087803959E+02  3.373844898E+02  2.834610077E+02  2.160568522E+02  5.139671925E-01 
       414  4.957112811E-03  1.157081541E-01  1.796238578E-02  9.518638013E+04  2.157183802E+02  3.370633464E+02  2.829216981E+02  2.194098175E+02  4.883114202E-01 
       415  6.462677552E-03  1.163151534E-01  2.048609031E-02  9.451431592E+04  2.223677783E+02  3.367016563E+02  2.823148341E+02  2.231709328E+02  4.662277317E-01 
       416  7.926557233E-03  1.168909271E-01  2.304605918E-02  9.391143677E+04  2.281706600E+02  3.363896143E+02  2.817916851E+02  2.264489565E+02  4.475437175E-01 
       417  9.338612782E-03  1.175119790E-01  2.562398907E-02  9.353125520E+04  2.332714936E+02  3.361953426E+02  2.814662482E+02  2.288740949E+02  4.303384524E-01 
       418  1.068984297E-02  1.181121478E-01  2.822455248E-02  9.336270001E+04  2.379953340E+02  3.361079851E+02  2.813199531E+02  2.305485138E+02  4.126930928E-01 
       419  1.198650266E-02  1.187330819E-01  3.085849659E-02  9.331210313E+04  2.425145885E+02  3.360793334E+02  2.812720317E+02  2.318670541E+02  3.951249348E-01 
       420  1.322982934E-02  1.193430432E-01  3.352159396E-02  9.338842181E+04  2.466619063E+02  3.361158044E+02  2.813330620E+02  2.326966107E+02  3.778379060E-01 
       421  1.439865389E-02  1.199672983E-01  3.621509854E-02  9.362199747E+04  2.503178526E+02  3.362368351E+02  2.815357419E+02  2.329140933E+02  3.610944531E-01 
       422  1.553995729E-02  1.205631245E-01  3.892438234E-02  9.404153220E+04  2.534915361E+02  3.364505713E+02  2.818938242E+02  2.324367657E+02  3.444171613E-01 
       423  1.662952250E-02  1.211745408E-01  4.165332372E-02  9.463879318E+04  2.561447589E+02  3.367491471E+02  2.823943895E+02  2.313950619E+02  3.286978437E-01 
       424  1.764894372E-02  1.217373945E-01  4.441857664E-02  9.538551974E+04  2.582448372E+02  3.371319530E+02  2.830369035E+02  2.296168168E+02  3.130905707E-01 
       425  1.861873940E-02  1.222791769E-01  4.720617614E-02  9.630954276E+04  2.600356035E+02  3.375983330E+02  2.838205496E+02  2.271749277E+02  2.968007130E-01 
       426  1.950820179E-02  1.228336643E-01  5.001741530E-02  9.727872580E+04  2.618239782E+02  3.380785592E+02  2.846286558E+02  2.246263452E+02  2.801267629E-01 
       427  2.036944420E-02  1.233245632E-01  5.285072558E-02  9.825463007E+04  2.634807055E+02  3.385603410E+02  2.854405398E+02  2.219369997E+02  2.634073055E-01 
       428  2.117157025E-02  1.238295963E-01  5.569831964E-02  9.923469055E+04  2.650704441E+02  3.390400696E+02  2.862500601E+02  2.192331753E+02  2.471302652E-01 
       429  2.190592593E-02  1.242947792E-01  5.857026217E-02  1.001673274E+05  2.667354269E+02  3.394928455E+02  2.870150900E+02  2.166186438E+02  2.304488905E-01 
       430  2.257248913E-02  1.247551336E-01  6.145961794E-02  1.010358037E+05  2.685174942E+02  3.399124107E+02  2.877249117E+02  2.142412624E+02  2.139597414E-01 
       431  2.314781749E-02  1.251835029E-01  6.437124902E-02  1.017862683E+05  2.705465713E+02  3.402743120E+02  2.883378477E+02  2.122201633E+02  1.969415364E-01 
       432  2.363318974E-02  1.255957621E-01  6.730774801E-02  1.024125305E+05  2.728301375E+02  3.405755348E+02  2.888484778E+02  2.106382923E+02  1.798789247E-01 
       433  2.402789138E-02  1.260195069E-01  7.025072331E-02  1.029011797E+05  2.753628340E+02  3.408086033E+02  2.892439194E+02  2.095777607E+02  1.632129913E-01 
       434  2.431727977E-02  1.264030352E-01  7.321094069E-02  1.032206533E+05  2.781989555E+02  3.409630642E+02  2.895061111E+02  2.090826378E+02  1.464897329E-01 
       435  2.453016930E-02  1.268032789E-01  7.617447467E-02  1.033741946E+05  2.813116350E+02  3.410395031E+02  2.896359220E+02  2.092376480E+02  1.305753719E-01 
       436  2.462079541E-02  1.271795605E-01  7.915094878E-02  1.032894247E+05  2.848295815E+02  3.410017917E+02  2.895718904E+02  2.102573235E+02  1.153424977E-01 
       437  2.463902970E-02  1.275610820E-01  8.212637731E-02  1.029009170E+05  2.887468677E+02  3.408180432E+02  2.892599211E+02  2.124346671E+02  1.023218556E-01 
       438  2.457492051E-02  1.279220853E-01  8.510260082E-02  1.021061416E+05  2.929705311E+02  3.404416568E+02  2.886213377E+02  2.160660268E+02  9.337990383E-02 
       439  2.441429013E-02  1.282749863E-01  8.807550525E-02  1.008518241E+05  2.966249038E+02  3.398483230E+02  2.876160921E+02  2.210871027E+02  9.375845895E-02 
       440  2.420234297E-02  1.286273229E-01  9.105186832E-02  1.001529770E+05  2.968144864E+02  3.395138495E+02  2.870502703E+02  2.243167416E+02  1.079258241E-01 
       441  2.388558350E-02  1.289647853E-01  9.401845916E-02  1.004882841E+05  2.940131610E+02  3.396652108E+02  2.873063264E+02  2.235808233E+02  1.235067403E-01 
       442  2.351928731E-02  1.293134864E-01  9.696958543E-02  1.014112741E+05  2.901551259E+02  3.401122490E+02  2.880630073E+02  2.205963920E+02  1.365896247E-01 
       443  2.306449285E-02  1.296327241E-01  9.991680403E-02  1.025678887E+05  2.866509590E+02  3.406551046E+02  2.889833641E+02  2.166741786E+02  1.437870772E-01 
       444  2.257188759E-02  1.299515661E-01  1.028605699E-01  1.037242939E+05  2.837743664E+02  3.412109928E+02  2.899272499E+02  2.127177048E+02  1.473220387E-01 
       445  2.201092100E-02  1.302726916E-01  1.057899135E-01  1.047472469E+05  2.816734324E+02  3.417303392E+02  2.908104546E+02  2.092178295E+02  1.481960607E-01 
       446  2.143382683E-02  1.305960230E-01  1.087107054E-01  1.055928415E+05  2.802027971E+02  3.421976855E+02  2.916064184E+02  2.063565220E+02  1.478979047E-01 
       447  2.076802587E-02  1.309307408E-01  1.116221513E-01  1.062417393E+05  2.792971897E+02  3.426019039E+02  2.922957535E+02  2.041572332E+02  1.467253063E-01 
       448  2.010215597E-02  1.312657467E-01  1.145293522E-01  1.067204170E+05  2.787197447E+02  3.429411182E+02  2.928748617E+02  2.025887003E+02  1.460307026E-01 
       449  1.945135245E-02  1.316056955E-01  1.174374795E-01  1.070595845E+05  2.783751485E+02  3.432316012E+02  2.933711658E+02  2.016372402E+02  1.464088482E-01 
       450  1.885387307E-02  1.319548677E-01  1.203553293E-01  1.072822086E+05  2.782223809E+02  3.434232614E+02  2.936988811E+02  2.012728127E+02  1.479555240E-01 
       451  1.837479322E-02  1.322913677E-01  1.233018373E-01  1.074166172E+05  2.781550694E+02  3.435137587E+02  2.938536911E+02  2.013828115E+02  1.508514895E-01 
       452  1.811263581E-02  1.325954541E-01  1.262715907E-01  1.074635991E+05  2.781648102E+02  3.435367928E+02  2.938930798E+02  2.018218212E+02  1.544156102E-01 
       453  1.805653049E-02  1.328847135E-01  1.292554963E-01  1.074456206E+05  2.782458706E+02  3.435214705E+02  2.938668990E+02  2.025156827E+02  1.586310803E-01 
       454  1.819877737E-02  1.331672438E-01  1.322380588E-01  1.073654153E+05  2.784351031E+02  3.434724385E+02  2.937830385E+02  2.034276519E+02  1.630303770E-01 
       455  1.852494771E-02  1.334510277E-01  1.352129826E-01  1.072413967E+05  2.787502371E+02  3.433941934E+02  2.936491408E+02  2.045496094E+02  1.676249066E-01 
       456  1.890761882E-02  1.337081709E-01  1.381756048E-01  1.070641657E+05  2.792048454E+02  3.432816410E+02  2.934566839E+02  2.058322355E+02  1.717694383E-01 
       457  1.937808835E-02  1.339540030E-01  1.411279949E-01  1.068521968E+05  2.797904494E+02  3.431597483E+02  2.932483163E+02  2.072609589E+02  1.756108447E-01 
       458  1.989552602E-02  1.341916383E-01  1.440726902E-01  1.066240732E+05  2.804399524E+02  3.430350544E+02  2.930353109E+02  2.087387873E+02  1.792248102E-01 
       459  2.048114376E-02  1.344526817E-01  1.469999956E-01  1.063323462E+05  2.812877436E+02  3.428663177E+02  2.927446747E+02  2.104098120E+02  1.819714997E-01 
       460 -4.772920012E-02  1.664853148E-01 -4.258181757E-02  8.252533601E+04  1.812666904E+02  3.302745652E+02  2.716396171E+02  3.428875451E+02  1.013659843E+00 
       461 -4.770031945E-02  1.666117663E-01 -3.916302660E-02  8.227389569E+04  1.818692372E+02  3.301304176E+02  2.714025738E+02  3.437449751E+02  1.013150274E+00 
       462 -4.768621633E-02  1.667606858E-01 -3.574527808E-02  8.184572913E+04  1.829804986E+02  3.298756185E+02  2.709838619E+02  3.451476688E+02  1.011904834E+00 
       463 -4.773671611E-02  1.669008759E-01 -3.232563070E-02  8.124180273E+04  1.845854025E+02  3.295164909E+02  2.703941784E+02  3.470395393E+02  1.009895790E+00 
       464 -4.779814392E-02  1.670685917E-01 -2.890641835E-02  8.045582593E+04  1.868045588E+02  3.290513887E+02  2.696315536E+02  3.494755516E+02  1.006840579E+00 
       465 -4.772832030E-02  1.672854950E-01 -2.549705171E-02  7.956611658E+04  1.896220665E+02  3.285187302E+02  2.687593708E+02  3.522493939E+02  1.002439303E+00 
       466 -4.733274936E-02  1.676197526E-01 -2.211766833E-02  7.887634814E+04  1.924793684E+02  3.281115084E+02  2.680934129E+02  3.544801064E+02  9.969210420E-01 
       467 -4.646629434E-02  1.680852894E-01 -1.884685997E-02  7.934855527E+04  1.937685547E+02  3.283939825E+02  2.685558957E+02  3.538031238E+02  9.912362006E-01 
       468 -4.497458874E-02  1.687177674E-01 -1.583913045E-02  8.258033789E+04  1.889109068E+02  3.302279463E+02  2.715667162E+02  3.450311108E+02  9.918710180E-01 
       469 -4.311049959E-02  1.694263862E-01 -1.306511329E-02  8.596382104E+04  1.825168710E+02  3.321401691E+02  2.747186918E+02  3.356094513E+02  9.974387344E-01 
       470 -4.101650432E-02  1.701661907E-01 -1.047820325E-02  8.763932764E+04  1.786136332E+02  3.330673237E+02  2.762530708E+02  3.316146107E+02  1.004321828E+00 
       471 -3.872443978E-02  1.709287414E-01 -8.043812788E-03  8.729612878E+04  1.770559187E+02  3.329086313E+02  2.759901905E+02  3.325769391E+02  1.011273974E+00 
       472 -3.634257562E-02  1.716543837E-01 -5.706210795E-03  8.518261426E+04  1.792825956E+02  3.317508698E+02  2.740748482E+02  3.385987911E+02  1.013609670E+00 
       473 -3.384972842E-02  1.724025179E-01 -3.469956820E-03  8.097406354E+04  1.873065698E+02  3.293644843E+02  2.701490891E+02  3.506001835E+02  1.007486865E+00 
       474 -3.133060076E-02  1.731099844E-01 -1.271304633E-03  7.599741171E+04  1.994038042E+02  3.263908303E+02  2.652917646E+02  3.648903596E+02  9.935775539E-01 
       475 -2.873453975E-02  1.737912906E-01  8.535856133E-04  7.290227759E+04  2.077247376E+02  3.244365339E+02  2.621222382E+02  3.736405668E+02  9.829799682E-01 
       476 -2.611690126E-02  1.744247281E-01  2.958268427E-03  7.167345544E+04  2.108899479E+02  3.236681528E+02  2.608817272E+02  3.771278510E+02  9.794645663E-01 
       477 -2.348835128E-02  1.750433393E-01  5.058280838E-03  7.050654752E+04  2.142908131E+02  3.229298682E+02  2.596932337E+02  3.806789916E+02  9.754741457E-01 
       478 -2.083113736E-02  1.756162102E-01  7.133742148E-03  6.915328076E+04  2.194645495E+02  3.220456867E+02  2.582729416E+02  3.849156952E+02  9.670973457E-01 
       479 -1.816607045E-02  1.761555279E-01  9.209141426E-03  6.916720776E+04  2.229082747E+02  3.220382452E+02  2.582613420E+02  3.851502419E+02  9.558407627E-01 
       480 -1.549262448E-02  1.766467189E-01  1.128626304E-02  7.203096436E+04  2.228025990E+02  3.239375229E+02  2.613253384E+02  3.778388252E+02  9.407612160E-01 
       481 -1.281959455E-02  1.771087169E-01  1.337222607E-02  8.502863123E+04  2.116894236E+02  3.316231863E+02  2.738903544E+02  3.421922572E+02  9.128310019E-01 
       482 -1.015361520E-02  1.775059034E-01  1.547159933E-02  9.732759655E+04  2.080133233E+02  3.382144998E+02  2.848592996E+02  3.090269776E+02  8.744779837E-01 
       483 -7.491200012E-03  1.778633735E-01  1.757589553E-02  9.720758984E+04  2.206839561E+02  3.381245537E+02  2.847088375E+02  3.102696304E+02  8.315700460E-01 
       484 -4.837064878E-03  1.782590199E-01  1.971143984E-02  8.892809692E+04  2.291587868E+02  3.338774462E+02  2.775994959E+02  3.329366264E+02  8.368516453E-01 
       485 -2.188499166E-03  1.785530451E-01  2.185094162E-02  8.892799109E+04  2.307416925E+02  3.338678359E+02  2.775826819E+02  3.328629959E+02  8.318497539E-01 
       486  4.329096806E-04  1.787998193E-01  2.404680664E-02  8.826102832E+04  2.347010479E+02  3.335266666E+02  2.770157375E+02  3.352589798E+02  8.226293772E-01 
       487  3.027224691E-03  1.790317150E-01  2.627094405E-02  8.791120435E+04  2.379162269E+02  3.333746412E+02  2.767630930E+02  3.369296148E+02  8.147961828E-01 
       488  5.626976121E-03  1.792222402E-01  2.847807669E-02  8.935720752E+04  2.391494658E+02  3.341507230E+02  2.780544174E+02  3.337090571E+02  8.056776170E-01 
       489  8.191038637E-03  1.793338257E-01  3.074695743E-02  9.252057288E+04  2.381183977E+02  3.358136008E+02  2.808311441E+02  3.249638760E+02  7.955658622E-01 
       490  1.074058355E-02  1.794129340E-01  3.303046409E-02  9.645915239E+04  2.359365892E+02  3.378222110E+02  2.842011296E+02  3.143723945E+02  7.872552036E-01 
       491  1.325979491E-02  1.793970135E-01  3.532576038E-02  1.000384792E+05  2.340772200E+02  3.395811262E+02  2.871669343E+02  3.049706347E+02  7.803036813E-01 
       492  1.577166567E-02  1.793535417E-01  3.765132951E-02  1.028744496E+05  2.330276523E+02  3.409362712E+02  2.894623728E+02  2.977018166E+02  7.742173336E-01 
       493  1.825553626E-02  1.792503646E-01  4.000403552E-02  1.052607913E+05  2.324133489E+02  3.420490713E+02  2.913545918E+02  2.914888487E+02  7.684604218E-01 
       494  2.071273564E-02  1.790845686E-01  4.238164633E-02  1.074865956E+05  2.318691571E+02  3.430630453E+02  2.930841717E+02  2.855668563E+02  7.631433709E-01 
       495  2.315348782E-02  1.789033294E-01  4.476881837E-02  1.095552601E+05  2.312927628E+02  3.439881268E+02  2.946669011E+02  2.800882006E+02  7.589197783E-01 
       496  2.554611962E-02  1.786610662E-01  4.720294885E-02  1.114380596E+05  2.308003540E+02  3.448221569E+02  2.960974684E+02  2.750625381E+02  7.551965956E-01 
       497  2.790553153E-02  1.783591187E-01  4.966367300E-02  1.131413398E+05  2.304502439E+02  3.455674515E+02  2.973786783E+02  2.704175940E+02  7.515364792E-01 
       498  3.023553076E-02  1.780531658E-01  5.215009418E-02  1.146565198E+05  2.302471738E+02  3.462226529E+02  2.985071683E+02  2.663098464E+02  7.481930293E-01 
       499  3.255140683E-02  1.777481834E-01  5.464573084E-02  1.159483183E+05  2.301486579E+02  3.467780805E+02  2.994655410E+02  2.628623115E+02  7.454322516E-01 
       500  3.480321611E-02  1.773622653E-01  5.719033452E-02  1.170004363E+05  2.302148200E+02  3.472270052E+02  3.002413709E+02  2.599463317E+02  7.424762854E-01 
       501  3.704366447E-02  1.769956776E-01  5.978074099E-02  1.178739303E+05  2.303429482E+02  3.475982137E+02  3.008835592E+02  2.576283298E+02  7.401223886E-01 
       502  3.923116288E-02  1.766153691E-01  6.237867612E-02  1.185499709E+05  2.305987952E+02  3.478796210E+02  3.013708615E+02  2.558691959E+02  7.377911275E-01 
       503  4.136429871E-02  1.761773997E-01  6.501205622E-02  1.190232392E+05  2.309944506E+02  3.480742425E+02  3.017081057E+02  2.546310742E+02  7.352684217E-01 
       504  4.348069858E-02  1.757484529E-01  6.766046190E-02  1.193062813E+05  2.314299278E+02  3.481911592E+02  3.019107151E+02  2.539983702E+02  7.332743686E-01 
       505  4.554226392E-02  1.753162813E-01  7.034950997E-02  1.194373066E+05  2.319205360E+02  3.482445498E+02  3.020033388E+02  2.538095751E+02  7.314812355E-01 
       506  4.756665315E-02  1.748560179E-01  7.306168772E-02  1.194303177E+05  2.324290413E+02  3.482382886E+02  3.019924452E+02  2.539935350E+02  7.298919759E-01 
       507  4.956604909E-02  1.743615796E-01  7.580968578E-02  1.192948090E+05  2.328756449E+02  3.481753026E+02  3.018832209E+02  2.545374827E+02  7.288535659E-01 
       508  5.152654947E-02  1.738670862E-01  7.855886540E-02  1.190812984E+05  2.331061313E+02  3.480791185E+02  3.017164104E+02  2.553222431E+02  7.289605231E-01 
       509  5.347325952E-02  1.733659220E-01  8.131742073E-02  1.189439999E+05  2.327699387E+02  3.480141288E+02  3.016036848E+02  2.558941470E+02  7.312562445E-01 
       510  5.541917190E-02  1.728212690E-01  8.412523757E-02  1.193916462E+05  2.317760170E+02  3.481917303E+02  3.019117152E+02  2.548157725E+02  7.345120184E-01 
       511  5.731737707E-02  1.722438844E-01  8.698058411E-02  1.202772943E+05  2.319550962E+02  3.485482539E+02  3.025304086E+02  2.523232088E+02  7.317481681E-01 
       512  5.917186437E-02  1.716911252E-01  8.979478553E-02  1.207321990E+05  2.334985344E+02  3.487252980E+02  3.028377814E+02  2.512021402E+02  7.247544930E-01 
       513  6.096387184E-02  1.711643945E-01  9.255110888E-02  1.206553354E+05  2.351531515E+02  3.486838976E+02  3.027659087E+02  2.516108431E+02  7.186714890E-01 
       514  6.270700241E-02  1.705757992E-01  9.544380808E-02  1.203601970E+05  2.365326185E+02  3.485559468E+02  3.025437069E+02  2.525047603E+02  7.139461655E-01 
       515  6.442263795E-02  1.699823167E-01  9.834544530E-02  1.200408805E+05  2.376009264E+02  3.484212021E+02  3.023097521E+02  2.534767544E+02  7.106502450E-01 
       516  6.612271722E-02  1.694054111E-01  1.012510921E-01  1.197575383E+05  2.384296916E+02  3.483070173E+02  3.021116304E+02  2.544081836E+02  7.085188264E-01 
       517  6.776083839E-02  1.688452726E-01  1.042003507E-01  1.195066234E+05  2.391202617E+02  3.482164918E+02  3.019546150E+02  2.552314678E+02  7.068942008E-01 
       518  6.936215302E-02  1.682812898E-01  1.071729988E-01  1.192756905E+05  2.397129278E+02  3.481511285E+02  3.018412788E+02  2.559820347E+02  7.055372798E-01 
       519  7.082677073E-02  1.677321085E-01  1.102128146E-01  1.190710755E+05  2.402729720E+02  3.481265211E+02  3.017985938E+02  2.565884957E+02  7.040316155E-01 
       520  7.220712168E-02  1.672497044E-01  1.133584680E-01  1.189097477E+05  2.408027647E+02  3.481668690E+02  3.018686058E+02  2.570963776E+02  7.027333172E-01 
       521  7.342602904E-02  1.668557431E-01  1.165154693E-01  1.187854247E+05  2.412854542E+02  3.482722621E+02  3.020514739E+02  2.574465365E+02  7.015587785E-01 
       522  7.439926912E-02  1.665467988E-01  1.197652411E-01  1.186726423E+05  2.417409275E+02  3.484006128E+02  3.022741265E+02  2.576244688E+02  7.002719389E-01 
       523  7.498839543E-02  1.664581038E-01  1.231239650E-01  1.185658574E+05  2.421440029E+02  3.484999275E+02  3.024463825E+02  2.578301964E+02  6.994814873E-01 
       524  7.530423640E-02  1.665023734E-01  1.265249777E-01  1.184540542E+05  2.426124668E+02  3.484981351E+02  3.024432402E+02  2.582666173E+02  6.986926412E-01 
       525  7.543612494E-02  1.666233331E-01  1.299370256E-01  1.183342871E+05  2.433284264E+02  3.483853436E+02  3.022475185E+02  2.591219082E+02  6.973553374E-01 
       526  7.553122174E-02  1.667952118E-01  1.333496155E-01  1.182224287E+05  2.441352105E+02  3.482595248E+02  3.020292516E+02  2.599281707E+02  6.957650250E-01 
       527  7.566054780E-02  1.669469890E-01  1.367626796E-01  1.181315984E+05  2.444348335E+02  3.482893438E+02  3.020812473E+02  2.594707799E+02  6.949459668E-01 
       528  7.583993244E-02  1.671002891E-01  1.401745263E-01  1.180691919E+05  2.434915310E+02  3.486484470E+02  3.027054888E+02  2.568062706E+02  6.971186097E-01 
       529  7.600645069E-02  1.672586086E-01  1.435869327E-01  1.179513000E+05  2.411020739E+02  3.494041364E+02  3.040206978E+02  2.516453743E+02  7.032146640E-01 
       530  7.611546960E-02  1.674572299E-01  1.470000031E-01  1.179873876E+05  2.379470558E+02  3.501703739E+02  3.054273202E+02  2.464465077E+02  7.127660015E-01 
       531 -5.220359409E-02  2.342994603E-01 -4.210986580E-02  8.130268152E+04  1.849535121E+02  3.294577140E+02  2.703848404E+02  4.452625369E+02  1.142432901E+00 
       532 -5.220192467E-02  2.343108577E-01 -3.821952920E-02  8.094626102E+04  1.862019634E+02  3.293368443E+02  2.700995874E+02  4.458291335E+02  1.139946334E+00 
       533 -5.220302368E-02  2.343278434E-01 -3.432921672E-02  8.176126047E+04  1.846288112E+02  3.298370883E+02  2.709218971E+02  4.440988595E+02  1.142108202E+00 
       534 -5.220531674E-02  2.343446645E-01 -3.043898101E-02  8.373855997E+04  1.799853778E+02  3.310158451E+02  2.728633854E+02  4.397035755E+02  1.149326090E+00 
       535 -5.220735409E-02  2.343651870E-01 -2.654892396E-02  8.568891602E+04  1.744723501E+02  3.321674824E+02  2.747637959E+02  4.351425400E+02  1.158631764E+00 
       536 -5.221355576E-02  2.343966826E-01 -2.266385481E-02  8.592495348E+04  1.725676434E+02  3.322965083E+02  2.749769118E+02  4.345905253E+02  1.162758131E+00 
       537 -5.221196162E-02  2.344309954E-01 -1.877454498E-02  8.428735779E+04  1.760303218E+02  3.313255694E+02  2.733736157E+02  4.384539043E+02  1.157786564E+00 
       538 -5.222596507E-02  2.344687402E-01 -1.488167101E-02  8.237448166E+04  1.807512875E+02  3.301796291E+02  2.714851487E+02  4.427993535E+02  1.150390984E+00 
       539 -5.222923531E-02  2.345160018E-01 -1.099302079E-02  8.120352472E+04  1.836502421E+02  3.294750168E+02  2.703269196E+02  4.454577138E+02  1.146015260E+00 
       540 -5.210275326E-02  2.345957540E-01 -7.104134264E-03  8.065639124E+04  1.848115414E+02  3.291892235E+02  2.698579416E+02  4.466136764E+02  1.144457858E+00 
       541 -5.114101036E-02  2.348545508E-01 -3.375994418E-03  8.038110619E+04  1.860217762E+02  3.290630800E+02  2.696510307E+02  4.474993213E+02  1.142597753E+00 
       542 -4.917766965E-02  2.353023755E-01 -5.047413344E-05  7.995755591E+04  1.871082687E+02  3.288362045E+02  2.692792654E+02  4.482868843E+02  1.140993584E+00 
       543 -4.661414278E-02  2.358651253E-01  2.823323178E-03  8.172589136E+04  1.843740506E+02  3.299463978E+02  2.711064358E+02  4.456150351E+02  1.145419288E+00 
       544 -4.374488282E-02  2.364440537E-01  5.350106892E-03  8.759279077E+04  1.683081362E+02  3.333246589E+02  2.766843133E+02  4.315657477E+02  1.171545567E+00 
       545 -4.059796688E-02  2.370222596E-01  7.583171126E-03  8.854937274E+04  1.659648370E+02  3.338155503E+02  2.774976022E+02  4.292861171E+02  1.175042571E+00 
       546 -3.738701819E-02  2.375676250E-01  9.702642239E-03  8.472496460E+04  1.766939349E+02  3.316981125E+02  2.739898860E+02  4.383072405E+02  1.156537734E+00 
       547 -3.407522408E-02  2.380263225E-01  1.169481074E-02  8.226065002E+04  1.834012756E+02  3.302577028E+02  2.716124148E+02  4.433891349E+02  1.144722093E+00 
       548 -3.073065008E-02  2.384984497E-01  1.361793802E-02  8.195219232E+04  1.840625196E+02  3.300897453E+02  2.713357155E+02  4.437473156E+02  1.143419610E+00 
       549 -2.732884007E-02  2.388770261E-01  1.546643341E-02  8.165724316E+04  1.845806258E+02  3.299419813E+02  2.710929937E+02  4.443261781E+02  1.142844016E+00 
       550 -2.390908864E-02  2.392176502E-01  1.728468609E-02  8.094265202E+04  1.864665257E+02  3.295308157E+02  2.704180852E+02  4.458745733E+02  1.140032611E+00 
       551 -2.044822495E-02  2.394794424E-01  1.908927170E-02  8.052702777E+04  1.880156983E+02  3.292753253E+02  2.699996922E+02  4.466178861E+02  1.137474476E+00 
       552 -1.699643969E-02  2.397114515E-01  2.086461287E-02  8.075752454E+04  1.876132822E+02  3.294098587E+02  2.702212715E+02  4.460401773E+02  1.138666727E+00 
       553 -1.354033893E-02  2.398615604E-01  2.263394957E-02  8.135981738E+04  1.863736658E+02  3.297632408E+02  2.708015881E+02  4.446184502E+02  1.141399175E+00 
       554 -1.007792796E-02  2.399171479E-01  2.439846914E-02  8.146493665E+04  1.862943244E+02  3.298229184E+02  2.708986044E+02  4.441749492E+02  1.142352981E+00 
       555 -6.592279415E-03  2.399646350E-01  2.619220728E-02  8.047834033E+04  1.877192330E+02  3.292676735E+02  2.699864254E+02  4.462056255E+02  1.141811654E+00 
       556 -3.124907716E-03  2.398994093E-01  2.794309000E-02  7.935818555E+04  1.898737574E+02  3.285933304E+02  2.688820152E+02  4.483545532E+02  1.139704756E+00 
       557  3.338943067E-04  2.398017910E-01  2.968583889E-02  1.023075881E+05  2.096657456E+02  3.406315688E+02  2.889531009E+02  3.977855933E+02  1.046279827E+00 
       558  3.794068913E-03  2.396169640E-01  3.144821874E-02  9.884611353E+04  2.104476113E+02  3.395155568E+02  2.870579534E+02  4.055848875E+02  1.051391868E+00 
       559  7.248441593E-03  2.393064044E-01  3.320284907E-02  9.518887988E+04  2.107377110E+02  3.375776596E+02  2.837873716E+02  4.127601509E+02  1.056495003E+00 
       560  1.068879679E-02  2.389885178E-01  3.498866898E-02  9.194098853E+04  2.119847150E+02  3.359680500E+02  2.810871267E+02  4.189393244E+02  1.058032289E+00 
       561  1.412543948E-02  2.386075767E-01  3.676435012E-02  8.881177710E+04  2.152655272E+02  3.342698841E+02  2.782532015E+02  4.258492746E+02  1.055422142E+00 
       562  1.753589177E-02  2.380598424E-01  3.855175648E-02  8.647945947E+04  2.179346218E+02  3.331242237E+02  2.763478775E+02  4.298071365E+02  1.052131154E+00 
       563  2.093820079E-02  2.375000001E-01  4.035454522E-02  9.032123730E+04  2.164404650E+02  3.359402637E+02  2.810785046E+02  4.244117317E+02  1.052386355E+00 
       564  2.432947450E-02  2.368878370E-01  4.215773147E-02  1.105617636E+05  2.039292279E+02  3.461534340E+02  2.984569382E+02  3.802986921E+02  1.060091649E+00 
       565  2.770729830E-02  2.361795572E-01  4.394886350E-02  1.265072173E+05  1.972240882E+02  3.519429383E+02  3.084543281E+02  3.428978620E+02  1.065835079E+00 
       566  3.105826597E-02  2.354459967E-01  4.578622705E-02  1.237781411E+05  1.971058109E+02  3.508114800E+02  3.064751782E+02  3.495429482E+02  1.063711406E+00 
       567  3.438758923E-02  2.346372217E-01  4.762879820E-02  1.196264971E+05  1.996044140E+02  3.493232531E+02  3.038771805E+02  3.569390499E+02  1.055064252E+00 
       568  3.771502906E-02  2.337669833E-01  4.947240569E-02  1.205969092E+05  2.008711293E+02  3.496959538E+02  3.045261810E+02  3.541951830E+02  1.050065119E+00 
       569  4.101460083E-02  2.329246351E-01  5.135281935E-02  1.218610646E+05  2.016473536E+02  3.502104740E+02  3.054227467E+02  3.508218727E+02  1.046816631E+00 
       570  4.428347740E-02  2.319960665E-01  5.324515281E-02  1.222623836E+05  2.025306894E+02  3.504082208E+02  3.057677221E+02  3.495141852E+02  1.043330073E+00 
       571  4.749748393E-02  2.310181580E-01  5.520824782E-02  1.228901606E+05  2.038307099E+02  3.506637955E+02  3.062140365E+02  3.475801458E+02  1.038583038E+00 
       572  5.066691057E-02  2.300652086E-01  5.723980181E-02  1.236981719E+05  2.057808850E+02  3.509480506E+02  3.067105734E+02  3.453194600E+02  1.032233372E+00 
       573  5.379140778E-02  2.290521307E-01  5.932353399E-02  1.243368119E+05  2.082866992E+02  3.512016129E+02  3.071539806E+02  3.434603113E+02  1.023952360E+00 
       574  5.683956615E-02  2.279793322E-01  6.149869556E-02  1.246772104E+05  2.114803600E+02  3.512980328E+02  3.073226738E+02  3.422125969E+02  1.013592120E+00 
       575  5.985072913E-02  2.269370111E-01  6.373374277E-02  1.246253447E+05  2.149345837E+02  3.512104053E+02  3.071695156E+02  3.419620476E+02  1.002691828E+00 
       576  6.280959972E-02  2.258492183E-01  6.601505396E-02  1.243326593E+05  2.184841630E+02  3.510222206E+02  3.068404609E+02  3.421440822E+02  9.914500879E-01 
       577  6.573461678E-02  2.247295145E-01  6.832363097E-02  1.238812166E+05  2.220484281E+02  3.507685690E+02  3.063971663E+02  3.425522594E+02  9.801995922E-01 
       578  6.865501872E-02  2.236625994E-01  7.064894084E-02  1.231269946E+05  2.253799043E+02  3.504266506E+02  3.058000261E+02  3.436380370E+02  9.699253356E-01 
       579  7.151541969E-02  2.224865137E-01  7.302188293E-02  1.218005835E+05  2.275963001E+02  3.499401960E+02  3.049515009E+02  3.455422759E+02  9.629232865E-01 
       580  7.433322259E-02  2.213060150E-01  7.543149031E-02  1.207163962E+05  2.271842852E+02  3.497074394E+02  3.045464072E+02  3.464880180E+02  9.635658842E-01 
       581  7.711325138E-02  2.201536844E-01  7.789825066E-02  1.236751182E+05  2.283555562E+02  3.512130368E+02  3.071744126E+02  3.386000924E+02  9.568538360E-01 
       582  7.981655167E-02  2.189959972E-01  8.044372180E-02  1.243009529E+05  2.315846343E+02  3.518348346E+02  3.082643371E+02  3.357421980E+02  9.446556391E-01 
       583  8.242371870E-02  2.177951216E-01  8.306797326E-02  1.239301890E+05  2.331812000E+02  3.519911442E+02  3.085401497E+02  3.350949078E+02  9.379363731E-01 
       584  8.497819178E-02  2.166305248E-01  8.576177505E-02  1.234511253E+05  2.335976512E+02  3.520566460E+02  3.086568155E+02  3.350672188E+02  9.353857704E-01 
       585  8.747465708E-02  2.155008942E-01  8.852176985E-02  1.230112515E+05  2.331432166E+02  3.520954218E+02  3.087265081E+02  3.351118116E+02  9.357980881E-01 
       586  8.983863293E-02  2.143275504E-01  9.137087988E-02  1.227593643E+05  2.320293074E+02  3.520834656E+02  3.087068648E+02  3.350159407E+02  9.381622225E-01 
       587  9.211779941E-02  2.131724912E-01  9.430579148E-02  1.227130020E+05  2.305159555E+02  3.520445184E+02  3.086388684E+02  3.349739006E+02  9.419077529E-01 
       588  9.424446159E-02  2.121023496E-01  9.738772987E-02  1.227996963E+05  2.286198871E+02  3.519782610E+02  3.085221068E+02  3.349652148E+02  9.470926157E-01 
       589  9.610967173E-02  2.111612431E-01  1.006666829E-01  1.228994360E+05  2.264747852E+02  3.517980081E+02  3.082048866E+02  3.352338425E+02  9.532089871E-01 
       590  9.742401869E-02  2.103903297E-01  1.042235364E-01  1.229783161E+05  2.240711728E+02  3.513965774E+02  3.075003898E+02  3.358859612E+02  9.601393474E-01 
       591  9.764724840E-02  2.101688920E-01  1.080985861E-01  1.229960493E+05  2.219667332E+02  3.508289552E+02  3.065060949E+02  3.367634053E+02  9.664147720E-01 
       592  9.763062643E-02  2.101108570E-01  1.119846410E-01  1.229323608E+05  2.210931950E+02  3.505938753E+02  3.060943552E+02  3.366446691E+02  9.690186522E-01 
       593  9.759894170E-02  2.100363093E-01  1.158782398E-01  1.228270576E+05  2.216185770E+02  3.513236136E+02  3.073719828E+02  3.326286364E+02  9.665253796E-01 
       594  9.760335841E-02  2.100041055E-01  1.197683889E-01  1.227229439E+05  2.225068590E+02  3.528290083E+02  3.100142727E+02  3.255515480E+02  9.627306133E-01 
       595  9.760552297E-02  2.099886023E-01  1.236588659E-01  1.226806740E+05  2.234338732E+02  3.545007379E+02  3.129581960E+02  3.176348247E+02  9.593426810E-01 
       596  9.760989540E-02  2.100145164E-01  1.275491461E-01  1.227429174E+05  2.242102910E+02  3.556235940E+02  3.149426747E+02  3.120972107E+02  9.572547191E-01 
       597  9.760550437E-02  2.100148949E-01  1.314412195E-01  1.228488008E+05  2.248421330E+02  3.559910049E+02  3.155951633E+02  3.103795385E+02  9.555602781E-01 
       598  9.762031038E-02  2.101034915E-01  1.353312483E-01  1.229931950E+05  2.251159995E+02  3.558313439E+02  3.153169390E+02  3.121650456E+02  9.551843968E-01 
       599  9.762506170E-02  2.101609083E-01  1.392228176E-01  1.231258294E+05  2.247995051E+02  3.553179948E+02  3.144102565E+02  3.162603940E+02  9.563530346E-01 
       600  9.764671237E-02  2.102092269E-01  1.431110049E-01  1.232228357E+05  2.236976156E+02  3.546661706E+02  3.132577882E+02  3.205600483E+02  9.600585131E-01 
       601  9.766256924E-02  2.102587391E-01  1.469999989E-01  1.233237349E+05  2.224127417E+02  3.542735481E+02  3.122899532E+02  3.227592611E+02  9.643778205E-01 
