nodenumber     x-coordinate     y-coordinate     z-coordinate         pressure velocity-magnitude      sound-speed      temperature rel-velocity-magnitude relative-velocity-angle 
         1 -2.216901913E-02  1.039879580E-01 -4.300600202E-02  8.754910408E+04  1.539576069E+02  3.330491835E+02  2.762228761E+02  2.357982171E+02  8.594172864E-01 
         2 -2.197401757E-02  1.042260031E-01 -4.002397295E-02  8.746535818E+04  1.544258105E+02  3.330064119E+02  2.761519034E+02  2.363251045E+02  8.589051324E-01 
         3 -2.150271627E-02  1.045375264E-01 -3.708169353E-02  8.736518292E+04  1.550180552E+02  3.329548297E+02  2.760663688E+02  2.369727910E+02  8.582357662E-01 
         4 -2.072290556E-02  1.049359494E-01 -3.421635317E-02  8.726333557E+04  1.556544304E+02  3.329015865E+02  2.759781094E+02  2.376735330E+02  8.575917138E-01 
         5 -1.964621854E-02  1.053757771E-01 -3.145501365E-02  8.715467944E+04  1.563427830E+02  3.328414669E+02  2.758784328E+02  2.384588575E+02  8.570144046E-01 
         6 -1.833909717E-02  1.058829391E-01 -2.880182754E-02  8.699849927E+04  1.571343570E+02  3.327601757E+02  2.757437239E+02  2.393811827E+02  8.563896436E-01 
         7 -1.686396899E-02  1.064019756E-01 -2.624136390E-02  8.680811377E+04  1.580372882E+02  3.326587906E+02  2.755757828E+02  2.404021797E+02  8.555446733E-01 
         8 -1.524276490E-02  1.069101094E-01 -2.376908005E-02  8.661812646E+04  1.589653928E+02  3.325563512E+02  2.754060373E+02  2.414924669E+02  8.548561800E-01 
         9 -1.353040875E-02  1.074492491E-01 -2.136449246E-02  8.639035144E+04  1.600894971E+02  3.324360256E+02  2.752068017E+02  2.427293150E+02  8.536533583E-01 
        10 -1.175719847E-02  1.079385502E-01 -1.899452623E-02  8.617134583E+04  1.613518084E+02  3.323214355E+02  2.750170898E+02  2.438269532E+02  8.512243573E-01 
        11 -9.920451205E-03  1.084473482E-01 -1.667649769E-02  8.608636658E+04  1.625103311E+02  3.322728857E+02  2.749367517E+02  2.446289313E+02  8.483524018E-01 
        12 -8.053093039E-03  1.089314126E-01 -1.437870322E-02  8.619031613E+04  1.632339326E+02  3.323248219E+02  2.750226525E+02  2.447292457E+02  8.453460908E-01 
        13 -6.139911673E-03  1.093816015E-01 -1.211111235E-02  8.663183447E+04  1.629102159E+02  3.325557852E+02  2.754051194E+02  2.434783511E+02  8.432400264E-01 
        14 -4.213714023E-03  1.098625599E-01 -9.853315987E-03  8.751816992E+04  1.607643147E+02  3.330198154E+02  2.761742592E+02  2.406716604E+02  8.458990641E-01 
        15 -2.267252226E-03  1.102821410E-01 -7.616721013E-03  8.853267627E+04  1.565242720E+02  3.335724850E+02  2.770917492E+02  2.371995773E+02  8.579601198E-01 
        16 -3.058463972E-04  1.106716081E-01 -5.380345181E-03  8.950044800E+04  1.495122967E+02  3.340813456E+02  2.779379253E+02  2.340525346E+02  8.867444750E-01 
        17  1.649896870E-03  1.110991589E-01 -3.144821902E-03  8.721825293E+04  1.466313505E+02  3.328780298E+02  2.759411480E+02  2.431867018E+02  9.352112180E-01 
        18  3.605378217E-03  1.114680886E-01 -8.997268064E-04  7.573927625E+04  1.757760475E+02  3.263034844E+02  2.651478691E+02  2.856210241E+02  9.365627822E-01 
        19  5.548952344E-03  1.118349081E-01  1.356589372E-03  6.982745776E+04  2.096040643E+02  3.226683886E+02  2.592763760E+02  3.071423881E+02  8.422811823E-01 
        20  7.472030685E-03  1.121892539E-01  3.633809071E-03  7.287281404E+04  2.105256553E+02  3.247860229E+02  2.626926658E+02  2.955461438E+02  7.887693408E-01 
        21  9.366594022E-03  1.125505666E-01  5.932977735E-03  7.654192175E+04  2.079075536E+02  3.269253800E+02  2.661616952E+02  2.852184813E+02  7.619111282E-01 
        22  1.122147558E-02  1.129077905E-01  8.263617067E-03  7.882871233E+04  2.092332568E+02  3.281769038E+02  2.682019651E+02  2.789002663E+02  7.314447439E-01 
        23  1.303284284E-02  1.132507638E-01  1.062953057E-02  8.035644216E+04  2.116386029E+02  3.291059406E+02  2.697220102E+02  2.729841090E+02  6.974815087E-01 
        24  1.479928419E-02  1.136234762E-01  1.303021626E-02  8.154381425E+04  2.156148360E+02  3.298347139E+02  2.709177582E+02  2.682327725E+02  6.600134796E-01 
        25  1.649617427E-02  1.139938279E-01  1.547769530E-02  8.261378522E+04  2.204269001E+02  3.304103940E+02  2.718642123E+02  2.646435983E+02  6.227048142E-01 
        26  1.811807173E-02  1.143837002E-01  1.797032872E-02  8.338348828E+04  2.259473066E+02  3.307537494E+02  2.724291272E+02  2.626284566E+02  5.875784289E-01 
        27  1.968166241E-02  1.148013513E-01  2.049621310E-02  8.354235547E+04  2.330018938E+02  3.307424228E+02  2.724102733E+02  2.630215206E+02  5.532012451E-01 
        28  2.119101764E-02  1.152299366E-01  2.305322148E-02  8.304557044E+04  2.414967315E+02  3.304370920E+02  2.719074609E+02  2.653957783E+02  5.183936559E-01 
        29  2.266338778E-02  1.156643914E-01  2.563116057E-02  8.241701611E+04  2.504694589E+02  3.300188613E+02  2.712198733E+02  2.687116050E+02  4.846040064E-01 
        30  2.408077791E-02  1.161159634E-01  2.823658064E-02  8.188524500E+04  2.587136829E+02  3.296984034E+02  2.706932032E+02  2.715294588E+02  4.530835301E-01 
        31  2.544088325E-02  1.165921105E-01  3.086849856E-02  8.134026257E+04  2.666611722E+02  3.293963261E+02  2.701974998E+02  2.742391624E+02  4.230395290E-01 
        32  2.674433127E-02  1.170738851E-01  3.352942364E-02  8.076798059E+04  2.745238504E+02  3.291138244E+02  2.697342274E+02  2.770478282E+02  3.940315857E-01 
        33  2.797950643E-02  1.175445507E-01  3.622298897E-02  8.023624911E+04  2.822958744E+02  3.288838198E+02  2.693571700E+02  2.797720836E+02  3.652507814E-01 
        34  2.916313541E-02  1.180056499E-01  3.893937175E-02  7.994875987E+04  2.894430017E+02  3.287874110E+02  2.691992649E+02  2.816918480E+02  3.366666536E-01 
        35  3.031249539E-02  1.184785399E-01  4.167042727E-02  8.009660791E+04  2.952461833E+02  3.288834646E+02  2.693565382E+02  2.821854306E+02  3.096795516E-01 
        36  3.139929926E-02  1.189405785E-01  4.442941843E-02  8.039052100E+04  3.006229208E+02  3.290628065E+02  2.696503620E+02  2.821368080E+02  2.828117223E-01 
        37  3.242013936E-02  1.193808800E-01  4.721660669E-02  8.088336199E+04  3.057616504E+02  3.293135010E+02  2.700616559E+02  2.814474316E+02  2.543815203E-01 
        38  3.340677803E-02  1.198011670E-01  5.002067675E-02  8.205398083E+04  3.087777473E+02  3.299367639E+02  2.710851997E+02  2.784041550E+02  2.277371702E-01 
        39  3.430413654E-02  1.201853153E-01  5.285529857E-02  8.358811377E+04  3.105656137E+02  3.308260355E+02  2.725489521E+02  2.739351044E+02  2.018341012E-01 
        40  3.515433510E-02  1.205874318E-01  5.570324370E-02  8.546845557E+04  3.110411282E+02  3.318839931E+02  2.742953663E+02  2.682459564E+02  1.781825153E-01 
        41  3.592907297E-02  1.209644065E-01  5.857535950E-02  8.764213062E+04  3.099903493E+02  3.330730171E+02  2.762647986E+02  2.614832439E+02  1.586932838E-01 
        42  3.664355424E-02  1.213334730E-01  6.146049591E-02  8.999074316E+04  3.074487453E+02  3.342883482E+02  2.782845502E+02  2.540893517E+02  1.452599696E-01 
        43  3.727845098E-02  1.217084379E-01  6.437276718E-02  9.227019800E+04  3.040080595E+02  3.354515543E+02  2.802240963E+02  2.469577589E+02  1.384718083E-01 
        44  3.781448665E-02  1.220744111E-01  6.730672953E-02  9.418533594E+04  3.003758278E+02  3.364710445E+02  2.819295101E+02  2.409433160E+02  1.378948283E-01 
        45  3.826762164E-02  1.224563704E-01  7.025293559E-02  9.553336188E+04  2.973838501E+02  3.372396426E+02  2.832184374E+02  2.369138360E+02  1.421087051E-01 
        46  3.856443464E-02  1.228195695E-01  7.317567491E-02  9.631936719E+04  2.955736847E+02  3.377269592E+02  2.840375137E+02  2.348982925E+02  1.475658305E-01 
        47  3.882754171E-02  1.231963568E-01  7.616928387E-02  9.669050244E+04  2.935828608E+02  3.383984251E+02  2.851691815E+02  2.325802801E+02  1.532664277E-01 
        48  3.896508106E-02  1.235573809E-01  7.913505459E-02  9.682916211E+04  2.897811699E+02  3.393613281E+02  2.868041344E+02  2.267012596E+02  1.575491056E-01 
        49  3.903512947E-02  1.239238609E-01  8.213137167E-02  9.686616907E+04  2.808808305E+02  3.412007616E+02  2.899457581E+02  2.121067963E+02  1.675025604E-01 
        50  3.900153017E-02  1.243001337E-01  8.510504302E-02  9.675566724E+04  2.652799404E+02  3.443467628E+02  2.953356670E+02  1.843566102E+02  1.780416439E-01 
        51  3.889299026E-02  1.246700891E-01  8.806950082E-02  9.656504688E+04  2.483942752E+02  3.480407836E+02  3.017063694E+02  1.414089811E+02  1.631542299E-01 
        52  3.870303970E-02  1.250405990E-01  9.105247242E-02  9.655828418E+04  2.393863044E+02  3.509035721E+02  3.066591735E+02  1.016508609E+02  7.200055750E-02 
        53  3.847530202E-02  1.253810613E-01  9.402032493E-02  9.679133340E+04  2.363924330E+02  3.523704894E+02  3.092230387E+02  6.805465870E+01 -1.520168329E-01 
        54  3.809583015E-02  1.257752167E-01  9.695318516E-02  9.796551465E+04  2.376234512E+02  3.530020447E+02  3.103212891E+02  4.639538765E+01 -9.680701792E-01 
        55  3.767199372E-02  1.261489404E-01  9.992435767E-02  9.957912329E+04  2.459383078E+02  3.526891594E+02  3.097640915E+02  4.258698165E+01 -1.323361989E+00 
        56  3.723780727E-02  1.265196365E-01  1.028569506E-01  1.019741487E+05  2.446966898E+02  3.519688057E+02  3.085012029E+02  5.653592190E+01 -7.223136832E-01 
        57  3.672955052E-02  1.269046997E-01  1.057947981E-01  1.048465620E+05  2.365778189E+02  3.506702652E+02  3.062345514E+02  9.619044304E+01  1.626059110E-02 
        58  3.615520807E-02  1.273091289E-01  1.087154776E-01  1.069887212E+05  2.423824816E+02  3.482661333E+02  3.020561018E+02  1.433940678E+02  1.819496038E-01 
        59  3.556812424E-02  1.277144368E-01  1.116309472E-01  1.079060832E+05  2.543223622E+02  3.458423653E+02  2.978610487E+02  1.752391527E+02  2.053125683E-01 
        60  3.495651588E-02  1.281329458E-01  1.145394580E-01  1.081114856E+05  2.627728481E+02  3.442322588E+02  2.950871744E+02  1.897747312E+02  2.000080324E-01 
        61  3.433795015E-02  1.285471243E-01  1.174457346E-01  1.080398312E+05  2.669980445E+02  3.433960724E+02  2.936528149E+02  1.953560770E+02  1.942587667E-01 
        62  3.376061330E-02  1.289460490E-01  1.203607660E-01  1.079104303E+05  2.691037271E+02  3.430783806E+02  2.931094325E+02  1.974979565E+02  1.903435066E-01 
        63  3.331803132E-02  1.293309423E-01  1.232882868E-01  1.078342175E+05  2.707749417E+02  3.430055122E+02  2.929848832E+02  1.987385588E+02  1.862990229E-01 
        64  3.310586596E-02  1.296649637E-01  1.262581306E-01  1.077966047E+05  2.722217622E+02  3.430167618E+02  2.930040450E+02  1.998314214E+02  1.832117682E-01 
        65  3.306639982E-02  1.299493947E-01  1.292495641E-01  1.077389686E+05  2.734282528E+02  3.430249751E+02  2.930180767E+02  2.008218880E+02  1.812507685E-01 
        66  3.322486525E-02  1.302097713E-01  1.322380794E-01  1.076170598E+05  2.745129196E+02  3.429856409E+02  2.929509046E+02  2.020300488E+02  1.810009827E-01 
        67  3.356462385E-02  1.304573038E-01  1.352130229E-01  1.074529344E+05  2.755132074E+02  3.429187986E+02  2.928367201E+02  2.033175763E+02  1.818909009E-01 
        68  3.400410102E-02  1.306751199E-01  1.381765647E-01  1.072438364E+05  2.765392344E+02  3.428268056E+02  2.926796477E+02  2.047898934E+02  1.831801862E-01 
        69  3.451963359E-02  1.308741206E-01  1.411278790E-01  1.070103112E+05  2.776899981E+02  3.427186208E+02  2.924950006E+02  2.064886150E+02  1.845788828E-01 
        70  3.508991352E-02  1.310576265E-01  1.440660380E-01  1.067307070E+05  2.788548713E+02  3.425979996E+02  2.922890911E+02  2.082456036E+02  1.861275607E-01 
        71  3.570211579E-02  1.312503676E-01  1.470000000E-01  1.063184092E+05  2.802191429E+02  3.424166222E+02  2.919799500E+02  2.103016567E+02  1.872887705E-01 
        72 -2.843361623E-02  1.708417341E-01 -4.258217492E-02  8.204105151E+04  1.835889378E+02  3.299923325E+02  2.711755428E+02  3.441359396E+02  1.007974476E+00 
        73 -2.838826984E-02  1.709653765E-01 -3.916427879E-02  8.202772974E+04  1.843923810E+02  3.299404290E+02  2.710903761E+02  3.449360390E+02  1.006710581E+00 
        74 -2.835908450E-02  1.711140563E-01 -3.574649433E-02  8.236595551E+04  1.837916791E+02  3.301599538E+02  2.714512246E+02  3.437119286E+02  1.006536064E+00 
        75 -2.838361088E-02  1.712589164E-01 -3.232950605E-02  8.299867358E+04  1.826923366E+02  3.305472221E+02  2.720884647E+02  3.421155500E+02  1.007480975E+00 
        76 -2.841360827E-02  1.714319125E-01 -2.891476756E-02  8.371877966E+04  1.817809443E+02  3.309198184E+02  2.727021389E+02  3.408445764E+02  1.008372428E+00 
        77 -2.833774301E-02  1.716334782E-01 -2.549995819E-02  8.422323837E+04  1.806396674E+02  3.312268815E+02  2.732084184E+02  3.390233791E+02  1.009133375E+00 
        78 -2.791452343E-02  1.719215161E-01 -2.212016887E-02  8.446079785E+04  1.799025755E+02  3.313523674E+02  2.734155245E+02  3.388835449E+02  1.011481628E+00 
        79 -2.700703325E-02  1.722886754E-01 -1.884820631E-02  8.429108521E+04  1.798131967E+02  3.312291565E+02  2.732123871E+02  3.397580118E+02  1.013415314E+00 
        80 -2.544395246E-02  1.727209334E-01 -1.584518523E-02  8.321846515E+04  1.811554255E+02  3.306389496E+02  2.722399905E+02  3.427106650E+02  1.014077046E+00 
        81 -2.351536464E-02  1.732363399E-01 -1.306823492E-02  8.130044354E+04  1.846808760E+02  3.295515366E+02  2.704525944E+02  3.484902505E+02  1.012532269E+00 
        82 -2.134527601E-02  1.737374909E-01 -1.047435973E-02  7.870303882E+04  1.908016903E+02  3.280136076E+02  2.679349530E+02  3.565519713E+02  1.006934432E+00 
        83 -1.897326710E-02  1.742189522E-01 -8.035177519E-03  7.555423578E+04  1.993010811E+02  3.261120439E+02  2.648373473E+02  3.659701250E+02  9.966729186E-01 
        84 -1.652827274E-02  1.746780172E-01 -5.688541800E-03  7.293492798E+04  2.072208760E+02  3.244700389E+02  2.621772225E+02  3.723552551E+02  9.827078618E-01 
        85 -1.397929867E-02  1.751251779E-01 -3.446989688E-03  7.233235486E+04  2.108909535E+02  3.240365791E+02  2.614771547E+02  3.744334469E+02  9.747034255E-01 
        86 -1.139011487E-02  1.755573757E-01 -1.256774906E-03  7.394358850E+04  2.102297051E+02  3.250143094E+02  2.630579476E+02  3.710419626E+02  9.697292484E-01 
        87 -8.734274343E-03  1.759085237E-01  8.667805443E-04  7.936832251E+04  2.025920938E+02  3.283930068E+02  2.685612738E+02  3.570462537E+02  9.680148289E-01 
        88 -6.073383534E-03  1.762548475E-01  2.984781313E-03  8.854246021E+04  1.911431620E+02  3.334900687E+02  2.769619168E+02  3.300324342E+02  9.609584184E-01 
        89 -3.359730182E-03  1.765819110E-01  5.053045394E-03  9.841818579E+04  1.759107544E+02  3.383733153E+02  2.851284213E+02  3.033519819E+02  9.787039198E-01 
        90 -6.741955509E-04  1.768270807E-01  7.130208361E-03  9.813632669E+04  1.627475048E+02  3.385746577E+02  2.854672071E+02  3.071970607E+02  1.029062406E+00 
        91  2.027043660E-03  1.770783858E-01  9.208570588E-03  7.910019643E+04  1.913406547E+02  3.280882106E+02  2.680617273E+02  3.558674474E+02  1.004342641E+00 
        92  4.731686997E-03  1.772422585E-01  1.127155269E-02  7.271482201E+04  2.143756613E+02  3.242849192E+02  2.618813295E+02  3.774668956E+02  9.682896301E-01 
        93  7.454465044E-03  1.773874983E-01  1.334309669E-02  7.315032181E+04  2.101449766E+02  3.245864819E+02  2.623676659E+02  3.757342696E+02  9.791774049E-01 
        94  1.015989937E-02  1.775222933E-01  1.545596277E-02  7.057586099E+04  2.173520473E+02  3.229636529E+02  2.597542512E+02  3.814355822E+02  9.669062332E-01 
        95  1.284858280E-02  1.775661421E-01  1.756817794E-02  6.716047012E+04  2.285773240E+02  3.206532773E+02  2.560525224E+02  3.918718572E+02  9.516124371E-01 
        96  1.551966693E-02  1.776138061E-01  1.970369132E-02  6.424205762E+04  2.376402705E+02  3.186316502E+02  2.528320637E+02  4.009531364E+02  9.412039770E-01 
        97  1.817410325E-02  1.776258069E-01  2.186017323E-02  6.184514526E+04  2.451360576E+02  3.170099268E+02  2.502634912E+02  4.076705661E+02  9.313686797E-01 
        98  2.080993586E-02  1.775631240E-01  2.403936301E-02  6.016777832E+04  2.522374868E+02  3.158517814E+02  2.484361343E+02  4.125524635E+02  9.188799281E-01 
        99  2.341570779E-02  1.774969016E-01  2.625394818E-02  5.975739990E+04  2.574508510E+02  3.155755711E+02  2.480015359E+02  4.143410950E+02  9.054993838E-01 
       100  2.600295182E-02  1.773818036E-01  2.848806157E-02  6.153803320E+04  2.588864384E+02  3.169310112E+02  2.501516533E+02  4.101110373E+02  8.909876011E-01 
       101  2.856627515E-02  1.771883875E-01  3.074502562E-02  6.694119434E+04  2.542120132E+02  3.208151550E+02  2.563638678E+02  3.945890884E+02  8.731134236E-01 
       102  3.110662233E-02  1.769811535E-01  3.302644514E-02  7.520116943E+04  2.461939859E+02  3.262430983E+02  2.651154842E+02  3.709890108E+02  8.514737580E-01 
       103  3.362247542E-02  1.767159818E-01  3.532849163E-02  8.172247375E+04  2.429175005E+02  3.301054802E+02  2.713825612E+02  3.530398417E+02  8.273159079E-01 
       104  3.610895472E-02  1.763647845E-01  3.765120331E-02  8.265594165E+04  2.484055631E+02  3.303963399E+02  2.718462300E+02  3.514085078E+02  8.056371156E-01 
       105  3.856497337E-02  1.759966372E-01  4.000321012E-02  8.010199350E+04  2.567933096E+02  3.289377741E+02  2.694494845E+02  3.590324504E+02  7.913757856E-01 
       106  4.103059304E-02  1.755360248E-01  4.234569910E-02  7.816846178E+04  2.630202567E+02  3.280752417E+02  2.680345267E+02  3.632103844E+02  7.780858583E-01 
       107  4.340106546E-02  1.750377176E-01  4.474435622E-02  7.916100851E+04  2.664084451E+02  3.286862438E+02  2.690362071E+02  3.609372593E+02  7.623587472E-01 
       108  4.575540032E-02  1.745445103E-01  4.717695363E-02  8.341401501E+04  2.653926625E+02  3.309762702E+02  2.728046155E+02  3.499651861E+02  7.455888465E-01 
       109  4.807037784E-02  1.739953488E-01  4.963532790E-02  8.955212549E+04  2.610214901E+02  3.341828060E+02  2.781175013E+02  3.332284346E+02  7.308158483E-01 
       110  5.034733117E-02  1.734133857E-01  5.212084081E-02  9.498741016E+04  2.578492813E+02  3.369200134E+02  2.826860504E+02  3.180331974E+02  7.162415795E-01 
       111  5.258765486E-02  1.728405975E-01  5.464144749E-02  9.847393408E+04  2.579328995E+02  3.386624546E+02  2.856142845E+02  3.089754333E+02  7.013980523E-01 
       112  5.479076840E-02  1.722430532E-01  5.718902978E-02  1.012033005E+05  2.588517065E+02  3.400476122E+02  2.879553785E+02  3.028647385E+02  6.886823755E-01 
       113  5.694737683E-02  1.716020731E-01  5.976586917E-02  1.043567774E+05  2.586507442E+02  3.416007428E+02  2.905916035E+02  2.948533387E+02  6.775260800E-01 
       114  5.911848447E-02  1.709340834E-01  6.233872565E-02  1.078176738E+05  2.569220482E+02  3.432867434E+02  2.934667639E+02  2.855549082E+02  6.702799718E-01 
       115  6.119351897E-02  1.703313828E-01  6.496775561E-02  1.108554099E+05  2.554657574E+02  3.446686468E+02  2.958339295E+02  2.770595002E+02  6.646185350E-01 
       116  6.319798910E-02  1.696485115E-01  6.765543605E-02  1.134260881E+05  2.544395118E+02  3.457089572E+02  2.976219044E+02  2.700663185E+02  6.594957067E-01 
       117  6.520189851E-02  1.689621155E-01  7.034628384E-02  1.154534849E+05  2.533043566E+02  3.465955000E+02  2.991502247E+02  2.647009449E+02  6.574900355E-01 
       118  6.717992039E-02  1.682884043E-01  7.305807409E-02  1.172542124E+05  2.522110987E+02  3.473242817E+02  3.004093666E+02  2.602697830E+02  6.567614917E-01 
       119  6.910755662E-02  1.675987334E-01  7.579818779E-02  1.187475825E+05  2.506838622E+02  3.479788523E+02  3.015427287E+02  2.565176651E+02  6.590657411E-01 
       120  7.101404689E-02  1.668389198E-01  7.852135391E-02  1.197694545E+05  2.475289283E+02  3.484845049E+02  3.024197872E+02  2.537413037E+02  6.689092540E-01 
       121  7.286652020E-02  1.661304029E-01  8.130170181E-02  1.199402795E+05  2.458162457E+02  3.485609627E+02  3.025525839E+02  2.531316270E+02  6.755546050E-01 
       122  7.473378469E-02  1.653966549E-01  8.408122010E-02  1.198652935E+05  2.452479210E+02  3.486473484E+02  3.027026043E+02  2.533237305E+02  6.783557497E-01 
       123  7.654776682E-02  1.646234676E-01  8.688218818E-02  1.198808889E+05  2.447240858E+02  3.487245789E+02  3.028369169E+02  2.521563478E+02  6.795057748E-01 
       124  7.830115451E-02  1.638494494E-01  8.971806956E-02  1.199035630E+05  2.427486153E+02  3.489803619E+02  3.032821751E+02  2.509420586E+02  6.866838299E-01 
       125  8.003223315E-02  1.630890187E-01  9.257063461E-02  1.197998101E+05  2.411457577E+02  3.492883253E+02  3.038191962E+02  2.503232431E+02  6.931543574E-01 
       126  8.174167210E-02  1.623344685E-01  9.543869445E-02  1.196253969E+05  2.393831494E+02  3.497029395E+02  3.045433037E+02  2.482713134E+02  6.992446887E-01 
       127  8.339566060E-02  1.615413001E-01  9.829620033E-02  1.194095830E+05  2.367389130E+02  3.503982989E+02  3.057591092E+02  2.446278216E+02  7.083293109E-01 
       128  8.500809507E-02  1.607572746E-01  1.012133408E-01  1.191675441E+05  2.354541609E+02  3.509932652E+02  3.068005993E+02  2.388041539E+02  7.107748594E-01 
       129  8.654116005E-02  1.600133249E-01  1.041766726E-01  1.189974102E+05  2.347526513E+02  3.516128756E+02  3.078852903E+02  2.309454753E+02  7.100823277E-01 
       130  8.807530659E-02  1.592883350E-01  1.071513815E-01  1.189062627E+05  2.330862455E+02  3.524310036E+02  3.093189621E+02  2.229835434E+02  7.144284332E-01 
       131  8.946870181E-02  1.585918917E-01  1.101955952E-01  1.187983910E+05  2.304981044E+02  3.534149230E+02  3.110456159E+02  2.144890685E+02  7.236675743E-01 
       132  9.078169785E-02  1.579398834E-01  1.132895212E-01  1.187250003E+05  2.281086460E+02  3.541003447E+02  3.122493910E+02  2.093343542E+02  7.338598706E-01 
       133  9.193376095E-02  1.573753789E-01  1.164622823E-01  1.186564318E+05  2.266468828E+02  3.541025429E+02  3.122508061E+02  2.102042339E+02  7.408914315E-01 
       134  9.287851211E-02  1.569754829E-01  1.197270904E-01  1.186282332E+05  2.275195324E+02  3.531775220E+02  3.106240629E+02  2.190158412E+02  7.399554776E-01 
       135  9.346963790E-02  1.567893278E-01  1.230899614E-01  1.186176013E+05  2.317238235E+02  3.512916944E+02  3.073204401E+02  2.364069484E+02  7.295156021E-01 
       136  9.376445592E-02  1.568076376E-01  1.265149706E-01  1.185132858E+05  2.386095538E+02  3.491092091E+02  3.035111866E+02  2.538775134E+02  7.124533495E-01 
       137  9.391306034E-02  1.569225935E-01  1.299303306E-01  1.184273403E+05  2.423565378E+02  3.479860315E+02  3.015561895E+02  2.611035900E+02  7.034475431E-01 
       138  9.402896493E-02  1.570765633E-01  1.333445553E-01  1.183614175E+05  2.426067781E+02  3.477996597E+02  3.012323084E+02  2.607531443E+02  7.025753632E-01 
       139  9.417960043E-02  1.572174564E-01  1.367593072E-01  1.182598196E+05  2.428375425E+02  3.478326311E+02  3.012893643E+02  2.604271817E+02  7.020508144E-01 
       140  9.437397158E-02  1.573466446E-01  1.401725853E-01  1.181062311E+05  2.436667500E+02  3.478701553E+02  3.013543963E+02  2.614931145E+02  7.006695038E-01 
       141  9.455826038E-02  1.574868932E-01  1.435861248E-01  1.179724966E+05  2.440877454E+02  3.480179286E+02  3.016104809E+02  2.619730518E+02  7.003378018E-01 
       142  9.468914447E-02  1.576724412E-01  1.470000022E-01  1.179280156E+05  2.443011408E+02  3.481135330E+02  3.017888966E+02  2.622223053E+02  7.006422393E-01 
       143 -2.515044289E-02  2.387134140E-01 -4.211006034E-02  8.349292020E+04  1.802271401E+02  3.307483321E+02  2.724200287E+02  4.401695126E+02  1.148958439E+00 
       144 -2.515073613E-02  2.387267259E-01 -3.821832766E-02  8.519181555E+04  1.763394360E+02  3.316134924E+02  2.738471984E+02  4.366735112E+02  1.155235869E+00 
       145 -2.514274647E-02  2.387409373E-01 -3.433018188E-02  8.601001572E+04  1.740383396E+02  3.321650276E+02  2.747590255E+02  4.346415857E+02  1.159124990E+00 
       146 -2.514933814E-02  2.387615668E-01 -3.043885368E-02  8.543156525E+04  1.756329655E+02  3.318700515E+02  2.742709571E+02  4.357957655E+02  1.156449365E+00 
       147 -2.514205174E-02  2.387863737E-01 -2.655197175E-02  8.385179489E+04  1.795605588E+02  3.310203759E+02  2.728684822E+02  4.389691144E+02  1.149886131E+00 
       148 -2.514801404E-02  2.388163633E-01 -2.268742808E-02  8.196898393E+04  1.841663297E+02  3.299943121E+02  2.711792643E+02  4.439698487E+02  1.143552727E+00 
       149 -2.514603624E-02  2.387984711E-01 -1.877579094E-02  8.041082520E+04  1.880881271E+02  3.291310616E+02  2.697624779E+02  4.470860405E+02  1.137073219E+00 
       150 -2.513833525E-02  2.388756875E-01 -1.487946342E-02  7.950361701E+04  1.902695440E+02  3.285836377E+02  2.688654955E+02  4.493124216E+02  1.133998160E+00 
       151 -2.514495058E-02  2.389300222E-01 -1.098752945E-02  7.968480878E+04  1.895168891E+02  3.285939697E+02  2.688824605E+02  4.481965497E+02  1.134654731E+00 
       152 -2.501801490E-02  2.389948317E-01 -7.101428526E-03  8.157010910E+04  1.842439168E+02  3.296993382E+02  2.706961290E+02  4.439963703E+02  1.143346432E+00 
       153 -2.403359079E-02  2.391541778E-01 -3.362202731E-03  8.629832471E+04  1.724256561E+02  3.323562371E+02  2.750768226E+02  4.347056603E+02  1.163398420E+00 
       154 -2.203079393E-02  2.393877231E-01 -4.501692070E-05  8.981536591E+04  1.644387257E+02  3.343402040E+02  2.783692133E+02  4.260257822E+02  1.175533054E+00 
       155 -1.942355624E-02  2.396357170E-01  2.825132604E-03  8.655045761E+04  1.744111102E+02  3.324473810E+02  2.752294661E+02  4.340166230E+02  1.157751312E+00 
       156 -1.648721574E-02  2.398964014E-01  5.342831758E-03  8.104126904E+04  1.862563735E+02  3.295534830E+02  2.704571543E+02  4.464646268E+02  1.140693072E+00 
       157 -1.330897545E-02  2.400801911E-01  7.594698846E-03  7.978615405E+04  1.892913437E+02  3.285724649E+02  2.688478284E+02  4.488305249E+02  1.135736492E+00 
       158 -1.004552185E-02  2.402353079E-01  9.709455816E-03  8.050605884E+04  1.858586819E+02  3.289524012E+02  2.694706273E+02  4.469775496E+02  1.142580779E+00 
       159 -6.714656287E-03  2.403804415E-01  1.171394437E-02  8.067365321E+04  1.850905472E+02  3.290539853E+02  2.696367965E+02  4.470248309E+02  1.144931024E+00 
       160 -3.322138608E-03  2.404066774E-01  1.362735999E-02  8.011930435E+04  1.865377835E+02  3.287480125E+02  2.691357329E+02  4.485079710E+02  1.143373023E+00 
       161  9.783589121E-05  2.404201762E-01  1.547870720E-02  8.006832605E+04  1.855200887E+02  3.288546548E+02  2.693111482E+02  4.483543963E+02  1.146796055E+00 
       162  3.534439975E-03  2.403949673E-01  1.730379042E-02  8.126125708E+04  1.862813845E+02  3.290615835E+02  2.696530685E+02  4.480389538E+02  1.146453019E+00 
       163  6.969024296E-03  2.402279751E-01  1.908412837E-02  9.174029419E+04  1.528710887E+02  3.355105138E+02  2.803504140E+02  4.214126461E+02  1.205494584E+00 
       164  1.043411823E-02  2.400800089E-01  2.085152946E-02  7.837942081E+04  1.873149328E+02  3.286653808E+02  2.690012139E+02  4.472090569E+02  1.142206174E+00 
       165  1.388371434E-02  2.398652026E-01  2.263181169E-02  7.920172681E+04  1.853557422E+02  3.288901529E+02  2.693681846E+02  4.473407922E+02  1.147210951E+00 
       166  1.734145131E-02  2.394992745E-01  2.440657916E-02  7.882985144E+04  1.855015073E+02  3.288361921E+02  2.692794678E+02  4.452427444E+02  1.145080902E+00 
       167  2.080043859E-02  2.391294908E-01  2.615375350E-02  7.858043240E+04  1.872028958E+02  3.286715587E+02  2.690104249E+02  4.411424747E+02  1.136978681E+00 
       168  2.424052770E-02  2.387186889E-01  2.792040504E-02  7.876977820E+04  1.884606457E+02  3.287187667E+02  2.690886571E+02  4.390509634E+02  1.131820559E+00 
       169  2.766624902E-02  2.381908713E-01  2.968394578E-02  7.886107227E+04  1.910172846E+02  3.287276340E+02  2.691031351E+02  4.411713042E+02  1.127650192E+00 
       170  3.108229850E-02  2.375970478E-01  3.144655572E-02  7.870091309E+04  1.946661329E+02  3.285588515E+02  2.688265228E+02  4.443709552E+02  1.122238752E+00 
       171  3.449726266E-02  2.369314331E-01  3.319569832E-02  7.870505078E+04  1.970215151E+02  3.285497745E+02  2.688115602E+02  4.455560131E+02  1.118055232E+00 
       172  3.787267708E-02  2.362004853E-01  3.498142333E-02  7.897434131E+04  1.991348171E+02  3.286910763E+02  2.690437274E+02  4.453499575E+02  1.113867987E+00 
       173  4.123744789E-02  2.354271843E-01  3.677379579E-02  7.908723022E+04  2.012118974E+02  3.287569456E+02  2.691519260E+02  4.451847000E+02  1.110681510E+00 
       174  4.456263149E-02  2.345133553E-01  3.856958315E-02  7.835439598E+04  2.049891621E+02  3.283062012E+02  2.684137783E+02  4.463679631E+02  1.104803104E+00 
       175  4.789152860E-02  2.335402793E-01  4.034492433E-02  7.676890448E+04  2.102371402E+02  3.273195441E+02  2.668029908E+02  4.499011199E+02  1.096882148E+00 
       176  5.119514426E-02  2.325727211E-01  4.215365701E-02  7.499160783E+04  2.158813286E+02  3.261664934E+02  2.649263165E+02  4.536956272E+02  1.088007658E+00 
       177  5.444737908E-02  2.314873556E-01  4.396264389E-02  7.326555191E+04  2.213923878E+02  3.250472984E+02  2.631112599E+02  4.573505105E+02  1.079419245E+00 
       178  5.771043354E-02  2.303389779E-01  4.576361213E-02  7.123441168E+04  2.271717792E+02  3.238411123E+02  2.611629550E+02  4.608906691E+02  1.070069521E+00 
       179  6.093363739E-02  2.292015055E-01  4.761570799E-02  6.864684900E+04  2.361826873E+02  3.221565514E+02  2.584547362E+02  4.667941523E+02  1.055690074E+00 
       180  6.411569228E-02  2.279427553E-01  4.946832252E-02  6.658757910E+04  2.471772976E+02  3.209279995E+02  2.564875202E+02  4.709514122E+02  1.033247128E+00 
       181  6.728438578E-02  2.267057043E-01  5.135068917E-02  6.837181677E+04  2.589575448E+02  3.224637127E+02  2.589627771E+02  4.670559044E+02  9.965014122E-01 
       182  7.045491472E-02  2.254566135E-01  5.324396322E-02  7.874030859E+04  2.653423505E+02  3.289350610E+02  2.695025930E+02  4.422093616E+02  9.477123357E-01 
       183  7.352398986E-02  2.240979077E-01  5.520813549E-02  9.387655469E+04  2.524550886E+02  3.367348332E+02  2.824153137E+02  4.093518896E+02  9.444235507E-01 
       184  7.654294831E-02  2.227589545E-01  5.724026033E-02  1.032921477E+05  2.344329111E+02  3.415157608E+02  2.904495896E+02  3.895310380E+02  9.727153004E-01 
       185  7.954929441E-02  2.214414527E-01  5.933596166E-02  1.092358455E+05  2.384900331E+02  3.445669088E+02  2.956718540E+02  3.760184755E+02  9.517999776E-01 
       186  8.244157493E-02  2.200232159E-01  6.149679439E-02  1.242441309E+05  2.393753624E+02  3.507141266E+02  3.063072586E+02  3.450920944E+02  9.306127578E-01 
       187  8.531452000E-02  2.186177542E-01  6.372436707E-02  1.206068046E+05  2.378625987E+02  3.496159110E+02  3.043879076E+02  3.524907153E+02  9.357822584E-01 
       188  8.816039266E-02  2.172472440E-01  6.601424901E-02  1.228479153E+05  2.338224769E+02  3.502270269E+02  3.054521885E+02  3.472523918E+02  9.444916174E-01 
       189  9.092008057E-02  2.157826082E-01  6.831794754E-02  1.229331535E+05  2.270894121E+02  3.502410218E+02  3.054764725E+02  3.457553155E+02  9.624457863E-01 
       190  9.367581728E-02  2.143255962E-01  7.064980943E-02  1.222008928E+05  2.237271260E+02  3.498700502E+02  3.048293680E+02  3.460693857E+02  9.711909629E-01 
       191  9.641114101E-02  2.128789625E-01  7.302159977E-02  1.222998437E+05  2.202087387E+02  3.498993478E+02  3.048803204E+02  3.461526551E+02  9.807877392E-01 
       192  9.907895187E-02  2.114028516E-01  7.542603674E-02  1.224822148E+05  2.209785175E+02  3.497123909E+02  3.045548687E+02  3.451729245E+02  9.776889300E-01 
       193  1.016896232E-01  2.099003163E-01  7.789626121E-02  1.227418204E+05  2.195614948E+02  3.503662343E+02  3.056954453E+02  3.444941330E+02  9.808326513E-01 
       194  1.042573666E-01  2.084682280E-01  8.044071344E-02  1.228724829E+05  2.195721328E+02  3.510322828E+02  3.068596401E+02  3.421043477E+02  9.800376268E-01 
       195  1.067132028E-01  2.069758083E-01  8.306726980E-02  1.229604971E+05  2.207105875E+02  3.515805050E+02  3.078207379E+02  3.384892940E+02  9.752772609E-01 
       196  1.091091693E-01  2.055182938E-01  8.576040538E-02  1.230259944E+05  2.198641099E+02  3.529903235E+02  3.103012118E+02  3.331186867E+02  9.766806094E-01 
       197  1.114533399E-01  2.040960959E-01  8.851719904E-02  1.228582361E+05  2.195667277E+02  3.548221092E+02  3.135370285E+02  3.241940371E+02  9.770024427E-01 
       198  1.136946430E-01  2.026973542E-01  9.137514269E-02  1.226575165E+05  2.213557533E+02  3.563993470E+02  3.163310919E+02  3.107776426E+02  9.726676743E-01 
       199  1.158224243E-01  2.012857480E-01  9.431046231E-02  1.226005786E+05  2.237046847E+02  3.577600334E+02  3.187464614E+02  2.971755125E+02  9.678776774E-01 
       200  1.177983438E-01  1.999614296E-01  9.738734661E-02  1.226081624E+05  2.258347644E+02  3.588697225E+02  3.207206429E+02  2.865553938E+02  9.637863550E-01 
       201  1.195376812E-01  1.988013159E-01  1.006637087E-01  1.225798408E+05  2.282560377E+02  3.590416304E+02  3.210255006E+02  2.849825007E+02  9.558582496E-01 
       202  1.207748534E-01  1.979244993E-01  1.042263433E-01  1.225353726E+05  2.305582675E+02  3.576008325E+02  3.184629290E+02  2.993047369E+02  9.441006742E-01 
       203  1.209766187E-01  1.976967879E-01  1.080979692E-01  1.225894598E+05  2.337121860E+02  3.546849131E+02  3.132950958E+02  3.238060304E+02  9.310201947E-01 
       204  1.209415894E-01  1.976147862E-01  1.119887176E-01  1.227490236E+05  2.328368555E+02  3.528284298E+02  3.100196083E+02  3.321538790E+02  9.333855684E-01 
       205  1.209136670E-01  1.975679793E-01  1.158784497E-01  1.228573477E+05  2.288333718E+02  3.521184302E+02  3.087685650E+02  3.343925393E+02  9.451385953E-01 
       206  1.209140530E-01  1.975343277E-01  1.197687765E-01  1.229058543E+05  2.252046307E+02  3.517237719E+02  3.080737119E+02  3.358862498E+02  9.561543441E-01 
       207  1.209033119E-01  1.974945510E-01  1.236620610E-01  1.229116149E+05  2.227590474E+02  3.514936756E+02  3.076690649E+02  3.358729241E+02  9.634922952E-01 
       208  1.208998844E-01  1.975608583E-01  1.275528569E-01  1.229564074E+05  2.218225856E+02  3.516412728E+02  3.079295330E+02  3.345114226E+02  9.664704365E-01 
       209  1.209086196E-01  1.975927695E-01  1.314428594E-01  1.229298702E+05  2.217498309E+02  3.521088875E+02  3.087519866E+02  3.322468718E+02  9.666372306E-01 
       210  1.209261261E-01  1.976437754E-01  1.353324952E-01  1.229312843E+05  2.220462536E+02  3.529396926E+02  3.102141176E+02  3.266922910E+02  9.653740502E-01 
       211  1.209477387E-01  1.976921952E-01  1.392217013E-01  1.229457249E+05  2.216569291E+02  3.540530764E+02  3.121759293E+02  3.198030767E+02  9.666118971E-01 
       212  1.209659901E-01  1.977439656E-01  1.431109690E-01  1.230850633E+05  2.210863405E+02  3.551922931E+02  3.141718721E+02  3.128982010E+02  9.688419232E-01 
       213  1.210017723E-01  1.977818072E-01  1.470000027E-01  1.232928369E+05  2.214391651E+02  3.557463512E+02  3.149346056E+02  3.097501192E+02  9.683844596E-01 
       214 -1.337431699E-02  1.053111530E-01 -4.600000000E-02  8.759462598E+04  1.539838428E+02  3.331004791E+02  2.763136559E+02  2.357023296E+02  8.588602096E-01 
       215 -1.336879354E-02  1.054912688E-01 -4.299898917E-02  8.749354248E+04  1.540152159E+02  3.330490570E+02  2.762226930E+02  2.359650793E+02  8.597186469E-01 
       216 -1.321272523E-02  1.057016208E-01 -4.000664894E-02  8.749064551E+04  1.542362537E+02  3.330120277E+02  2.761612663E+02  2.362477894E+02  8.596794046E-01 
       217 -1.269691607E-02  1.059729593E-01 -3.706120983E-02  8.737836158E+04  1.550137144E+02  3.329388196E+02  2.760398672E+02  2.369303600E+02  8.580685015E-01 
       218 -1.181263769E-02  1.063072321E-01 -3.420969757E-02  8.722116075E+04  1.559414335E+02  3.328559307E+02  2.759023964E+02  2.379148328E+02  8.568284748E-01 
       219 -1.066241908E-02  1.066659143E-01 -3.145726216E-02  8.709911047E+04  1.565494520E+02  3.328240862E+02  2.758496458E+02  2.386729116E+02  8.565915425E-01 
       220 -9.280794463E-03  1.070573859E-01 -2.881758489E-02  8.693920713E+04  1.572617449E+02  3.327571647E+02  2.757386927E+02  2.395398573E+02  8.561785494E-01 
       221 -7.735023178E-03  1.074435380E-01 -2.626912607E-02  8.681272003E+04  1.581555196E+02  3.326876175E+02  2.756234118E+02  2.403481053E+02  8.546645381E-01 
       222 -6.047350445E-03  1.078135440E-01 -2.381048416E-02  8.669118008E+04  1.591844883E+02  3.325643191E+02  2.754192073E+02  2.412032835E+02  8.526035254E-01 
       223 -4.299611852E-03  1.081916589E-01 -2.139379423E-02  8.659569938E+04  1.596130568E+02  3.326344042E+02  2.755353570E+02  2.416228153E+02  8.522660073E-01 
       224 -2.461870607E-03  1.085505379E-01 -1.904289133E-02  8.664116213E+04  1.601583783E+02  3.325368472E+02  2.753737218E+02  2.420313802E+02  8.512042903E-01 
       225 -5.886173328E-04  1.088780789E-01 -1.671486844E-02  8.677296265E+04  1.599536914E+02  3.326908991E+02  2.756288897E+02  2.420371036E+02  8.529139081E-01 
       226  1.337912187E-03  1.092215599E-01 -1.443302686E-02  8.687972282E+04  1.597188004E+02  3.325990736E+02  2.754767691E+02  2.423025789E+02  8.555699471E-01 
       227  3.290030235E-03  1.094941851E-01 -1.216353628E-02  8.670832230E+04  1.594883417E+02  3.324839188E+02  2.752860828E+02  2.436288572E+02  8.620088644E-01 
       228  5.262023684E-03  1.097864070E-01 -9.913643549E-03  8.601973127E+04  1.603138175E+02  3.320706605E+02  2.746025339E+02  2.468458640E+02  8.694410639E-01 
       229  7.256339014E-03  1.100495762E-01 -7.679258903E-03  8.411645006E+04  1.649956917E+02  3.310195582E+02  2.728670716E+02  2.539447078E+02  8.702082562E-01 
       230  9.250945095E-03  1.102792579E-01 -5.441700620E-03  8.177857514E+04  1.727124895E+02  3.298558363E+02  2.709516233E+02  2.620288029E+02  8.590235972E-01 
       231  1.125130268E-02  1.105297001E-01 -3.209862298E-03  8.034766748E+04  1.803103523E+02  3.292221642E+02  2.699115443E+02  2.664331322E+02  8.353140764E-01 
       232  1.324504242E-02  1.107259366E-01 -9.692227629E-04  8.105867822E+04  1.842488685E+02  3.295472345E+02  2.704451914E+02  2.649641409E+02  8.095745761E-01 
       233  1.522818012E-02  1.109344875E-01  1.280794701E-03  8.305700488E+04  1.843688059E+02  3.307105694E+02  2.723588238E+02  2.582191086E+02  7.853551805E-01 
       234  1.717717000E-02  1.111306516E-01  3.565314237E-03  8.530687988E+04  1.834921818E+02  3.320246086E+02  2.745273533E+02  2.500180664E+02  7.624440044E-01 
       235  2.098827574E-02  1.115152878E-01  8.199040730E-03  8.918013770E+04  1.869869337E+02  3.341615582E+02  2.780724773E+02  2.376022644E+02  7.045282014E-01 
       236  2.283804163E-02  1.116790561E-01  1.055952489E-02  9.049073041E+04  1.895972544E+02  3.354444957E+02  2.802107792E+02  2.290671332E+02  6.642546179E-01 
       237  2.632960383E-02  1.121198866E-01  1.543269692E-02  9.114456348E+04  2.054186192E+02  3.353947258E+02  2.801276131E+02  2.311253681E+02  5.867166258E-01 
       238  2.959379811E-02  1.126564718E-01  2.044933110E-02  9.026410266E+04  2.219204750E+02  3.348008804E+02  2.791362925E+02  2.371266022E+02  5.198376495E-01 
       239  3.114059063E-02  1.129278581E-01  2.301118304E-02  8.973456705E+04  2.296043015E+02  3.346406576E+02  2.788695172E+02  2.404015527E+02  4.913044682E-01 
       240  3.264987762E-02  1.132456905E-01  2.559358749E-02  8.919642151E+04  2.372800465E+02  3.341942390E+02  2.781257894E+02  2.439037745E+02  4.638256134E-01 
       241  3.807676132E-02  1.146676712E-01  3.621643154E-02  8.787386215E+04  2.614716927E+02  3.334763077E+02  2.769318451E+02  2.518859785E+02  3.705284510E-01 
       242  3.928374460E-02  1.150413043E-01  3.894926042E-02  8.801334845E+04  2.668761046E+02  3.338522155E+02  2.775573740E+02  2.527275496E+02  3.464490096E-01 
       243  4.044503934E-02  1.154301055E-01  4.169676193E-02  8.844003071E+04  2.707956563E+02  3.341852570E+02  2.781112771E+02  2.520455781E+02  3.248802955E-01 
       244  4.154949506E-02  1.158110833E-01  4.446441861E-02  8.907468701E+04  2.744406681E+02  3.344952641E+02  2.786274624E+02  2.510795221E+02  3.036139179E-01 
       245  4.259018966E-02  1.161595968E-01  4.726780086E-02  8.988192851E+04  2.775873508E+02  3.348657922E+02  2.792453034E+02  2.493807355E+02  2.820304472E-01 
       246  4.357921759E-02  1.165132208E-01  5.008364009E-02  9.085962671E+04  2.796683893E+02  3.353769951E+02  2.800983686E+02  2.463722038E+02  2.613116410E-01 
       247  4.448002582E-02  1.168267471E-01  5.293502673E-02  9.197148633E+04  2.816898847E+02  3.359172991E+02  2.810017106E+02  2.432601037E+02  2.402598117E-01 
       248  4.534234860E-02  1.171711221E-01  5.579536500E-02  9.319598389E+04  2.828847923E+02  3.365301743E+02  2.820280762E+02  2.396249027E+02  2.220201995E-01 
       249  4.612355051E-02  1.174912616E-01  5.867935283E-02  9.441011914E+04  2.839629135E+02  3.371970444E+02  2.831470337E+02  2.357010345E+02  2.028447818E-01 
       250  4.681688670E-02  1.178330389E-01  6.158342338E-02  9.557683789E+04  2.848813400E+02  3.377977829E+02  2.841567001E+02  2.325293846E+02  1.879019253E-01 
       251  4.742483443E-02  1.181684938E-01  6.451168194E-02  9.665712598E+04  2.857623100E+02  3.383566513E+02  2.850976982E+02  2.298074112E+02  1.749875881E-01 
       252  4.796175059E-02  1.184973583E-01  6.744925218E-02  9.763101172E+04  2.867148581E+02  3.389272594E+02  2.860597038E+02  2.269327593E+02  1.606875909E-01 
       253  4.839690646E-02  1.188449776E-01  7.040346354E-02  9.846778442E+04  2.877877855E+02  3.393254013E+02  2.867318549E+02  2.247694046E+02  1.483542504E-01 
       254  4.867844520E-02  1.192029192E-01  7.337369276E-02  9.903677735E+04  2.894809712E+02  3.395804597E+02  2.871633332E+02  2.239306522E+02  1.374878113E-01 
       255  4.889804354E-02  1.195863964E-01  7.634446821E-02  9.957401007E+04  2.907357303E+02  3.398002459E+02  2.875352561E+02  2.227031613E+02  1.275992991E-01 
       256  4.901527392E-02  1.199575346E-01  7.936475415E-02  9.994667410E+04  2.926887993E+02  3.399668689E+02  2.878173510E+02  2.223017173E+02  1.165559539E-01 
       257  4.897414798E-02  1.207471392E-01  8.530893469E-02  1.001010859E+05  2.969350739E+02  3.401956100E+02  2.882044868E+02  2.228700562E+02  9.749949351E-02 
       258  4.879835866E-02  1.211503063E-01  8.827262235E-02  1.001690303E+05  2.986659775E+02  3.401189079E+02  2.880746117E+02  2.234165287E+02  9.120408446E-02 
       259  4.854576088E-02  1.215647590E-01  9.126615169E-02  1.002883892E+05  2.997096018E+02  3.400003079E+02  2.878737712E+02  2.229788389E+02  8.498847958E-02 
       260  4.818457029E-02  1.219712360E-01  9.420996830E-02  1.008537062E+05  2.994058822E+02  3.402863621E+02  2.883583335E+02  2.214815275E+02  8.228109805E-02 
       261  4.782320061E-02  1.224212570E-01  9.713670139E-02  1.015065313E+05  2.984888573E+02  3.405430584E+02  2.887944775E+02  2.191113291E+02  7.999761729E-02 
       262  4.734997920E-02  1.228526278E-01  1.001180955E-01  1.026222637E+05  2.964169693E+02  3.411635208E+02  2.898473701E+02  2.153189926E+02  7.858704124E-02 
       263  4.683890011E-02  1.232935874E-01  1.030087938E-01  1.041671112E+05  2.925453495E+02  3.421141138E+02  2.914655886E+02  2.101078926E+02  8.309338383E-02 
       264  4.566507936E-02  1.242316696E-01  1.088390156E-01  1.064913461E+05  2.853753403E+02  3.425526604E+02  2.922123961E+02  2.033175898E+02  1.044605477E-01 
       265  4.352639189E-02  1.257122811E-01  1.174848542E-01  1.077694844E+05  2.612682619E+02  3.463836931E+02  2.987905073E+02  1.723493237E+02  1.532411708E-01 
       266  4.289440586E-02  1.261798267E-01  1.203730247E-01  1.075909856E+05  2.507577874E+02  3.483828088E+02  3.022494417E+02  1.468319295E+02  1.406291596E-01 
       267  4.242365191E-02  1.265975250E-01  1.232861776E-01  1.075966584E+05  2.436102328E+02  3.498235315E+02  3.047497925E+02  1.296596022E+02  1.377499447E-01 
       268  4.208270049E-02  1.270006734E-01  1.262530889E-01  1.077115117E+05  2.414814339E+02  3.500192528E+02  3.050898094E+02  1.292869892E+02  1.563337632E-01 
       269  4.202415066E-02  1.273246053E-01  1.292418903E-01  1.077535142E+05  2.422712653E+02  3.497412876E+02  3.046059282E+02  1.341982253E+02  1.680335893E-01 
       270  4.218523596E-02  1.275849052E-01  1.322314117E-01  1.076158979E+05  2.443731362E+02  3.492657336E+02  3.037784372E+02  1.405449945E+02  1.749295938E-01 
       271  4.252691668E-02  1.278080741E-01  1.352038484E-01  1.073932417E+05  2.475120855E+02  3.488862419E+02  3.031190972E+02  1.474585554E+02  1.765062991E-01 
       272  4.296344289E-02  1.279984053E-01  1.381664338E-01  1.071917516E+05  2.504914811E+02  3.483829036E+02  3.022463658E+02  1.533477858E+02  1.770445637E-01 
       273  4.347514252E-02  1.281630447E-01  1.411197974E-01  1.069244823E+05  2.531341249E+02  3.479391756E+02  3.014767133E+02  1.584678305E+02  1.778396028E-01 
       274  4.403358971E-02  1.283124551E-01  1.440677535E-01  1.066146328E+05  2.553976256E+02  3.477310425E+02  3.011143974E+02  1.625355025E+02  1.782389656E-01 
       275  4.466583781E-02  1.284644007E-01  1.470000034E-01  1.063630394E+05  2.579268359E+02  3.473381929E+02  2.961832910E+02  1.667077907E+02  1.771444124E-01 
       276 -1.390154712E-02  1.725232616E-01 -4.600000033E-02  8.235991626E+04  1.819859543E+02  3.303015252E+02  2.714228349E+02  3.424619018E+02  1.010412515E+00 
       277 -1.389524734E-02  1.726308379E-01 -4.258575940E-02  8.267016623E+04  1.815320309E+02  3.303530376E+02  2.717687452E+02  3.423807693E+02  1.011831297E+00 
       278 -1.388827040E-02  1.727470810E-01 -3.919459871E-02  8.295940425E+04  1.810270776E+02  3.304260379E+02  2.718888732E+02  3.422119038E+02  1.013259517E+00 
       279 -1.387976982E-02  1.728866868E-01 -3.575874102E-02  8.303434722E+04  1.808345285E+02  3.304485010E+02  2.719258072E+02  3.423644027E+02  1.014194688E+00 
       280 -1.386962822E-02  1.730354599E-01 -3.234598001E-02  8.286992831E+04  1.811093842E+02  3.303636553E+02  2.717862000E+02  3.430473294E+02  1.014488325E+00 
       281 -1.385715910E-02  1.732129765E-01 -2.893478341E-02  8.244674741E+04  1.818001217E+02  3.301443713E+02  2.714256250E+02  3.443014472E+02  1.014391706E+00 
       282 -1.381464856E-02  1.733989484E-01 -2.553958976E-02  8.187465848E+04  1.832570063E+02  3.297663004E+02  2.708044658E+02  3.462550509E+02  1.012962692E+00 
       283 -1.334927366E-02  1.736519924E-01 -2.216152427E-02  8.096916792E+04  1.851727376E+02  3.293018352E+02  2.700421461E+02  3.488362949E+02  1.011188461E+00 
       284 -1.220387625E-02  1.739549638E-01 -1.896956374E-02  7.982497021E+04  1.882497740E+02  3.285965157E+02  2.688872509E+02  3.521052322E+02  1.006797083E+00 
       285 -1.057589609E-02  1.742731966E-01 -1.599005111E-02  7.812016146E+04  1.929759821E+02  3.276650594E+02  2.673652851E+02  3.568980764E+02  9.998768681E-01 
       286 -8.586070527E-03  1.745821273E-01 -1.323108332E-02  7.627953971E+04  1.978756590E+02  3.268968713E+02  2.661123606E+02  3.615241191E+02  9.921906856E-01 
       287 -6.371188279E-03  1.748941133E-01 -1.065117603E-02  7.598950678E+04  2.004452470E+02  3.268725497E+02  2.660729204E+02  3.622405058E+02  9.848337147E-01 
       288 -3.959984913E-03  1.752012559E-01 -8.251810021E-03  7.842733720E+04  1.979867660E+02  3.282206428E+02  2.682767583E+02  3.553202504E+02  9.801033247E-01 
       289 -1.474621790E-03  1.754287438E-01 -5.921768022E-03  8.364457369E+04  1.898839453E+02  3.309055390E+02  2.726886831E+02  3.425450061E+02  9.849191963E-01 
       290  1.096342236E-03  1.756586641E-01 -3.684409899E-03  8.923238126E+04  1.808069393E+02  3.334832720E+02  2.769477481E+02  3.298705202E+02  9.951557511E-01 
       291  3.722457199E-03  1.758529720E-01 -1.512169024E-03  9.190785303E+04  1.751069221E+02  3.344536448E+02  2.785581274E+02  3.247707405E+02  1.007134937E+00 
       292  6.390497491E-03  1.759799744E-01  6.206893580E-04  8.812432275E+04  1.772875643E+02  3.331586380E+02  2.764098701E+02  3.322627392E+02  1.011229873E+00 
       293  1.179759467E-02  1.761809281E-01  4.808741428E-03  7.629780664E+04  2.002884102E+02  3.268444214E+02  2.660331192E+02  3.649504089E+02  9.905929565E-01 
       294  1.450804596E-02  1.762121176E-01  6.883706551E-03  7.226719824E+04  2.096736279E+02  3.242281284E+02  2.617887669E+02  3.759327469E+02  9.809123352E-01 
       295  1.722225861E-02  1.762495216E-01  8.953048646E-03  7.031762109E+04  2.157922592E+02  3.227799950E+02  2.594532509E+02  3.830885811E+02  9.751014262E-01 
       296  1.993233776E-02  1.761597577E-01  1.102855473E-02  6.924038867E+04  2.182953434E+02  3.221288185E+02  2.584072113E+02  3.858685112E+02  9.725602418E-01 
       297  2.263244469E-02  1.760920636E-01  1.311525345E-02  6.773055127E+04  2.221488876E+02  3.211820049E+02  2.568916721E+02  3.893684578E+02  9.671877697E-01 
       298  2.532249661E-02  1.759768902E-01  1.521525865E-02  6.604301758E+04  2.283346891E+02  3.199887733E+02  2.549859438E+02  3.942723675E+02  9.572484568E-01 
       299  2.800116021E-02  1.758008440E-01  1.732596334E-02  6.557890479E+04  2.341378260E+02  3.194759512E+02  2.541689434E+02  3.972481232E+02  9.443902522E-01 
       300  3.066011949E-02  1.756198651E-01  1.946182943E-02  6.810500806E+04  2.354591265E+02  3.209114752E+02  2.564693589E+02  3.926349826E+02  9.299680181E-01 
       301  3.850917716E-02  1.748410184E-01  2.602581626E-02  8.741169482E+04  2.347583590E+02  3.340943251E+02  2.779633112E+02  3.348070946E+02  8.223545626E-01 
       302  4.358739934E-02  1.740919978E-01  3.053362568E-02  8.566330957E+04  2.391881771E+02  3.325906010E+02  2.754642277E+02  3.430798197E+02  8.217196129E-01 
       303  4.609287257E-02  1.736863543E-01  3.281922705E-02  8.463056909E+04  2.431715536E+02  3.320909252E+02  2.746359758E+02  3.472747164E+02  8.158475198E-01 
       304  4.855845708E-02  1.731970535E-01  3.512834265E-02  8.466050708E+04  2.473862004E+02  3.322451973E+02  2.748912497E+02  3.476081324E+02  8.021305092E-01 
       305  5.100043215E-02  1.726458906E-01  3.745772352E-02  8.623506177E+04  2.499264402E+02  3.332139812E+02  2.764980354E+02  3.433928738E+02  7.863761298E-01 
       306  5.340036417E-02  1.720848619E-01  3.982071753E-02  8.976653162E+04  2.496375532E+02  3.351517177E+02  2.797274961E+02  3.343985786E+02  7.723549986E-01 
       307  5.576533568E-02  1.714326002E-01  4.220398857E-02  9.476662549E+04  2.478968658E+02  3.377700373E+02  2.841162959E+02  3.210103204E+02  7.567063300E-01 
       308  5.808130114E-02  1.707532671E-01  4.462162642E-02  9.961075187E+04  2.465341506E+02  3.402876400E+02  2.883664205E+02  3.084732058E+02  7.421722028E-01 
       309  6.913202621E-02  1.670049815E-01  5.708998555E-02  1.115855568E+05  2.432311592E+02  3.463962593E+02  2.988085718E+02  2.761965518E+02  7.105119852E-01 
       310  7.325557335E-02  1.653928843E-01  6.228962682E-02  1.157149404E+05  2.413417495E+02  3.481132288E+02  3.017772043E+02  2.653927058E+02  7.054682574E-01 
       311  7.526114685E-02  1.645964451E-01  6.493668120E-02  1.167371914E+05  2.398553982E+02  3.486740379E+02  3.027498856E+02  2.624410515E+02  7.094920427E-01 
       312  8.099008587E-02  1.620989224E-01  7.305121222E-02  1.186951230E+05  2.382447529E+02  3.491808929E+02  3.036297760E+02  2.558023129E+02  7.088470533E-01 
       313  8.281625202E-02  1.612441772E-01  7.580722199E-02  1.189436621E+05  2.376325111E+02  3.491897087E+02  3.036450272E+02  2.548039474E+02  7.109917700E-01 
       314  8.462318717E-02  1.604029889E-01  7.856519154E-02  1.192077769E+05  2.369003372E+02  3.492555542E+02  3.037594614E+02  2.544853063E+02  7.150987554E-01 
       315  8.638808364E-02  1.595156660E-01  8.135371941E-02  1.193566370E+05  2.364049764E+02  3.492649679E+02  3.037757320E+02  2.540854855E+02  7.175172009E-01 
       316  8.818531781E-02  1.586346563E-01  8.418846896E-02  1.193866935E+05  2.362917992E+02  3.491424207E+02  3.035626727E+02  2.534168652E+02  7.157462864E-01 
       317  9.153487112E-02  1.568453452E-01  8.985396979E-02  1.194775723E+05  2.358291399E+02  3.492698731E+02  3.037849321E+02  2.528687744E+02  7.177330544E-01 
       318  9.319079870E-02  1.559467714E-01  9.269883327E-02  1.195083838E+05  2.361880245E+02  3.492891178E+02  3.038186531E+02  2.526554813E+02  7.162796818E-01 
       319  9.639067810E-02  1.541493463E-01  9.845101971E-02  1.193724854E+05  2.368190041E+02  3.490136395E+02  3.033390865E+02  2.537584400E+02  7.158491798E-01 
       320  9.789700787E-02  1.532238030E-01  1.013752208E-01  1.192769562E+05  2.378232780E+02  3.488313074E+02  3.030220609E+02  2.539587827E+02  7.110374812E-01 
       321  9.939560036E-02  1.523575645E-01  1.043121280E-01  1.191377666E+05  2.385906487E+02  3.486175003E+02  3.026506310E+02  2.544681396E+02  7.090823427E-01 
       322  1.008373928E-01  1.515239935E-01  1.072922639E-01  1.189264814E+05  2.394233875E+02  3.483466988E+02  3.021805973E+02  2.554171162E+02  7.072824165E-01 
       323  1.021925752E-01  1.507164957E-01  1.103173974E-01  1.187464580E+05  2.408104167E+02  3.480805759E+02  3.017194338E+02  2.567943110E+02  7.028465383E-01 
       324  1.063175391E-01  1.486079647E-01  1.265700906E-01  1.186030078E+05  2.430937996E+02  3.489361877E+02  3.032078590E+02  2.555376968E+02  6.951830387E-01 
       325  1.064822206E-01  1.487022474E-01  1.299738775E-01  1.185887988E+05  2.387728386E+02  3.501984406E+02  3.054065971E+02  2.451616669E+02  7.053975314E-01 
       326  1.066476119E-01  1.488146338E-01  1.333799290E-01  1.182614785E+05  2.328702774E+02  3.513921700E+02  3.074903030E+02  2.323678741E+02  7.231534719E-01 
       327  1.068180965E-01  1.489318139E-01  1.367854531E-01  1.179231934E+05  2.287202034E+02  3.519854012E+02  3.085272331E+02  2.263339806E+02  7.390569672E-01 
       328  1.069979625E-01  1.490578552E-01  1.401905319E-01  1.178027930E+05  2.292109947E+02  3.515755997E+02  3.078099289E+02  2.318084660E+02  7.403445542E-01 
       329  1.071817424E-01  1.491887345E-01  1.435955648E-01  1.178054448E+05  2.340841093E+02  3.502891750E+02  3.053763618E+02  2.450247765E+02  7.277074270E-01 
       330  1.073851999E-01  1.493347905E-01  1.470000044E-01  1.178635078E+05  2.412452316E+02  3.486419144E+02  3.013805923E+02  2.592871704E+02  7.095907331E-01 
       331 -5.132010553E-03  2.399711247E-01 -4.600000034E-02  8.403873486E+04  1.731192341E+02  3.310042591E+02  2.730753498E+02  4.391870384E+02  1.165555492E+00 
       332 -5.128125210E-03  2.399809281E-01 -4.210430258E-02  8.402223975E+04  1.752540870E+02  3.305490007E+02  2.720922923E+02  4.409171476E+02  1.162064001E+00 
       333 -5.125201508E-03  2.399922328E-01 -3.820870464E-02  8.213212744E+04  1.786131710E+02  3.298438570E+02  2.709338770E+02  4.436565847E+02  1.156611608E+00 
       334 -5.121813889E-03  2.400095995E-01 -3.431329778E-02  8.036174243E+04  1.830830042E+02  3.289077780E+02  2.693975835E+02  4.473831170E+02  1.149459745E+00 
       335 -5.119016059E-03  2.400291916E-01 -3.041776666E-02  7.887048122E+04  1.866106235E+02  3.281785734E+02  2.682038879E+02  4.501293019E+02  1.143656427E+00 
       336 -5.114574788E-03  2.400538233E-01 -2.652182619E-02  7.800602771E+04  1.880909359E+02  3.279613400E+02  2.678483277E+02  4.510617809E+02  1.140974939E+00 
       337 -5.109553763E-03  2.400828758E-01 -2.262552630E-02  7.849279395E+04  1.868980975E+02  3.283697882E+02  2.685184550E+02  4.498723040E+02  1.142666323E+00 
       338 -5.103895973E-03  2.401152952E-01 -1.872899116E-02  8.112804187E+04  1.812738440E+02  3.298212349E+02  2.709005086E+02  4.443991408E+02  1.150891601E+00 
       339 -4.925504783E-03  2.402473149E-01 -7.056915668E-03  8.510166381E+04  1.720709260E+02  3.316860561E+02  2.739729529E+02  4.371191367E+02  1.166592250E+00 
       340 -3.715119829E-03  2.403023013E-01 -3.373311706E-03  8.060926111E+04  1.804520258E+02  3.298944373E+02  2.710210749E+02  4.443478684E+02  1.152866539E+00 
       341 -1.562012846E-03  2.403581740E-01 -1.360753051E-04  7.920628159E+04  1.860145063E+02  3.286621967E+02  2.689951358E+02  4.486708539E+02  1.143478669E+00 
       342  1.133764527E-03  2.404094608E-01  2.675248428E-03  7.959007056E+04  1.855365934E+02  3.286122847E+02  2.689134722E+02  4.486696339E+02  1.144904941E+00 
       343  4.137632423E-03  2.404197044E-01  5.149238455E-03  7.982847895E+04  1.842100790E+02  3.288051167E+02  2.692289294E+02  4.477200125E+02  1.147453324E+00 
       344  7.316400202E-03  2.403253331E-01  7.399564588E-03  7.953423563E+04  1.848280143E+02  3.286911647E+02  2.690420764E+02  4.482054699E+02  1.146979142E+00 
       345  1.395577155E-02  2.400667001E-01  1.148649181E-02  8.630720801E+04  1.718478441E+02  3.317115078E+02  2.740180721E+02  4.383388214E+02  1.169796403E+00 
       346  1.735065466E-02  2.397965962E-01  1.337576268E-02  8.979786914E+04  1.594145012E+02  3.337261543E+02  2.773527184E+02  4.290883217E+02  1.192148745E+00 
       347  2.419161170E-02  2.391929427E-01  1.704637434E-02  7.971606836E+04  1.862060966E+02  3.291623611E+02  2.698194313E+02  4.484172440E+02  1.144211769E+00 
       348  2.761839379E-02  2.387452844E-01  1.884103948E-02  7.978451172E+04  1.886116505E+02  3.289347191E+02  2.694417152E+02  4.494509850E+02  1.139048457E+00 
       349  3.105226563E-02  2.382885234E-01  2.062260888E-02  8.099871582E+04  1.856892757E+02  3.296618118E+02  2.706336880E+02  4.457022991E+02  1.142304488E+00 
       350  3.788868369E-02  2.371344800E-01  2.417075674E-02  8.064141650E+04  1.871198902E+02  3.296113758E+02  2.705505619E+02  4.459899864E+02  1.139711685E+00 
       351  4.468291751E-02  2.357525484E-01  2.771953789E-02  8.026334473E+04  1.895949116E+02  3.292721558E+02  2.699964237E+02  4.460590820E+02  1.135577247E+00 
       352  4.805699300E-02  2.349490393E-01  2.948953136E-02  8.076803772E+04  1.900301795E+02  3.294459715E+02  2.702821035E+02  4.440076714E+02  1.134261867E+00 
       353  5.140582287E-02  2.340778219E-01  3.127771149E-02  8.078805273E+04  1.897723904E+02  3.296251602E+02  2.705751019E+02  4.444852486E+02  1.137283206E+00 
       354  5.473006301E-02  2.331020583E-01  3.305777180E-02  7.983456738E+04  1.927553463E+02  3.290828476E+02  2.696850204E+02  4.463806305E+02  1.133345455E+00 
       355  5.803984836E-02  2.320923676E-01  3.484458617E-02  7.822103662E+04  1.968595333E+02  3.279751492E+02  2.678728447E+02  4.493980446E+02  1.128075413E+00 
       356  6.132921494E-02  2.310454118E-01  3.665150486E-02  7.650488696E+04  2.017588180E+02  3.268862859E+02  2.660970463E+02  4.516581910E+02  1.119892211E+00 
       357  6.777528194E-02  2.285846393E-01  4.027160278E-02  8.452769141E+04  2.155263519E+02  3.320387955E+02  2.745842323E+02  4.310448799E+02  1.066137075E+00 
       358  7.097972553E-02  2.273472007E-01  4.209367684E-02  9.150614941E+04  2.296248665E+02  3.357112274E+02  2.806669521E+02  4.142472305E+02  1.014766946E+00 
       359  7.412444428E-02  2.259565065E-01  4.393674079E-02  9.039489111E+04  2.350722823E+02  3.345238571E+02  2.786845551E+02  4.188513880E+02  1.006175878E+00 
       360  7.725834663E-02  2.245514312E-01  4.577102978E-02  8.624016992E+04  2.348514614E+02  3.328385162E+02  2.758757076E+02  4.286090794E+02  1.016176369E+00 
       361  8.037011026E-02  2.231435234E-01  4.763983740E-02  8.828866016E+04  2.322835426E+02  3.347622833E+02  2.790878181E+02  4.227905197E+02  1.019583136E+00 
       362  8.343109451E-02  2.215945322E-01  4.950276897E-02  1.012328251E+05  2.270440785E+02  3.406402028E+02  2.890006096E+02  3.954203176E+02  1.018584805E+00 
       363  8.646988642E-02  2.201046420E-01  5.141624103E-02  1.225025525E+05  2.149640546E+02  3.486014013E+02  3.026666636E+02  3.542683468E+02  1.038570210E+00 
       364  9.242245520E-02  2.169732682E-01  5.534503106E-02  1.188547422E+05  2.244856920E+02  3.505014334E+02  3.059733925E+02  3.494896259E+02  9.953495301E-01 
       365  9.533631835E-02  2.153857768E-01  5.738443174E-02  1.162822183E+05  2.249361432E+02  3.500679464E+02  3.052285442E+02  3.540159130E+02  9.904434206E-01 
       366  9.819952312E-02  2.138016843E-01  5.949569436E-02  1.168487246E+05  2.273482075E+02  3.508613091E+02  3.066089001E+02  3.499043350E+02  9.771357551E-01 
       367  1.009694591E-01  2.121295788E-01  6.167326851E-02  1.187954727E+05  2.301716123E+02  3.517951269E+02  3.082342739E+02  3.433880396E+02  9.611230772E-01 
       368  1.037116704E-01  2.105064985E-01  6.390540356E-02  1.194971475E+05  2.325717936E+02  3.520380239E+02  3.086573563E+02  3.414799852E+02  9.494809657E-01 
       369  1.064180189E-01  2.088777679E-01  6.618856681E-02  1.200256479E+05  2.339348068E+02  3.515804291E+02  3.078485889E+02  3.419549866E+02  9.428151064E-01 
       370  1.090480686E-01  2.071800512E-01  6.850700508E-02  1.208911147E+05  2.327678537E+02  3.513932381E+02  3.075147972E+02  3.411007252E+02  9.443112835E-01 
       371  1.116790455E-01  2.055210471E-01  7.084353951E-02  1.217387175E+05  2.309318480E+02  3.516207080E+02  3.079098005E+02  3.401738286E+02  9.485785030E-01 
       372  1.142974452E-01  2.038484190E-01  7.319785208E-02  1.223101875E+05  2.290640082E+02  3.516721821E+02  3.079953623E+02  3.399827290E+02  9.529897291E-01 
       373  1.168416696E-01  2.021295301E-01  7.558130371E-02  1.226207412E+05  2.280572519E+02  3.516954765E+02  3.080376358E+02  3.390533733E+02  9.551548585E-01 
       374  1.193277496E-01  2.004108846E-01  7.805168345E-02  1.228144155E+05  2.270483413E+02  3.516523333E+02  3.079650202E+02  3.375940037E+02  9.573683394E-01 
       375  1.217693779E-01  1.987784452E-01  8.060399866E-02  1.228201670E+05  2.259872208E+02  3.515715208E+02  3.078246794E+02  3.365173359E+02  9.600095637E-01 
       376  1.240793489E-01  1.970470446E-01  8.322373237E-02  1.227819277E+05  2.248158684E+02  3.515779705E+02  3.078383207E+02  3.351182432E+02  9.628534839E-01 
       377  1.263696524E-01  1.953872062E-01  8.590193330E-02  1.230353205E+05  2.231013573E+02  3.521270857E+02  3.087981688E+02  3.323466548E+02  9.670511829E-01 
       378  1.285811840E-01  1.937639536E-01  8.866989816E-02  1.232463002E+05  2.208230212E+02  3.513432565E+02  3.074204431E+02  3.376325507E+02  9.739862336E-01 
       379  1.378530526E-01  1.861918564E-01  1.119425893E-01  1.231085313E+05  2.190389338E+02  3.556137867E+02  3.149297028E+02  3.142263193E+02  9.766493514E-01 
       380  1.378280879E-01  1.861358471E-01  1.158380052E-01  1.227534971E+05  2.214215345E+02  3.568548527E+02  3.171315327E+02  2.993423243E+02  9.707083702E-01 
       381  1.378172244E-01  1.861105784E-01  1.197328496E-01  1.219812476E+05  2.269936790E+02  3.570685830E+02  3.175140672E+02  2.965527902E+02  9.530503564E-01 
       382  1.378137064E-01  1.861013403E-01  1.236281983E-01  1.221709429E+05  2.302274532E+02  3.564222972E+02  3.163703301E+02  3.076018283E+02  9.397142548E-01 
       383  1.378232998E-01  1.861207539E-01  1.275238734E-01  1.226241679E+05  2.300587196E+02  3.550985835E+02  3.140276437E+02  3.204471285E+02  9.404544959E-01 
       384  1.378388478E-01  1.861485149E-01  1.314192119E-01  1.229805781E+05  2.261725305E+02  3.539019389E+02  3.119118240E+02  3.287022434E+02  9.530936482E-01 
       385  1.378667705E-01  1.861922064E-01  1.353144338E-01  1.231557117E+05  2.229750479E+02  3.532849550E+02  3.108229471E+02  3.296043186E+02  9.632480307E-01 
       386  1.378917792E-01  1.862393165E-01  1.392095884E-01  1.232396500E+05  2.217696562E+02  3.528901196E+02  3.101255134E+02  3.301328403E+02  9.669133732E-01 
       387  1.379128913E-01  1.862912877E-01  1.431056120E-01  1.232823778E+05  2.215413210E+02  3.529204457E+02  3.100005859E+02  3.285933070E+02  9.672896452E-01 
       388  1.379274402E-01  1.863453723E-01  1.469999959E-01  1.233183232E+05  2.209143968E+02  3.536731529E+02  3.107918677E+02  3.218550882E+02  9.689127617E-01 
       389 -3.389247132E-02  1.007789921E-01 -4.300551245E-02  8.754258789E+04  1.539746742E+02  3.330566788E+02  2.762352505E+02  2.358203964E+02  8.594101146E-01 
       390 -3.372456358E-02  1.010433636E-01 -4.002223516E-02  8.744924122E+04  1.545131320E+02  3.330143477E+02  2.761650803E+02  2.364336524E+02  8.587936737E-01 
       391 -3.329024078E-02  1.014074167E-01 -3.707963811E-02  8.733777859E+04  1.551432937E+02  3.329561490E+02  2.760685751E+02  2.370903881E+02  8.579423032E-01 
       392 -3.255620303E-02  1.018883264E-01 -3.421559131E-02  8.723869193E+04  1.557878731E+02  3.328949649E+02  2.759671102E+02  2.377766109E+02  8.572068580E-01 
       393 -3.153373485E-02  1.024554568E-01 -3.145384174E-02  8.714124963E+04  1.564903276E+02  3.328265494E+02  2.758536835E+02  2.385451921E+02  8.565038530E-01 
       394 -3.028950121E-02  1.031058036E-01 -2.880322264E-02  8.701915324E+04  1.572494939E+02  3.327496306E+02  2.757262264E+02  2.393423479E+02  8.556124511E-01 
       395 -2.888173412E-02  1.037838005E-01 -2.624318977E-02  8.690657146E+04  1.579792296E+02  3.326845185E+02  2.756183336E+02  2.400667955E+02  8.546679324E-01 
       396 -2.733119538E-02  1.044792183E-01 -2.377110822E-02  8.682486971E+04  1.585364422E+02  3.326447405E+02  2.755524741E+02  2.407493867E+02  8.545491040E-01 
       397 -2.568342124E-02  1.052055751E-01 -2.135968630E-02  8.673707128E+04  1.589928449E+02  3.326057511E+02  2.754878861E+02  2.414172269E+02  8.549501325E-01 
       398 -2.397735570E-02  1.059146334E-01 -1.899049647E-02  8.658367569E+04  1.595394097E+02  3.325243232E+02  2.753529826E+02  2.424029046E+02  8.559830287E-01 
       399 -2.220871387E-02  1.066063154E-01 -1.667396516E-02  8.626637646E+04  1.604560551E+02  3.323538711E+02  2.750707419E+02  2.441078308E+02  8.575300255E-01 
       400 -2.041003203E-02  1.073389070E-01 -1.437512078E-02  8.570416373E+04  1.621072193E+02  3.320537616E+02  2.745742358E+02  2.465159388E+02  8.576383055E-01 
       401 -1.856976066E-02  1.079715131E-01 -1.211630566E-02  8.491483190E+04  1.650512422E+02  3.316107142E+02  2.738420049E+02  2.497707968E+02  8.539395337E-01 
       402 -1.670953655E-02  1.086522831E-01 -9.860640570E-03  8.424159209E+04  1.686676409E+02  3.312387539E+02  2.732280464E+02  2.526371439E+02  8.453669536E-01 
       403 -1.482329113E-02  1.093026603E-01 -7.620995183E-03  8.414594485E+04  1.716059873E+02  3.311866311E+02  2.731421669E+02  2.533016515E+02  8.326631848E-01 
       404 -1.292306254E-02  1.099268373E-01 -5.385291055E-03  8.502288208E+04  1.724455500E+02  3.316836081E+02  2.739628191E+02  2.507350826E+02  8.198987264E-01 
       405 -1.101845801E-02  1.105590611E-01 -3.137660868E-03  8.689320114E+04  1.707151611E+02  3.327174416E+02  2.756735108E+02  2.443893744E+02  8.082778798E-01 
       406 -9.120841472E-03  1.111701815E-01 -8.914052251E-04  8.940140335E+04  1.677243099E+02  3.340536135E+02  2.778920460E+02  2.355822027E+02  7.964039973E-01 
       407 -7.240675928E-03  1.117476218E-01  1.353994698E-03  9.281207825E+04  1.635980435E+02  3.358662173E+02  2.809164948E+02  2.226276031E+02  7.805540285E-01 
       408 -5.370549944E-03  1.123083196E-01  3.627204146E-03  9.655728394E+04  1.632846661E+02  3.377825294E+02  2.841307142E+02  2.093769658E+02  7.457089666E-01 
       409 -3.530590186E-03  1.128981262E-01  5.933484609E-03  9.844432388E+04  1.729340122E+02  3.388041173E+02  2.858520358E+02  2.011768437E+02  6.681499872E-01 
       410 -1.726912218E-03  1.134387153E-01  8.259926622E-03  9.812453467E+04  1.849647837E+02  3.385733485E+02  2.854620886E+02  2.040625639E+02  6.074198876E-01 
       411  3.734044288E-05  1.140039107E-01  1.062617763E-02  9.728951294E+04  1.947632213E+02  3.380767498E+02  2.846259232E+02  2.091727595E+02  5.682104910E-01 
       412  1.740848712E-03  1.145879687E-01  1.302702968E-02  9.654763638E+04  2.020406888E+02  3.377162722E+02  2.840190909E+02  2.126707658E+02  5.396528156E-01 
       413  3.387617433E-03  1.151172021E-01  1.547343878E-02  9.601544070E+04  2.083922335E+02  3.374960433E+02  2.836485894E+02  2.154801022E+02  5.144225310E-01 
       414  4.957112811E-03  1.157081541E-01  1.796238578E-02  9.543239514E+04  2.154898515E+02  3.371639895E+02  2.830907216E+02  2.189874740E+02  4.881578898E-01 
       415  6.462677552E-03  1.163151534E-01  2.048609031E-02  9.459917261E+04  2.222737517E+02  3.367355146E+02  2.823716745E+02  2.229892511E+02  4.660987351E-01 
       416  7.926557233E-03  1.168909271E-01  2.304605918E-02  9.390520270E+04  2.280616529E+02  3.363740911E+02  2.817657185E+02  2.265303965E+02  4.483872368E-01 
       417  9.338612782E-03  1.175119790E-01  2.562398907E-02  9.359628158E+04  2.330551462E+02  3.361808880E+02  2.814420784E+02  2.288116942E+02  4.313017163E-01 
       418  1.068984297E-02  1.181121478E-01  2.822455248E-02  9.346993484E+04  2.378161603E+02  3.361008660E+02  2.813080756E+02  2.303915522E+02  4.131290395E-01 
       419  1.198650266E-02  1.187330819E-01  3.085849659E-02  9.340182764E+04  2.424582663E+02  3.360685304E+02  2.812539919E+02  2.318017457E+02  3.952068414E-01 
       420  1.322982934E-02  1.193430432E-01  3.352159396E-02  9.344049071E+04  2.467001727E+02  3.360868699E+02  2.812846333E+02  2.327541308E+02  3.778317182E-01 
       421  1.439865389E-02  1.199672983E-01  3.621509854E-02  9.364327815E+04  2.503662418E+02  3.361908565E+02  2.814587774E+02  2.331511993E+02  3.616913133E-01 
       422  1.553995729E-02  1.205631245E-01  3.892438234E-02  9.408717111E+04  2.534367210E+02  3.364219376E+02  2.818458620E+02  2.324812097E+02  3.449023223E-01 
       423  1.662952250E-02  1.211745408E-01  4.165332372E-02  9.462427271E+04  2.562113674E+02  3.366753410E+02  2.822706063E+02  2.315450751E+02  3.288895467E-01 
       424  1.764894372E-02  1.217373945E-01  4.441857664E-02  9.532224966E+04  2.583388827E+02  3.370257343E+02  2.828586626E+02  2.298919251E+02  3.135925757E-01 
       425  1.861873940E-02  1.222791769E-01  4.720617614E-02  9.629793673E+04  2.600285436E+02  3.375126684E+02  2.836766620E+02  2.272259156E+02  2.970556088E-01 
       426  1.950820179E-02  1.228336643E-01  5.001741530E-02  9.724644110E+04  2.619568316E+02  3.379523219E+02  2.844160910E+02  2.247594874E+02  2.798656134E-01 
       427  2.036944420E-02  1.233245632E-01  5.285072558E-02  9.818632104E+04  2.636318147E+02  3.384384118E+02  2.852350599E+02  2.221642740E+02  2.634009916E-01 
       428  2.117157025E-02  1.238295963E-01  5.569831964E-02  9.918265161E+04  2.652434106E+02  3.389259701E+02  2.860574012E+02  2.194072018E+02  2.467699933E-01 
       429  2.190592593E-02  1.242947792E-01  5.857026217E-02  1.001441912E+05  2.669176416E+02  3.393911104E+02  2.868432150E+02  2.167875509E+02  2.300222190E-01 
       430  2.257248913E-02  1.247551336E-01  6.145961794E-02  1.010437666E+05  2.686850996E+02  3.398242035E+02  2.875756025E+02  2.142824497E+02  2.131049559E-01 
       431  2.314781749E-02  1.251835029E-01  6.437124902E-02  1.018209429E+05  2.708076873E+02  3.401756363E+02  2.881707335E+02  2.123756990E+02  1.959578446E-01 
       432  2.363318974E-02  1.255957621E-01  6.730774801E-02  1.024598480E+05  2.729947932E+02  3.404924741E+02  2.887076113E+02  2.106213434E+02  1.787976971E-01 
       433  2.402789138E-02  1.260195069E-01  7.025072331E-02  1.029429214E+05  2.756365585E+02  3.407243729E+02  2.891009254E+02  2.097090454E+02  1.620288715E-01 
       434  2.431727977E-02  1.264030352E-01  7.321094069E-02  1.032663809E+05  2.783474770E+02  3.409174576E+02  2.894286976E+02  2.090682678E+02  1.454974636E-01 
       435  2.453016930E-02  1.268032789E-01  7.617447467E-02  1.034389585E+05  2.813825879E+02  3.410217085E+02  2.896057405E+02  2.090840130E+02  1.295156872E-01 
       436  2.462079541E-02  1.271795605E-01  7.915094878E-02  1.034649727E+05  2.844933105E+02  3.410775597E+02  2.897006824E+02  2.096700019E+02  1.150305019E-01 
       437  2.463902970E-02  1.275610820E-01  8.212637731E-02  1.030993391E+05  2.882655177E+02  3.409173312E+02  2.894285660E+02  2.117482915E+02  1.025194501E-01 
       438  2.457492051E-02  1.279220853E-01  8.510260082E-02  1.022765593E+05  2.925921754E+02  3.405241156E+02  2.887612953E+02  2.153499993E+02  9.278497053E-02 
       439  2.441429013E-02  1.282749863E-01  8.807550525E-02  1.013694378E+05  2.959501494E+02  3.401081806E+02  2.880561208E+02  2.197081012E+02  9.218700710E-02 
       440  2.420234297E-02  1.286273229E-01  9.105186832E-02  1.005145770E+05  2.969833829E+02  3.397067032E+02  2.873765110E+02  2.232706824E+02  1.026413921E-01 
       441  2.388558350E-02  1.289647853E-01  9.401845916E-02  1.004866773E+05  2.954842010E+02  3.396635107E+02  2.873034727E+02  2.236989815E+02  1.151540101E-01 
       442  2.351928731E-02  1.293134864E-01  9.696958543E-02  1.009946763E+05  2.927782419E+02  3.399042275E+02  2.877108664E+02  2.223339371E+02  1.277527601E-01 
       443  2.306449285E-02  1.296327241E-01  9.991680403E-02  1.018834829E+05  2.892317543E+02  3.403397255E+02  2.884486208E+02  2.192396164E+02  1.382896504E-01 
       444  2.257188759E-02  1.299515661E-01  1.028605699E-01  1.029888135E+05  2.854183769E+02  3.408472013E+02  2.893094912E+02  2.152807922E+02  1.472775075E-01 
       445  2.201092100E-02  1.302726916E-01  1.057899135E-01  1.041619300E+05  2.821668990E+02  3.413878440E+02  2.902280650E+02  2.110987654E+02  1.524034029E-01 
       446  2.143382683E-02  1.305960230E-01  1.087107054E-01  1.052313667E+05  2.796193175E+02  3.419747485E+02  2.912266153E+02  2.068426006E+02  1.532998866E-01 
       447  2.076802587E-02  1.309307408E-01  1.116221513E-01  1.060216724E+05  2.780199089E+02  3.425005627E+02  2.921229534E+02  2.032898788E+02  1.513427496E-01 
       448  2.010215597E-02  1.312657467E-01  1.145293522E-01  1.065905059E+05  2.772221022E+02  3.429135199E+02  2.928278513E+02  2.012654247E+02  1.503819027E-01 
       449  1.945135245E-02  1.316056955E-01  1.174374795E-01  1.069770051E+05  2.770766249E+02  3.431964705E+02  2.933111823E+02  2.006931171E+02  1.509621897E-01 
       450  1.885387307E-02  1.319548677E-01  1.203553293E-01  1.072637992E+05  2.774657171E+02  3.433520875E+02  2.935771160E+02  2.008904817E+02  1.512474386E-01 
       451  1.837479322E-02  1.322913677E-01  1.233018373E-01  1.074778762E+05  2.775851936E+02  3.434787283E+02  2.937937813E+02  2.010119100E+02  1.530228932E-01 
       452  1.811263581E-02  1.325954541E-01  1.262715907E-01  1.075882329E+05  2.775975943E+02  3.435556746E+02  2.939254723E+02  2.013619270E+02  1.562332166E-01 
       453  1.805653049E-02  1.328847135E-01  1.292554963E-01  1.075673848E+05  2.777904782E+02  3.435571218E+02  2.939279671E+02  2.021112781E+02  1.599604492E-01 
       454  1.819877737E-02  1.331672438E-01  1.322380588E-01  1.074630466E+05  2.781640999E+02  3.435125254E+02  2.938516313E+02  2.031721776E+02  1.637635839E-01 
       455  1.852494771E-02  1.334510277E-01  1.352129826E-01  1.073548941E+05  2.787695895E+02  3.434440983E+02  2.937345815E+02  2.045658392E+02  1.675631331E-01 
       456  1.890761882E-02  1.337081709E-01  1.381756048E-01  1.072029401E+05  2.793815118E+02  3.433622409E+02  2.935945207E+02  2.059577115E+02  1.711427185E-01 
       457  1.937808835E-02  1.339540030E-01  1.411279949E-01  1.069517313E+05  2.800233581E+02  3.432379787E+02  2.933820436E+02  2.073866241E+02  1.746465442E-01 
       458  1.989552602E-02  1.341916383E-01  1.440726902E-01  1.066338710E+05  2.807173892E+02  3.430812013E+02  2.931140579E+02  2.089068923E+02  1.781476830E-01 
       459  2.048114376E-02  1.344526817E-01  1.469999956E-01  1.063210151E+05  2.815600014E+02  3.429025936E+02  2.928070507E+02  2.106484098E+02  1.811889019E-01 
       460 -4.772920012E-02  1.664853148E-01 -4.258181757E-02  8.252986741E+04  1.812988051E+02  3.302865373E+02  2.716593229E+02  3.428605536E+02  1.013503597E+00 
       461 -4.770031945E-02  1.666117663E-01 -3.916302660E-02  8.228731293E+04  1.820134627E+02  3.301226187E+02  2.713898159E+02  3.437922339E+02  1.012744475E+00 
       462 -4.768621633E-02  1.667606858E-01 -3.574527808E-02  8.188058691E+04  1.828064704E+02  3.299075923E+02  2.710364051E+02  3.449375401E+02  1.012116142E+00 
       463 -4.773671611E-02  1.669008759E-01 -3.232563070E-02  8.132432495E+04  1.845041256E+02  3.295548353E+02  2.704571800E+02  3.468870029E+02  1.009896547E+00 
       464 -4.779814392E-02  1.670685917E-01 -2.890641835E-02  8.069742627E+04  1.864077740E+02  3.291769714E+02  2.698373051E+02  3.489973373E+02  1.007300276E+00 
       465 -4.772832030E-02  1.672854950E-01 -2.549705171E-02  7.997260474E+04  1.885839179E+02  3.287685828E+02  2.691682992E+02  3.510732403E+02  1.003761090E+00 
       466 -4.733274936E-02  1.676197526E-01 -2.211766833E-02  7.931303467E+04  1.913248136E+02  3.283754654E+02  2.685248957E+02  3.531182671E+02  9.982540868E-01 
       467 -4.646629434E-02  1.680852894E-01 -1.884685997E-02  7.936733325E+04  1.930899936E+02  3.284490139E+02  2.686454847E+02  3.536911955E+02  9.933393532E-01 
       468 -4.497458874E-02  1.687177674E-01 -1.583913045E-02  8.149025000E+04  1.908129077E+02  3.296640100E+02  2.706388164E+02  3.482824755E+02  9.911757745E-01 
       469 -4.311049959E-02  1.694263862E-01 -1.306511329E-02  8.499923413E+04  1.845293722E+02  3.316682911E+02  2.739400210E+02  3.383923864E+02  9.953615181E-01 
       470 -4.101650432E-02  1.701661907E-01 -1.047820325E-02  8.785272363E+04  1.786832485E+02  3.331730461E+02  2.764286327E+02  3.309635010E+02  1.003164634E+00 
       471 -3.872443978E-02  1.709287414E-01 -8.043812788E-03  8.771674780E+04  1.766010931E+02  3.330925403E+02  2.762952390E+02  3.313184075E+02  1.010903801E+00 
       472 -3.634257562E-02  1.716543837E-01 -5.706210795E-03  8.544544092E+04  1.791122332E+02  3.318394165E+02  2.742215805E+02  3.380002575E+02  1.013251022E+00 
       473 -3.384972842E-02  1.724025179E-01 -3.469956820E-03  8.141673755E+04  1.861738303E+02  3.296334105E+02  2.705896513E+02  3.491696544E+02  1.008664235E+00 
       474 -3.133060076E-02  1.731099844E-01 -1.271304633E-03  7.685979099E+04  1.973663332E+02  3.269468458E+02  2.661956123E+02  3.623614199E+02  9.955097591E-01 
       475 -2.873453975E-02  1.737912906E-01  8.535856133E-04  7.313165771E+04  2.070948739E+02  3.246307192E+02  2.624376583E+02  3.732932501E+02  9.844342321E-01 
       476 -2.611690126E-02  1.744247281E-01  2.958268427E-03  7.078147278E+04  2.132403984E+02  3.231597381E+02  2.600632591E+02  3.795230517E+02  9.766604882E-01 
       477 -2.348835128E-02  1.750433393E-01  5.058280838E-03  6.983224048E+04  2.173152695E+02  3.223608191E+02  2.587789524E+02  3.830506792E+02  9.703909345E-01 
       478 -2.083113736E-02  1.756162102E-01  7.133742148E-03  6.972287891E+04  2.174957857E+02  3.224110203E+02  2.588592672E+02  3.829650211E+02  9.695308972E-01 
       479 -1.816607045E-02  1.761555279E-01  9.209141426E-03  7.005774146E+04  2.205603237E+02  3.225454121E+02  2.590759058E+02  3.828588676E+02  9.589593150E-01 
       480 -1.549262448E-02  1.766467189E-01  1.128626304E-02  7.259501831E+04  2.215229931E+02  3.242641497E+02  2.618513231E+02  3.762810497E+02  9.420645908E-01 
       481 -1.281959455E-02  1.771087169E-01  1.337222607E-02  8.320232251E+04  2.138140044E+02  3.306455526E+02  2.722760048E+02  3.476075888E+02  9.150430541E-01 
       482 -1.015361520E-02  1.775059034E-01  1.547159933E-02  9.888303417E+04  2.074450007E+02  3.386789075E+02  2.856448839E+02  3.040746412E+02  8.708519004E-01 
       483 -7.491200012E-03  1.778633735E-01  1.757589553E-02  9.653783691E+04  2.185055542E+02  3.381326714E+02  2.847225685E+02  3.091266718E+02  8.380715214E-01 
       484 -4.837064878E-03  1.782590199E-01  1.971143984E-02  8.940155005E+04  2.295555964E+02  3.343945189E+02  2.784604902E+02  3.324250040E+02  8.351759799E-01 
       485 -2.188499166E-03  1.785530451E-01  2.185094162E-02  8.820741141E+04  2.320578577E+02  3.335367866E+02  2.770334145E+02  3.359881915E+02  8.326586538E-01 
       486  4.329096806E-04  1.787998193E-01  2.404680664E-02  8.881350781E+04  2.343534622E+02  3.337850361E+02  2.774459324E+02  3.341231766E+02  8.221760839E-01 
       487  3.027224691E-03  1.790317150E-01  2.627094405E-02  8.882576648E+04  2.367307446E+02  3.338274794E+02  2.775165808E+02  3.344945860E+02  8.150207438E-01 
       488  5.626976121E-03  1.792222402E-01  2.847807669E-02  8.953322388E+04  2.385203083E+02  3.342903395E+02  2.782867174E+02  3.331207573E+02  8.069146797E-01 
       489  8.191038637E-03  1.793338257E-01  3.074695743E-02  9.165438989E+04  2.388548558E+02  3.354195678E+02  2.801714501E+02  3.272498989E+02  7.966177082E-01 
       490  1.074058355E-02  1.794129340E-01  3.303046409E-02  9.521248831E+04  2.374631857E+02  3.371506660E+02  2.830726161E+02  3.175294733E+02  7.867820957E-01 
       491  1.325979491E-02  1.793970135E-01  3.532576038E-02  9.935941663E+04  2.350879798E+02  3.390635147E+02  2.862935750E+02  3.066227725E+02  7.793443864E-01 
       492  1.577166567E-02  1.793535417E-01  3.765132951E-02  1.028437908E+05  2.330803490E+02  3.407105041E+02  2.890798779E+02  2.974246206E+02  7.738765823E-01 
       493  1.825553626E-02  1.792503646E-01  4.000403552E-02  1.052216096E+05  2.323569379E+02  3.419286823E+02  2.911494741E+02  2.913784437E+02  7.685681367E-01 
       494  2.071273564E-02  1.790845686E-01  4.238164633E-02  1.071526924E+05  2.319449031E+02  3.429480735E+02  2.928880113E+02  2.858342384E+02  7.633429701E-01 
       495  2.315348782E-02  1.789033294E-01  4.476881837E-02  1.092222450E+05  2.313481016E+02  3.439078856E+02  2.945295639E+02  2.805896831E+02  7.593907546E-01 
       496  2.554611962E-02  1.786610662E-01  4.720294885E-02  1.112007012E+05  2.307586460E+02  3.447359228E+02  2.959495640E+02  2.749681616E+02  7.554451730E-01 
       497  2.790553153E-02  1.783591187E-01  4.966367300E-02  1.129330981E+05  2.304028025E+02  3.454514647E+02  2.971792679E+02  2.703165779E+02  7.518388610E-01 
       498  3.023553076E-02  1.780531658E-01  5.215009418E-02  1.144509037E+05  2.302969429E+02  3.460946620E+02  2.982866054E+02  2.663324912E+02  7.482073642E-01 
       499  3.255140683E-02  1.777481834E-01  5.464573084E-02  1.157692252E+05  2.300563630E+02  3.467093210E+02  2.993470688E+02  2.628423996E+02  7.460569055E-01 
       500  3.480321611E-02  1.773622653E-01  5.719033452E-02  1.168467720E+05  2.301793259E+02  3.471949654E+02  3.001860249E+02  2.598157842E+02  7.426626105E-01 
       501  3.704366447E-02  1.769956776E-01  5.978074099E-02  1.177581577E+05  2.302574930E+02  3.475868876E+02  3.008640313E+02  2.573962381E+02  7.403617576E-01 
       502  3.923116288E-02  1.766153691E-01  6.237867612E-02  1.184968550E+05  2.306341157E+02  3.478673148E+02  3.013495026E+02  2.556327596E+02  7.374963313E-01 
       503  4.136429871E-02  1.761773997E-01  6.501205622E-02  1.189678462E+05  2.310149665E+02  3.480702350E+02  3.017011143E+02  2.543909818E+02  7.350119785E-01 
       504  4.348069858E-02  1.757484529E-01  6.766046190E-02  1.192696970E+05  2.317099051E+02  3.481756277E+02  3.018838301E+02  2.540314960E+02  7.321992163E-01 
       505  4.554226392E-02  1.753162813E-01  7.034950997E-02  1.194981133E+05  2.321820068E+02  3.482767820E+02  3.020592480E+02  2.538460188E+02  7.304786947E-01 
       506  4.756665315E-02  1.748560179E-01  7.306168772E-02  1.196471958E+05  2.325811098E+02  3.483503070E+02  3.021867630E+02  2.538889884E+02  7.291924311E-01 
       507  4.956604909E-02  1.743615796E-01  7.580968578E-02  1.197185616E+05  2.330901360E+02  3.483682400E+02  3.022178636E+02  2.539488694E+02  7.274605480E-01 
       508  5.152654947E-02  1.738670862E-01  7.855886540E-02  1.196993110E+05  2.333141207E+02  3.483513318E+02  3.021884875E+02  2.542070157E+02  7.271272354E-01 
       509  5.347325952E-02  1.733659220E-01  8.131742073E-02  1.194625254E+05  2.331258774E+02  3.482586462E+02  3.020277371E+02  2.547268421E+02  7.287762629E-01 
       510  5.541917190E-02  1.728212690E-01  8.412523757E-02  1.194789539E+05  2.328883442E+02  3.482317765E+02  3.019811242E+02  2.547370917E+02  7.299604501E-01 
       511  5.731737707E-02  1.722438844E-01  8.698058411E-02  1.198632489E+05  2.329331832E+02  3.483905802E+02  3.022566912E+02  2.537024574E+02  7.289742599E-01 
       512  5.917186437E-02  1.716911252E-01  8.979478553E-02  1.200443130E+05  2.334936959E+02  3.484670580E+02  3.023894818E+02  2.534015526E+02  7.267122078E-01 
       513  6.096387184E-02  1.711643945E-01  9.255110888E-02  1.200781232E+05  2.345253873E+02  3.484667417E+02  3.023889580E+02  2.533535403E+02  7.228024970E-01 
       514  6.270700241E-02  1.705757992E-01  9.544380808E-02  1.199219758E+05  2.357609863E+02  3.483991489E+02  3.022716923E+02  2.537958364E+02  7.182920706E-01 
       515  6.442263795E-02  1.699823167E-01  9.834544530E-02  1.196889398E+05  2.365650789E+02  3.482966244E+02  3.020937502E+02  2.544148096E+02  7.157528120E-01 
       516  6.612271722E-02  1.694054111E-01  1.012510921E-01  1.195106055E+05  2.373900621E+02  3.481924717E+02  3.019130375E+02  2.546455302E+02  7.130219224E-01 
       517  6.776083839E-02  1.688452726E-01  1.042003507E-01  1.193763533E+05  2.383117502E+02  3.481364263E+02  3.018158118E+02  2.550790907E+02  7.100931476E-01 
       518  6.936215302E-02  1.682812898E-01  1.071729988E-01  1.192205811E+05  2.393494263E+02  3.480891432E+02  3.017338551E+02  2.558163012E+02  7.069231111E-01 
       519  7.082677073E-02  1.677321085E-01  1.102128146E-01  1.190971243E+05  2.403795739E+02  3.480764382E+02  3.017118845E+02  2.564901314E+02  7.035644301E-01 
       520  7.220712168E-02  1.672497044E-01  1.133584680E-01  1.190450389E+05  2.410297971E+02  3.481543981E+02  3.018471469E+02  2.572208544E+02  7.019836220E-01 
       521  7.342602904E-02  1.668557431E-01  1.165154693E-01  1.189534901E+05  2.414085947E+02  3.482796061E+02  3.020643754E+02  2.575873966E+02  7.012697798E-01 
       522  7.439926912E-02  1.665467988E-01  1.197652411E-01  1.188037852E+05  2.418113987E+02  3.484039741E+02  3.022801027E+02  2.575053854E+02  6.999468952E-01 
       523  7.498839543E-02  1.664581038E-01  1.231239650E-01  1.186564287E+05  2.420877838E+02  3.485273151E+02  3.024940395E+02  2.574097900E+02  6.993500814E-01 
       524  7.530423640E-02  1.665023734E-01  1.265249777E-01  1.184881890E+05  2.422713871E+02  3.485649257E+02  3.025592508E+02  2.574219694E+02  6.992602898E-01 
       525  7.543612494E-02  1.666233331E-01  1.299370256E-01  1.183287969E+05  2.431138382E+02  3.484279118E+02  3.023214378E+02  2.585917912E+02  6.976961903E-01 
       526  7.553122174E-02  1.667952118E-01  1.333496155E-01  1.182041733E+05  2.445435405E+02  3.482272658E+02  3.019734015E+02  2.605828114E+02  6.948293252E-01 
       527  7.566054780E-02  1.669469890E-01  1.367626796E-01  1.180761199E+05  2.452839632E+02  3.481770897E+02  3.018865786E+02  2.613292012E+02  6.934805941E-01 
       528  7.583993244E-02  1.671002891E-01  1.401745263E-01  1.179228794E+05  2.448673685E+02  3.484279423E+02  3.023226233E+02  2.595291954E+02  6.943519362E-01 
       529  7.600645069E-02  1.672586086E-01  1.435869327E-01  1.178606608E+05  2.426120899E+02  3.491555772E+02  3.035888481E+02  2.541340148E+02  6.997554558E-01 
       530  7.611546960E-02  1.674572299E-01  1.470000031E-01  1.179566786E+05  2.380057876E+02  3.501821790E+02  3.054568682E+02  2.455248048E+02  7.124405443E-01 
       531 -5.220359409E-02  2.342994603E-01 -4.210986580E-02  8.163164343E+04  1.832873746E+02  3.296613978E+02  2.707082567E+02  4.443050828E+02  1.145567185E+00 
       532 -5.220192467E-02  2.343108577E-01 -3.821952920E-02  8.091575266E+04  1.853833055E+02  3.293853444E+02  2.701792085E+02  4.454260726E+02  1.141556388E+00 
       533 -5.220302368E-02  2.343278434E-01 -3.432921672E-02  8.121717505E+04  1.855546563E+02  3.295479666E+02  2.704464145E+02  4.451994601E+02  1.140923514E+00 
       534 -5.220531674E-02  2.343446645E-01 -3.043898101E-02  8.272767513E+04  1.823806241E+02  3.303672554E+02  2.717944091E+02  4.422028751E+02  1.145830808E+00 
       535 -5.220735409E-02  2.343651870E-01 -2.654892396E-02  8.464778564E+04  1.771838446E+02  3.315190525E+02  2.736925964E+02  4.375567932E+02  1.154203154E+00 
       536 -5.221355576E-02  2.343966826E-01 -2.266385481E-02  8.581683397E+04  1.736360758E+02  3.321747498E+02  2.747748217E+02  4.349281436E+02  1.160451304E+00 
       537 -5.221196162E-02  2.344309954E-01 -1.877454498E-02  8.561334850E+04  1.734133673E+02  3.319051863E+02  2.743297057E+02  4.359386056E+02  1.161875911E+00 
       538 -5.222596507E-02  2.344687402E-01 -1.488167101E-02  8.386243048E+04  1.768308547E+02  3.308966188E+02  2.726661494E+02  4.397354689E+02  1.157091004E+00 
       539 -5.222923531E-02  2.345160018E-01 -1.099302079E-02  8.152230652E+04  1.832962750E+02  3.296336317E+02  2.705884712E+02  4.447715764E+02  1.146259601E+00 
       540 -5.210275326E-02  2.345957540E-01 -7.104134264E-03  8.000067734E+04  1.882684508E+02  3.288850198E+02  2.693595701E+02  4.487572689E+02  1.138264830E+00 
       541 -5.114101036E-02  2.348545508E-01 -3.375994418E-03  7.987404457E+04  1.876037163E+02  3.290039387E+02  2.695541763E+02  4.483360528E+02  1.139660721E+00 
       542 -4.917766965E-02  2.353023755E-01 -5.047413344E-05  8.029931665E+04  1.857661619E+02  3.293132267E+02  2.700611153E+02  4.470314379E+02  1.143134888E+00 
       543 -4.661414278E-02  2.358651253E-01  2.823323178E-03  8.132736401E+04  1.840902255E+02  3.298639517E+02  2.709656501E+02  4.445487018E+02  1.144886285E+00 
       544 -4.374488282E-02  2.364440537E-01  5.350106892E-03  8.461625482E+04  1.768561482E+02  3.316358893E+02  2.738869696E+02  4.380607309E+02  1.156538078E+00 
       545 -4.059796688E-02  2.370222596E-01  7.583171126E-03  8.898162085E+04  1.650020080E+02  3.338257987E+02  2.775142152E+02  4.290238636E+02  1.177365608E+00 
       546 -3.738701819E-02  2.375676250E-01  9.702642239E-03  8.786330756E+04  1.676558704E+02  3.332146873E+02  2.765006943E+02  4.313563275E+02  1.172779669E+00 
       547 -3.407522408E-02  2.380263225E-01  1.169481074E-02  8.226366589E+04  1.837456899E+02  3.302511177E+02  2.716072516E+02  4.432480335E+02  1.144156979E+00 
       548 -3.073065008E-02  2.384984497E-01  1.361793802E-02  7.941693890E+04  1.908993491E+02  3.287950795E+02  2.692120395E+02  4.497990980E+02  1.133047110E+00 
       549 -2.732884007E-02  2.388770261E-01  1.546643341E-02  8.107718701E+04  1.865717373E+02  3.295706115E+02  2.704843488E+02  4.451571426E+02  1.138892416E+00 
       550 -2.390908864E-02  2.392176502E-01  1.728468609E-02  8.198600253E+04  1.832426231E+02  3.301479788E+02  2.714326714E+02  4.432935424E+02  1.145447385E+00 
       551 -2.044822495E-02  2.394794424E-01  1.908927170E-02  8.102011530E+04  1.870194508E+02  3.295090215E+02  2.703833219E+02  4.454371283E+02  1.138790750E+00 
       552 -1.699643969E-02  2.397114515E-01  2.086461287E-02  8.059147876E+04  1.880132518E+02  3.293228912E+02  2.700789056E+02  4.463684778E+02  1.138069667E+00 
       553 -1.354033893E-02  2.398615604E-01  2.263394957E-02  8.100076953E+04  1.876713305E+02  3.294468002E+02  2.702831554E+02  4.453932590E+02  1.139032468E+00 
       554 -1.007792796E-02  2.399171479E-01  2.439846914E-02  8.140956201E+04  1.864172447E+02  3.296953669E+02  2.706899867E+02  4.439153905E+02  1.141955169E+00 
       555 -6.592279415E-03  2.399646350E-01  2.619220728E-02  8.077025024E+04  1.880819554E+02  3.293280487E+02  2.700859966E+02  4.451998825E+02  1.140487783E+00 
       556 -3.124907716E-03  2.398994093E-01  2.794309000E-02  7.948211182E+04  1.886462517E+02  3.288276634E+02  2.692665329E+02  4.467568951E+02  1.141858503E+00 
       557  3.338943067E-04  2.398017910E-01  2.968583889E-02  1.020059735E+05  2.094699098E+02  3.406615422E+02  2.890100790E+02  3.981202320E+02  1.046951619E+00 
       558  3.794068913E-03  2.396169640E-01  3.144821874E-02  9.899871753E+04  2.115223045E+02  3.393957539E+02  2.868578892E+02  4.068941593E+02  1.052282417E+00 
       559  7.248441593E-03  2.393064044E-01  3.320284907E-02  9.507661230E+04  2.104984093E+02  3.374763336E+02  2.836188107E+02  4.120123043E+02  1.058197275E+00 
       560  1.068879679E-02  2.389885178E-01  3.498866898E-02  9.227319653E+04  2.121325207E+02  3.359683485E+02  2.810892696E+02  4.169347944E+02  1.057613973E+00 
       561  1.412543948E-02  2.386075767E-01  3.676435012E-02  8.942517310E+04  2.159670258E+02  3.344566422E+02  2.785640631E+02  4.256137209E+02  1.056309219E+00 
       562  1.753589177E-02  2.380598424E-01  3.855175648E-02  8.827463037E+04  2.187699280E+02  3.338068447E+02  2.774850845E+02  4.304166374E+02  1.055212103E+00 
       563  2.093820079E-02  2.375000001E-01  4.035454522E-02  9.138747607E+04  2.153930721E+02  3.359159384E+02  2.810113897E+02  4.227921295E+02  1.055996228E+00 
       564  2.432947450E-02  2.368878370E-01  4.215773147E-02  1.037919647E+05  2.060770540E+02  3.422967408E+02  2.918176135E+02  3.912835563E+02  1.062238051E+00 
       565  2.770729830E-02  2.361795572E-01  4.394886350E-02  1.233173613E+05  1.963818021E+02  3.503914328E+02  3.057621460E+02  3.462393770E+02  1.069417818E+00 
       566  3.105826597E-02  2.354459967E-01  4.578622705E-02  1.291623337E+05  1.961036470E+02  3.523595433E+02  3.091842914E+02  3.354431434E+02  1.068997650E+00 
       567  3.438758923E-02  2.346372217E-01  4.762879820E-02  1.222582615E+05  1.971217415E+02  3.504141134E+02  3.057815275E+02  3.512932218E+02  1.061511103E+00 
       568  3.771502906E-02  2.337669833E-01  4.947240569E-02  1.177988127E+05  2.019487629E+02  3.488896027E+02  3.031235170E+02  3.604479308E+02  1.047801709E+00 
       569  4.101460083E-02  2.329246351E-01  5.135281935E-02  1.198937870E+05  2.027518516E+02  3.496092687E+02  3.043760667E+02  3.552660532E+02  1.044558135E+00 
       570  4.428347740E-02  2.319960665E-01  5.324515281E-02  1.228126404E+05  2.022367102E+02  3.506986072E+02  3.062750134E+02  3.479549091E+02  1.044542589E+00 
       571  4.749748393E-02  2.310181580E-01  5.520824782E-02  1.232884207E+05  2.035062914E+02  3.509518871E+02  3.067173448E+02  3.461351328E+02  1.039741436E+00 
       572  5.066691057E-02  2.300652086E-01  5.723980181E-02  1.235054605E+05  2.063604017E+02  3.510398621E+02  3.068710973E+02  3.447275837E+02  1.030641403E+00 
       573  5.379140778E-02  2.290521307E-01  5.932353399E-02  1.241714891E+05  2.092755749E+02  3.514350845E+02  3.075627545E+02  3.432733831E+02  1.021553958E+00 
       574  5.683956615E-02  2.279793322E-01  6.149869556E-02  1.246819966E+05  2.120728903E+02  3.517848511E+02  3.081751356E+02  3.424007416E+02  1.012522627E+00 
       575  5.985072913E-02  2.269370111E-01  6.373374277E-02  1.246620244E+05  2.153665676E+02  3.516760616E+02  3.079845257E+02  3.420486546E+02  1.002104148E+00 
       576  6.280959972E-02  2.258492183E-01  6.601505396E-02  1.242627606E+05  2.187020022E+02  3.513219918E+02  3.073645827E+02  3.419541306E+02  9.911675466E-01 
       577  6.573461678E-02  2.247295145E-01  6.832363097E-02  1.238504772E+05  2.224781580E+02  3.509404292E+02  3.066972008E+02  3.426324983E+02  9.790857350E-01 
       578  6.865501872E-02  2.236625994E-01  7.064894084E-02  1.232970345E+05  2.256555575E+02  3.507136599E+02  3.063010314E+02  3.435982755E+02  9.689027150E-01 
       579  7.151541969E-02  2.224865137E-01  7.302188293E-02  1.219920933E+05  2.284480138E+02  3.502556677E+02  3.055017133E+02  3.456324506E+02  9.601379596E-01 
       580  7.433322259E-02  2.213060150E-01  7.543149031E-02  1.218239102E+05  2.287819529E+02  3.503690453E+02  3.056994953E+02  3.453600368E+02  9.577734284E-01 
       581  7.711325138E-02  2.201536844E-01  7.789825066E-02  1.232747758E+05  2.293149052E+02  3.510608176E+02  3.069078888E+02  3.413112767E+02  9.536529459E-01 
       582  7.981655167E-02  2.189959972E-01  8.044372180E-02  1.237772458E+05  2.313166013E+02  3.514316287E+02  3.075570874E+02  3.389492865E+02  9.453025917E-01 
       583  8.242371870E-02  2.177951216E-01  8.306797326E-02  1.234177813E+05  2.327555761E+02  3.513732910E+02  3.074555416E+02  3.387243309E+02  9.394596815E-01 
       584  8.497819178E-02  2.166305248E-01  8.576177505E-02  1.230074487E+05  2.332572290E+02  3.513100618E+02  3.073455122E+02  3.385120617E+02  9.367978557E-01 
       585  8.747465708E-02  2.155008942E-01  8.852176985E-02  1.226828960E+05  2.331272573E+02  3.513184786E+02  3.073611250E+02  3.381036825E+02  9.363498446E-01 
       586  8.983863293E-02  2.143275504E-01  9.137087988E-02  1.225294045E+05  2.324132402E+02  3.513606071E+02  3.074357681E+02  3.371245432E+02  9.374235217E-01 
       587  9.211779941E-02  2.131724912E-01  9.430579148E-02  1.225811095E+05  2.310539401E+02  3.514649519E+02  3.076189044E+02  3.358386160E+02  9.405302266E-01 
       588  9.424446159E-02  2.121023496E-01  9.738772987E-02  1.227557140E+05  2.290227269E+02  3.515999727E+02  3.078564113E+02  3.355932945E+02  9.463918741E-01 
       589  9.610967173E-02  2.111612431E-01  1.006666829E-01  1.229258030E+05  2.261758746E+02  3.516821939E+02  3.080008044E+02  3.358249021E+02  9.546070197E-01 
       590  9.742401869E-02  2.103903297E-01  1.042235364E-01  1.230357623E+05  2.229099965E+02  3.515476194E+02  3.077651982E+02  3.369705925E+02  9.640728123E-01 
       591  9.764724840E-02  2.101688920E-01  1.080985861E-01  1.230319993E+05  2.203740442E+02  3.510747275E+02  3.069366021E+02  3.384214592E+02  9.715307616E-01 
       592  9.763062643E-02  2.101108570E-01  1.119846410E-01  1.227992994E+05  2.201227798E+02  3.506868362E+02  3.062572065E+02  3.393456623E+02  9.723578813E-01 
       593  9.759894170E-02  2.100363093E-01  1.158782398E-01  1.226128635E+05  2.212090335E+02  3.512041714E+02  3.071622043E+02  3.391604741E+02  9.691059226E-01 
       594  9.760335841E-02  2.100041055E-01  1.197683889E-01  1.225439098E+05  2.221194500E+02  3.525646201E+02  3.095491533E+02  3.310867414E+02  9.651429921E-01 
       595  9.760552297E-02  2.099886023E-01  1.236588659E-01  1.225756320E+05  2.231941732E+02  3.542552566E+02  3.125238754E+02  3.154767738E+02  9.614696708E-01 
       596  9.760989540E-02  2.100145164E-01  1.275491461E-01  1.226737058E+05  2.243408636E+02  3.555353642E+02  3.147856805E+02  3.037946357E+02  9.589617835E-01 
       597  9.760550437E-02  2.100148949E-01  1.314412195E-01  1.228201978E+05  2.258797541E+02  3.560642643E+02  3.157247095E+02  3.030659647E+02  9.538613968E-01 
       598  9.762031038E-02  2.101034915E-01  1.353312483E-01  1.229464896E+05  2.267780733E+02  3.559856652E+02  3.155910509E+02  3.097865080E+02  9.503477544E-01 
       599  9.762506170E-02  2.101609083E-01  1.392228176E-01  1.230698696E+05  2.263107653E+02  3.553820884E+02  3.145253940E+02  3.175067183E+02  9.518573389E-01 
       600  9.764671237E-02  2.102092269E-01  1.431110049E-01  1.231980637E+05  2.243371150E+02  3.545133195E+02  3.129896410E+02  3.232764871E+02  9.583673421E-01 
       601  9.766256924E-02  2.102587391E-01  1.469999989E-01  1.232849873E+05  2.224224553E+02  3.539470558E+02  3.117086315E+02  3.267772026E+02  9.646920003E-01 
