nodenumber     x-coordinate     y-coordinate     z-coordinate         pressure velocity-magnitude      sound-speed      temperature rel-velocity-magnitude relative-velocity-angle 
         1 -2.216901913E-02  1.039879580E-01 -4.300600202E-02  8.756670358E+04  1.538074889E+02  3.330598454E+02  2.762405961E+02  2.357072848E+02  8.599396247E-01 
         2 -2.197401757E-02  1.042260031E-01 -4.002397295E-02  8.748417084E+04  1.543788118E+02  3.330147022E+02  2.761657511E+02  2.363667747E+02  8.593421006E-01 
         3 -2.150271627E-02  1.045375264E-01 -3.708169353E-02  8.739256409E+04  1.549840670E+02  3.329637244E+02  2.760811152E+02  2.369807618E+02  8.584625339E-01 
         4 -2.072290556E-02  1.049359494E-01 -3.421635317E-02  8.725210669E+04  1.557109435E+02  3.328910704E+02  2.759606714E+02  2.377305696E+02  8.574921684E-01 
         5 -1.964621854E-02  1.053757771E-01 -3.145501365E-02  8.712554639E+04  1.564265723E+02  3.328262091E+02  2.758531990E+02  2.384647789E+02  8.565909993E-01 
         6 -1.833909717E-02  1.058829391E-01 -2.880182754E-02  8.700823267E+04  1.571458688E+02  3.327610540E+02  2.757451835E+02  2.393595171E+02  8.562677912E-01 
         7 -1.686396899E-02  1.064019756E-01 -2.624136390E-02  8.684888501E+04  1.579657893E+02  3.326745815E+02  2.756019335E+02  2.403798556E+02  8.558749799E-01 
         8 -1.524276490E-02  1.069101094E-01 -2.376908005E-02  8.664521558E+04  1.589521863E+02  3.325615015E+02  2.754146800E+02  2.414993896E+02  8.549678586E-01 
         9 -1.353040875E-02  1.074492491E-01 -2.136449246E-02  8.639593970E+04  1.602101266E+02  3.324233656E+02  2.751859832E+02  2.428605630E+02  8.534905063E-01 
        10 -1.175719847E-02  1.079385502E-01 -1.899452623E-02  8.612948383E+04  1.614347593E+02  3.322993867E+02  2.749807906E+02  2.439680715E+02  8.513101209E-01 
        11 -9.920451205E-03  1.084473482E-01 -1.667649769E-02  8.597276959E+04  1.625827962E+02  3.322350297E+02  2.748741244E+02  2.447033368E+02  8.481835313E-01 
        12 -8.053093039E-03  1.089314126E-01 -1.437870322E-02  8.610792194E+04  1.633505268E+02  3.322903006E+02  2.749655499E+02  2.446327955E+02  8.443224858E-01 
        13 -6.139911673E-03  1.093816015E-01 -1.211111235E-02  8.663022974E+04  1.631333055E+02  3.325394440E+02  2.753780260E+02  2.434661522E+02  8.420871515E-01 
        14 -4.213714023E-03  1.098625599E-01 -9.853315987E-03  8.753528516E+04  1.606707563E+02  3.330341072E+02  2.761979465E+02  2.406438618E+02  8.463254720E-01 
        15 -2.267252226E-03  1.102821410E-01 -7.616721013E-03  8.857078271E+04  1.564935961E+02  3.335927353E+02  2.771253624E+02  2.372199755E+02  8.581324220E-01 
        16 -3.058463972E-04  1.106716081E-01 -5.380345181E-03  8.941685229E+04  1.497847390E+02  3.340182600E+02  2.778329897E+02  2.341157765E+02  8.854401838E-01 
        17  1.649896870E-03  1.110991589E-01 -3.144821902E-03  8.716299756E+04  1.461166129E+02  3.329049387E+02  2.759868259E+02  2.423706968E+02  9.353719782E-01 
        18  3.605378217E-03  1.114680886E-01 -8.997268064E-04  7.567902148E+04  1.763406558E+02  3.260905790E+02  2.648019562E+02  2.855788860E+02  9.340511821E-01 
        19  5.548952344E-03  1.118349081E-01  1.356589372E-03  6.984231042E+04  2.110429125E+02  3.225303514E+02  2.590549645E+02  3.098650138E+02  8.458548388E-01 
        20  7.472030685E-03  1.121892539E-01  3.633809071E-03  7.294143147E+04  2.114504816E+02  3.247464046E+02  2.626293897E+02  2.973017294E+02  7.907875029E-01 
        21  9.366594022E-03  1.125505666E-01  5.932977735E-03  7.659458746E+04  2.078615793E+02  3.269949377E+02  2.662750022E+02  2.843239753E+02  7.591267889E-01 
        22  1.122147558E-02  1.129077905E-01  8.263617067E-03  7.894131776E+04  2.083412829E+02  3.283312959E+02  2.684543147E+02  2.758717643E+02  7.246859526E-01 
        23  1.303284284E-02  1.132507638E-01  1.062953057E-02  8.045707030E+04  2.113620529E+02  3.291744033E+02  2.698340778E+02  2.724445485E+02  6.969446046E-01 
        24  1.479928419E-02  1.136234762E-01  1.303021626E-02  8.160954459E+04  2.157670363E+02  3.298223981E+02  2.708974458E+02  2.698159767E+02  6.652915839E-01 
        25  1.649617427E-02  1.139938279E-01  1.547769530E-02  8.263389325E+04  2.207420681E+02  3.303709183E+02  2.717992098E+02  2.665414851E+02  6.282063085E-01 
        26  1.811807173E-02  1.143837002E-01  1.797032872E-02  8.334212341E+04  2.263382680E+02  3.307335854E+02  2.723960738E+02  2.638856363E+02  5.902051702E-01 
        27  1.968166241E-02  1.148013513E-01  2.049621310E-02  8.345170044E+04  2.332631302E+02  3.307789698E+02  2.724706545E+02  2.634916923E+02  5.535051194E-01 
        28  2.119101764E-02  1.152299366E-01  2.305322148E-02  8.295456914E+04  2.421394115E+02  3.304394081E+02  2.719115725E+02  2.660154057E+02  5.172493018E-01 
        29  2.266338778E-02  1.156643914E-01  2.563116057E-02  8.237957599E+04  2.506844225E+02  3.300617528E+02  2.712903665E+02  2.687440696E+02  4.836701318E-01 
        30  2.408077791E-02  1.161159634E-01  2.823658064E-02  8.188781531E+04  2.584557886E+02  3.297748404E+02  2.708187573E+02  2.711241591E+02  4.529916472E-01 
        31  2.544088325E-02  1.165921105E-01  3.086849856E-02  8.135339661E+04  2.664621871E+02  3.294147491E+02  2.702279060E+02  2.739877872E+02  4.231703063E-01 
        32  2.674433127E-02  1.170738851E-01  3.352942364E-02  8.077995007E+04  2.745679889E+02  3.290410194E+02  2.696150897E+02  2.771520667E+02  3.941804469E-01 
        33  2.797950643E-02  1.175445507E-01  3.622298897E-02  8.024703223E+04  2.824633574E+02  3.287378966E+02  2.691183884E+02  2.799890550E+02  3.651376119E-01 
        34  2.916313541E-02  1.180056499E-01  3.893937175E-02  7.995049738E+04  2.896943575E+02  3.285958642E+02  2.688859595E+02  2.817943712E+02  3.356812411E-01 
        35  3.031249539E-02  1.184785399E-01  4.167042727E-02  8.008083939E+04  2.953933794E+02  3.287383416E+02  2.691191335E+02  2.821271460E+02  3.087065336E-01 
        36  3.139929926E-02  1.189405785E-01  4.442941843E-02  8.036051889E+04  3.006350900E+02  3.289947850E+02  2.695390993E+02  2.820720580E+02  2.824790374E-01 
        37  3.242013936E-02  1.193808800E-01  4.721660669E-02  8.084184174E+04  3.057470622E+02  3.293216878E+02  2.700751794E+02  2.812274959E+02  2.535317479E-01 
        38  3.340677803E-02  1.198011670E-01  5.002067675E-02  8.200507797E+04  3.087239882E+02  3.299846072E+02  2.711638088E+02  2.781394254E+02  2.269671524E-01 
        39  3.430413654E-02  1.201853153E-01  5.285529857E-02  8.357463672E+04  3.104577627E+02  3.308652773E+02  2.726135616E+02  2.736677294E+02  2.013393743E-01 
        40  3.515433510E-02  1.205874318E-01  5.570324370E-02  8.551224268E+04  3.108461227E+02  3.319288177E+02  2.743695393E+02  2.679808178E+02  1.781895924E-01 
        41  3.592907297E-02  1.209644065E-01  5.857535950E-02  8.775434814E+04  3.096485810E+02  3.331444178E+02  2.763833656E+02  2.611246977E+02  1.591650196E-01 
        42  3.664355424E-02  1.213334730E-01  6.146049591E-02  9.016788916E+04  3.069800839E+02  3.343828902E+02  2.784421058E+02  2.536240258E+02  1.460526376E-01 
        43  3.727845098E-02  1.217084379E-01  6.437276718E-02  9.249284644E+04  3.034316349E+02  3.355556049E+02  2.803980341E+02  2.464273195E+02  1.396637526E-01 
        44  3.781448665E-02  1.220744111E-01  6.730672953E-02  9.443086353E+04  2.997819099E+02  3.365691204E+02  2.820938835E+02  2.405339122E+02  1.397460275E-01 
        45  3.826762164E-02  1.224563704E-01  7.025293559E-02  9.579433844E+04  2.968104365E+02  3.373279831E+02  2.833668406E+02  2.365277401E+02  1.439941779E-01 
        46  3.856443464E-02  1.228195695E-01  7.317567491E-02  9.657242578E+04  2.950053864E+02  3.378162842E+02  2.841877823E+02  2.344937515E+02  1.493728831E-01 
        47  3.882754171E-02  1.231963568E-01  7.616928387E-02  9.691004773E+04  2.934037833E+02  3.384754956E+02  2.852991971E+02  2.326576352E+02  1.547941281E-01 
        48  3.896508106E-02  1.235573809E-01  7.913505459E-02  9.692587500E+04  2.900969009E+02  3.394087982E+02  2.868842239E+02  2.271278839E+02  1.575191505E-01 
        49  3.903512947E-02  1.239238609E-01  8.213137167E-02  9.684236670E+04  2.819063098E+02  3.410986271E+02  2.897695923E+02  2.125290383E+02  1.618846052E-01 
        50  3.900153017E-02  1.243001337E-01  8.510504302E-02  9.674046524E+04  2.663455191E+02  3.441245204E+02  2.949504355E+02  1.847147250E+02  1.689796415E-01 
        51  3.889299026E-02  1.246700891E-01  8.806950082E-02  9.674350964E+04  2.469871626E+02  3.482054994E+02  3.019904532E+02  1.388338993E+02  1.601022779E-01 
        52  3.870303970E-02  1.250405990E-01  9.105247242E-02  9.667736426E+04  2.374081597E+02  3.512673979E+02  3.072929621E+02  9.567713606E+01  6.203175927E-02 
        53  3.847530202E-02  1.253810613E-01  9.402032493E-02  9.692743591E+04  2.339193079E+02  3.527512262E+02  3.098885711E+02  6.045290095E+01 -1.557424807E-01 
        54  3.809583015E-02  1.257752167E-01  9.695318516E-02  9.788278906E+04  2.319507866E+02  3.534045944E+02  3.110271873E+02  3.942086220E+01 -1.232617050E+00 
        55  3.767199372E-02  1.261489404E-01  9.992435767E-02  9.945591772E+04  2.413896179E+02  3.528878422E+02  3.101132288E+02  4.033467996E+01 -1.575635303E+00 
        56  3.723780727E-02  1.265196365E-01  1.028569506E-01  1.016269336E+05  2.515029138E+02  3.519141604E+02  3.084041418E+02  5.640367021E+01 -1.094503729E+00 
        57  3.672955052E-02  1.269046997E-01  1.057947981E-01  1.036788844E+05  2.474177947E+02  3.505737963E+02  3.060607786E+02  9.306419063E+01 -2.371574362E-01 
        58  3.615520807E-02  1.273091289E-01  1.087154776E-01  1.059215767E+05  2.412850904E+02  3.481014767E+02  3.017651424E+02  1.442212005E+02  1.928291898E-01 
        59  3.556812424E-02  1.277144368E-01  1.116309472E-01  1.075922806E+05  2.505323298E+02  3.451334171E+02  2.966380198E+02  1.780809597E+02  2.415396881E-01 
        60  3.495651588E-02  1.281329458E-01  1.145394580E-01  1.081485540E+05  2.589596162E+02  3.437454863E+02  2.942517710E+02  1.876741567E+02  2.170623890E-01 
        61  3.433795015E-02  1.285471243E-01  1.174457346E-01  1.081809353E+05  2.640658922E+02  3.433523984E+02  2.935778589E+02  1.907712038E+02  1.965251188E-01 
        62  3.376061330E-02  1.289460490E-01  1.203607660E-01  1.081099124E+05  2.676469500E+02  3.432198043E+02  2.933511844E+02  1.942535288E+02  1.878879713E-01 
        63  3.331803132E-02  1.293309423E-01  1.232882868E-01  1.080354673E+05  2.700804735E+02  3.431602454E+02  2.932492757E+02  1.973971909E+02  1.858268309E-01 
        64  3.310586596E-02  1.296649637E-01  1.262581306E-01  1.079698926E+05  2.715820093E+02  3.431523521E+02  2.932357671E+02  1.993015381E+02  1.852864014E-01 
        65  3.306639982E-02  1.299493947E-01  1.292495641E-01  1.079163040E+05  2.726953595E+02  3.431660582E+02  2.932592111E+02  2.005796169E+02  1.849185404E-01 
        66  3.322486525E-02  1.302097713E-01  1.322380794E-01  1.078192549E+05  2.738341328E+02  3.431244262E+02  2.931880543E+02  2.018085238E+02  1.843974416E-01 
        67  3.356462385E-02  1.304573038E-01  1.352130229E-01  1.076181258E+05  2.751041985E+02  3.430179602E+02  2.930060882E+02  2.032739756E+02  1.842544114E-01 
        68  3.400410102E-02  1.306751199E-01  1.381765647E-01  1.073100883E+05  2.762210042E+02  3.428770876E+02  2.927655149E+02  2.046792018E+02  1.847325482E-01 
        69  3.451963359E-02  1.308741206E-01  1.411278790E-01  1.069508729E+05  2.774004648E+02  3.427106166E+02  2.924813304E+02  2.062630246E+02  1.855303834E-01 
        70  3.508991352E-02  1.310576265E-01  1.440660380E-01  1.066316710E+05  2.786468832E+02  3.425588856E+02  2.922223258E+02  2.079828706E+02  1.864446516E-01 
        71  3.570211579E-02  1.312503676E-01  1.470000000E-01  1.063153545E+05  2.800822067E+02  3.424003639E+02  2.919520454E+02  2.101679363E+02  1.876290608E-01 
        72 -2.843361623E-02  1.708417341E-01 -4.258217492E-02  8.205074146E+04  1.836747370E+02  3.299959421E+02  2.711815386E+02  3.442827902E+02  1.007950384E+00 
        73 -2.838826984E-02  1.709653765E-01 -3.916427879E-02  8.206527338E+04  1.842379937E+02  3.299751723E+02  2.711474397E+02  3.448578854E+02  1.007103165E+00 
        74 -2.835908450E-02  1.711140563E-01 -3.574649433E-02  8.240610681E+04  1.837450919E+02  3.301830621E+02  2.714891982E+02  3.439618411E+02  1.007196291E+00 
        75 -2.838361088E-02  1.712589164E-01 -3.232950605E-02  8.294358130E+04  1.826677651E+02  3.305240364E+02  2.720504503E+02  3.420068827E+02  1.007482860E+00 
        76 -2.841360827E-02  1.714319125E-01 -2.891476756E-02  8.358206714E+04  1.820042272E+02  3.308447366E+02  2.725787673E+02  3.411476035E+02  1.008303991E+00 
        77 -2.833774301E-02  1.716334782E-01 -2.549995819E-02  8.410083914E+04  1.813288696E+02  3.311170591E+02  2.730275828E+02  3.404323870E+02  1.009378213E+00 
        78 -2.791452343E-02  1.719215161E-01 -2.212016887E-02  8.444799316E+04  1.801149178E+02  3.313118706E+02  2.733490162E+02  3.390422554E+02  1.011211272E+00 
        79 -2.700703325E-02  1.722886754E-01 -1.884820631E-02  8.433031299E+04  1.795784621E+02  3.312463064E+02  2.732410097E+02  3.397093124E+02  1.014282938E+00 
        80 -2.544395246E-02  1.727209334E-01 -1.584518523E-02  8.325525757E+04  1.809205756E+02  3.306754620E+02  2.723003356E+02  3.429528093E+02  1.015479133E+00 
        81 -2.351536464E-02  1.732363399E-01 -1.306823492E-02  8.131502132E+04  1.847085148E+02  3.295490608E+02  2.704488421E+02  3.483830582E+02  1.012435166E+00 
        82 -2.134527601E-02  1.737374909E-01 -1.047435973E-02  7.860399965E+04  1.915836467E+02  3.279542897E+02  2.678376706E+02  3.567053001E+02  1.004509943E+00 
        83 -1.897326710E-02  1.742189522E-01 -8.035177519E-03  7.557665802E+04  1.992065374E+02  3.260835547E+02  2.647906407E+02  3.651230483E+02  9.949191995E-01 
        84 -1.652827274E-02  1.746780172E-01 -5.688541800E-03  7.319082788E+04  2.067350090E+02  3.246517601E+02  2.624700065E+02  3.726199231E+02  9.846336739E-01 
        85 -1.397929867E-02  1.751251779E-01 -3.446989688E-03  7.259362280E+04  2.098535862E+02  3.242569795E+02  2.618317790E+02  3.743101549E+02  9.775218572E-01 
        86 -1.139011487E-02  1.755573757E-01 -1.256774906E-03  7.400181567E+04  2.093431995E+02  3.251900992E+02  2.633431807E+02  3.710634356E+02  9.724398665E-01 
        87 -8.734274343E-03  1.759085237E-01  8.667805443E-04  7.910872076E+04  2.037616909E+02  3.281767581E+02  2.682093744E+02  3.563606422E+02  9.630437689E-01 
        88 -6.073383534E-03  1.762548475E-01  2.984781313E-03  8.864965533E+04  1.902795399E+02  3.335854125E+02  2.771218386E+02  3.306346040E+02  9.655585205E-01 
        89 -3.359730182E-03  1.765819110E-01  5.053045394E-03  9.829850568E+04  1.767824522E+02  3.382938316E+02  2.849935882E+02  3.031142297E+02  9.758004323E-01 
        90 -6.741955509E-04  1.768270807E-01  7.130208361E-03  9.749771110E+04  1.645050413E+02  3.380909761E+02  2.846510676E+02  3.088272428E+02  1.025594895E+00 
        91  2.027043660E-03  1.770783858E-01  9.208570588E-03  7.941760289E+04  1.907615916E+02  3.284420378E+02  2.686386629E+02  3.577076409E+02  1.009641974E+00 
        92  4.731686997E-03  1.772422585E-01  1.127155269E-02  7.304792734E+04  2.137717143E+02  3.245409418E+02  2.622922459E+02  3.780715957E+02  9.717443833E-01 
        93  7.454465044E-03  1.773874983E-01  1.334309669E-02  7.343534328E+04  2.109731670E+02  3.245177442E+02  2.622540881E+02  3.753924536E+02  9.753308350E-01 
        94  1.015989937E-02  1.775222933E-01  1.545596277E-02  7.074959523E+04  2.171406587E+02  3.230326475E+02  2.598634941E+02  3.809778177E+02  9.663402468E-01 
        95  1.284858280E-02  1.775661421E-01  1.756817794E-02  6.715307327E+04  2.275724338E+02  3.207516834E+02  2.562082274E+02  3.912587721E+02  9.532847349E-01 
        96  1.551966693E-02  1.776138061E-01  1.970369132E-02  6.411909735E+04  2.364971342E+02  3.186597028E+02  2.528772855E+02  4.004441891E+02  9.437296195E-01 
        97  1.817410325E-02  1.776258069E-01  2.186017323E-02  6.171910535E+04  2.437920828E+02  3.170751305E+02  2.503670998E+02  4.065023193E+02  9.333167262E-01 
        98  2.080993586E-02  1.775631240E-01  2.403936301E-02  6.009280371E+04  2.517308269E+02  3.158678708E+02  2.484638419E+02  4.117271147E+02  9.190959334E-01 
        99  2.341570779E-02  1.774969016E-01  2.625394818E-02  5.968106494E+04  2.577945032E+02  3.155529594E+02  2.479689541E+02  4.143287697E+02  9.047572762E-01 
       100  2.600295182E-02  1.773818036E-01  2.848806157E-02  6.140730493E+04  2.595624905E+02  3.168827505E+02  2.500749073E+02  4.096463556E+02  8.882049322E-01 
       101  2.856627515E-02  1.771883875E-01  3.074502562E-02  6.674988745E+04  2.556795073E+02  3.205323601E+02  2.559104185E+02  3.952390604E+02  8.701017536E-01 
       102  3.110662233E-02  1.769811535E-01  3.302644514E-02  7.505247461E+04  2.472665672E+02  3.259261122E+02  2.646041498E+02  3.718707104E+02  8.499876354E-01 
       103  3.362247542E-02  1.767159818E-01  3.532849163E-02  8.176334766E+04  2.431723790E+02  3.300404377E+02  2.712776194E+02  3.535607529E+02  8.273935355E-01 
       104  3.610895472E-02  1.763647845E-01  3.765120331E-02  8.291551660E+04  2.477336009E+02  3.306581473E+02  2.722772455E+02  3.510180387E+02  8.070769627E-01 
       105  3.856497337E-02  1.759966372E-01  4.000321012E-02  8.028589462E+04  2.561993188E+02  3.292366877E+02  2.699398667E+02  3.580738752E+02  7.916489560E-01 
       106  4.103059304E-02  1.755360248E-01  4.234569910E-02  7.816204601E+04  2.631720440E+02  3.281878046E+02  2.682189652E+02  3.635609975E+02  7.783067299E-01 
       107  4.340106546E-02  1.750377176E-01  4.474435622E-02  7.908038248E+04  2.669868047E+02  3.286422233E+02  2.689641684E+02  3.615899801E+02  7.617204797E-01 
       108  4.575540032E-02  1.745445103E-01  4.717695363E-02  8.321983789E+04  2.658193645E+02  3.308991318E+02  2.726783228E+02  3.505694542E+02  7.452867413E-01 
       109  4.807037784E-02  1.739953488E-01  4.963532790E-02  8.929475415E+04  2.605378866E+02  3.342644491E+02  2.782545719E+02  3.336171150E+02  7.331787199E-01 
       110  5.034733117E-02  1.734133857E-01  5.212084081E-02  9.486739795E+04  2.572890415E+02  3.371360493E+02  2.830491276E+02  3.185305443E+02  7.191098519E-01 
       111  5.258765486E-02  1.728405975E-01  5.464144749E-02  9.865649658E+04  2.577984962E+02  3.389087887E+02  2.860299778E+02  3.088909721E+02  7.017993480E-01 
       112  5.479076840E-02  1.722430532E-01  5.718902978E-02  1.015029849E+05  2.584763174E+02  3.402099018E+02  2.882301025E+02  3.015646257E+02  6.880639475E-01 
       113  5.694737683E-02  1.716020731E-01  5.976586917E-02  1.046684246E+05  2.572467797E+02  3.416868355E+02  2.907381804E+02  2.929558144E+02  6.799541507E-01 
       114  5.911848447E-02  1.709340834E-01  6.233872565E-02  1.082060912E+05  2.554363572E+02  3.432916950E+02  2.934749699E+02  2.834473760E+02  6.730501676E-01 
       115  6.119351897E-02  1.703313828E-01  6.496775561E-02  1.110140264E+05  2.545179820E+02  3.446028252E+02  2.957208838E+02  2.770392122E+02  6.682759114E-01 
       116  6.319798910E-02  1.696485115E-01  6.765543605E-02  1.132198523E+05  2.544264021E+02  3.455795770E+02  2.973991766E+02  2.712267189E+02  6.610053470E-01 
       117  6.520189851E-02  1.689621155E-01  7.034628384E-02  1.152403418E+05  2.533134317E+02  3.465563259E+02  2.990826120E+02  2.654451418E+02  6.583335344E-01 
       118  6.717992039E-02  1.682884043E-01  7.305807409E-02  1.168924702E+05  2.520705919E+02  3.472472363E+02  3.002762184E+02  2.603529263E+02  6.574347652E-01 
       119  6.910755662E-02  1.675987334E-01  7.579818779E-02  1.183868557E+05  2.508378122E+02  3.477226160E+02  3.010987759E+02  2.565544846E+02  6.585629997E-01 
       120  7.101404689E-02  1.668389198E-01  7.852135391E-02  1.194284404E+05  2.478104739E+02  3.482291327E+02  3.019766533E+02  2.542457266E+02  6.683061812E-01 
       121  7.286652020E-02  1.661304029E-01  8.130170181E-02  1.196408231E+05  2.463893617E+02  3.483822424E+02  3.022423499E+02  2.537728911E+02  6.738408940E-01 
       122  7.473378469E-02  1.653966549E-01  8.408122010E-02  1.197239819E+05  2.449794235E+02  3.485432587E+02  3.025218410E+02  2.532727890E+02  6.794187352E-01 
       123  7.654776682E-02  1.646234676E-01  8.688218818E-02  1.196895911E+05  2.436700687E+02  3.487322922E+02  3.028505974E+02  2.532629666E+02  6.850051321E-01 
       124  7.830115451E-02  1.638494494E-01  8.971806956E-02  1.194980591E+05  2.442568321E+02  3.488646259E+02  3.030811920E+02  2.539445019E+02  6.834399775E-01 
       125  8.003223315E-02  1.630890187E-01  9.257063461E-02  1.194628135E+05  2.442724328E+02  3.489886274E+02  3.032972546E+02  2.519103532E+02  6.817118209E-01 
       126  8.174167210E-02  1.623344685E-01  9.543869445E-02  1.195067815E+05  2.417482898E+02  3.494772909E+02  3.041497991E+02  2.488594012E+02  6.898959549E-01 
       127  8.339566060E-02  1.615413001E-01  9.829620033E-02  1.194748860E+05  2.394484201E+02  3.501034250E+02  3.052437243E+02  2.462230951E+02  6.978773917E-01 
       128  8.500809507E-02  1.607572746E-01  1.012133408E-01  1.193887389E+05  2.379002739E+02  3.507528760E+02  3.063791683E+02  2.419714288E+02  7.017256338E-01 
       129  8.654116005E-02  1.600133249E-01  1.041766726E-01  1.193130026E+05  2.347743571E+02  3.518752755E+02  3.083445116E+02  2.345605327E+02  7.115215606E-01 
       130  8.807530659E-02  1.592883350E-01  1.071513815E-01  1.191805754E+05  2.320035682E+02  3.528863130E+02  3.101181750E+02  2.253709846E+02  7.205369147E-01 
       131  8.946870181E-02  1.585918917E-01  1.101955952E-01  1.190133272E+05  2.303121391E+02  3.536441164E+02  3.114484316E+02  2.154692503E+02  7.252521976E-01 
       132  9.078169785E-02  1.579398834E-01  1.132895212E-01  1.189011604E+05  2.285328919E+02  3.541785274E+02  3.123866179E+02  2.088676684E+02  7.323273802E-01 
       133  9.193376095E-02  1.573753789E-01  1.164622823E-01  1.187794229E+05  2.266870599E+02  3.541848941E+02  3.123959394E+02  2.094930201E+02  7.411876125E-01 
       134  9.287851211E-02  1.569754829E-01  1.197270904E-01  1.187165186E+05  2.274040408E+02  3.532561498E+02  3.107625473E+02  2.190190443E+02  7.413599147E-01 
       135  9.346963790E-02  1.567893278E-01  1.230899614E-01  1.186770027E+05  2.322838395E+02  3.513022659E+02  3.073392404E+02  2.376399007E+02  7.283637575E-01 
       136  9.376445592E-02  1.568076376E-01  1.265149706E-01  1.185825463E+05  2.393742244E+02  3.490910358E+02  3.034796863E+02  2.548766656E+02  7.101169415E-01 
       137  9.391306034E-02  1.569225935E-01  1.299303306E-01  1.184906577E+05  2.428153811E+02  3.479634886E+02  3.015171947E+02  2.611901808E+02  7.016735189E-01 
       138  9.402896493E-02  1.570765633E-01  1.333445553E-01  1.183652114E+05  2.426161537E+02  3.477868662E+02  3.012101536E+02  2.605011950E+02  7.023010459E-01 
       139  9.417960043E-02  1.572174564E-01  1.367593072E-01  1.181924248E+05  2.426954861E+02  3.477989931E+02  3.012311087E+02  2.604286528E+02  7.026307732E-01 
       140  9.437397158E-02  1.573466446E-01  1.401725853E-01  1.180066208E+05  2.435489283E+02  3.478103108E+02  3.012507000E+02  2.618153005E+02  7.014744682E-01 
       141  9.455826038E-02  1.574868932E-01  1.435861248E-01  1.178946837E+05  2.438725254E+02  3.479825314E+02  3.015491254E+02  2.620639201E+02  7.012819818E-01 
       142  9.468914447E-02  1.576724412E-01  1.470000022E-01  1.179230977E+05  2.440619488E+02  3.480994854E+02  3.017638645E+02  2.620792494E+02  7.014434561E-01 
       143 -2.515044289E-02  2.387134140E-01 -4.211006034E-02  8.335408167E+04  1.807479720E+02  3.306698813E+02  2.722906811E+02  4.404267321E+02  1.147935138E+00 
       144 -2.515073613E-02  2.387267259E-01 -3.821832766E-02  8.503337976E+04  1.764786879E+02  3.315773961E+02  2.737878856E+02  4.374118591E+02  1.155649846E+00 
       145 -2.514274647E-02  2.387409373E-01 -3.433018188E-02  8.598567555E+04  1.742527072E+02  3.321624559E+02  2.747547685E+02  4.350119182E+02  1.159024851E+00 
       146 -2.514933814E-02  2.387615668E-01 -3.043885368E-02  8.574456038E+04  1.749147325E+02  3.320513345E+02  2.745709829E+02  4.350719857E+02  1.157607162E+00 
       147 -2.514205174E-02  2.387863737E-01 -2.655197175E-02  8.427739137E+04  1.784728062E+02  3.312706331E+02  2.732812855E+02  4.379892728E+02  1.151694310E+00 
       148 -2.514801404E-02  2.388163633E-01 -2.268742808E-02  8.209832045E+04  1.846024507E+02  3.299636168E+02  2.711291390E+02  4.443887752E+02  1.142982841E+00 
       149 -2.514603624E-02  2.387984711E-01 -1.877579094E-02  8.017922949E+04  1.889713135E+02  3.289059486E+02  2.693937225E+02  4.472276382E+02  1.135142013E+00 
       150 -2.513833525E-02  2.388756875E-01 -1.487946342E-02  7.931728972E+04  1.903940722E+02  3.284987917E+02  2.687265798E+02  4.498173547E+02  1.134379856E+00 
       151 -2.514495058E-02  2.389300222E-01 -1.098752945E-02  7.954219885E+04  1.895820684E+02  3.286377696E+02  2.689541624E+02  4.482922840E+02  1.134703308E+00 
       152 -2.501801490E-02  2.389948317E-01 -7.101428526E-03  8.138911813E+04  1.846890057E+02  3.296676346E+02  2.706434059E+02  4.446498294E+02  1.142992833E+00 
       153 -2.403359079E-02  2.391541778E-01 -3.362202731E-03  8.607367510E+04  1.733491283E+02  3.321861314E+02  2.747959243E+02  4.350630336E+02  1.161515019E+00 
       154 -2.203079393E-02  2.393877231E-01 -4.501692070E-05  8.984655190E+04  1.650560566E+02  3.340642217E+02  2.779100530E+02  4.274528933E+02  1.175240361E+00 
       155 -1.942355624E-02  2.396357170E-01  2.825132604E-03  8.676310916E+04  1.736541013E+02  3.323645034E+02  2.750921800E+02  4.342092040E+02  1.160046776E+00 
       156 -1.648721574E-02  2.398964014E-01  5.342831758E-03  8.119137482E+04  1.884797450E+02  3.292753572E+02  2.700005105E+02  4.465269558E+02  1.135218342E+00 
       157 -1.330897545E-02  2.400801911E-01  7.594698846E-03  7.929611694E+04  1.896847684E+02  3.284671535E+02  2.686764727E+02  4.499108300E+02  1.136026742E+00 
       158 -1.004552185E-02  2.402353079E-01  9.709455816E-03  8.025898779E+04  1.863513892E+02  3.290024180E+02  2.695540166E+02  4.470461416E+02  1.141349347E+00 
       159 -6.714656287E-03  2.403804415E-01  1.171394437E-02  8.076516498E+04  1.845430929E+02  3.292517193E+02  2.699608290E+02  4.466475817E+02  1.146047114E+00 
       160 -3.322138608E-03  2.404066774E-01  1.362735999E-02  8.016170840E+04  1.857801051E+02  3.288615782E+02  2.693214579E+02  4.475056667E+02  1.144302929E+00 
       161  9.783589121E-05  2.404201762E-01  1.547870720E-02  8.000625940E+04  1.862656176E+02  3.287157702E+02  2.690846086E+02  4.487285762E+02  1.145432733E+00 
       162  3.534439975E-03  2.403949673E-01  1.730379042E-02  8.118466699E+04  1.815081863E+02  3.296005325E+02  2.705428877E+02  4.469547977E+02  1.156940680E+00 
       163  6.969024296E-03  2.402279751E-01  1.908412837E-02  9.145653131E+04  1.541955835E+02  3.352913768E+02  2.799838409E+02  4.229237547E+02  1.203043104E+00 
       164  1.043411823E-02  2.400800089E-01  2.085152946E-02  7.840527477E+04  1.910763373E+02  3.281610214E+02  2.681780981E+02  4.498399842E+02  1.136145557E+00 
       165  1.388371434E-02  2.398652026E-01  2.263181169E-02  7.894500836E+04  1.878244274E+02  3.284747558E+02  2.686877542E+02  4.489811630E+02  1.142801620E+00 
       166  1.734145131E-02  2.394992745E-01  2.440657916E-02  7.884952405E+04  1.901067150E+02  3.282788134E+02  2.683678412E+02  4.500009689E+02  1.138484351E+00 
       167  2.080043859E-02  2.391294908E-01  2.615375350E-02  7.884135590E+04  1.893447896E+02  3.285008349E+02  2.687316264E+02  4.482661190E+02  1.137766822E+00 
       168  2.424052770E-02  2.387186889E-01  2.792040504E-02  7.893830151E+04  1.898311698E+02  3.287000151E+02  2.690577743E+02  4.482881656E+02  1.137331621E+00 
       169  2.766624902E-02  2.381908713E-01  2.968394578E-02  7.880271069E+04  1.917455099E+02  3.287832789E+02  2.691933126E+02  4.460674815E+02  1.131340176E+00 
       170  3.108229850E-02  2.375970478E-01  3.144655572E-02  7.859897852E+04  1.938159747E+02  3.288008878E+02  2.692215769E+02  4.421511002E+02  1.122498553E+00 
       171  3.449726266E-02  2.369314331E-01  3.319569832E-02  7.862548087E+04  1.954597604E+02  3.287931105E+02  2.692098610E+02  4.381501994E+02  1.114818195E+00 
       172  3.787267708E-02  2.362004853E-01  3.498142333E-02  7.901647595E+04  1.971376131E+02  3.289289827E+02  2.694343963E+02  4.377918186E+02  1.111597110E+00 
       173  4.123744789E-02  2.354271843E-01  3.677379579E-02  7.924952356E+04  1.999708080E+02  3.289601350E+02  2.694859114E+02  4.408494315E+02  1.109674325E+00 
       174  4.456263149E-02  2.345133553E-01  3.856958315E-02  7.852209352E+04  2.045812941E+02  3.284582738E+02  2.686633297E+02  4.451005208E+02  1.104625186E+00 
       175  4.789152860E-02  2.335402793E-01  4.034492433E-02  7.687959531E+04  2.102712773E+02  3.274064568E+02  2.669450109E+02  4.492988229E+02  1.095945853E+00 
       176  5.119514426E-02  2.325727211E-01  4.215365701E-02  7.503704795E+04  2.156178183E+02  3.263152416E+02  2.651683066E+02  4.528683779E+02  1.087227007E+00 
       177  5.444737908E-02  2.314873556E-01  4.396264389E-02  7.326236041E+04  2.211616769E+02  3.252006423E+02  2.633594157E+02  4.566141653E+02  1.078765357E+00 
       178  5.771043354E-02  2.303389779E-01  4.576361213E-02  7.125961005E+04  2.272276759E+02  3.239141538E+02  2.612816825E+02  4.608973050E+02  1.069910374E+00 
       179  6.093363739E-02  2.292015055E-01  4.761570799E-02  6.872158997E+04  2.361141014E+02  3.221395292E+02  2.584271426E+02  4.665134306E+02  1.055404626E+00 
       180  6.411569228E-02  2.279427553E-01  4.946832252E-02  6.671457324E+04  2.469715891E+02  3.208895178E+02  2.564252863E+02  4.709465752E+02  1.033584278E+00 
       181  6.728438578E-02  2.267057043E-01  5.135068917E-02  6.863967944E+04  2.586539121E+02  3.225290022E+02  2.590701518E+02  4.660726051E+02  9.958729781E-01 
       182  7.045491472E-02  2.254566135E-01  5.324396322E-02  7.910010547E+04  2.639078965E+02  3.291515751E+02  2.698530297E+02  4.417495971E+02  9.506165637E-01 
       183  7.352398986E-02  2.240979077E-01  5.520813549E-02  9.443220898E+04  2.526410766E+02  3.368336029E+02  2.825845351E+02  4.079815216E+02  9.434826877E-01 
       184  7.654294831E-02  2.227589545E-01  5.724026033E-02  1.036909155E+05  2.329211263E+02  3.419568300E+02  2.911999764E+02  3.871142763E+02  9.758502429E-01 
       185  7.954929441E-02  2.214414527E-01  5.933596166E-02  1.092506370E+05  2.412869396E+02  3.442980042E+02  2.952146010E+02  3.771564903E+02  9.452573620E-01 
       186  8.244157493E-02  2.200232159E-01  6.149679439E-02  1.238150176E+05  2.385600204E+02  3.508082886E+02  3.064720383E+02  3.452276230E+02  9.331069142E-01 
       187  8.531452000E-02  2.186177542E-01  6.372436707E-02  1.209974360E+05  2.413932204E+02  3.494047425E+02  3.040213894E+02  3.514419687E+02  9.255142990E-01 
       188  8.816039266E-02  2.172472440E-01  6.601424901E-02  1.225826785E+05  2.349804354E+02  3.501421199E+02  3.053039937E+02  3.471869082E+02  9.412727486E-01 
       189  9.092008057E-02  2.157826082E-01  6.831794754E-02  1.220793073E+05  2.277824589E+02  3.500143664E+02  3.050810190E+02  3.468220083E+02  9.606676577E-01 
       190  9.367581728E-02  2.143255962E-01  7.064980943E-02  1.214687168E+05  2.237435017E+02  3.497683305E+02  3.046521069E+02  3.483895352E+02  9.717426631E-01 
       191  9.641114101E-02  2.128789625E-01  7.302159977E-02  1.217533251E+05  2.217156928E+02  3.497446642E+02  3.046108650E+02  3.470452859E+02  9.763986003E-01 
       192  9.907895187E-02  2.114028516E-01  7.542603674E-02  1.221152870E+05  2.197998490E+02  3.499673333E+02  3.049990888E+02  3.446222439E+02  9.807675155E-01 
       193  1.016896232E-01  2.099003163E-01  7.789626121E-02  1.224687614E+05  2.187321336E+02  3.503742218E+02  3.057094321E+02  3.441499653E+02  9.831282003E-01 
       194  1.042573666E-01  2.084682280E-01  8.044071344E-02  1.226181407E+05  2.196006439E+02  3.507262287E+02  3.063254876E+02  3.427187202E+02  9.802407431E-01 
       195  1.067132028E-01  2.069758083E-01  8.306726980E-02  1.226553385E+05  2.216348003E+02  3.512702741E+02  3.072796920E+02  3.408229242E+02  9.730213721E-01 
       196  1.091091693E-01  2.055182938E-01  8.576040538E-02  1.227065480E+05  2.221791846E+02  3.525320540E+02  3.094953864E+02  3.369907780E+02  9.698676639E-01 
       197  1.114533399E-01  2.040960959E-01  8.851719904E-02  1.227446215E+05  2.236714456E+02  3.538339957E+02  3.117893453E+02  3.297191731E+02  9.638233421E-01 
       198  1.136946430E-01  2.026973542E-01  9.137514269E-02  1.227310614E+05  2.246058249E+02  3.555763315E+02  3.148688478E+02  3.183405680E+02  9.604585303E-01 
       199  1.158224243E-01  2.012857480E-01  9.431046231E-02  1.227640100E+05  2.246587306E+02  3.576442540E+02  3.185384665E+02  3.024565237E+02  9.629285220E-01 
       200  1.177983438E-01  1.999614296E-01  9.738734661E-02  1.226999900E+05  2.257893765E+02  3.589651470E+02  3.208902959E+02  2.883851523E+02  9.635397091E-01 
       201  1.195376812E-01  1.988013159E-01  1.006637087E-01  1.226374793E+05  2.281350089E+02  3.590366912E+02  3.210169119E+02  2.855462631E+02  9.567189024E-01 
       202  1.207748534E-01  1.979244993E-01  1.042263433E-01  1.225202020E+05  2.308453929E+02  3.575354414E+02  3.183468547E+02  3.010467386E+02  9.441011380E-01 
       203  1.209766187E-01  1.976967879E-01  1.080979692E-01  1.225488947E+05  2.345089943E+02  3.545254665E+02  3.130133862E+02  3.274849838E+02  9.297081395E-01 
       204  1.209415894E-01  1.976147862E-01  1.119887176E-01  1.227127011E+05  2.338001413E+02  3.525685318E+02  3.095614876E+02  3.330064820E+02  9.307317375E-01 
       205  1.209136670E-01  1.975679793E-01  1.158784497E-01  1.228106824E+05  2.297112445E+02  3.518868008E+02  3.083613374E+02  3.343396393E+02  9.424861713E-01 
       206  1.209140530E-01  1.975343277E-01  1.197687765E-01  1.229115055E+05  2.252166590E+02  3.516845170E+02  3.080046349E+02  3.363214136E+02  9.562218248E-01 
       207  1.209033119E-01  1.974945510E-01  1.236620610E-01  1.229912480E+05  2.221117694E+02  3.516148108E+02  3.078813784E+02  3.358475295E+02  9.653648259E-01 
       208  1.208998844E-01  1.975608583E-01  1.275528569E-01  1.230339772E+05  2.217331694E+02  3.517188284E+02  3.080656015E+02  3.353453482E+02  9.669007749E-01 
       209  1.209086196E-01  1.975927695E-01  1.314428594E-01  1.229594893E+05  2.219998858E+02  3.521019189E+02  3.087398338E+02  3.340912187E+02  9.662405198E-01 
       210  1.209261261E-01  1.976437754E-01  1.353324952E-01  1.229529362E+05  2.220703027E+02  3.528852605E+02  3.101180604E+02  3.279807090E+02  9.654862415E-01 
       211  1.209477387E-01  1.976921952E-01  1.392217013E-01  1.229675622E+05  2.216044368E+02  3.539569842E+02  3.120060279E+02  3.200698348E+02  9.668271136E-01 
       212  1.209659901E-01  1.977439656E-01  1.431109690E-01  1.231337595E+05  2.211310444E+02  3.551213351E+02  3.140464833E+02  3.121213813E+02  9.688093851E-01 
       213  1.210017723E-01  1.977818072E-01  1.470000027E-01  1.232893623E+05  2.216411819E+02  3.557091122E+02  3.148766890E+02  3.084380407E+02  9.679798856E-01 
       214 -1.337431699E-02  1.053111530E-01 -4.600000000E-02  8.756720215E+04  1.539396896E+02  3.330974731E+02  2.763202324E+02  2.355545845E+02  8.585688844E-01 
       215 -1.336879354E-02  1.054912688E-01 -4.299898917E-02  8.750012500E+04  1.540230789E+02  3.330494213E+02  2.762232914E+02  2.359613314E+02  8.596626259E-01 
       216 -1.321272523E-02  1.057016208E-01 -4.000664894E-02  8.751601172E+04  1.542126427E+02  3.330233288E+02  2.761799889E+02  2.362926292E+02  8.599731326E-01 
       217 -1.269691607E-02  1.059729593E-01 -3.706120983E-02  8.740302454E+04  1.548962360E+02  3.329612634E+02  2.760770789E+02  2.368861771E+02  8.585739460E-01 
       218 -1.181263769E-02  1.063072321E-01 -3.420969757E-02  8.724049816E+04  1.559397435E+02  3.328547615E+02  2.759004766E+02  2.378669688E+02  8.566666853E-01 
       219 -1.066241908E-02  1.066659143E-01 -3.145726216E-02  8.705612653E+04  1.565634840E+02  3.328138752E+02  2.758327872E+02  2.386271912E+02  8.563576620E-01 
       220 -9.280794463E-03  1.070573859E-01 -2.881758489E-02  8.691363137E+04  1.572640991E+02  3.327495168E+02  2.757260343E+02  2.395035460E+02  8.560257671E-01 
       221 -7.735023178E-03  1.074435380E-01 -2.626912607E-02  8.683419101E+04  1.580814632E+02  3.326939439E+02  2.756339215E+02  2.403787134E+02  8.551759147E-01 
       222 -6.047350445E-03  1.078135440E-01 -2.381048416E-02  8.670653273E+04  1.591492339E+02  3.325625298E+02  2.754162750E+02  2.412277776E+02  8.528773547E-01 
       223 -4.299611852E-03  1.081916589E-01 -2.139379423E-02  8.661696497E+04  1.595609518E+02  3.326475104E+02  2.755570983E+02  2.416424483E+02  8.526951074E-01 
       224 -2.461870607E-03  1.085505379E-01 -1.904289133E-02  8.663720384E+04  1.601982782E+02  3.325391326E+02  2.753774803E+02  2.420541691E+02  8.511070210E-01 
       225 -5.886173328E-04  1.088780789E-01 -1.671486844E-02  8.673682345E+04  1.601224090E+02  3.326638170E+02  2.755839942E+02  2.420256073E+02  8.520093059E-01 
       226  1.337912187E-03  1.092215599E-01 -1.443302686E-02  8.683698717E+04  1.596797021E+02  3.325940642E+02  2.754685018E+02  2.424327150E+02  8.563076528E-01 
       227  3.290030235E-03  1.094941851E-01 -1.216353628E-02  8.669646935E+04  1.595216097E+02  3.324739195E+02  2.752694833E+02  2.436150986E+02  8.617770066E-01 
       228  5.262023684E-03  1.097864070E-01 -9.913643549E-03  8.597363787E+04  1.604988739E+02  3.320315041E+02  2.745377942E+02  2.469774086E+02  8.689632037E-01 
       229  7.256339014E-03  1.100495762E-01 -7.679258903E-03  8.415985115E+04  1.649635646E+02  3.310223979E+02  2.728716223E+02  2.541491284E+02  8.711389351E-01 
       230  9.250945095E-03  1.102792579E-01 -5.441700620E-03  8.178873438E+04  1.725062099E+02  3.299077724E+02  2.710370888E+02  2.620605592E+02  8.602141660E-01 
       231  1.125130268E-02  1.105297001E-01 -3.209862298E-03  8.028453662E+04  1.805622020E+02  3.292054367E+02  2.698842449E+02  2.666137547E+02  8.346580826E-01 
       232  1.324504242E-02  1.107259366E-01 -9.692227629E-04  8.115998511E+04  1.840259800E+02  3.296236153E+02  2.705708017E+02  2.645584335E+02  8.093333431E-01 
       233  1.522818012E-02  1.109344875E-01  1.280794701E-03  8.323595410E+04  1.841143732E+02  3.307923508E+02  2.724936056E+02  2.580620098E+02  7.861701846E-01 
       234  1.717717000E-02  1.111306516E-01  3.565314237E-03  8.542033691E+04  1.831348152E+02  3.320864105E+02  2.746295166E+02  2.496455956E+02  7.630180344E-01 
       235  2.098827574E-02  1.115152878E-01  8.199040730E-03  8.922407568E+04  1.868667507E+02  3.341668625E+02  2.780813293E+02  2.374399376E+02  7.046812922E-01 
       236  2.283804163E-02  1.116790561E-01  1.055952489E-02  9.050555981E+04  1.898586837E+02  3.353923383E+02  2.801235766E+02  2.297066237E+02  6.648430265E-01 
       237  2.632960383E-02  1.121198866E-01  1.543269692E-02  9.113164990E+04  2.045060463E+02  3.355079498E+02  2.803167305E+02  2.305744839E+02  5.899335742E-01 
       238  2.959379811E-02  1.126564718E-01  2.044933110E-02  9.029707861E+04  2.212820902E+02  3.349802732E+02  2.794355335E+02  2.366668115E+02  5.219449149E-01 
       239  3.114059063E-02  1.129278581E-01  2.301118304E-02  8.976759193E+04  2.289397203E+02  3.348241044E+02  2.791753853E+02  2.394371525E+02  4.915816668E-01 
       240  3.264987762E-02  1.132456905E-01  2.559358749E-02  8.921276511E+04  2.363955954E+02  3.343415915E+02  2.783712245E+02  2.428758071E+02  4.650224297E-01 
       241  3.807676132E-02  1.146676712E-01  3.621643154E-02  8.788228713E+04  2.608609881E+02  3.336325973E+02  2.771915072E+02  2.514482209E+02  3.721941420E-01 
       242  3.928374460E-02  1.150413043E-01  3.894926042E-02  8.801316107E+04  2.667474616E+02  3.339480352E+02  2.777169445E+02  2.527321937E+02  3.471953445E-01 
       243  4.044503934E-02  1.154301055E-01  4.169676193E-02  8.841752272E+04  2.707231574E+02  3.342509446E+02  2.782207855E+02  2.521092688E+02  3.255288107E-01 
       244  4.154949506E-02  1.158110833E-01  4.446441861E-02  8.903343213E+04  2.741652222E+02  3.345757465E+02  2.787615700E+02  2.509285870E+02  3.045380302E-01 
       245  4.259018966E-02  1.161595968E-01  4.726780086E-02  8.983026678E+04  2.772044668E+02  3.349507623E+02  2.793869361E+02  2.490440420E+02  2.828613177E-01 
       246  4.357921759E-02  1.165132208E-01  5.008364009E-02  9.080620410E+04  2.795611277E+02  3.354008179E+02  2.801382160E+02  2.462423906E+02  2.614654358E-01 
       247  4.448002582E-02  1.168267471E-01  5.293502673E-02  9.193045004E+04  2.819037969E+02  3.358761344E+02  2.809326310E+02  2.436408741E+02  2.404577879E-01 
       248  4.534234860E-02  1.171711221E-01  5.579536500E-02  9.321802734E+04  2.826945457E+02  3.365578651E+02  2.820745583E+02  2.395298386E+02  2.227294827E-01 
       249  4.612355051E-02  1.174912616E-01  5.867935283E-02  9.447445313E+04  2.836948395E+02  3.372452240E+02  2.832282143E+02  2.355280075E+02  2.037553620E-01 
       250  4.681688670E-02  1.178330389E-01  6.158342338E-02  9.568151172E+04  2.846376915E+02  3.378446350E+02  2.842356834E+02  2.323339386E+02  1.885855012E-01 
       251  4.742483443E-02  1.181684938E-01  6.451168194E-02  9.680684082E+04  2.853729858E+02  3.384215546E+02  2.852071991E+02  2.295414600E+02  1.762734503E-01 
       252  4.796175059E-02  1.184973583E-01  6.744925218E-02  9.783123145E+04  2.859701948E+02  3.390442352E+02  2.862574291E+02  2.265905447E+02  1.638570940E-01 
       253  4.839690646E-02  1.188449776E-01  7.040346354E-02  9.873322800E+04  2.871226481E+02  3.394494147E+02  2.869414637E+02  2.243746911E+02  1.507873514E-01 
       254  4.867844520E-02  1.192029192E-01  7.337369276E-02  9.931733884E+04  2.887767870E+02  3.397141096E+02  2.873893831E+02  2.235742868E+02  1.403390770E-01 
       255  4.889804354E-02  1.195863964E-01  7.634446821E-02  9.976577641E+04  2.901879323E+02  3.398733520E+02  2.876590597E+02  2.222332611E+02  1.290133239E-01 
       256  4.901527392E-02  1.199575346E-01  7.936475415E-02  9.993791193E+04  2.924808217E+02  3.399474638E+02  2.877847081E+02  2.222167267E+02  1.174700362E-01 
       257  4.897414798E-02  1.207471392E-01  8.530893469E-02  9.999986523E+04  2.969526253E+02  3.401103516E+02  2.880600090E+02  2.233553543E+02  9.943396971E-02 
       258  4.879835866E-02  1.211503063E-01  8.827262235E-02  1.001695215E+05  2.986298409E+02  3.401306038E+02  2.880944595E+02  2.235729027E+02  9.208536521E-02 
       259  4.854576088E-02  1.215647590E-01  9.126615169E-02  1.002492901E+05  2.999278002E+02  3.399671510E+02  2.878175163E+02  2.234584887E+02  8.565798198E-02 
       260  4.818457029E-02  1.219712360E-01  9.420996830E-02  1.006461761E+05  2.998900999E+02  3.401848747E+02  2.881862498E+02  2.223528302E+02  8.295757332E-02 
       261  4.782320061E-02  1.224212570E-01  9.713670139E-02  1.011280151E+05  2.994412899E+02  3.403974819E+02  2.885475998E+02  2.204519548E+02  7.972330693E-02 
       262  4.734997920E-02  1.228526278E-01  1.001180955E-01  1.020682344E+05  2.982696686E+02  3.409330254E+02  2.894557648E+02  2.171314392E+02  7.458114810E-02 
       263  4.683890011E-02  1.232935874E-01  1.030087938E-01  1.035292340E+05  2.950687617E+02  3.418414653E+02  2.910011750E+02  2.119914455E+02  7.494415313E-02 
       264  4.566507936E-02  1.242316696E-01  1.088390156E-01  1.062157509E+05  2.865363497E+02  3.424813583E+02  2.920908879E+02  2.025093363E+02  9.376381541E-02 
       265  4.352639189E-02  1.257122811E-01  1.174848542E-01  1.079464384E+05  2.628055802E+02  3.457910202E+02  2.977699175E+02  1.775925182E+02  1.619907894E-01 
       266  4.289440586E-02  1.261798267E-01  1.203730247E-01  1.076701381E+05  2.517871409E+02  3.481386794E+02  3.018274502E+02  1.498880379E+02  1.436530434E-01 
       267  4.242365191E-02  1.265975250E-01  1.232861776E-01  1.075058346E+05  2.438581754E+02  3.498884540E+02  3.048632657E+02  1.276500848E+02  1.292195312E-01 
       268  4.208270049E-02  1.270006734E-01  1.262530889E-01  1.075358965E+05  2.405392952E+02  3.501449318E+02  3.053090744E+02  1.259065266E+02  1.538138073E-01 
       269  4.202415066E-02  1.273246053E-01  1.292418903E-01  1.075689604E+05  2.410892504E+02  3.498228825E+02  3.047485246E+02  1.314881642E+02  1.693484115E-01 
       270  4.218523596E-02  1.275849052E-01  1.322314117E-01  1.074975647E+05  2.432344864E+02  3.493533033E+02  3.039315843E+02  1.386404648E+02  1.781781483E-01 
       271  4.252691668E-02  1.278080741E-01  1.352038484E-01  1.073250431E+05  2.466879801E+02  3.489915700E+02  3.033030841E+02  1.463575498E+02  1.795750657E-01 
       272  4.296344289E-02  1.279984053E-01  1.381664338E-01  1.071137323E+05  2.498808389E+02  3.484776378E+02  3.024119649E+02  1.525945963E+02  1.794470133E-01 
       273  4.347514252E-02  1.281630447E-01  1.411197974E-01  1.068217707E+05  2.527141031E+02  3.480225954E+02  3.016223323E+02  1.578769905E+02  1.791932415E-01 
       274  4.403358971E-02  1.283124551E-01  1.440677535E-01  1.065348478E+05  2.552276096E+02  3.478357699E+02  3.012961152E+02  1.621537639E+02  1.783111683E-01 
       275  4.466583781E-02  1.284644007E-01  1.470000034E-01  1.063394406E+05  2.580127999E+02  3.474382519E+02  2.958325752E+02  1.665877018E+02  1.762102314E-01 
       276 -1.390154712E-02  1.725232616E-01 -4.600000033E-02  8.231447766E+04  1.816913826E+02  3.303616617E+02  2.712619922E+02  3.419274501E+02  1.010456616E+00 
       277 -1.389524734E-02  1.726308379E-01 -4.258575940E-02  8.274269021E+04  1.813537573E+02  3.303918816E+02  2.718326308E+02  3.422428840E+02  1.012198090E+00 
       278 -1.388827040E-02  1.727470810E-01 -3.919459871E-02  8.295637880E+04  1.811348897E+02  3.304216380E+02  2.718816035E+02  3.425154788E+02  1.013436543E+00 
       279 -1.387976982E-02  1.728866868E-01 -3.575874102E-02  8.297428532E+04  1.811084722E+02  3.304149368E+02  2.718705771E+02  3.426750902E+02  1.013811516E+00 
       280 -1.386962822E-02  1.730354599E-01 -3.234598001E-02  8.282457994E+04  1.813334412E+02  3.303324061E+02  2.717347973E+02  3.430373260E+02  1.013712869E+00 
       281 -1.385715910E-02  1.732129765E-01 -2.893478341E-02  8.239889909E+04  1.818321158E+02  3.301451922E+02  2.714269243E+02  3.442819041E+02  1.014277923E+00 
       282 -1.381464856E-02  1.733989484E-01 -2.553958976E-02  8.189660619E+04  1.830490113E+02  3.298035558E+02  2.708656100E+02  3.462310624E+02  1.013653459E+00 
       283 -1.334927366E-02  1.736519924E-01 -2.216152427E-02  8.108665015E+04  1.848514328E+02  3.293570587E+02  2.701326627E+02  3.482791898E+02  1.011248544E+00 
       284 -1.220387625E-02  1.739549638E-01 -1.896956374E-02  7.995613281E+04  1.881762886E+02  3.286305923E+02  2.689431019E+02  3.520916920E+02  1.007061742E+00 
       285 -1.057589609E-02  1.742731966E-01 -1.599005111E-02  7.832580648E+04  1.921736424E+02  3.278015147E+02  2.675876201E+02  3.560696747E+02  1.000987848E+00 
       286 -8.586070527E-03  1.745821273E-01 -1.323108332E-02  7.639163710E+04  1.977645648E+02  3.269492416E+02  2.661980773E+02  3.609042171E+02  9.914475383E-01 
       287 -6.371188279E-03  1.748941133E-01 -1.065117603E-02  7.582363971E+04  2.003415275E+02  3.268707159E+02  2.660704960E+02  3.613512706E+02  9.837653805E-01 
       288 -3.959984913E-03  1.752012559E-01 -8.251810021E-03  7.810605166E+04  1.986540892E+02  3.280806818E+02  2.680470274E+02  3.567317802E+02  9.807535677E-01 
       289 -1.474621790E-03  1.754287438E-01 -5.921768022E-03  8.347516185E+04  1.903639215E+02  3.308260082E+02  2.725609914E+02  3.424341665E+02  9.841950986E-01 
       290  1.096342236E-03  1.756586641E-01 -3.684409899E-03  8.914913588E+04  1.804068029E+02  3.334919709E+02  2.769617050E+02  3.281782243E+02  9.940005176E-01 
       291  3.722457199E-03  1.758529720E-01 -1.512169024E-03  9.166175757E+04  1.754286456E+02  3.343686876E+02  2.784165459E+02  3.253651819E+02  1.006920327E+00 
       292  6.390497491E-03  1.759799744E-01  6.206893580E-04  8.819396875E+04  1.774380131E+02  3.331567135E+02  2.764063339E+02  3.328595657E+02  1.011709556E+00 
       293  1.179759467E-02  1.761809281E-01  4.808741428E-03  7.634508203E+04  2.001272125E+02  3.268353348E+02  2.660187187E+02  3.644913330E+02  9.903139472E-01 
       294  1.450804596E-02  1.762121176E-01  6.883706551E-03  7.246971826E+04  2.099730473E+02  3.243016033E+02  2.619070263E+02  3.762185593E+02  9.804910198E-01 
       295  1.722225861E-02  1.762495216E-01  8.953048646E-03  7.055954004E+04  2.150661926E+02  3.229729691E+02  2.597636566E+02  3.827187691E+02  9.768337011E-01 
       296  1.993233776E-02  1.761597577E-01  1.102855473E-02  6.929033984E+04  2.180538330E+02  3.221852112E+02  2.584977493E+02  3.860516052E+02  9.739025906E-01 
       297  2.263244469E-02  1.760920636E-01  1.311525345E-02  6.765761523E+04  2.222333546E+02  3.211705894E+02  2.568731689E+02  3.900154266E+02  9.684479535E-01 
       298  2.532249661E-02  1.759768902E-01  1.521525865E-02  6.603869019E+04  2.290684681E+02  3.199859791E+02  2.549812574E+02  3.951196613E+02  9.565809034E-01 
       299  2.800116021E-02  1.758008440E-01  1.732596334E-02  6.570950000E+04  2.340030918E+02  3.196744814E+02  2.544842463E+02  3.972790127E+02  9.447005056E-01 
       300  3.066011949E-02  1.756198651E-01  1.946182943E-02  6.814438757E+04  2.351052117E+02  3.209979944E+02  2.566066484E+02  3.921948743E+02  9.299637470E-01 
       301  3.850917716E-02  1.748410184E-01  2.602581626E-02  8.721607324E+04  2.344773512E+02  3.338936586E+02  2.776298075E+02  3.343170118E+02  8.226189949E-01 
       302  4.358739934E-02  1.740919978E-01  3.053362568E-02  8.590721143E+04  2.388561869E+02  3.329561529E+02  2.760689468E+02  3.441330910E+02  8.247529007E-01 
       303  4.609287257E-02  1.736863543E-01  3.281922705E-02  8.503667896E+04  2.413796654E+02  3.326582317E+02  2.755748844E+02  3.456931391E+02  8.191979676E-01 
       304  4.855845708E-02  1.731970535E-01  3.512834265E-02  8.496617993E+04  2.453993030E+02  3.325471468E+02  2.753908491E+02  3.453337727E+02  8.048449233E-01 
       305  5.100043215E-02  1.726458906E-01  3.745772352E-02  8.620732581E+04  2.496809363E+02  3.330071578E+02  2.761539855E+02  3.431768484E+02  7.866940610E-01 
       306  5.340036417E-02  1.720848619E-01  3.982071753E-02  8.940858521E+04  2.509500377E+02  3.346403232E+02  2.788743017E+02  3.355018897E+02  7.696188195E-01 
       307  5.576533568E-02  1.714326002E-01  4.220398857E-02  9.442625983E+04  2.487398194E+02  3.374260795E+02  2.835402358E+02  3.229551547E+02  7.570541021E-01 
       308  5.808130114E-02  1.707532671E-01  4.462162642E-02  9.955453820E+04  2.453082078E+02  3.403440408E+02  2.884632320E+02  3.091167999E+02  7.477635553E-01 
       309  6.913202621E-02  1.670049815E-01  5.708998555E-02  1.118862963E+05  2.428130250E+02  3.466517205E+02  2.992499418E+02  2.752148080E+02  7.110557416E-01 
       310  7.325557335E-02  1.653928843E-01  6.228962682E-02  1.153187486E+05  2.402725474E+02  3.482439542E+02  3.020039670E+02  2.660776806E+02  7.103782906E-01 
       311  7.526114685E-02  1.645964451E-01  6.493668120E-02  1.164179453E+05  2.402189884E+02  3.485553207E+02  3.025442524E+02  2.635754070E+02  7.092610523E-01 
       312  8.099008587E-02  1.620989224E-01  7.305121222E-02  1.186376689E+05  2.382545223E+02  3.492988968E+02  3.038350372E+02  2.561078472E+02  7.090914175E-01 
       313  8.281625202E-02  1.612441772E-01  7.580722199E-02  1.189637949E+05  2.376432915E+02  3.493061256E+02  3.038475761E+02  2.554288521E+02  7.115008980E-01 
       314  8.462318717E-02  1.604029889E-01  7.856519154E-02  1.192220735E+05  2.370392389E+02  3.493259640E+02  3.038819818E+02  2.550534353E+02  7.150332015E-01 
       315  8.638808364E-02  1.595156660E-01  8.135371941E-02  1.193757019E+05  2.367531934E+02  3.492877693E+02  3.038154511E+02  2.546419759E+02  7.166076135E-01 
       316  8.818531781E-02  1.586346563E-01  8.418846896E-02  1.195206455E+05  2.367934976E+02  3.492149767E+02  3.036888548E+02  2.534251400E+02  7.137029096E-01 
       317  9.153487112E-02  1.568453452E-01  8.985396979E-02  1.194717651E+05  2.361146674E+02  3.492179179E+02  3.036946588E+02  2.531253061E+02  7.168336622E-01 
       318  9.319079870E-02  1.559467714E-01  9.269883327E-02  1.192592666E+05  2.360191288E+02  3.491921692E+02  3.036499615E+02  2.529078388E+02  7.171870731E-01 
       319  9.639067810E-02  1.541493463E-01  9.845101971E-02  1.191880449E+05  2.366319294E+02  3.490009422E+02  3.033169479E+02  2.533851128E+02  7.162443660E-01 
       320  9.789700787E-02  1.532238030E-01  1.013752208E-01  1.191914561E+05  2.377438719E+02  3.488391137E+02  3.030356240E+02  2.538585792E+02  7.112583704E-01 
       321  9.939560036E-02  1.523575645E-01  1.043121280E-01  1.191314902E+05  2.384724045E+02  3.486541672E+02  3.027142601E+02  2.545270367E+02  7.096177042E-01 
       322  1.008373928E-01  1.515239935E-01  1.072922639E-01  1.189369014E+05  2.392546997E+02  3.483951225E+02  3.022645950E+02  2.555148926E+02  7.080736682E-01 
       323  1.021925752E-01  1.507164957E-01  1.103173974E-01  1.187150498E+05  2.407475519E+02  3.480774727E+02  3.017139525E+02  2.569411631E+02  7.032584120E-01 
       324  1.063175391E-01  1.486079647E-01  1.265700906E-01  1.184132070E+05  2.438352318E+02  3.487067337E+02  3.028089409E+02  2.557940521E+02  6.923932582E-01 
       325  1.064822206E-01  1.487022474E-01  1.299738775E-01  1.184272188E+05  2.393802185E+02  3.500058746E+02  3.050712395E+02  2.453120651E+02  7.031070888E-01 
       326  1.066476119E-01  1.488146338E-01  1.333799290E-01  1.182226855E+05  2.327371330E+02  3.514071884E+02  3.075171356E+02  2.319090004E+02  7.239770293E-01 
       327  1.068180965E-01  1.489318139E-01  1.367854531E-01  1.180385117E+05  2.285223579E+02  3.521210136E+02  3.087651939E+02  2.245692368E+02  7.400521860E-01 
       328  1.069979625E-01  1.490578552E-01  1.401905319E-01  1.180257051E+05  2.294046173E+02  3.517062340E+02  3.080388050E+02  2.300023174E+02  7.396878526E-01 
       329  1.071817424E-01  1.491887345E-01  1.435955648E-01  1.180149595E+05  2.346148872E+02  3.503843937E+02  3.055561676E+02  2.456661568E+02  7.263940610E-01 
       330  1.073851999E-01  1.493347905E-01  1.470000044E-01  1.179532305E+05  2.420032883E+02  3.486219177E+02  3.014482346E+02  2.609370575E+02  7.081953734E-01 
       331 -5.132010553E-03  2.399711247E-01 -4.600000034E-02  8.400450000E+04  1.733290119E+02  3.310546055E+02  2.729215584E+02  4.392297630E+02  1.165090211E+00 
       332 -5.128125210E-03  2.399809281E-01 -4.210430258E-02  8.412547559E+04  1.748984733E+02  3.306625013E+02  2.722788644E+02  4.406099291E+02  1.162617624E+00 
       333 -5.125201508E-03  2.399922328E-01 -3.820870464E-02  8.243649933E+04  1.778471752E+02  3.300008154E+02  2.711915746E+02  4.429813628E+02  1.157775100E+00 
       334 -5.121813889E-03  2.400095995E-01 -3.431329778E-02  8.059928104E+04  1.821720561E+02  3.290797827E+02  2.696795329E+02  4.464095070E+02  1.150649200E+00 
       335 -5.119016059E-03  2.400291916E-01 -3.041776666E-02  7.906242017E+04  1.864683722E+02  3.282914720E+02  2.683884786E+02  4.498297338E+02  1.143702057E+00 
       336 -5.114574788E-03  2.400538233E-01 -2.652182619E-02  7.820783820E+04  1.884000342E+02  3.280317875E+02  2.679633112E+02  4.516438792E+02  1.140890267E+00 
       337 -5.109553763E-03  2.400828758E-01 -2.262552630E-02  7.848848962E+04  1.876708419E+02  3.283717051E+02  2.685209527E+02  4.509955158E+02  1.142041232E+00 
       338 -5.103895973E-03  2.401152952E-01 -1.872899116E-02  8.097086310E+04  1.832498544E+02  3.296376476E+02  2.705977232E+02  4.452028036E+02  1.146946519E+00 
       339 -4.925504783E-03  2.402473149E-01 -7.056915668E-03  8.622763881E+04  1.712006702E+02  3.318620420E+02  2.742627635E+02  4.356823972E+02  1.167360469E+00 
       340 -3.715119829E-03  2.403023013E-01 -3.373311706E-03  8.120499780E+04  1.795467361E+02  3.300442393E+02  2.712683517E+02  4.436473672E+02  1.154602948E+00 
       341 -1.562012846E-03  2.403581740E-01 -1.360753051E-04  7.874201125E+04  1.873500846E+02  3.284579317E+02  2.686624775E+02  4.509185002E+02  1.142715512E+00 
       342  1.133764527E-03  2.404094608E-01  2.675248428E-03  7.908006274E+04  1.879626389E+02  3.282775927E+02  2.683665409E+02  4.501199360E+02  1.140584212E+00 
       343  4.137632423E-03  2.404197044E-01  5.149238455E-03  7.993429517E+04  1.844783452E+02  3.288071708E+02  2.692324511E+02  4.475562530E+02  1.146715151E+00 
       344  7.316400202E-03  2.403253331E-01  7.399564588E-03  7.976576231E+04  1.839836464E+02  3.288931015E+02  2.693727783E+02  4.473775898E+02  1.148014159E+00 
       345  1.395577155E-02  2.400667001E-01  1.148649181E-02  8.614981885E+04  1.722359324E+02  3.317232742E+02  2.740384893E+02  4.382224808E+02  1.168948874E+00 
       346  1.735065466E-02  2.397965962E-01  1.337576268E-02  9.003849902E+04  1.599548340E+02  3.338030968E+02  2.774811363E+02  4.290507965E+02  1.190951899E+00 
       347  2.419161170E-02  2.391929427E-01  1.704637434E-02  7.969993066E+04  1.852846718E+02  3.291299896E+02  2.697659798E+02  4.471253204E+02  1.145367160E+00 
       348  2.761839379E-02  2.387452844E-01  1.884103948E-02  7.988263379E+04  1.880799847E+02  3.288709030E+02  2.693372917E+02  4.489894981E+02  1.139908865E+00 
       349  3.105226563E-02  2.382885234E-01  2.062260888E-02  8.111657520E+04  1.854528036E+02  3.297633171E+02  2.708003693E+02  4.463424320E+02  1.143606409E+00 
       350  3.788868369E-02  2.371344800E-01  2.417075674E-02  8.078162012E+04  1.869324322E+02  3.298617439E+02  2.709617462E+02  4.467823486E+02  1.140980162E+00 
       351  4.468291751E-02  2.357525484E-01  2.771953789E-02  8.038948242E+04  1.901322784E+02  3.292942162E+02  2.700327988E+02  4.460788841E+02  1.134140670E+00 
       352  4.805699300E-02  2.349490393E-01  2.948953136E-02  8.067564929E+04  1.900202599E+02  3.293922706E+02  2.701942554E+02  4.443600073E+02  1.134550828E+00 
       353  5.140582287E-02  2.340778219E-01  3.127771149E-02  8.068774023E+04  1.904190197E+02  3.294244766E+02  2.702462959E+02  4.447759953E+02  1.135871686E+00 
       354  5.473006301E-02  2.331020583E-01  3.305777180E-02  7.984479395E+04  1.929628811E+02  3.289374657E+02  2.694468994E+02  4.458011093E+02  1.132420182E+00 
       355  5.803984836E-02  2.320923676E-01  3.484458617E-02  7.838081250E+04  1.972737560E+02  3.279259396E+02  2.677925835E+02  4.491138496E+02  1.126677349E+00 
       356  6.132921494E-02  2.310454118E-01  3.665150486E-02  7.660411954E+04  2.013389629E+02  3.269555606E+02  2.662094018E+02  4.516611313E+02  1.120865917E+00 
       357  6.777528194E-02  2.285846393E-01  4.027160278E-02  8.475867383E+04  2.141222382E+02  3.325243988E+02  2.753891258E+02  4.312991714E+02  1.069948941E+00 
       358  7.097972553E-02  2.273472007E-01  4.209367684E-02  9.172823047E+04  2.290437698E+02  3.359715996E+02  2.811004162E+02  4.138439484E+02  1.015533775E+00 
       359  7.412444428E-02  2.259565065E-01  4.393674079E-02  9.065023560E+04  2.360098810E+02  3.345173349E+02  2.786726027E+02  4.199818525E+02  1.004288021E+00 
       360  7.725834663E-02  2.245514312E-01  4.577102978E-02  8.651313379E+04  2.358846092E+02  3.327726898E+02  2.757659950E+02  4.287215042E+02  1.013410158E+00 
       361  8.037011026E-02  2.231435234E-01  4.763983740E-02  8.855046680E+04  2.344264565E+02  3.344288254E+02  2.785335617E+02  4.225570564E+02  1.014445230E+00 
       362  8.343109451E-02  2.215945322E-01  4.950276897E-02  1.018152213E+05  2.274592134E+02  3.404138801E+02  2.886169827E+02  3.920431402E+02  1.017282526E+00 
       363  8.646988642E-02  2.201046420E-01  5.141624103E-02  1.223403643E+05  2.124522705E+02  3.484228716E+02  3.023604937E+02  3.544194307E+02  1.045406183E+00 
       364  9.242245520E-02  2.169732682E-01  5.534503106E-02  1.185025017E+05  2.209533663E+02  3.502958870E+02  3.056076040E+02  3.495308924E+02  1.003041174E+00 
       365  9.533631835E-02  2.153857768E-01  5.738443174E-02  1.162305720E+05  2.223059928E+02  3.502037215E+02  3.054680433E+02  3.493644834E+02  9.965272760E-01 
       366  9.819952312E-02  2.138016843E-01  5.949569436E-02  1.169946348E+05  2.233629303E+02  3.517030983E+02  3.080963879E+02  3.437686558E+02  9.890172258E-01 
       367  1.009694591E-01  2.121295788E-01  6.167326851E-02  1.185114094E+05  2.275926409E+02  3.528010798E+02  3.100145664E+02  3.380438890E+02  9.693455379E-01 
       368  1.037116704E-01  2.105064985E-01  6.390540356E-02  1.192996880E+05  2.318919392E+02  3.533110723E+02  3.109063902E+02  3.367434626E+02  9.510251880E-01 
       369  1.064180189E-01  2.088777679E-01  6.618856681E-02  1.198672109E+05  2.356657801E+02  3.531594810E+02  3.106354771E+02  3.371103935E+02  9.365394339E-01 
       370  1.090480686E-01  2.071800512E-01  6.850700508E-02  1.207811221E+05  2.359161987E+02  3.528631058E+02  3.101069527E+02  3.372412510E+02  9.335967265E-01 
       371  1.116790455E-01  2.055210471E-01  7.084353951E-02  1.216778567E+05  2.350945785E+02  3.525530667E+02  3.095545225E+02  3.376326666E+02  9.349656627E-01 
       372  1.142974452E-01  2.038484190E-01  7.319785208E-02  1.223405813E+05  2.326676993E+02  3.519432201E+02  3.084743738E+02  3.383215570E+02  9.414800052E-01 
       373  1.168416696E-01  2.021295301E-01  7.558130371E-02  1.227428540E+05  2.296449013E+02  3.516376591E+02  3.079358521E+02  3.389342194E+02  9.499586374E-01 
       374  1.193277496E-01  2.004108846E-01  7.805168345E-02  1.229774816E+05  2.263196597E+02  3.515449014E+02  3.077728252E+02  3.391946502E+02  9.592768084E-01 
       375  1.217693779E-01  1.987784452E-01  8.060399866E-02  1.230064141E+05  2.244260788E+02  3.514658165E+02  3.076341333E+02  3.392269077E+02  9.645168968E-01 
       376  1.240793489E-01  1.970470446E-01  8.322373237E-02  1.230467710E+05  2.234056072E+02  3.514742346E+02  3.076511974E+02  3.377822752E+02  9.669066072E-01 
       377  1.263696524E-01  1.953872062E-01  8.590193330E-02  1.234367523E+05  2.222341970E+02  3.521630843E+02  3.088573002E+02  3.327990787E+02  9.693192663E-01 
       378  1.285811840E-01  1.937639536E-01  8.866989816E-02  1.236549244E+05  2.211168971E+02  3.512554178E+02  3.072642403E+02  3.375903111E+02  9.730310477E-01 
       379  1.378530526E-01  1.861918564E-01  1.119425893E-01  1.230515103E+05  2.182761641E+02  3.554801044E+02  3.146931610E+02  3.147200985E+02  9.793318734E-01 
       380  1.378280879E-01  1.861358471E-01  1.158380052E-01  1.226652454E+05  2.212017365E+02  3.566873217E+02  3.168343697E+02  2.996270065E+02  9.718711004E-01 
       381  1.378172244E-01  1.861105784E-01  1.197328496E-01  1.218997986E+05  2.282312908E+02  3.568995543E+02  3.172133613E+02  2.962336369E+02  9.496235326E-01 
       382  1.378137064E-01  1.861013403E-01  1.236281983E-01  1.221591060E+05  2.326390240E+02  3.562785599E+02  3.161138902E+02  3.078120797E+02  9.320044424E-01 
       383  1.378232998E-01  1.861207539E-01  1.275238734E-01  1.226908548E+05  2.317795745E+02  3.550331879E+02  3.139114759E+02  3.211979294E+02  9.354278334E-01 
       384  1.378388478E-01  1.861485149E-01  1.314192119E-01  1.230360353E+05  2.264544583E+02  3.538811502E+02  3.118760347E+02  3.299712730E+02  9.526325847E-01 
       385  1.378667705E-01  1.861922064E-01  1.353144338E-01  1.231451215E+05  2.224670503E+02  3.532480876E+02  3.107586620E+02  3.304929419E+02  9.649031889E-01 
       386  1.378917792E-01  1.862393165E-01  1.392095884E-01  1.231825916E+05  2.212080497E+02  3.528366150E+02  3.100317172E+02  3.306458305E+02  9.686488286E-01 
       387  1.379128913E-01  1.862912877E-01  1.431056120E-01  1.232201786E+05  2.211319465E+02  3.528825689E+02  3.098794310E+02  3.288488563E+02  9.686284512E-01 
       388  1.379274402E-01  1.863453723E-01  1.469999959E-01  1.233001528E+05  2.202742186E+02  3.537052941E+02  3.106275029E+02  3.219384675E+02  9.709893987E-01 
       389 -3.389247132E-02  1.007789921E-01 -4.300551245E-02  8.754965723E+04  1.539458933E+02  3.330628433E+02  2.762454548E+02  2.357942142E+02  8.594800644E-01 
       390 -3.372456358E-02  1.010433636E-01 -4.002223516E-02  8.747276704E+04  1.545348567E+02  3.330194044E+02  2.761734615E+02  2.364844541E+02  8.588601528E-01 
       391 -3.329024078E-02  1.014074167E-01 -3.707963811E-02  8.736693744E+04  1.550749934E+02  3.329716620E+02  2.760942420E+02  2.370621356E+02  8.582256511E-01 
       392 -3.255620303E-02  1.018883264E-01 -3.421559131E-02  8.723750800E+04  1.557837790E+02  3.328936779E+02  2.759649636E+02  2.377563674E+02  8.571684660E-01 
       393 -3.153373485E-02  1.024554568E-01 -3.145384174E-02  8.710437731E+04  1.566508216E+02  3.328004147E+02  2.758104077E+02  2.387009080E+02  8.561682934E-01 
       394 -3.028950121E-02  1.031058036E-01 -2.880322264E-02  8.699905696E+04  1.572971759E+02  3.327381020E+02  2.757070980E+02  2.393985609E+02  8.555474026E-01 
       395 -2.888173412E-02  1.037838005E-01 -2.624318977E-02  8.691756751E+04  1.579424807E+02  3.326914934E+02  2.756298626E+02  2.400198893E+02  8.546887302E-01 
       396 -2.733119538E-02  1.044792183E-01 -2.377110822E-02  8.686028030E+04  1.584850379E+02  3.326620716E+02  2.755811343E+02  2.406961248E+02  8.546896708E-01 
       397 -2.568342124E-02  1.052055751E-01 -2.135968630E-02  8.675160685E+04  1.589886475E+02  3.326111167E+02  2.754966994E+02  2.413817781E+02  8.548158758E-01 
       398 -2.397735570E-02  1.059146334E-01 -1.899049647E-02  8.654640054E+04  1.595842410E+02  3.325064294E+02  2.753233076E+02  2.424459287E+02  8.558688429E-01 
       399 -2.220871387E-02  1.066063154E-01 -1.667396516E-02  8.620335266E+04  1.606324303E+02  3.323176092E+02  2.750107194E+02  2.441992260E+02  8.569010329E-01 
       400 -2.041003203E-02  1.073389070E-01 -1.437512078E-02  8.562718216E+04  1.622514041E+02  3.320122006E+02  2.745056107E+02  2.466960770E+02  8.574979205E-01 
       401 -1.856976066E-02  1.079715131E-01 -1.211630566E-02  8.487239087E+04  1.653848462E+02  3.315730714E+02  2.737798683E+02  2.500917977E+02  8.532871889E-01 
       402 -1.670953655E-02  1.086522831E-01 -9.860640570E-03  8.422771910E+04  1.685823309E+02  3.312427172E+02  2.732346142E+02  2.526912579E+02  8.460606900E-01 
       403 -1.482329113E-02  1.093026603E-01 -7.620995183E-03  8.421587593E+04  1.715668118E+02  3.312302707E+02  2.732141479E+02  2.532074646E+02  8.325608748E-01 
       404 -1.292306254E-02  1.099268373E-01 -5.385291055E-03  8.515552222E+04  1.721942306E+02  3.317577934E+02  2.740852232E+02  2.502403545E+02  8.195095696E-01 
       405 -1.101845801E-02  1.105590611E-01 -3.137660868E-03  8.694073654E+04  1.707794470E+02  3.327349442E+02  2.757022681E+02  2.442604538E+02  8.073601313E-01 
       406 -9.120841472E-03  1.111701815E-01 -8.914052251E-04  8.936406512E+04  1.673409065E+02  3.340821038E+02  2.779395664E+02  2.355215809E+02  7.984250251E-01 
       407 -7.240675928E-03  1.117476218E-01  1.353994698E-03  9.297483767E+04  1.638867275E+02  3.358826620E+02  2.809441714E+02  2.231432504E+02  7.812190061E-01 
       408 -5.370549944E-03  1.123083196E-01  3.627204146E-03  9.646502051E+04  1.638005540E+02  3.377059460E+02  2.840018036E+02  2.086911552E+02  7.402781360E-01 
       409 -3.530590186E-03  1.128981262E-01  5.933484609E-03  9.851008202E+04  1.722240891E+02  3.388490301E+02  2.859280289E+02  2.016218686E+02  6.741427567E-01 
       410 -1.726912218E-03  1.134387153E-01  8.259926622E-03  9.812273389E+04  1.854219570E+02  3.385055742E+02  2.853479471E+02  2.046971684E+02  6.069788923E-01 
       411  3.734044288E-05  1.140039107E-01  1.062617763E-02  9.733924487E+04  1.946490030E+02  3.381131439E+02  2.846868386E+02  2.088704715E+02  5.678808335E-01 
       412  1.740848712E-03  1.145879687E-01  1.302702968E-02  9.650206588E+04  2.020585172E+02  3.377251971E+02  2.840337938E+02  2.128626881E+02  5.396799314E-01 
       413  3.387617433E-03  1.151172021E-01  1.547343878E-02  9.593703436E+04  2.093060765E+02  3.373796238E+02  2.834530695E+02  2.166210662E+02  5.129617811E-01 
       414  4.957112811E-03  1.157081541E-01  1.796238578E-02  9.538885547E+04  2.158430252E+02  3.371138349E+02  2.830068822E+02  2.192756991E+02  4.873439251E-01 
       415  6.462677552E-03  1.163151534E-01  2.048609031E-02  9.460503687E+04  2.224232678E+02  3.367278643E+02  2.823591194E+02  2.231165280E+02  4.657768719E-01 
       416  7.926557233E-03  1.168909271E-01  2.304605918E-02  9.393575348E+04  2.282682667E+02  3.363709030E+02  2.817603745E+02  2.266779611E+02  4.477148056E-01 
       417  9.338612782E-03  1.175119790E-01  2.562398907E-02  9.363718777E+04  2.330845246E+02  3.361931621E+02  2.814626122E+02  2.287027237E+02  4.307723362E-01 
       418  1.068984297E-02  1.181121478E-01  2.822455248E-02  9.350393027E+04  2.375872072E+02  3.361176053E+02  2.813360590E+02  2.300771587E+02  4.133613623E-01 
       419  1.198650266E-02  1.187330819E-01  3.085849659E-02  9.341790808E+04  2.422290908E+02  3.360621446E+02  2.812432287E+02  2.316584826E+02  3.960770839E-01 
       420  1.322982934E-02  1.193430432E-01  3.352159396E-02  9.343705263E+04  2.465578586E+02  3.360651236E+02  2.812482335E+02  2.327082762E+02  3.785073910E-01 
       421  1.439865389E-02  1.199672983E-01  3.621509854E-02  9.363015547E+04  2.503427207E+02  3.361692086E+02  2.814225542E+02  2.330755550E+02  3.615960160E-01 
       422  1.553995729E-02  1.205631245E-01  3.892438234E-02  9.405542282E+04  2.535985132E+02  3.363822128E+02  2.817793248E+02  2.325266515E+02  3.441583073E-01 
       423  1.662952250E-02  1.211745408E-01  4.165332372E-02  9.459291763E+04  2.563115371E+02  3.366536733E+02  2.822343148E+02  2.316175998E+02  3.286029515E-01 
       424  1.764894372E-02  1.217373945E-01  4.441857664E-02  9.529897409E+04  2.584711697E+02  3.370045776E+02  2.828231260E+02  2.299614729E+02  3.130778534E-01 
       425  1.861873940E-02  1.222791769E-01  4.720617614E-02  9.628468392E+04  2.602275921E+02  3.374914572E+02  2.836409977E+02  2.274718188E+02  2.968257230E-01 
       426  1.950820179E-02  1.228336643E-01  5.001741530E-02  9.724927484E+04  2.619824028E+02  3.379662029E+02  2.844394891E+02  2.247348629E+02  2.796089475E-01 
       427  2.036944420E-02  1.233245632E-01  5.285072558E-02  9.819780954E+04  2.639184757E+02  3.384086374E+02  2.851848640E+02  2.224995291E+02  2.629446729E-01 
       428  2.117157025E-02  1.238295963E-01  5.569831964E-02  9.918462170E+04  2.653683901E+02  3.389121227E+02  2.860341454E+02  2.196625445E+02  2.469855254E-01 
       429  2.190592593E-02  1.242947792E-01  5.857026217E-02  1.001092295E+05  2.670877752E+02  3.393423586E+02  2.867607832E+02  2.170908899E+02  2.301366618E-01 
       430  2.257248913E-02  1.247551336E-01  6.145961794E-02  1.009549907E+05  2.686834736E+02  3.397633133E+02  2.874727182E+02  2.145379753E+02  2.141102236E-01 
       431  2.314781749E-02  1.251835029E-01  6.437124902E-02  1.016883787E+05  2.706427846E+02  3.400975628E+02  2.880383883E+02  2.123551884E+02  1.968736234E-01 
       432  2.363318974E-02  1.255957621E-01  6.730774801E-02  1.023270873E+05  2.729247127E+02  3.403799460E+02  2.885168819E+02  2.107613440E+02  1.797818471E-01 
       433  2.402789138E-02  1.260195069E-01  7.025072331E-02  1.028773506E+05  2.752030172E+02  3.406791878E+02  2.890243587E+02  2.093912745E+02  1.634951718E-01 
       434  2.431727977E-02  1.264030352E-01  7.321094069E-02  1.033540420E+05  2.778280544E+02  3.409267445E+02  2.894445648E+02  2.085671253E+02  1.467622072E-01 
       435  2.453016930E-02  1.268032789E-01  7.617447467E-02  1.036994502E+05  2.806704335E+02  3.411278439E+02  2.897860999E+02  2.084031544E+02  1.312740624E-01 
       436  2.462079541E-02  1.271795605E-01  7.915094878E-02  1.038079669E+05  2.840117590E+02  3.412106717E+02  2.899267688E+02  2.091406347E+02  1.159172864E-01 
       437  2.463902970E-02  1.275610820E-01  8.212637731E-02  1.033883899E+05  2.881673570E+02  3.410373826E+02  2.896323891E+02  2.112984166E+02  1.013224339E-01 
       438  2.457492051E-02  1.279220853E-01  8.510260082E-02  1.025348666E+05  2.927229179E+02  3.406346279E+02  2.889487510E+02  2.151501627E+02  9.115741436E-02 
       439  2.441429013E-02  1.282749863E-01  8.807550525E-02  1.011992684E+05  2.966359482E+02  3.400214854E+02  2.879095007E+02  2.204711249E+02  9.119547114E-02 
       440  2.420234297E-02  1.286273229E-01  9.105186832E-02  1.003897267E+05  2.973928703E+02  3.396366029E+02  2.872579768E+02  2.238494530E+02  1.025576305E-01 
       441  2.388558350E-02  1.289647853E-01  9.401845916E-02  1.004625478E+05  2.955737324E+02  3.396558211E+02  2.872905886E+02  2.240644855E+02  1.161295349E-01 
       442  2.351928731E-02  1.293134864E-01  9.696958543E-02  1.009826210E+05  2.927769336E+02  3.399104101E+02  2.877214041E+02  2.224990359E+02  1.284571874E-01 
       443  2.306449285E-02  1.296327241E-01  9.991680403E-02  1.017628081E+05  2.899316053E+02  3.402805090E+02  2.883483448E+02  2.195393014E+02  1.352963340E-01 
       444  2.257188759E-02  1.299515661E-01  1.028605699E-01  1.027294966E+05  2.869690552E+02  3.407197466E+02  2.890932426E+02  2.163245373E+02  1.419837368E-01 
       445  2.201092100E-02  1.302726916E-01  1.057899135E-01  1.038432350E+05  2.837007359E+02  3.412416414E+02  2.899795588E+02  2.125952086E+02  1.488285540E-01 
       446  2.143382683E-02  1.305960230E-01  1.087107054E-01  1.049552593E+05  2.805030872E+02  3.418113041E+02  2.909484791E+02  2.082607944E+02  1.532609215E-01 
       447  2.076802587E-02  1.309307408E-01  1.116221513E-01  1.058799551E+05  2.779590073E+02  3.423972797E+02  2.919468956E+02  2.037562656E+02  1.534383306E-01 
       448  2.010215597E-02  1.312657467E-01  1.145293522E-01  1.065420889E+05  2.766554689E+02  3.428557901E+02  2.927291708E+02  2.009440236E+02  1.526308483E-01 
       449  1.945135245E-02  1.316056955E-01  1.174374795E-01  1.069817081E+05  2.765517321E+02  3.431322112E+02  2.932012765E+02  2.001989434E+02  1.523280015E-01 
       450  1.885387307E-02  1.319548677E-01  1.203553293E-01  1.072569377E+05  2.771454937E+02  3.432496929E+02  2.934020517E+02  2.007423965E+02  1.526516285E-01 
       451  1.837479322E-02  1.322913677E-01  1.233018373E-01  1.074456702E+05  2.771344805E+02  3.433967619E+02  2.936536560E+02  2.007092223E+02  1.546860016E-01 
       452  1.811263581E-02  1.325954541E-01  1.262715907E-01  1.075517974E+05  2.771657228E+02  3.435002832E+02  2.938307114E+02  2.009817667E+02  1.575082787E-01 
       453  1.805653049E-02  1.328847135E-01  1.292554963E-01  1.075964893E+05  2.774480276E+02  3.435458117E+02  2.939085908E+02  2.018144598E+02  1.609844225E-01 
       454  1.819877737E-02  1.331672438E-01  1.322380588E-01  1.075557643E+05  2.779150739E+02  3.435356299E+02  2.938911569E+02  2.029167690E+02  1.643588489E-01 
       455  1.852494771E-02  1.334510277E-01  1.352129826E-01  1.074289740E+05  2.784680318E+02  3.434697089E+02  2.937783461E+02  2.042533009E+02  1.682687045E-01 
       456  1.890761882E-02  1.337081709E-01  1.381756048E-01  1.071819125E+05  2.790976435E+02  3.433445607E+02  2.935643054E+02  2.057309411E+02  1.720425782E-01 
       457  1.937808835E-02  1.339540030E-01  1.411279949E-01  1.068921216E+05  2.798991938E+02  3.432037306E+02  2.933235385E+02  2.073290792E+02  1.751893468E-01 
       458  1.989552602E-02  1.341916383E-01  1.440726902E-01  1.066276755E+05  2.807333497E+02  3.430819427E+02  2.931153843E+02  2.089997806E+02  1.783970855E-01 
       459  2.048114376E-02  1.344526817E-01  1.469999956E-01  1.063179561E+05  2.817967558E+02  3.429030800E+02  2.928080235E+02  2.109886904E+02  1.810032427E-01 
       460 -4.772920012E-02  1.664853148E-01 -4.258181757E-02  8.252522587E+04  1.813694873E+02  3.302792464E+02  2.716473494E+02  3.429328648E+02  1.013395808E+00 
       461 -4.770031945E-02  1.666117663E-01 -3.916302660E-02  8.228269434E+04  1.820798544E+02  3.301117001E+02  2.713718246E+02  3.438437870E+02  1.012619309E+00 
       462 -4.768621633E-02  1.667606858E-01 -3.574527808E-02  8.186740991E+04  1.827509534E+02  3.299038987E+02  2.710302835E+02  3.448317575E+02  1.012136074E+00 
       463 -4.773671611E-02  1.669008759E-01 -3.232563070E-02  8.131829834E+04  1.844968271E+02  3.295568466E+02  2.704605684E+02  3.466969185E+02  1.009613588E+00 
       464 -4.779814392E-02  1.670685917E-01 -2.890641835E-02  8.069765356E+04  1.865550575E+02  3.291688461E+02  2.698239956E+02  3.491690397E+02  1.007174570E+00 
       465 -4.772832030E-02  1.672854950E-01 -2.549705171E-02  8.001701404E+04  1.882473278E+02  3.288254237E+02  2.692613373E+02  3.504173536E+02  1.003798774E+00 
       466 -4.733274936E-02  1.676197526E-01 -2.211766833E-02  7.940581775E+04  1.912732310E+02  3.284050136E+02  2.685732913E+02  3.536136727E+02  9.995115269E-01 
       467 -4.646629434E-02  1.680852894E-01 -1.884685997E-02  7.947197305E+04  1.928945747E+02  3.284622371E+02  2.686670583E+02  3.529281608E+02  9.925976670E-01 
       468 -4.497458874E-02  1.687177674E-01 -1.583913045E-02  8.150123242E+04  1.903487477E+02  3.296861019E+02  2.706750727E+02  3.478415241E+02  9.919403456E-01 
       469 -4.311049959E-02  1.694263862E-01 -1.306511329E-02  8.484673657E+04  1.846676011E+02  3.315988884E+02  2.738252454E+02  3.394623661E+02  9.967127275E-01 
       470 -4.101650432E-02  1.701661907E-01 -1.047820325E-02  8.763200977E+04  1.790442467E+02  3.330847549E+02  2.762822018E+02  3.310623512E+02  1.002108943E+00 
       471 -3.872443978E-02  1.709287414E-01 -8.043812788E-03  8.761967371E+04  1.768311944E+02  3.330454535E+02  2.762171991E+02  3.312969270E+02  1.010128425E+00 
       472 -3.634257562E-02  1.716543837E-01 -5.706210795E-03  8.547475146E+04  1.791463337E+02  3.318315620E+02  2.742081890E+02  3.377683220E+02  1.012735151E+00 
       473 -3.384972842E-02  1.724025179E-01 -3.469956820E-03  8.157281238E+04  1.859875543E+02  3.296843097E+02  2.706730192E+02  3.488551435E+02  1.008753422E+00 
       474 -3.133060076E-02  1.731099844E-01 -1.271304633E-03  7.704874826E+04  1.970313612E+02  3.270080454E+02  2.662965666E+02  3.615940280E+02  9.952372839E-01 
       475 -2.873453975E-02  1.737912906E-01  8.535856133E-04  7.324242188E+04  2.063472514E+02  3.247031116E+02  2.625545263E+02  3.729302320E+02  9.863561168E-01 
       476 -2.611690126E-02  1.744247281E-01  2.958268427E-03  7.064566968E+04  2.139455719E+02  3.230072427E+02  2.598177361E+02  3.800342813E+02  9.754465781E-01 
       477 -2.348835128E-02  1.750433393E-01  5.058280838E-03  6.955295795E+04  2.171607137E+02  3.223415490E+02  2.587480166E+02  3.835250156E+02  9.721980104E-01 
       478 -2.083113736E-02  1.756162102E-01  7.133742148E-03  6.968083667E+04  2.192722273E+02  3.222815838E+02  2.586523461E+02  3.840426970E+02  9.662309606E-01 
       479 -1.816607045E-02  1.761555279E-01  9.209141426E-03  7.015568677E+04  2.201175690E+02  3.227378111E+02  2.593851833E+02  3.820398521E+02  9.588229991E-01 
       480 -1.549262448E-02  1.766467189E-01  1.128626304E-02  7.267930884E+04  2.211147938E+02  3.243456020E+02  2.619833679E+02  3.754293213E+02  9.419307560E-01 
       481 -1.281959455E-02  1.771087169E-01  1.337222607E-02  8.289638007E+04  2.135257463E+02  3.304376271E+02  2.719307270E+02  3.489614384E+02  9.181960598E-01 
       482 -1.015361520E-02  1.775059034E-01  1.547159933E-02  9.874938374E+04  2.068830596E+02  3.385514410E+02  2.854296284E+02  3.046306162E+02  8.730206659E-01 
       483 -7.491200012E-03  1.778633735E-01  1.757589553E-02  9.646149390E+04  2.194703412E+02  3.376996508E+02  2.839945383E+02  3.100772963E+02  8.360199891E-01 
       484 -4.837064878E-03  1.782590199E-01  1.971143984E-02  8.935265991E+04  2.297443819E+02  3.341430073E+02  2.780438843E+02  3.308820105E+02  8.322798871E-01 
       485 -2.188499166E-03  1.785530451E-01  2.185094162E-02  8.841911758E+04  2.303603736E+02  3.338830777E+02  2.776093202E+02  3.343268982E+02  8.358567893E-01 
       486  4.329096806E-04  1.787998193E-01  2.404680664E-02  8.886104785E+04  2.346293221E+02  3.339244385E+02  2.776779728E+02  3.340255165E+02  8.214953318E-01 
       487  3.027224691E-03  1.790317150E-01  2.627094405E-02  8.880362482E+04  2.375056574E+02  3.338121128E+02  2.774906793E+02  3.355304234E+02  8.144337004E-01 
       488  5.626976121E-03  1.792222402E-01  2.847807669E-02  8.947994031E+04  2.388201454E+02  3.342138014E+02  2.781588159E+02  3.348026736E+02  8.090058155E-01 
       489  8.191038637E-03  1.793338257E-01  3.074695743E-02  9.159723694E+04  2.388856416E+02  3.353285155E+02  2.800193226E+02  3.285226798E+02  7.988751261E-01 
       490  1.074058355E-02  1.794129340E-01  3.303046409E-02  9.512881224E+04  2.375536354E+02  3.370735372E+02  2.829438984E+02  3.188287361E+02  7.886806736E-01 
       491  1.325979491E-02  1.793970135E-01  3.532576038E-02  9.932940503E+04  2.352206624E+02  3.390734477E+02  2.863113616E+02  3.072270403E+02  7.799607441E-01 
       492  1.577166567E-02  1.793535417E-01  3.765132951E-02  1.029943134E+05  2.332559290E+02  3.407597647E+02  2.891641216E+02  2.973013821E+02  7.733937008E-01 
       493  1.825553626E-02  1.792503646E-01  4.000403552E-02  1.054439352E+05  2.322272146E+02  3.419099407E+02  2.911179338E+02  2.907483506E+02  7.686092146E-01 
       494  2.071273564E-02  1.790845686E-01  4.238164633E-02  1.072753745E+05  2.318342913E+02  3.428049616E+02  2.926438416E+02  2.862834103E+02  7.645306673E-01 
       495  2.315348782E-02  1.789033294E-01  4.476881837E-02  1.093209633E+05  2.316808398E+02  3.437316346E+02  2.942276683E+02  2.814914541E+02  7.593801348E-01 
       496  2.554611962E-02  1.786610662E-01  4.720294885E-02  1.113308286E+05  2.309963560E+02  3.447044029E+02  2.958956919E+02  2.754645452E+02  7.552788090E-01 
       497  2.790553153E-02  1.783591187E-01  4.966367300E-02  1.130634561E+05  2.305364561E+02  3.455322466E+02  2.973183937E+02  2.703488350E+02  7.514082436E-01 
       498  3.023553076E-02  1.780531658E-01  5.215009418E-02  1.146158580E+05  2.301325679E+02  3.462422826E+02  2.985411632E+02  2.658828428E+02  7.483668821E-01 
       499  3.255140683E-02  1.777481834E-01  5.464573084E-02  1.160324084E+05  2.300027760E+02  3.468100560E+02  2.995211915E+02  2.627252233E+02  7.460810537E-01 
       500  3.480321611E-02  1.773622653E-01  5.719033452E-02  1.172399766E+05  2.296962155E+02  3.473108401E+02  3.003864295E+02  2.596059954E+02  7.442946103E-01 
       501  3.704366447E-02  1.769956776E-01  5.978074099E-02  1.180668473E+05  2.299170771E+02  3.476666815E+02  3.010021274E+02  2.575122168E+02  7.417674772E-01 
       502  3.923116288E-02  1.766153691E-01  6.237867612E-02  1.185933640E+05  2.303736463E+02  3.479184093E+02  3.014380546E+02  2.559090075E+02  7.387801744E-01 
       503  4.136429871E-02  1.761773997E-01  6.501205622E-02  1.189429909E+05  2.310406753E+02  3.480779512E+02  3.017144983E+02  2.547732261E+02  7.352494355E-01 
       504  4.348069858E-02  1.757484529E-01  6.766046190E-02  1.191755117E+05  2.314843774E+02  3.481684132E+02  3.018712835E+02  2.542437615E+02  7.332931254E-01 
       505  4.554226392E-02  1.753162813E-01  7.034950997E-02  1.193291680E+05  2.318377857E+02  3.482272224E+02  3.019732723E+02  2.536975412E+02  7.317265328E-01 
       506  4.756665315E-02  1.748560179E-01  7.306168772E-02  1.193968743E+05  2.322165701E+02  3.482536280E+02  3.020190461E+02  2.536202918E+02  7.304218314E-01 
       507  4.956604909E-02  1.743615796E-01  7.580968578E-02  1.194027338E+05  2.327527397E+02  3.482366629E+02  3.019896345E+02  2.535182646E+02  7.284559335E-01 
       508  5.152654947E-02  1.738670862E-01  7.855886540E-02  1.191954238E+05  2.331799688E+02  3.481407681E+02  3.018233448E+02  2.543974820E+02  7.278460544E-01 
       509  5.347325952E-02  1.733659220E-01  8.131742073E-02  1.188737096E+05  2.332666218E+02  3.480083379E+02  3.015937333E+02  2.552024269E+02  7.286401186E-01 
       510  5.541917190E-02  1.728212690E-01  8.412523757E-02  1.191743703E+05  2.331462640E+02  3.481057672E+02  3.017626854E+02  2.547533508E+02  7.289494585E-01 
       511  5.731737707E-02  1.722438844E-01  8.698058411E-02  1.195923156E+05  2.332668267E+02  3.482620708E+02  3.020337837E+02  2.537611958E+02  7.276949997E-01 
       512  5.917186437E-02  1.716911252E-01  8.979478553E-02  1.198065697E+05  2.336721278E+02  3.483739958E+02  3.022280982E+02  2.533790459E+02  7.259932085E-01 
       513  6.096387184E-02  1.711643945E-01  9.255110888E-02  1.198268184E+05  2.343795545E+02  3.483856500E+02  3.022483983E+02  2.536913453E+02  7.237116564E-01 
       514  6.270700241E-02  1.705757992E-01  9.544380808E-02  1.197059253E+05  2.354471025E+02  3.483127465E+02  3.021217904E+02  2.540054078E+02  7.197720278E-01 
       515  6.442263795E-02  1.699823167E-01  9.834544530E-02  1.195196411E+05  2.366166185E+02  3.482062569E+02  3.019369829E+02  2.543614080E+02  7.155577536E-01 
       516  6.612271722E-02  1.694054111E-01  1.012510921E-01  1.193079922E+05  2.375162318E+02  3.481160977E+02  3.017806573E+02  2.550700324E+02  7.129708985E-01 
       517  6.776083839E-02  1.688452726E-01  1.042003507E-01  1.191360283E+05  2.380167649E+02  3.480567414E+02  3.016776735E+02  2.559775581E+02  7.122027976E-01 
       518  6.936215302E-02  1.682812898E-01  1.071729988E-01  1.190760385E+05  2.385984946E+02  3.480397835E+02  3.016483088E+02  2.563793499E+02  7.106387466E-01 
       519  7.082677073E-02  1.677321085E-01  1.102128146E-01  1.190879907E+05  2.396341640E+02  3.480524695E+02  3.016704044E+02  2.568633131E+02  7.071762197E-01 
       520  7.220712168E-02  1.672497044E-01  1.133584680E-01  1.190969279E+05  2.407449391E+02  3.481116410E+02  3.017732935E+02  2.573807646E+02  7.035430549E-01 
       521  7.342602904E-02  1.668557431E-01  1.165154693E-01  1.190220397E+05  2.413241310E+02  3.482537060E+02  3.020197756E+02  2.574008555E+02  7.016192088E-01 
       522  7.439926912E-02  1.665467988E-01  1.197652411E-01  1.188182078E+05  2.417004809E+02  3.483946352E+02  3.022641177E+02  2.575551467E+02  7.005775152E-01 
       523  7.498839543E-02  1.664581038E-01  1.231239650E-01  1.185528721E+05  2.420024395E+02  3.484912090E+02  3.024315815E+02  2.572985554E+02  6.997190639E-01 
       524  7.530423640E-02  1.665023734E-01  1.265249777E-01  1.183806890E+05  2.421343675E+02  3.485419745E+02  3.025195198E+02  2.570062261E+02  6.994791375E-01 
       525  7.543612494E-02  1.666233331E-01  1.299370256E-01  1.182540498E+05  2.430741177E+02  3.484024239E+02  3.022772808E+02  2.584533997E+02  6.977785826E-01 
       526  7.553122174E-02  1.667952118E-01  1.333496155E-01  1.181464475E+05  2.445269375E+02  3.481837945E+02  3.018980956E+02  2.606426969E+02  6.950196400E-01 
       527  7.566054780E-02  1.669469890E-01  1.367626796E-01  1.180949976E+05  2.453376150E+02  3.481638880E+02  3.018637009E+02  2.612010241E+02  6.931368224E-01 
       528  7.583993244E-02  1.671002891E-01  1.401745263E-01  1.180452217E+05  2.451596278E+02  3.484479032E+02  3.023574157E+02  2.600537094E+02  6.936718109E-01 
       529  7.600645069E-02  1.672586086E-01  1.435869327E-01  1.179294598E+05  2.433054137E+02  3.491223750E+02  3.035311635E+02  2.554962158E+02  6.983535569E-01 
       530  7.611546960E-02  1.674572299E-01  1.470000031E-01  1.179517262E+05  2.384625952E+02  3.501448412E+02  3.053942664E+02  2.461125653E+02  7.113551470E-01 
       531 -5.220359409E-02  2.342994603E-01 -4.210986580E-02  8.161855316E+04  1.833280030E+02  3.296273782E+02  2.706600105E+02  4.443234020E+02  1.145492595E+00 
       532 -5.220192467E-02  2.343108577E-01 -3.821952920E-02  8.089386737E+04  1.860873951E+02  3.292686775E+02  2.699878684E+02  4.460544147E+02  1.140500586E+00 
       533 -5.220302368E-02  2.343278434E-01 -3.432921672E-02  8.108029245E+04  1.862086808E+02  3.294018908E+02  2.702065980E+02  4.456065756E+02  1.139765506E+00 
       534 -5.220531674E-02  2.343446645E-01 -3.043898101E-02  8.246921751E+04  1.826921060E+02  3.302221651E+02  2.715556279E+02  4.422360390E+02  1.145072660E+00 
       535 -5.220735409E-02  2.343651870E-01 -2.654892396E-02  8.444312988E+04  1.774956217E+02  3.313932171E+02  2.734848614E+02  4.380152512E+02  1.153807603E+00 
       536 -5.221355576E-02  2.343966826E-01 -2.266385481E-02  8.572287617E+04  1.734230773E+02  3.321544125E+02  2.747412327E+02  4.349546306E+02  1.160994084E+00 
       537 -5.221196162E-02  2.344309954E-01 -1.877454498E-02  8.554751772E+04  1.726594203E+02  3.319679278E+02  2.744335704E+02  4.354203135E+02  1.163299764E+00 
       538 -5.222596507E-02  2.344687402E-01 -1.488167101E-02  8.393573715E+04  1.764252166E+02  3.309206327E+02  2.727058760E+02  4.401810730E+02  1.158570147E+00 
       539 -5.222923531E-02  2.345160018E-01 -1.099302079E-02  8.165710309E+04  1.822915452E+02  3.296850021E+02  2.706727457E+02  4.440800807E+02  1.147971925E+00 
       540 -5.210275326E-02  2.345957540E-01 -7.104134264E-03  7.997794440E+04  1.871883069E+02  3.289258004E+02  2.694263501E+02  4.479342237E+02  1.140116432E+00 
       541 -5.114101036E-02  2.348545508E-01 -3.375994418E-03  7.980401007E+04  1.876795403E+02  3.289564704E+02  2.694762592E+02  4.480869595E+02  1.139256341E+00 
       542 -4.917766965E-02  2.353023755E-01 -5.047413344E-05  8.029721118E+04  1.866670389E+02  3.292510271E+02  2.699592886E+02  4.478395376E+02  1.141993232E+00 
       543 -4.661414278E-02  2.358651253E-01  2.823323178E-03  8.130876465E+04  1.841369884E+02  3.299175839E+02  2.710539641E+02  4.452099075E+02  1.145532638E+00 
       544 -4.374488282E-02  2.364440537E-01  5.350106892E-03  8.444383521E+04  1.765979669E+02  3.317075665E+02  2.740046690E+02  4.382955685E+02  1.157341908E+00 
       545 -4.059796688E-02  2.370222596E-01  7.583171126E-03  8.893205273E+04  1.653748618E+02  3.338314884E+02  2.775237579E+02  4.286275992E+02  1.176053558E+00 
       546 -3.738701819E-02  2.375676250E-01  9.702642239E-03  8.801133044E+04  1.677880155E+02  3.332301078E+02  2.765266895E+02  4.313988094E+02  1.172514205E+00 
       547 -3.407522408E-02  2.380263225E-01  1.169481074E-02  8.235095508E+04  1.837565470E+02  3.301965613E+02  2.715178142E+02  4.433681917E+02  1.144254537E+00 
       548 -3.073065008E-02  2.384984497E-01  1.361793802E-02  7.951937390E+04  1.913865576E+02  3.286742620E+02  2.690146644E+02  4.506569483E+02  1.132840465E+00 
       549 -2.732884007E-02  2.388770261E-01  1.546643341E-02  8.107330054E+04  1.870452271E+02  3.295208883E+02  2.704028301E+02  4.470223145E+02  1.139865438E+00 
       550 -2.390908864E-02  2.392176502E-01  1.728468609E-02  8.193420027E+04  1.848406031E+02  3.299843690E+02  2.711639496E+02  4.443459798E+02  1.142598673E+00 
       551 -2.044822495E-02  2.394794424E-01  1.908927170E-02  8.122147519E+04  1.858105158E+02  3.296808636E+02  2.706651050E+02  4.449113252E+02  1.141393291E+00 
       552 -1.699643969E-02  2.397114515E-01  2.086461287E-02  8.081817505E+04  1.884262047E+02  3.293810596E+02  2.701739140E+02  4.460041838E+02  1.136801230E+00 
       553 -1.354033893E-02  2.398615604E-01  2.263394957E-02  8.090588477E+04  1.870123968E+02  3.295299721E+02  2.704190235E+02  4.458616886E+02  1.141101331E+00 
       554 -1.007792796E-02  2.399171479E-01  2.439846914E-02  8.119477307E+04  1.861788430E+02  3.297471375E+02  2.707754102E+02  4.443625073E+02  1.143075978E+00 
       555 -6.592279415E-03  2.399646350E-01  2.619220728E-02  8.058597412E+04  1.877857418E+02  3.292729254E+02  2.699962516E+02  4.455052729E+02  1.141702507E+00 
       556 -3.124907716E-03  2.398994093E-01  2.794309000E-02  7.927441895E+04  1.905183830E+02  3.283584671E+02  2.684994946E+02  4.461127701E+02  1.137874931E+00 
       557  3.338943067E-04  2.398017910E-01  2.968583889E-02  1.014716959E+05  2.073972868E+02  3.402937392E+02  2.883857079E+02  3.975159873E+02  1.052603811E+00 
       558  3.794068913E-03  2.396169640E-01  3.144821874E-02  9.944453394E+04  2.119842339E+02  3.394659405E+02  2.869770055E+02  4.034582272E+02  1.047051955E+00 
       559  7.248441593E-03  2.393064044E-01  3.320284907E-02  9.501516504E+04  2.107962132E+02  3.375835667E+02  2.837982893E+02  4.122201557E+02  1.057729263E+00 
       560  1.068879679E-02  2.389885178E-01  3.498866898E-02  9.201101440E+04  2.122513556E+02  3.360804243E+02  2.812779436E+02  4.176456785E+02  1.058046151E+00 
       561  1.412543948E-02  2.386075767E-01  3.676435012E-02  8.921900977E+04  2.150675626E+02  3.345000525E+02  2.786369085E+02  4.263774595E+02  1.058589160E+00 
       562  1.753589177E-02  2.380598424E-01  3.855175648E-02  8.837973389E+04  2.158658276E+02  3.341406975E+02  2.780400047E+02  4.269212646E+02  1.057520457E+00 
       563  2.093820079E-02  2.375000001E-01  4.035454522E-02  9.138197607E+04  2.137513475E+02  3.360444613E+02  2.812214689E+02  4.177091351E+02  1.054188885E+00 
       564  2.432947450E-02  2.368878370E-01  4.215773147E-02  1.031928428E+05  2.077544186E+02  3.419209868E+02  2.911776543E+02  3.926103616E+02  1.056897145E+00 
       565  2.770729830E-02  2.361795572E-01  4.394886350E-02  1.232342778E+05  1.996599050E+02  3.499970255E+02  3.050756845E+02  3.524394383E+02  1.063870471E+00 
       566  3.105826597E-02  2.354459967E-01  4.578622705E-02  1.295288336E+05  1.960476601E+02  3.523725796E+02  3.092087359E+02  3.399793596E+02  1.072814566E+00 
       567  3.438758923E-02  2.346372217E-01  4.762879820E-02  1.226519383E+05  1.945266207E+02  3.503785527E+02  3.057219981E+02  3.507832057E+02  1.071339004E+00 
       568  3.771502906E-02  2.337669833E-01  4.947240569E-02  1.178863654E+05  1.989220655E+02  3.487002728E+02  3.027950151E+02  3.592794547E+02  1.056648477E+00 
       569  4.101460083E-02  2.329246351E-01  5.135281935E-02  1.196032600E+05  2.014809799E+02  3.493239474E+02  3.038793826E+02  3.546011219E+02  1.048116546E+00 
       570  4.428347740E-02  2.319960665E-01  5.324515281E-02  1.226769653E+05  2.023296528E+02  3.505747819E+02  3.060589793E+02  3.467678285E+02  1.044182189E+00 
       571  4.749748393E-02  2.310181580E-01  5.520824782E-02  1.235509744E+05  2.038852296E+02  3.510293026E+02  3.068526716E+02  3.460288215E+02  1.038911872E+00 
       572  5.066691057E-02  2.300652086E-01  5.723980181E-02  1.237412865E+05  2.060530358E+02  3.511398144E+02  3.070458113E+02  3.458613030E+02  1.032131684E+00 
       573  5.379140778E-02  2.290521307E-01  5.932353399E-02  1.243100757E+05  2.084834125E+02  3.513581834E+02  3.074279716E+02  3.439320155E+02  1.024237720E+00 
       574  5.683956615E-02  2.279793322E-01  6.149869556E-02  1.248740864E+05  2.119502993E+02  3.514887486E+02  3.076564999E+02  3.419929695E+02  1.012780759E+00 
       575  5.985072913E-02  2.269370111E-01  6.373374277E-02  1.248687998E+05  2.159083834E+02  3.514804039E+02  3.076420059E+02  3.410406590E+02  1.000267245E+00 
       576  6.280959972E-02  2.258492183E-01  6.601505396E-02  1.244219488E+05  2.194276554E+02  3.514424801E+02  3.075756824E+02  3.417894365E+02  9.891569915E-01 
       577  6.573461678E-02  2.247295145E-01  6.832363097E-02  1.239842394E+05  2.229023499E+02  3.513441525E+02  3.074034686E+02  3.433542871E+02  9.785346156E-01 
       578  6.865501872E-02  2.236625994E-01  7.064894084E-02  1.233694401E+05  2.254738990E+02  3.512401878E+02  3.072214490E+02  3.438838152E+02  9.701991188E-01 
       579  7.151541969E-02  2.224865137E-01  7.302188293E-02  1.220086030E+05  2.282851996E+02  3.506186142E+02  3.061355562E+02  3.449775858E+02  9.607261624E-01 
       580  7.433322259E-02  2.213060150E-01  7.543149031E-02  1.213117339E+05  2.281093383E+02  3.503611288E+02  3.056860619E+02  3.456915979E+02  9.598832261E-01 
       581  7.711325138E-02  2.201536844E-01  7.789825066E-02  1.231460095E+05  2.292140644E+02  3.511607200E+02  3.070832329E+02  3.407301746E+02  9.538590779E-01 
       582  7.981655167E-02  2.189959972E-01  8.044372180E-02  1.237040525E+05  2.314481192E+02  3.515173454E+02  3.077077746E+02  3.385552449E+02  9.448312987E-01 
       583  8.242371870E-02  2.177951216E-01  8.306797326E-02  1.233698096E+05  2.327712364E+02  3.514357986E+02  3.075653095E+02  3.383498955E+02  9.391495250E-01 
       584  8.497819178E-02  2.166305248E-01  8.576177505E-02  1.229294574E+05  2.332085213E+02  3.512639264E+02  3.072648536E+02  3.389640646E+02  9.368920065E-01 
       585  8.747465708E-02  2.155008942E-01  8.852176985E-02  1.226006753E+05  2.326471391E+02  3.511658621E+02  3.070934215E+02  3.390627689E+02  9.377654456E-01 
       586  8.983863293E-02  2.143275504E-01  9.137087988E-02  1.224380522E+05  2.317323632E+02  3.511247053E+02  3.070215764E+02  3.385756869E+02  9.396384619E-01 
       587  9.211779941E-02  2.131724912E-01  9.430579148E-02  1.224850273E+05  2.307461416E+02  3.511657115E+02  3.070937795E+02  3.373702200E+02  9.417497325E-01 
       588  9.424446159E-02  2.121023496E-01  9.738772987E-02  1.226718987E+05  2.292012785E+02  3.513003913E+02  3.073304590E+02  3.369575366E+02  9.461610924E-01 
       589  9.610967173E-02  2.111612431E-01  1.006666829E-01  1.228337541E+05  2.264028609E+02  3.514264705E+02  3.075517283E+02  3.367456787E+02  9.541692790E-01 
       590  9.742401869E-02  2.103903297E-01  1.042235364E-01  1.229081036E+05  2.230241109E+02  3.513531612E+02  3.074241613E+02  3.378048657E+02  9.640576125E-01 
       591  9.764724840E-02  2.101688920E-01  1.080985861E-01  1.229170225E+05  2.197582386E+02  3.510497684E+02  3.068929300E+02  3.394980211E+02  9.737179335E-01 
       592  9.763062643E-02  2.101108570E-01  1.119846410E-01  1.227747855E+05  2.194392923E+02  3.507420001E+02  3.063537343E+02  3.401887801E+02  9.746054169E-01 
       593  9.759894170E-02  2.100363093E-01  1.158782398E-01  1.226182881E+05  2.213069850E+02  3.511810374E+02  3.071217804E+02  3.397689979E+02  9.690251546E-01 
       594  9.760335841E-02  2.100041055E-01  1.197683889E-01  1.226066236E+05  2.224511693E+02  3.525147881E+02  3.094614152E+02  3.321584762E+02  9.645288289E-01 
       595  9.760552297E-02  2.099886023E-01  1.236588659E-01  1.226343415E+05  2.233219047E+02  3.542231817E+02  3.124676099E+02  3.156196056E+02  9.616374272E-01 
       596  9.760989540E-02  2.100145164E-01  1.275491461E-01  1.227062670E+05  2.252162835E+02  3.554259456E+02  3.145919699E+02  3.011993366E+02  9.572792917E-01 
       597  9.760550437E-02  2.100148949E-01  1.314412195E-01  1.228994316E+05  2.261131530E+02  3.560586357E+02  3.157143373E+02  3.009854784E+02  9.541730732E-01 
       598  9.762031038E-02  2.101034915E-01  1.353312483E-01  1.230013738E+05  2.270480019E+02  3.560056555E+02  3.156261036E+02  3.095220041E+02  9.497116439E-01 
       599  9.762506170E-02  2.101609083E-01  1.392228176E-01  1.230352943E+05  2.267325943E+02  3.553864199E+02  3.145328988E+02  3.181037566E+02  9.507401595E-01 
       600  9.764671237E-02  2.102092269E-01  1.431110049E-01  1.231347181E+05  2.244848709E+02  3.544375064E+02  3.128557897E+02  3.241583412E+02  9.580347547E-01 
       601  9.766256924E-02  2.102587391E-01  1.469999989E-01  1.232815010E+05  2.220083666E+02  3.538433542E+02  3.115289011E+02  3.278551416E+02  9.659932964E-01 
