nodenumber     x-coordinate     y-coordinate     z-coordinate         pressure velocity-magnitude      sound-speed      temperature rel-velocity-magnitude relative-velocity-angle 
         1 -2.216901913E-02  1.039879580E-01 -4.300600202E-02  8.753298065E+04  1.537316379E+02  3.330652640E+02  2.762496045E+02  2.354430885E+02  8.594618430E-01 
         2 -2.197401757E-02  1.042260031E-01 -4.002397295E-02  8.744901532E+04  1.545864245E+02  3.329877430E+02  2.761209599E+02  2.364173497E+02  8.583710522E-01 
         3 -2.150271627E-02  1.045375264E-01 -3.708169353E-02  8.731287329E+04  1.552361001E+02  3.329144042E+02  2.759993825E+02  2.371884538E+02  8.579188152E-01 
         4 -2.072290556E-02  1.049359494E-01 -3.421635317E-02  8.719944641E+04  1.557145951E+02  3.328739953E+02  2.759324398E+02  2.375977535E+02  8.572440464E-01 
         5 -1.964621854E-02  1.053757771E-01 -3.145501365E-02  8.710895825E+04  1.562777424E+02  3.328358593E+02  2.758692350E+02  2.384453988E+02  8.575224057E-01 
         6 -1.833909717E-02  1.058829391E-01 -2.880182754E-02  8.699522363E+04  1.570311713E+02  3.327690783E+02  2.757585611E+02  2.393035865E+02  8.569694795E-01 
         7 -1.686396899E-02  1.064019756E-01 -2.624136390E-02  8.683176929E+04  1.582844119E+02  3.326404409E+02  2.755453615E+02  2.407451906E+02  8.555096518E-01 
         8 -1.524276490E-02  1.069101094E-01 -2.376908005E-02  8.666348828E+04  1.589638059E+02  3.325706549E+02  2.754297633E+02  2.415693297E+02  8.550907876E-01 
         9 -1.353040875E-02  1.074492491E-01 -2.136449246E-02  8.643398975E+04  1.603136189E+02  3.324252486E+02  2.751889048E+02  2.428960819E+02  8.530573025E-01 
        10 -1.175719847E-02  1.079385502E-01 -1.899452623E-02  8.621633459E+04  1.613148594E+02  3.323373516E+02  2.750434616E+02  2.438845961E+02  8.515758133E-01 
        11 -9.920451205E-03  1.084473482E-01 -1.667649769E-02  8.609341974E+04  1.624899555E+02  3.322820263E+02  2.749519306E+02  2.442139140E+02  8.469642939E-01 
        12 -8.053093039E-03  1.089314126E-01 -1.437870322E-02  8.624536371E+04  1.626754727E+02  3.323917924E+02  2.751335362E+02  2.443320577E+02  8.470943808E-01 
        13 -6.139911673E-03  1.093816015E-01 -1.211111235E-02  8.675057349E+04  1.625687342E+02  3.326166344E+02  2.755060248E+02  2.432026310E+02  8.441332262E-01 
        14 -4.213714023E-03  1.098625599E-01 -9.853315987E-03  8.759284375E+04  1.604386587E+02  3.330594501E+02  2.762401066E+02  2.404932661E+02  8.471398093E-01 
        15 -2.267252226E-03  1.102821410E-01 -7.616721013E-03  8.856155811E+04  1.563131075E+02  3.335871716E+02  2.771162443E+02  2.371615467E+02  8.593296222E-01 
        16 -3.058463972E-04  1.106716081E-01 -5.380345181E-03  8.939633911E+04  1.497107525E+02  3.340181303E+02  2.778328772E+02  2.345387263E+02  8.873749953E-01 
        17  1.649896870E-03  1.110991589E-01 -3.144821902E-03  8.739044580E+04  1.469112463E+02  3.329503527E+02  2.760605979E+02  2.420105538E+02  9.300993616E-01 
        18  3.605378217E-03  1.114680886E-01 -8.997268064E-04  7.593225342E+04  1.737233677E+02  3.265908699E+02  2.656157117E+02  2.859899664E+02  9.503490385E-01 
        19  5.548952344E-03  1.118349081E-01  1.356589372E-03  7.006670911E+04  2.085038980E+02  3.228038020E+02  2.594911263E+02  3.070389509E+02  8.474125708E-01 
        20  7.472030685E-03  1.121892539E-01  3.633809071E-03  7.297032584E+04  2.149071152E+02  3.243969603E+02  2.620640733E+02  2.997559638E+02  7.827329221E-01 
        21  9.366594022E-03  1.125505666E-01  5.932977735E-03  7.656924408E+04  2.085839391E+02  3.269610188E+02  2.662211468E+02  2.838050890E+02  7.531082556E-01 
        22  1.122147558E-02  1.129077905E-01  8.263617067E-03  7.896688342E+04  2.064480980E+02  3.286207201E+02  2.689291847E+02  2.721124853E+02  7.206677208E-01 
        23  1.303284284E-02  1.132507638E-01  1.062953057E-02  8.053901786E+04  2.083836034E+02  3.296057781E+02  2.705436145E+02  2.673826295E+02  6.935138215E-01 
        24  1.479928419E-02  1.136234762E-01  1.303021626E-02  8.174500629E+04  2.139026936E+02  3.301492746E+02  2.714370382E+02  2.659030868E+02  6.609761436E-01 
        25  1.649617427E-02  1.139938279E-01  1.547769530E-02  8.281182391E+04  2.194236102E+02  3.305929213E+02  2.721665289E+02  2.633863354E+02  6.244652732E-01 
        26  1.811807173E-02  1.143837002E-01  1.797032872E-02  8.352699475E+04  2.249337425E+02  3.308601551E+02  2.726056938E+02  2.616503968E+02  5.904167490E-01 
        27  1.968166241E-02  1.148013513E-01  2.049621310E-02  8.360425464E+04  2.317274497E+02  3.308404968E+02  2.725726900E+02  2.623110383E+02  5.584177403E-01 
        28  2.119101764E-02  1.152299366E-01  2.305322148E-02  8.307829968E+04  2.405746568E+02  3.305208954E+02  2.720460036E+02  2.655118818E+02  5.242796356E-01 
        29  2.266338778E-02  1.156643914E-01  2.563116057E-02  8.243403882E+04  2.496213951E+02  3.301488431E+02  2.714340472E+02  2.688467754E+02  4.897062562E-01 
        30  2.408077791E-02  1.161159634E-01  2.823658064E-02  8.188513293E+04  2.574799836E+02  3.299078562E+02  2.710378323E+02  2.707571254E+02  4.568699687E-01 
        31  2.544088325E-02  1.165921105E-01  3.086849856E-02  8.131548743E+04  2.657276778E+02  3.295256157E+02  2.704110012E+02  2.734155445E+02  4.252370670E-01 
        32  2.674433127E-02  1.170738851E-01  3.352942364E-02  8.070950745E+04  2.743102832E+02  3.290705819E+02  2.696652117E+02  2.770687957E+02  3.956606095E-01 
        33  2.797950643E-02  1.175445507E-01  3.622298897E-02  8.014868774E+04  2.820877346E+02  3.287972958E+02  2.692168968E+02  2.800409163E+02  3.675818928E-01 
        34  2.916313541E-02  1.180056499E-01  3.893937175E-02  7.984115332E+04  2.884494603E+02  3.288232039E+02  2.692583466E+02  2.810769099E+02  3.394503520E-01 
        35  3.031249539E-02  1.184785399E-01  4.167042727E-02  7.995933624E+04  2.947487946E+02  3.288626490E+02  2.693225389E+02  2.820022759E+02  3.113801117E-01 
        36  3.139929926E-02  1.189405785E-01  4.442941843E-02  8.022005161E+04  3.007828757E+02  3.289868808E+02  2.695264869E+02  2.824891354E+02  2.832286853E-01 
        37  3.242013936E-02  1.193808800E-01  4.721660669E-02  8.079697461E+04  3.057928925E+02  3.294070651E+02  2.702154634E+02  2.813108081E+02  2.536561678E-01 
        38  3.340677803E-02  1.198011670E-01  5.002067675E-02  8.216541760E+04  3.086226372E+02  3.302372273E+02  2.715799129E+02  2.774302944E+02  2.246319888E-01 
        39  3.430413654E-02  1.201853153E-01  5.285529857E-02  8.393753125E+04  3.098764219E+02  3.313083992E+02  2.733453798E+02  2.720485516E+02  1.979727354E-01 
        40  3.515433510E-02  1.205874318E-01  5.570324370E-02  8.610395459E+04  3.097332859E+02  3.325759010E+02  2.754413261E+02  2.654556656E+02  1.741106072E-01 
        41  3.592907297E-02  1.209644065E-01  5.857535950E-02  8.852613501E+04  3.082225304E+02  3.339255581E+02  2.776814427E+02  2.581378074E+02  1.550111007E-01 
        42  3.664355424E-02  1.213334730E-01  6.146049591E-02  9.097775928E+04  3.057724071E+02  3.351143541E+02  2.796613951E+02  2.512208796E+02  1.431108199E-01 
        43  3.727845098E-02  1.217084379E-01  6.437276718E-02  9.315594946E+04  3.026630507E+02  3.360600042E+02  2.812410583E+02  2.449781570E+02  1.381750968E-01 
        44  3.781448665E-02  1.220744111E-01  6.730672953E-02  9.481378760E+04  2.992844076E+02  3.367979708E+02  2.824770517E+02  2.401781468E+02  1.413169242E-01 
        45  3.826762164E-02  1.224563704E-01  7.025293559E-02  9.590558331E+04  2.960355113E+02  3.373704326E+02  2.834378343E+02  2.368071178E+02  1.499988206E-01 
        46  3.856443464E-02  1.228195695E-01  7.317567491E-02  9.650301953E+04  2.936093445E+02  3.377307892E+02  2.840436325E+02  2.344604797E+02  1.578919515E-01 
        47  3.882754171E-02  1.231963568E-01  7.616928387E-02  9.669557669E+04  2.915571252E+02  3.381908140E+02  2.848198394E+02  2.318848367E+02  1.633624340E-01 
        48  3.896508106E-02  1.235573809E-01  7.913505459E-02  9.662167578E+04  2.861992149E+02  3.393691254E+02  2.868234596E+02  2.233824692E+02  1.694761850E-01 
        49  3.903512947E-02  1.239238609E-01  8.213137167E-02  9.655530298E+04  2.744089546E+02  3.417304730E+02  2.908589087E+02  2.026649787E+02  1.824597856E-01 
        50  3.900153017E-02  1.243001337E-01  8.510504302E-02  9.644773434E+04  2.552246810E+02  3.455681908E+02  2.974376701E+02  1.663143527E+02  1.952877687E-01 
        51  3.889299026E-02  1.246700891E-01  8.806950082E-02  9.643983014E+04  2.398217435E+02  3.492829812E+02  3.038491890E+02  1.193690495E+02  1.533048924E-01 
        52  3.870303970E-02  1.250405990E-01  9.105247242E-02  9.650582593E+04  2.330828524E+02  3.521542463E+02  3.088361478E+02  7.805333078E+01  2.069692797E-02 
        53  3.847530202E-02  1.253810613E-01  9.402032493E-02  9.730355603E+04  2.349271462E+02  3.534414763E+02  3.110910048E+02  4.564631332E+01 -4.588767155E-01 
        54  3.809583015E-02  1.257752167E-01  9.695318516E-02  9.724472461E+04  2.276898956E+02  3.534420738E+02  3.110886955E+02  4.005128813E+01 -4.814914020E-01 
        55  3.767199372E-02  1.261489404E-01  9.992435767E-02  9.771642920E+04  2.368686290E+02  3.525445642E+02  3.095096331E+02  4.826343501E+01 -1.518825745E+00 
        56  3.723780727E-02  1.265196365E-01  1.028569506E-01  1.003161074E+05  2.470158075E+02  3.524766264E+02  3.093896840E+02  5.843859115E+01 -1.427435817E+00 
        57  3.672955052E-02  1.269046997E-01  1.057947981E-01  1.023451458E+05  2.491864901E+02  3.515910091E+02  3.078374763E+02  1.002384038E+02 -2.352341573E-01 
        58  3.615520807E-02  1.273091289E-01  1.087154776E-01  1.031383054E+05  2.424868770E+02  3.492984390E+02  3.038401670E+02  1.500626783E+02  2.047787621E-01 
        59  3.556812424E-02  1.277144368E-01  1.116309472E-01  1.042411257E+05  2.474121900E+02  3.455410392E+02  2.973401790E+02  1.857014288E+02  2.874908103E-01 
        60  3.495651588E-02  1.281329458E-01  1.145394580E-01  1.057728811E+05  2.557058353E+02  3.430256357E+02  2.930224962E+02  1.994809637E+02  2.792963707E-01 
        61  3.433795015E-02  1.285471243E-01  1.174457346E-01  1.072072759E+05  2.580725565E+02  3.425874524E+02  2.922719846E+02  1.968199809E+02  2.565653205E-01 
        62  3.376061330E-02  1.289460490E-01  1.203607660E-01  1.080876276E+05  2.581782553E+02  3.431036584E+02  2.931527812E+02  1.904133682E+02  2.346835248E-01 
        63  3.331803132E-02  1.293309423E-01  1.232882868E-01  1.083749938E+05  2.633208707E+02  3.432488099E+02  2.934007313E+02  1.910860247E+02  2.060481216E-01 
        64  3.310586596E-02  1.296649637E-01  1.262581306E-01  1.082662869E+05  2.683980820E+02  3.433196924E+02  2.935220037E+02  1.962026650E+02  1.941394233E-01 
        65  3.306639982E-02  1.299493947E-01  1.292495641E-01  1.080734978E+05  2.720427116E+02  3.431896774E+02  2.932997677E+02  2.011932619E+02  1.912576837E-01 
        66  3.322486525E-02  1.302097713E-01  1.322380794E-01  1.079048561E+05  2.735056747E+02  3.430235890E+02  2.930162164E+02  2.019771394E+02  1.872585107E-01 
        67  3.356462385E-02  1.304573038E-01  1.352130229E-01  1.077095703E+05  2.744585007E+02  3.427955757E+02  2.926268312E+02  2.027928268E+02  1.867191155E-01 
        68  3.400410102E-02  1.306751199E-01  1.381765647E-01  1.075490688E+05  2.744952409E+02  3.427314868E+02  2.925174284E+02  2.036810346E+02  1.917690646E-01 
        69  3.451963359E-02  1.308741206E-01  1.411278790E-01  1.072668234E+05  2.756090975E+02  3.425725279E+02  2.922460070E+02  2.044525859E+02  1.899234198E-01 
        70  3.508991352E-02  1.310576265E-01  1.440660380E-01  1.068618214E+05  2.762167525E+02  3.425389252E+02  2.921887259E+02  2.054322026E+02  1.920399235E-01 
        71  3.570211579E-02  1.312503676E-01  1.470000000E-01  1.063018828E+05  2.778289642E+02  3.423533707E+02  2.918690720E+02  2.076673145E+02  1.922998950E-01 
        72 -2.843361623E-02  1.708417341E-01 -4.258217492E-02  8.216236450E+04  1.832487078E+02  3.300672121E+02  2.712987471E+02  3.437416201E+02  1.008573838E+00 
        73 -2.838826984E-02  1.709653765E-01 -3.916427879E-02  8.213146454E+04  1.839838552E+02  3.299858847E+02  2.711652863E+02  3.446928372E+02  1.007912273E+00 
        74 -2.835908450E-02  1.711140563E-01 -3.574649433E-02  8.227641730E+04  1.835760471E+02  3.301373887E+02  2.714143333E+02  3.431751552E+02  1.006611582E+00 
        75 -2.838361088E-02  1.712589164E-01 -3.232950605E-02  8.266741357E+04  1.846280165E+02  3.302111702E+02  2.715360174E+02  3.448239470E+02  1.006529689E+00 
        76 -2.841360827E-02  1.714319125E-01 -2.891476756E-02  8.310331824E+04  1.823903284E+02  3.306545615E+02  2.722658067E+02  3.403596644E+02  1.006387010E+00 
        77 -2.833774301E-02  1.716334782E-01 -2.549995819E-02  8.364080338E+04  1.813081563E+02  3.309612865E+02  2.727710731E+02  3.389888093E+02  1.007375961E+00 
        78 -2.791452343E-02  1.719215161E-01 -2.212016887E-02  8.401100195E+04  1.816954660E+02  3.310209026E+02  2.728690720E+02  3.405069561E+02  1.008533459E+00 
        79 -2.700703325E-02  1.722886754E-01 -1.884820631E-02  8.403415381E+04  1.810958476E+02  3.309914570E+02  2.728206024E+02  3.418080282E+02  1.012859397E+00 
        80 -2.544395246E-02  1.727209334E-01 -1.584518523E-02  8.324222406E+04  1.805471305E+02  3.306947298E+02  2.723315306E+02  3.411378837E+02  1.013459769E+00 
        81 -2.351536464E-02  1.732363399E-01 -1.306823492E-02  8.144466612E+04  1.849895945E+02  3.296046059E+02  2.705400970E+02  3.476224152E+02  1.010119141E+00 
        82 -2.134527601E-02  1.737374909E-01 -1.047435973E-02  7.888858945E+04  1.906231928E+02  3.281016457E+02  2.680796685E+02  3.559421216E+02  1.006851996E+00 
        83 -1.897326710E-02  1.742189522E-01 -8.035177519E-03  7.617392245E+04  1.974291798E+02  3.265582992E+02  2.655636734E+02  3.630826082E+02  9.977813596E-01 
        84 -1.652827274E-02  1.746780172E-01 -5.688541800E-03  7.415227124E+04  2.043517444E+02  3.251666412E+02  2.633056445E+02  3.700016451E+02  9.885036144E-01 
        85 -1.397929867E-02  1.751251779E-01 -3.446989688E-03  7.306601880E+04  2.086808739E+02  3.245891666E+02  2.623705316E+02  3.722899308E+02  9.780267533E-01 
        86 -1.139011487E-02  1.755573757E-01 -1.256774906E-03  7.359604077E+04  2.098061793E+02  3.248782749E+02  2.628391972E+02  3.706837168E+02  9.708781838E-01 
        87 -8.734274343E-03  1.759085237E-01  8.667805443E-04  7.795324109E+04  2.053856611E+02  3.275080905E+02  2.671202555E+02  3.598290124E+02  9.651266383E-01 
        88 -6.073383534E-03  1.762548475E-01  2.984781313E-03  8.796757605E+04  1.911934845E+02  3.332187200E+02  2.765156957E+02  3.326682985E+02  9.665291891E-01 
        89 -3.359730182E-03  1.765819110E-01  5.053045394E-03  9.763452930E+04  1.779818139E+02  3.378760669E+02  2.842904994E+02  3.065591850E+02  9.771169960E-01 
        90 -6.741955509E-04  1.768270807E-01  7.130208361E-03  9.755508111E+04  1.666918913E+02  3.381234419E+02  2.847066705E+02  3.101682931E+02  1.020072442E+00 
        91  2.027043660E-03  1.770783858E-01  9.208570588E-03  7.932338473E+04  1.949217999E+02  3.279825862E+02  2.678892147E+02  3.601395402E+02  1.000366900E+00 
        92  4.731686997E-03  1.772422585E-01  1.127155269E-02  7.434138763E+04  2.089199121E+02  3.253573999E+02  2.636149425E+02  3.731832437E+02  9.785999932E-01 
        93  7.454465044E-03  1.773874983E-01  1.334309669E-02  7.412164877E+04  2.072961398E+02  3.251200391E+02  2.632313486E+02  3.704940166E+02  9.786218966E-01 
        94  1.015989937E-02  1.775222933E-01  1.545596277E-02  7.097183530E+04  2.168140961E+02  3.231599322E+02  2.600704754E+02  3.812455987E+02  9.690460219E-01 
        95  1.284858280E-02  1.775661421E-01  1.756817794E-02  6.723097495E+04  2.280331903E+02  3.207625153E+02  2.562284740E+02  3.928186870E+02  9.561090386E-01 
        96  1.551966693E-02  1.776138061E-01  1.970369132E-02  6.413339301E+04  2.394337807E+02  3.182823758E+02  2.522842057E+02  4.035261884E+02  9.415885089E-01 
        97  1.817410325E-02  1.776258069E-01  2.186017323E-02  6.160166968E+04  2.467587492E+02  3.166761584E+02  2.497392669E+02  4.089877481E+02  9.291538540E-01 
        98  2.080993586E-02  1.775631240E-01  2.403936301E-02  5.978057312E+04  2.542316885E+02  3.154121966E+02  2.477517734E+02  4.146921253E+02  9.178745318E-01 
        99  2.341570779E-02  1.774969016E-01  2.625394818E-02  5.931344373E+04  2.596852021E+02  3.150479822E+02  2.471851115E+02  4.183719110E+02  9.084183406E-01 
       100  2.600295182E-02  1.773818036E-01  2.848806157E-02  6.099997021E+04  2.599240780E+02  3.166116638E+02  2.496536951E+02  4.122367573E+02  8.933149986E-01 
       101  2.856627515E-02  1.771883875E-01  3.074502562E-02  6.629439233E+04  2.559562130E+02  3.203699389E+02  2.556582384E+02  3.965834875E+02  8.726572320E-01 
       102  3.110662233E-02  1.769811535E-01  3.302644514E-02  7.469246021E+04  2.463357639E+02  3.259761629E+02  2.646960382E+02  3.703045645E+02  8.512838688E-01 
       103  3.362247542E-02  1.767159818E-01  3.532849163E-02  8.153353345E+04  2.412703876E+02  3.301234312E+02  2.714143353E+02  3.497018824E+02  8.275771849E-01 
       104  3.610895472E-02  1.763647845E-01  3.765120331E-02  8.279598523E+04  2.459330792E+02  3.306767592E+02  2.723072691E+02  3.484379678E+02  8.092315895E-01 
       105  3.856497337E-02  1.759966372E-01  4.000321012E-02  8.026374603E+04  2.550126528E+02  3.292368383E+02  2.699420097E+02  3.559700100E+02  7.925071642E-01 
       106  4.103059304E-02  1.755360248E-01  4.234569910E-02  7.799405437E+04  2.649108843E+02  3.277118684E+02  2.674430376E+02  3.640323138E+02  7.738575940E-01 
       107  4.340106546E-02  1.750377176E-01  4.474435622E-02  7.841912650E+04  2.682307742E+02  3.280855117E+02  2.680540648E+02  3.636795843E+02  7.617739732E-01 
       108  4.575540032E-02  1.745445103E-01  4.717695363E-02  8.197778271E+04  2.669678628E+02  3.303188453E+02  2.717235231E+02  3.530307012E+02  7.462005867E-01 
       109  4.807037784E-02  1.739953488E-01  4.963532790E-02  8.833600464E+04  2.626221724E+02  3.338298092E+02  2.775357704E+02  3.357947187E+02  7.301333882E-01 
       110  5.034733117E-02  1.734133857E-01  5.212084081E-02  9.513901611E+04  2.587209034E+02  3.372121716E+02  2.831808453E+02  3.173666420E+02  7.126360573E-01 
       111  5.258765486E-02  1.728405975E-01  5.464144749E-02  9.969953467E+04  2.575383244E+02  3.394266644E+02  2.869060364E+02  3.047886219E+02  6.967347525E-01 
       112  5.479076840E-02  1.722430532E-01  5.718902978E-02  1.024755952E+05  2.574727707E+02  3.408228073E+02  2.892697334E+02  2.987203579E+02  6.875781175E-01 
       113  5.694737683E-02  1.716020731E-01  5.976586917E-02  1.054276800E+05  2.564721150E+02  3.423224497E+02  2.918216367E+02  2.905802040E+02  6.794764143E-01 
       114  5.911848447E-02  1.709340834E-01  6.233872565E-02  1.089037859E+05  2.557183229E+02  3.439214994E+02  2.945525465E+02  2.811553812E+02  6.690218399E-01 
       115  6.119351897E-02  1.703313828E-01  6.496775561E-02  1.117428032E+05  2.552804980E+02  3.451555910E+02  2.966707931E+02  2.739327736E+02  6.614082381E-01 
       116  6.319798910E-02  1.696485115E-01  6.765543605E-02  1.138367131E+05  2.542168598E+02  3.460553050E+02  2.982188663E+02  2.694810886E+02  6.596065089E-01 
       117  6.520189851E-02  1.689621155E-01  7.034628384E-02  1.156756729E+05  2.534005375E+02  3.467439642E+02  2.994069052E+02  2.656808958E+02  6.582444776E-01 
       118  6.717992039E-02  1.682884043E-01  7.305807409E-02  1.171840884E+05  2.525210762E+02  3.472900982E+02  3.003506088E+02  2.604137440E+02  6.559018735E-01 
       119  6.910755662E-02  1.675987334E-01  7.579818779E-02  1.184755394E+05  2.498618715E+02  3.479293389E+02  3.014572666E+02  2.563542171E+02  6.623997013E-01 
       120  7.101404689E-02  1.668389198E-01  7.852135391E-02  1.194923151E+05  2.463376873E+02  3.484967985E+02  3.024412484E+02  2.541896055E+02  6.744768941E-01 
       121  7.286652020E-02  1.661304029E-01  8.130170181E-02  1.196044863E+05  2.452965888E+02  3.484909881E+02  3.024312356E+02  2.547519769E+02  6.794418913E-01 
       122  7.473378469E-02  1.653966549E-01  8.408122010E-02  1.196188931E+05  2.434384022E+02  3.487002068E+02  3.027949009E+02  2.550816536E+02  6.874487139E-01 
       123  7.654776682E-02  1.646234676E-01  8.688218818E-02  1.195689395E+05  2.434952788E+02  3.487704363E+02  3.029169607E+02  2.543243752E+02  6.867406350E-01 
       124  7.830115451E-02  1.638494494E-01  8.971806956E-02  1.194208711E+05  2.427735977E+02  3.489260025E+02  3.031881981E+02  2.526748600E+02  6.884072684E-01 
       125  8.003223315E-02  1.630890187E-01  9.257063461E-02  1.192197632E+05  2.407843547E+02  3.493131475E+02  3.038648915E+02  2.517195764E+02  6.963098049E-01 
       126  8.174167210E-02  1.623344685E-01  9.543869445E-02  1.189688816E+05  2.389314926E+02  3.498824701E+02  3.048605983E+02  2.503428349E+02  7.036212366E-01 
       127  8.339566060E-02  1.615413001E-01  9.829620033E-02  1.187336252E+05  2.388331757E+02  3.503567849E+02  3.056902805E+02  2.477108790E+02  7.028165292E-01 
       128  8.500809507E-02  1.607572746E-01  1.012133408E-01  1.186176315E+05  2.392900546E+02  3.506082759E+02  3.061292875E+02  2.422699400E+02  6.976820878E-01 
       129  8.654116005E-02  1.600133249E-01  1.041766726E-01  1.186767803E+05  2.366436356E+02  3.513782729E+02  3.074746413E+02  2.347291541E+02  7.058427928E-01 
       130  8.807530659E-02  1.592883350E-01  1.071513815E-01  1.186309509E+05  2.326295590E+02  3.524781008E+02  3.094011669E+02  2.266585665E+02  7.214754410E-01 
       131  8.946870181E-02  1.585918917E-01  1.101955952E-01  1.184387995E+05  2.290724492E+02  3.534334666E+02  3.110774337E+02  2.182477529E+02  7.347481879E-01 
       132  9.078169785E-02  1.579398834E-01  1.132895212E-01  1.183366667E+05  2.313037459E+02  3.533245409E+02  3.108825970E+02  2.105419856E+02  7.219981444E-01 
       133  9.193376095E-02  1.573753789E-01  1.164622823E-01  1.184492122E+05  2.318612618E+02  3.530316048E+02  3.103650515E+02  2.080235503E+02  7.178163975E-01 
       134  9.287851211E-02  1.569754829E-01  1.197270904E-01  1.184567998E+05  2.275442273E+02  3.524527123E+02  3.093502764E+02  2.192927195E+02  7.399257559E-01 
       135  9.346963790E-02  1.567893278E-01  1.230899614E-01  1.185006396E+05  2.292957029E+02  3.507636367E+02  3.063978963E+02  2.379636035E+02  7.419287667E-01 
       136  9.376445592E-02  1.568076376E-01  1.265149706E-01  1.185271078E+05  2.375562100E+02  3.487895136E+02  3.029553022E+02  2.546554756E+02  7.176235020E-01 
       137  9.391306034E-02  1.569225935E-01  1.299303306E-01  1.183188174E+05  2.421296844E+02  3.477681446E+02  3.011792469E+02  2.602872219E+02  7.037416548E-01 
       138  9.402896493E-02  1.570765633E-01  1.333445553E-01  1.181349380E+05  2.423636427E+02  3.476012659E+02  3.008893499E+02  2.595242062E+02  7.028193306E-01 
       139  9.417960043E-02  1.572174564E-01  1.367593072E-01  1.180452273E+05  2.427640610E+02  3.476044674E+02  3.008947954E+02  2.604312892E+02  7.027899958E-01 
       140  9.437397158E-02  1.573466446E-01  1.401725853E-01  1.179534988E+05  2.432020690E+02  3.477063293E+02  3.010710082E+02  2.616475782E+02  7.029057043E-01 
       141  9.455826038E-02  1.574868932E-01  1.435861248E-01  1.178654842E+05  2.434452919E+02  3.478905532E+02  3.013897882E+02  2.620496252E+02  7.030561876E-01 
       142  9.468914447E-02  1.576724412E-01  1.470000022E-01  1.178147959E+05  2.437343493E+02  3.479717178E+02  3.015423908E+02  2.623894730E+02  7.031529434E-01 
       143 -2.515044289E-02  2.387134140E-01 -4.211006034E-02  8.298843935E+04  1.814231313E+02  3.305376722E+02  2.720728391E+02  4.413526988E+02  1.147241753E+00 
       144 -2.515073613E-02  2.387267259E-01 -3.821832766E-02  8.433585273E+04  1.785585744E+02  3.312419329E+02  2.732343312E+02  4.392107860E+02  1.152313346E+00 
       145 -2.514274647E-02  2.387409373E-01 -3.433018188E-02  8.582711549E+04  1.751678709E+02  3.320338345E+02  2.745421734E+02  4.348313612E+02  1.157001792E+00 
       146 -2.514933814E-02  2.387615668E-01 -3.043885368E-02  8.618549590E+04  1.735047095E+02  3.322905135E+02  2.749669753E+02  4.344572920E+02  1.161053174E+00 
       147 -2.514205174E-02  2.387863737E-01 -2.655197175E-02  8.504285132E+04  1.776245708E+02  3.315680387E+02  2.737727393E+02  4.379440433E+02  1.154186914E+00 
       148 -2.514801404E-02  2.388163633E-01 -2.268742808E-02  8.295220689E+04  1.822393273E+02  3.304363128E+02  2.719064586E+02  4.396751805E+02  1.144475646E+00 
       149 -2.514603624E-02  2.387984711E-01 -1.877579094E-02  8.051482813E+04  1.876790562E+02  3.292008667E+02  2.698772964E+02  4.468844872E+02  1.138149679E+00 
       150 -2.513833525E-02  2.388756875E-01 -1.487946342E-02  7.905534687E+04  1.928643854E+02  3.282404205E+02  2.683043792E+02  4.508710247E+02  1.129612920E+00 
       151 -2.514495058E-02  2.389300222E-01 -1.098752945E-02  7.914564572E+04  1.905722456E+02  3.284590828E+02  2.686621112E+02  4.488936205E+02  1.133052189E+00 
       152 -2.501801490E-02  2.389948317E-01 -7.101428526E-03  8.110447400E+04  1.868775947E+02  3.293577440E+02  2.701351417E+02  4.458294228E+02  1.138832726E+00 
       153 -2.403359079E-02  2.391541778E-01 -3.362202731E-03  8.576896024E+04  1.740321592E+02  3.319896244E+02  2.744707806E+02  4.354863534E+02  1.160582739E+00 
       154 -2.203079393E-02  2.393877231E-01 -4.501692070E-05  8.938132227E+04  1.649613944E+02  3.340096227E+02  2.778197793E+02  4.281827364E+02  1.176175439E+00 
       155 -1.942355624E-02  2.396357170E-01  2.825132604E-03  8.676618692E+04  1.715964929E+02  3.326062713E+02  2.754929633E+02  4.325337197E+02  1.163531509E+00 
       156 -1.648721574E-02  2.398964014E-01  5.342831758E-03  8.200412360E+04  1.848221021E+02  3.298202643E+02  2.708948126E+02  4.464604874E+02  1.144319017E+00 
       157 -1.330897545E-02  2.400801911E-01  7.594698846E-03  8.030031152E+04  1.885285447E+02  3.287778621E+02  2.691841679E+02  4.467167716E+02  1.135300508E+00 
       158 -1.004552185E-02  2.402353079E-01  9.709455816E-03  8.065399597E+04  1.850972176E+02  3.291004553E+02  2.697134066E+02  4.486706963E+02  1.146140689E+00 
       159 -6.714656287E-03  2.403804415E-01  1.171394437E-02  8.076146672E+04  1.852601824E+02  3.289832407E+02  2.695218669E+02  4.442766036E+02  1.141667399E+00 
       160 -3.322138608E-03  2.404066774E-01  1.362735999E-02  7.993332916E+04  1.856665701E+02  3.286951945E+02  2.690502861E+02  4.485870228E+02  1.145979911E+00 
       161  9.783589121E-05  2.404201762E-01  1.547870720E-02  7.975094983E+04  1.841978109E+02  3.286931720E+02  2.690482068E+02  4.463339124E+02  1.147935800E+00 
       162  3.534439975E-03  2.403949673E-01  1.730379042E-02  8.244790332E+04  1.826977425E+02  3.298819523E+02  2.710154896E+02  4.423754787E+02  1.149081204E+00 
       163  6.969024296E-03  2.402279751E-01  1.908412837E-02  9.121169110E+04  1.551008822E+02  3.352510545E+02  2.799220161E+02  4.208196764E+02  1.200024959E+00 
       164  1.043411823E-02  2.400800089E-01  2.085152946E-02  7.897392451E+04  1.892423567E+02  3.287856996E+02  2.692025709E+02  4.451993845E+02  1.136549540E+00 
       165  1.388371434E-02  2.398652026E-01  2.263181169E-02  7.932882629E+04  1.845100844E+02  3.290371442E+02  2.696110775E+02  4.441698084E+02  1.146617422E+00 
       166  1.734145131E-02  2.394992745E-01  2.440657916E-02  7.912607458E+04  1.890512705E+02  3.285527048E+02  2.688182459E+02  4.507619042E+02  1.141636210E+00 
       167  2.080043859E-02  2.391294908E-01  2.615375350E-02  7.900022206E+04  1.888627215E+02  3.287613600E+02  2.691584634E+02  4.468496853E+02  1.138370677E+00 
       168  2.424052770E-02  2.387186889E-01  2.792040504E-02  7.892737854E+04  1.888313382E+02  3.288758769E+02  2.693458157E+02  4.427005191E+02  1.134886223E+00 
       169  2.766624902E-02  2.381908713E-01  2.968394578E-02  7.862884143E+04  1.921332605E+02  3.286097779E+02  2.689100413E+02  4.471599574E+02  1.131241607E+00 
       170  3.108229850E-02  2.375970478E-01  3.144655572E-02  7.834439008E+04  1.954147451E+02  3.284507108E+02  2.686492522E+02  4.465259607E+02  1.122649455E+00 
       171  3.449726266E-02  2.369314331E-01  3.319569832E-02  7.833563971E+04  1.957439694E+02  3.287256567E+02  2.691003158E+02  4.411853287E+02  1.117029735E+00 
       172  3.787267708E-02  2.362004853E-01  3.498142333E-02  7.878138110E+04  1.979689300E+02  3.288955259E+02  2.693806005E+02  4.424307737E+02  1.114770761E+00 
       173  4.123744789E-02  2.354271843E-01  3.677379579E-02  7.914656433E+04  2.016292148E+02  3.289152160E+02  2.694137278E+02  4.433617039E+02  1.109226689E+00 
       174  4.456263149E-02  2.345133553E-01  3.856958315E-02  7.866469496E+04  2.045478007E+02  3.286389866E+02  2.689607510E+02  4.419705610E+02  1.103547423E+00 
       175  4.789152860E-02  2.335402793E-01  4.034492433E-02  7.713756586E+04  2.099328517E+02  3.276096114E+02  2.672806293E+02  4.451067624E+02  1.093936648E+00 
       176  5.119514426E-02  2.325727211E-01  4.215365701E-02  7.520873110E+04  2.138592834E+02  3.267087669E+02  2.658112354E+02  4.486612000E+02  1.088349554E+00 
       177  5.444737908E-02  2.314873556E-01  4.396264389E-02  7.326590263E+04  2.193375091E+02  3.255286738E+02  2.638927771E+02  4.547593243E+02  1.081651827E+00 
       178  5.771043354E-02  2.303389779E-01  4.576361213E-02  7.117093765E+04  2.240406631E+02  3.244292942E+02  2.621158217E+02  4.537955987E+02  1.070684146E+00 
       179  6.093363739E-02  2.292015055E-01  4.761570799E-02  6.858864636E+04  2.337653413E+02  3.225363379E+02  2.590672593E+02  4.616113682E+02  1.056875717E+00 
       180  6.411569228E-02  2.279427553E-01  4.946832252E-02  6.683952222E+04  2.453263311E+02  3.214723911E+02  2.573610029E+02  4.641085129E+02  1.029986572E+00 
       181  6.728438578E-02  2.267057043E-01  5.135068917E-02  6.945840820E+04  2.574422021E+02  3.235592756E+02  2.607252011E+02  4.597052202E+02  9.919849224E-01 
       182  7.045491472E-02  2.254566135E-01  5.324396322E-02  8.106457410E+04  2.668619151E+02  3.299761410E+02  2.712150064E+02  4.403646994E+02  9.429853167E-01 
       183  7.352398986E-02  2.240979077E-01  5.520813549E-02  9.658075488E+04  2.516023293E+02  3.379920239E+02  2.845273919E+02  4.031286879E+02  9.436549041E-01 
       184  7.654294831E-02  2.227589545E-01  5.724026033E-02  1.043233634E+05  2.408665482E+02  3.413702773E+02  2.902018920E+02  3.923808442E+02  9.604829951E-01 
       185  7.954929441E-02  2.214414527E-01  5.933596166E-02  1.084806514E+05  2.423790402E+02  3.443183002E+02  2.952445579E+02  3.802741404E+02  9.451204799E-01 
       186  8.244157493E-02  2.200232159E-01  6.149679439E-02  1.244351895E+05  2.416604156E+02  3.508433380E+02  3.065378265E+02  3.431625748E+02  9.264670014E-01 
       187  8.531452000E-02  2.186177542E-01  6.372436707E-02  1.189910888E+05  2.463763888E+02  3.478284585E+02  3.012866635E+02  3.577843888E+02  9.162885072E-01 
       188  8.816039266E-02  2.172472440E-01  6.601424901E-02  1.212989341E+05  2.320081983E+02  3.501520147E+02  3.053214831E+02  3.485076876E+02  9.512043837E-01 
       189  9.092008057E-02  2.157826082E-01  6.831794754E-02  1.216325671E+05  2.273511437E+02  3.499042259E+02  3.048914892E+02  3.484792124E+02  9.634084107E-01 
       190  9.367581728E-02  2.143255962E-01  7.064980943E-02  1.218195616E+05  2.246126287E+02  3.496633174E+02  3.044696594E+02  3.485213658E+02  9.700935940E-01 
       191  9.641114101E-02  2.128789625E-01  7.302159977E-02  1.222305776E+05  2.204670992E+02  3.500477126E+02  3.051397390E+02  3.447309067E+02  9.799024542E-01 
       192  9.907895187E-02  2.114028516E-01  7.542603674E-02  1.224585609E+05  2.179650025E+02  3.504209933E+02  3.057908525E+02  3.453560295E+02  9.871188235E-01 
       193  1.016896232E-01  2.099003163E-01  7.789626121E-02  1.225767168E+05  2.220930681E+02  3.503504634E+02  3.056691792E+02  3.455878921E+02  9.744631816E-01 
       194  1.042573666E-01  2.084682280E-01  8.044071344E-02  1.225986013E+05  2.227388283E+02  3.506585474E+02  3.062058144E+02  3.437553928E+02  9.716279237E-01 
       195  1.067132028E-01  2.069758083E-01  8.306726980E-02  1.225892759E+05  2.223070822E+02  3.512614681E+02  3.072630779E+02  3.424016100E+02  9.712811963E-01 
       196  1.091091693E-01  2.055182938E-01  8.576040538E-02  1.227340472E+05  2.233631542E+02  3.522573264E+02  3.090120443E+02  3.387246752E+02  9.670781682E-01 
       197  1.114533399E-01  2.040960959E-01  8.851719904E-02  1.227787806E+05  2.233570733E+02  3.540108427E+02  3.121021342E+02  3.328403618E+02  9.658388932E-01 
       198  1.136946430E-01  2.026973542E-01  9.137514269E-02  1.226539132E+05  2.249708722E+02  3.555618102E+02  3.148441612E+02  3.228133951E+02  9.598632814E-01 
       199  1.158224243E-01  2.012857480E-01  9.431046231E-02  1.225484507E+05  2.270024835E+02  3.569657604E+02  3.173311190E+02  3.084600974E+02  9.548287683E-01 
       200  1.177983438E-01  1.999614296E-01  9.738734661E-02  1.224208748E+05  2.294096431E+02  3.581093253E+02  3.193601602E+02  2.931491292E+02  9.510001817E-01 
       201  1.195376812E-01  1.988013159E-01  1.006637087E-01  1.223020391E+05  2.327008791E+02  3.582089447E+02  3.195360164E+02  2.831424340E+02  9.431157953E-01 
       202  1.207748534E-01  1.979244993E-01  1.042263433E-01  1.220188933E+05  2.346194055E+02  3.569351583E+02  3.172731988E+02  2.927608752E+02  9.344701236E-01 
       203  1.209766187E-01  1.976967879E-01  1.080979692E-01  1.221103588E+05  2.336268400E+02  3.543030983E+02  3.126155441E+02  3.256219782E+02  9.344163302E-01 
       204  1.209415894E-01  1.976147862E-01  1.119887176E-01  1.223964370E+05  2.290669997E+02  3.520928322E+02  3.087229981E+02  3.354184086E+02  9.463080310E-01 
       205  1.209136670E-01  1.975679793E-01  1.158784497E-01  1.225415054E+05  2.249871834E+02  3.511027617E+02  3.069839002E+02  3.406915870E+02  9.584516882E-01 
       206  1.209140530E-01  1.975343277E-01  1.197687765E-01  1.226086505E+05  2.213051555E+02  3.510686966E+02  3.069237419E+02  3.409858714E+02  9.692273748E-01 
       207  1.209033119E-01  1.974945510E-01  1.236620610E-01  1.226065558E+05  2.201473402E+02  3.513666973E+02  3.074463843E+02  3.353330632E+02  9.715489885E-01 
       208  1.208998844E-01  1.975608583E-01  1.275528569E-01  1.225082890E+05  2.210610573E+02  3.519133135E+02  3.084103500E+02  3.374650957E+02  9.703990860E-01 
       209  1.209086196E-01  1.975927695E-01  1.314428594E-01  1.225272294E+05  2.205101056E+02  3.526809568E+02  3.097606827E+02  3.362527280E+02  9.719801559E-01 
       210  1.209261261E-01  1.976437754E-01  1.353324952E-01  1.225567141E+05  2.222587966E+02  3.531499895E+02  3.105865034E+02  3.305986764E+02  9.663221575E-01 
       211  1.209477387E-01  1.976921952E-01  1.392217013E-01  1.225211628E+05  2.211658791E+02  3.538034940E+02  3.117366600E+02  3.223853296E+02  9.705108404E-01 
       212  1.209659901E-01  1.977439656E-01  1.431109690E-01  1.227812014E+05  2.190056741E+02  3.547910133E+02  3.134630005E+02  3.086176381E+02  9.780033922E-01 
       213  1.210017723E-01  1.977818072E-01  1.470000027E-01  1.231048530E+05  2.204598694E+02  3.552371283E+02  3.140757599E+02  3.018261156E+02  9.748427570E-01 
       214 -1.337431699E-02  1.053111530E-01 -4.600000000E-02  8.760658594E+04  1.545002880E+02  3.330548592E+02  2.763098259E+02  2.355682144E+02  8.554660305E-01 
       215 -1.336879354E-02  1.054912688E-01 -4.299898917E-02  8.747013086E+04  1.540702844E+02  3.330430555E+02  2.762127023E+02  2.358962178E+02  8.591711968E-01 
       216 -1.321272523E-02  1.057016208E-01 -4.000664894E-02  8.748966113E+04  1.540097599E+02  3.330309238E+02  2.761925945E+02  2.360866690E+02  8.604236990E-01 
       217 -1.269691607E-02  1.059729593E-01 -3.706120983E-02  8.740661820E+04  1.549152764E+02  3.329516368E+02  2.760611024E+02  2.369554039E+02  8.587153196E-01 
       218 -1.181263769E-02  1.063072321E-01 -3.420969757E-02  8.721228915E+04  1.563030444E+02  3.328321575E+02  2.758630048E+02  2.381997326E+02  8.558176137E-01 
       219 -1.066241908E-02  1.066659143E-01 -3.145726216E-02  8.710080953E+04  1.567637095E+02  3.328023226E+02  2.758135366E+02  2.390532352E+02  8.567234382E-01 
       220 -9.280794463E-03  1.070573859E-01 -2.881758489E-02  8.692048121E+04  1.572083908E+02  3.327545528E+02  2.757343522E+02  2.392794833E+02  8.554074713E-01 
       221 -7.735023178E-03  1.074435380E-01 -2.626912607E-02  8.678857413E+04  1.582458938E+02  3.326743594E+02  2.756014990E+02  2.402282728E+02  8.536491315E-01 
       222 -6.047350445E-03  1.078135440E-01 -2.381048416E-02  8.671349369E+04  1.590746556E+02  3.325802998E+02  2.754456410E+02  2.410593356E+02  8.526463667E-01 
       223 -4.299611852E-03  1.081916589E-01 -2.139379423E-02  8.668500419E+04  1.593024328E+02  3.326874483E+02  2.756231608E+02  2.409966877E+02  8.517495089E-01 
       224 -2.461870607E-03  1.085505379E-01 -1.904289133E-02  8.676399282E+04  1.595469493E+02  3.326214973E+02  2.755139375E+02  2.415363868E+02  8.528787214E-01 
       225 -5.886173328E-04  1.088780789E-01 -1.671486844E-02  8.681764615E+04  1.596275549E+02  3.327255199E+02  2.756863225E+02  2.418594424E+02  8.543340841E-01 
       226  1.337912187E-03  1.092215599E-01 -1.443302686E-02  8.690123977E+04  1.595793167E+02  3.326171237E+02  2.755066580E+02  2.420538764E+02  8.555506007E-01 
       227  3.290030235E-03  1.094941851E-01 -1.216353628E-02  8.677958937E+04  1.588754625E+02  3.325560968E+02  2.754056810E+02  2.434563120E+02  8.646673799E-01 
       228  5.262023684E-03  1.097864070E-01 -9.913643549E-03  8.607613423E+04  1.601692281E+02  3.321034597E+02  2.746568204E+02  2.470105308E+02  8.710347634E-01 
       229  7.256339014E-03  1.100495762E-01 -7.679258903E-03  8.403061858E+04  1.646839723E+02  3.310274604E+02  2.728802878E+02  2.536766063E+02  8.711737436E-01 
       230  9.250945095E-03  1.102792579E-01 -5.441700620E-03  8.182552875E+04  1.729615111E+02  3.298461286E+02  2.709358017E+02  2.621254122E+02  8.580756373E-01 
       231  1.125130268E-02  1.105297001E-01 -3.209862298E-03  8.058601147E+04  1.796805816E+02  3.293571663E+02  2.701328940E+02  2.657990727E+02  8.363934960E-01 
       232  1.324504242E-02  1.107259366E-01 -9.692227629E-04  8.133841846E+04  1.831587377E+02  3.297817326E+02  2.708300667E+02  2.636687393E+02  8.104669563E-01 
       233  1.522818012E-02  1.109344875E-01  1.280794701E-03  8.324978516E+04  1.842229967E+02  3.307929287E+02  2.724944077E+02  2.583460321E+02  7.866425589E-01 
       234  1.717717000E-02  1.111306516E-01  3.565314237E-03  8.538992383E+04  1.833909531E+02  3.320885544E+02  2.746329823E+02  2.501461334E+02  7.633700222E-01 
       235  2.098827574E-02  1.115152878E-01  8.199040730E-03  8.925611279E+04  1.869719973E+02  3.341571522E+02  2.780649128E+02  2.374920502E+02  7.042728588E-01 
       236  2.283804163E-02  1.116790561E-01  1.055952489E-02  9.049196362E+04  1.912897989E+02  3.351259212E+02  2.796786478E+02  2.304638942E+02  6.598819201E-01 
       237  2.632960383E-02  1.121198866E-01  1.543269692E-02  9.113872949E+04  2.051403637E+02  3.353850880E+02  2.801114693E+02  2.308970947E+02  5.878065154E-01 
       238  2.959379811E-02  1.126564718E-01  2.044933110E-02  9.029387964E+04  2.202685194E+02  3.349951720E+02  2.794603605E+02  2.359935842E+02  5.253546881E-01 
       239  3.114059063E-02  1.129278581E-01  2.301118304E-02  8.978896140E+04  2.278423889E+02  3.348798998E+02  2.792681321E+02  2.391694538E+02  4.967552979E-01 
       240  3.264987762E-02  1.132456905E-01  2.559358749E-02  8.921604938E+04  2.350775378E+02  3.345001762E+02  2.786353091E+02  2.416596082E+02  4.682539924E-01 
       241  3.807676132E-02  1.146676712E-01  3.621643154E-02  8.784489852E+04  2.606706413E+02  3.337115916E+02  2.773228514E+02  2.509584902E+02  3.718260519E-01 
       242  3.928374460E-02  1.150413043E-01  3.894926042E-02  8.793316815E+04  2.662135053E+02  3.340578680E+02  2.778995652E+02  2.519916275E+02  3.474240736E-01 
       243  4.044503934E-02  1.154301055E-01  4.169676193E-02  8.833614723E+04  2.696484488E+02  3.344699199E+02  2.785859248E+02  2.510868630E+02  3.278203562E-01 
       244  4.154949506E-02  1.158110833E-01  4.446441861E-02  8.904134375E+04  2.731349144E+02  3.348265457E+02  2.791807976E+02  2.495136328E+02  3.049952164E-01 
       245  4.259018966E-02  1.161595968E-01  4.726780086E-02  9.000537889E+04  2.761262941E+02  3.352635871E+02  2.799108294E+02  2.472612820E+02  2.821171808E-01 
       246  4.357921759E-02  1.165132208E-01  5.008364009E-02  9.118644092E+04  2.774600344E+02  3.359535160E+02  2.810636034E+02  2.438842192E+02  2.645099191E-01 
       247  4.448002582E-02  1.168267471E-01  5.293502673E-02  9.253828106E+04  2.795686908E+02  3.365250926E+02  2.820208501E+02  2.408298930E+02  2.430630966E-01 
       248  4.534234860E-02  1.171711221E-01  5.579536500E-02  9.393755225E+04  2.799794312E+02  3.372968369E+02  2.833157387E+02  2.360979481E+02  2.250721510E-01 
       249  4.612355051E-02  1.174912616E-01  5.867935283E-02  9.518569727E+04  2.810881042E+02  3.379384041E+02  2.843938713E+02  2.321891479E+02  2.058426049E-01 
       250  4.681688670E-02  1.178330389E-01  6.158342338E-02  9.627470703E+04  2.822270126E+02  3.384601974E+02  2.852725372E+02  2.292788467E+02  1.907295361E-01 
       251  4.742483443E-02  1.181684938E-01  6.451168194E-02  9.720034473E+04  2.832390633E+02  3.389278069E+02  2.860613022E+02  2.269510307E+02  1.786667518E-01 
       252  4.796175059E-02  1.184973583E-01  6.744925218E-02  9.798340186E+04  2.843885860E+02  3.393713036E+02  2.868096771E+02  2.248442116E+02  1.662524287E-01 
       253  4.839690646E-02  1.188449776E-01  7.040346354E-02  9.864645282E+04  2.862272487E+02  3.395906467E+02  2.871803209E+02  2.235181588E+02  1.527221910E-01 
       254  4.867844520E-02  1.192029192E-01  7.337369276E-02  9.904608663E+04  2.879366558E+02  3.398197261E+02  2.875681951E+02  2.229826576E+02  1.430898641E-01 
       255  4.889804354E-02  1.195863964E-01  7.634446821E-02  9.935639965E+04  2.904991551E+02  3.397007848E+02  2.873673495E+02  2.230549795E+02  1.305184031E-01 
       256  4.901527392E-02  1.199575346E-01  7.936475415E-02  9.943602704E+04  2.921722379E+02  3.398564712E+02  2.876312673E+02  2.227432563E+02  1.216068842E-01 
       257  4.897414798E-02  1.207471392E-01  8.530893469E-02  9.953001172E+04  2.965697479E+02  3.399998398E+02  2.878733215E+02  2.243708763E+02  1.061123591E-01 
       258  4.879835866E-02  1.211503063E-01  8.827262235E-02  9.962973633E+04  2.986200447E+02  3.399062195E+02  2.877145882E+02  2.250563354E+02  9.847642388E-02 
       259  4.854576088E-02  1.215647590E-01  9.126615169E-02  9.974909987E+04  3.000627847E+02  3.397343487E+02  2.874235809E+02  2.254568421E+02  9.330862060E-02 
       260  4.818457029E-02  1.219712360E-01  9.420996830E-02  1.001194272E+05  3.001508249E+02  3.399842567E+02  2.878465399E+02  2.249965913E+02  9.258434361E-02 
       261  4.782320061E-02  1.224212570E-01  9.713670139E-02  1.005469927E+05  3.008897057E+02  3.401014996E+02  2.880459137E+02  2.238080425E+02  8.500117715E-02 
       262  4.734997920E-02  1.228526278E-01  1.001180955E-01  1.013449297E+05  3.006778221E+02  3.406280975E+02  2.889379158E+02  2.214822426E+02  7.806821540E-02 
       263  4.683890011E-02  1.232935874E-01  1.030087938E-01  1.026965703E+05  2.990949103E+02  3.414252119E+02  2.902929132E+02  2.178006379E+02  7.420823831E-02 
       264  4.566507936E-02  1.242316696E-01  1.088390156E-01  1.050165290E+05  2.926883080E+02  3.419557503E+02  2.911949038E+02  2.096510069E+02  8.393102910E-02 
       265  4.352639189E-02  1.257122811E-01  1.174848542E-01  1.072627192E+05  2.712993843E+02  3.451341951E+02  2.966391707E+02  1.809065458E+02  1.184995153E-01 
       266  4.289440586E-02  1.261798267E-01  1.203730247E-01  1.074092933E+05  2.445289355E+02  3.475765628E+02  3.008553072E+02  1.464068005E+02  1.998071930E-01 
       267  4.242365191E-02  1.265975250E-01  1.232861776E-01  1.080442346E+05  2.212225770E+02  3.495440117E+02  3.042630022E+02  1.278571900E+02  3.195222399E-01 
       268  4.208270049E-02  1.270006734E-01  1.262530889E-01  1.086011074E+05  2.286248055E+02  3.497287140E+02  3.045839157E+02  1.339292297E+02  2.729862258E-01 
       269  4.202415066E-02  1.273246053E-01  1.292418903E-01  1.084882869E+05  2.485624086E+02  3.488228838E+02  3.030110568E+02  1.433428232E+02  1.466455967E-01 
       270  4.218523596E-02  1.275849052E-01  1.322314117E-01  1.075794337E+05  2.624299123E+02  3.475165604E+02  3.007428128E+02  1.488536061E+02  6.329124960E-02 
       271  4.252691668E-02  1.278080741E-01  1.352038484E-01  1.066033827E+05  2.602225205E+02  3.476529182E+02  3.009799412E+02  1.459442782E+02  7.258510687E-02 
       272  4.296344289E-02  1.279984053E-01  1.381664338E-01  1.061719961E+05  2.522849557E+02  3.476957551E+02  3.010590581E+02  1.494326208E+02  1.499149397E-01 
       273  4.347514252E-02  1.281630447E-01  1.411197974E-01  1.062015631E+05  2.492181944E+02  3.474374538E+02  3.006129877E+02  1.578477812E+02  2.044595491E-01 
       274  4.403358971E-02  1.283124551E-01  1.440677535E-01  1.063081670E+05  2.526464738E+02  3.474066274E+02  3.005553143E+02  1.651276892E+02  2.069212347E-01 
       275  4.466583781E-02  1.284644007E-01  1.470000034E-01  1.062737794E+05  2.574912353E+02  3.472201272E+02  2.936053692E+02  1.696352644E+02  1.909523036E-01 
       276 -1.390154712E-02  1.725232616E-01 -4.600000033E-02  8.238497150E+04  1.816558802E+02  3.302113041E+02  2.716669452E+02  3.412841967E+02  1.009440606E+00 
       277 -1.389524734E-02  1.726308379E-01 -4.258575940E-02  8.244170974E+04  1.820852826E+02  3.301813509E+02  2.714863648E+02  3.427700880E+02  1.010691456E+00 
       278 -1.388827040E-02  1.727470810E-01 -3.919459871E-02  8.262043877E+04  1.815754217E+02  3.302797976E+02  2.716484200E+02  3.433626969E+02  1.013573210E+00 
       279 -1.387976982E-02  1.728866868E-01 -3.575874102E-02  8.263606865E+04  1.817700243E+02  3.302908945E+02  2.716668651E+02  3.433235632E+02  1.012942449E+00 
       280 -1.386962822E-02  1.730354599E-01 -3.234598001E-02  8.297034959E+04  1.829498339E+02  3.301307729E+02  2.714036397E+02  3.437770214E+02  1.010682380E+00 
       281 -1.385715910E-02  1.732129765E-01 -2.893478341E-02  8.210177463E+04  1.833844657E+02  3.299311648E+02  2.710754542E+02  3.450899961E+02  1.014549533E+00 
       282 -1.381464856E-02  1.733989484E-01 -2.553958976E-02  8.197647935E+04  1.850706235E+02  3.295054727E+02  2.703775286E+02  3.467401445E+02  1.015968497E+00 
       283 -1.334927366E-02  1.736519924E-01 -2.216152427E-02  8.102171931E+04  1.896389026E+02  3.287309031E+02  2.691072637E+02  3.500607089E+02  1.006571592E+00 
       284 -1.220387625E-02  1.739549638E-01 -1.896956374E-02  7.975340088E+04  1.911092100E+02  3.282066784E+02  2.682492161E+02  3.538394794E+02  1.004619442E+00 
       285 -1.057589609E-02  1.742731966E-01 -1.599005111E-02  7.826887813E+04  1.921253493E+02  3.277719542E+02  2.675392591E+02  3.585010954E+02  1.007421588E+00 
       286 -8.586070527E-03  1.745821273E-01 -1.323108332E-02  7.677762611E+04  1.970786476E+02  3.270393985E+02  2.663457334E+02  3.610390480E+02  9.944687833E-01 
       287 -6.371188279E-03  1.748941133E-01 -1.065117603E-02  7.609677025E+04  2.007507996E+02  3.267401109E+02  2.658582729E+02  3.626964056E+02  9.853052958E-01 
       288 -3.959984913E-03  1.752012559E-01 -8.251810021E-03  7.763606188E+04  1.974105412E+02  3.279828025E+02  2.678868766E+02  3.553825486E+02  9.828007918E-01 
       289 -1.474621790E-03  1.754287438E-01 -5.921768022E-03  8.239065292E+04  1.917054378E+02  3.303053489E+02  2.716982917E+02  3.448518074E+02  9.829347554E-01 
       290  1.096342236E-03  1.756586641E-01 -3.684409899E-03  8.861403840E+04  1.813327907E+02  3.331259092E+02  2.763576269E+02  3.282699933E+02  9.934831702E-01 
       291  3.722457199E-03  1.758529720E-01 -1.512169024E-03  9.110515308E+04  1.747913394E+02  3.343283272E+02  2.783494139E+02  3.225399351E+02  1.006139703E+00 
       292  6.390497491E-03  1.759799744E-01  6.206893580E-04  8.850734180E+04  1.769997826E+02  3.330414982E+02  2.762163200E+02  3.332316303E+02  1.014668971E+00 
       293  1.179759467E-02  1.761809281E-01  4.808741428E-03  7.665364648E+04  2.000698891E+02  3.268444748E+02  2.660320244E+02  3.650739212E+02  9.920820147E-01 
       294  1.450804596E-02  1.762121176E-01  6.883706551E-03  7.303050146E+04  2.083104095E+02  3.246127510E+02  2.624098072E+02  3.749270020E+02  9.836758822E-01 
       295  1.722225861E-02  1.762495216E-01  8.953048646E-03  7.102126074E+04  2.126594505E+02  3.233140945E+02  2.603128738E+02  3.814028664E+02  9.821994305E-01 
       296  1.993233776E-02  1.761597577E-01  1.102855473E-02  6.942132129E+04  2.155620937E+02  3.224876938E+02  2.589840546E+02  3.855260696E+02  9.810752720E-01 
       297  2.263244469E-02  1.760920636E-01  1.311525345E-02  6.755537500E+04  2.222232208E+02  3.211483173E+02  2.568392181E+02  3.901118393E+02  9.685716927E-01 
       298  2.532249661E-02  1.759768902E-01  1.521525865E-02  6.595073022E+04  2.298648233E+02  3.198071918E+02  2.546968832E+02  3.951470604E+02  9.540923201E-01 
       299  2.800116021E-02  1.758008440E-01  1.732596334E-02  6.566522217E+04  2.341104603E+02  3.195458450E+02  2.542803841E+02  3.968188286E+02  9.435098693E-01 
       300  3.066011949E-02  1.756198651E-01  1.946182943E-02  6.797971655E+04  2.343250899E+02  3.210661283E+02  2.567131286E+02  3.917380099E+02  9.314018432E-01 
       301  3.850917716E-02  1.748410184E-01  2.602581626E-02  8.681279956E+04  2.361123085E+02  3.333853111E+02  2.767850485E+02  3.370262022E+02  8.216845058E-01 
       302  4.358739934E-02  1.740919978E-01  3.053362568E-02  8.620729907E+04  2.387107515E+02  3.329797068E+02  2.761083574E+02  3.430797482E+02  8.236804083E-01 
       303  4.609287257E-02  1.736863543E-01  3.281922705E-02  8.537638940E+04  2.418193331E+02  3.325806980E+02  2.754469328E+02  3.451362019E+02  8.169457763E-01 
       304  4.855845708E-02  1.731970535E-01  3.512834265E-02  8.494561304E+04  2.449875078E+02  3.324191208E+02  2.751791439E+02  3.458589869E+02  8.073465284E-01 
       305  5.100043215E-02  1.726458906E-01  3.745772352E-02  8.555619128E+04  2.479338760E+02  3.328963304E+02  2.759703546E+02  3.431087584E+02  7.927935906E-01 
       306  5.340036417E-02  1.720848619E-01  3.982071753E-02  8.842729175E+04  2.485845985E+02  3.344727387E+02  2.785955749E+02  3.349233165E+02  7.771515502E-01 
       307  5.576533568E-02  1.714326002E-01  4.220398857E-02  9.380041986E+04  2.463060570E+02  3.372998784E+02  2.833277727E+02  3.211938087E+02  7.631331547E-01 
       308  5.808130114E-02  1.707532671E-01  4.462162642E-02  9.956041807E+04  2.434819362E+02  3.402879959E+02  2.883688364E+02  3.064051653E+02  7.505641585E-01 
       309  6.913202621E-02  1.670049815E-01  5.708998555E-02  1.128399595E+05  2.422809052E+02  3.470632997E+02  2.999602327E+02  2.740891442E+02  7.117943000E-01 
       310  7.325557335E-02  1.653928843E-01  6.228962682E-02  1.153342561E+05  2.423089777E+02  3.480965712E+02  3.017483635E+02  2.660301437E+02  7.022992289E-01 
       311  7.526114685E-02  1.645964451E-01  6.493668120E-02  1.163985645E+05  2.410947742E+02  3.485924835E+02  3.026084785E+02  2.632656670E+02  7.055300325E-01 
       312  8.099008587E-02  1.620989224E-01  7.305121222E-02  1.187371230E+05  2.387078037E+02  3.494421043E+02  3.040844803E+02  2.574725418E+02  7.085709646E-01 
       313  8.281625202E-02  1.612441772E-01  7.580722199E-02  1.189188760E+05  2.379756851E+02  3.493849487E+02  3.039848557E+02  2.564132614E+02  7.112273052E-01 
       314  8.462318717E-02  1.604029889E-01  7.856519154E-02  1.191415166E+05  2.368494105E+02  3.494088020E+02  3.040261898E+02  2.569444742E+02  7.176239844E-01 
       315  8.638808364E-02  1.595156660E-01  8.135371941E-02  1.192114553E+05  2.365847201E+02  3.493336945E+02  3.038954868E+02  2.568680096E+02  7.192564216E-01 
       316  8.818531781E-02  1.586346563E-01  8.418846896E-02  1.191602008E+05  2.383213721E+02  3.489571985E+02  3.032408096E+02  2.553187282E+02  7.091974579E-01 
       317  9.153487112E-02  1.568453452E-01  8.985396979E-02  1.190906711E+05  2.390861685E+02  3.488346214E+02  3.030280771E+02  2.561304779E+02  7.076590639E-01 
       318  9.319079870E-02  1.559467714E-01  9.269883327E-02  1.190696221E+05  2.389565907E+02  3.488089523E+02  3.029837284E+02  2.566590881E+02  7.089023739E-01 
       319  9.639067810E-02  1.541493463E-01  9.845101971E-02  1.190279619E+05  2.389932594E+02  3.486769085E+02  3.027540016E+02  2.563447018E+02  7.094014138E-01 
       320  9.789700787E-02  1.532238030E-01  1.013752208E-01  1.189976676E+05  2.396784656E+02  3.485570750E+02  3.025458059E+02  2.549972396E+02  7.044552956E-01 
       321  9.939560036E-02  1.523575645E-01  1.043121280E-01  1.189381670E+05  2.402348709E+02  3.483686447E+02  3.022186584E+02  2.551143398E+02  7.030320242E-01 
       322  1.008373928E-01  1.515239935E-01  1.072922639E-01  1.188030205E+05  2.407729168E+02  3.481320381E+02  3.018082561E+02  2.558719406E+02  7.023102269E-01 
       323  1.021925752E-01  1.507164957E-01  1.103173974E-01  1.186251743E+05  2.418424339E+02  3.479014235E+02  3.014087300E+02  2.572801051E+02  6.992100067E-01 
       324  1.063175391E-01  1.486079647E-01  1.265700906E-01  1.182503906E+05  2.430376701E+02  3.486290131E+02  3.026736832E+02  2.557512703E+02  6.951715797E-01 
       325  1.064822206E-01  1.487022474E-01  1.299738775E-01  1.184060469E+05  2.393836937E+02  3.499029083E+02  3.048915176E+02  2.474210243E+02  7.041735351E-01 
       326  1.066476119E-01  1.488146338E-01  1.333799290E-01  1.183297363E+05  2.337436943E+02  3.513381729E+02  3.073969574E+02  2.334339218E+02  7.211939245E-01 
       327  1.068180965E-01  1.489318139E-01  1.367854531E-01  1.180794102E+05  2.300664864E+02  3.521914330E+02  3.088888550E+02  2.224952869E+02  7.347309664E-01 
       328  1.069979625E-01  1.490578552E-01  1.401905319E-01  1.179889600E+05  2.318445721E+02  3.518101196E+02  3.082211800E+02  2.265916958E+02  7.307995856E-01 
       329  1.071817424E-01  1.491887345E-01  1.435955648E-01  1.181001084E+05  2.370434685E+02  3.504008274E+02  3.055780392E+02  2.463308010E+02  7.184820399E-01 
       330  1.073851999E-01  1.493347905E-01  1.470000044E-01  1.180085547E+05  2.439304047E+02  3.484331970E+02  3.010723495E+02  2.673583603E+02  7.072647959E-01 
       331 -5.132010553E-03  2.399711247E-01 -4.600000034E-02  8.335445459E+04  1.734620056E+02  3.311681252E+02  2.723494511E+02  4.389325294E+02  1.164483473E+00 
       332 -5.128125210E-03  2.399809281E-01 -4.210430258E-02  8.447341870E+04  1.746269021E+02  3.309263802E+02  2.727131729E+02  4.395990486E+02  1.162272874E+00 
       333 -5.125201508E-03  2.399922328E-01 -3.820870464E-02  8.380397223E+04  1.769189740E+02  3.304392529E+02  2.719119501E+02  4.413341517E+02  1.158428337E+00 
       334 -5.121813889E-03  2.400095995E-01 -3.431329778E-02  8.202905533E+04  1.804691951E+02  3.296820436E+02  2.706676891E+02  4.442885013E+02  1.152774562E+00 
       335 -5.119016059E-03  2.400291916E-01 -3.041776666E-02  8.007258727E+04  1.851357753E+02  3.287372994E+02  2.691190710E+02  4.475042505E+02  1.144596843E+00 
       336 -5.114574788E-03  2.400538233E-01 -2.652182619E-02  7.837703479E+04  1.887272401E+02  3.281253629E+02  2.681168807E+02  4.501707791E+02  1.138517090E+00 
       337 -5.109553763E-03  2.400828758E-01 -2.262552630E-02  7.793941443E+04  1.898313344E+02  3.281003466E+02  2.680768671E+02  4.510830002E+02  1.136748228E+00 
       338 -5.103895973E-03  2.401152952E-01 -1.872899116E-02  7.991466217E+04  1.861822748E+02  3.291754844E+02  2.698396149E+02  4.477348709E+02  1.142295161E+00 
       339 -4.925504783E-03  2.402473149E-01 -7.056915668E-03  8.761429837E+04  1.712939385E+02  3.322284511E+02  2.748692760E+02  4.315447353E+02  1.169040324E+00 
       340 -3.715119829E-03  2.403023013E-01 -3.373311706E-03  8.192055695E+04  1.795472413E+02  3.302729769E+02  2.716492050E+02  4.447923601E+02  1.160528017E+00 
       341 -1.562012846E-03  2.403581740E-01 -1.360753051E-04  7.887069520E+04  1.905217620E+02  3.281947437E+02  2.682344824E+02  4.573043260E+02  1.142807669E+00 
       342  1.133764527E-03  2.404094608E-01  2.675248428E-03  7.868923779E+04  1.922963190E+02  3.277458191E+02  2.674986362E+02  4.530702190E+02  1.133270729E+00 
       343  4.137632423E-03  2.404197044E-01  5.149238455E-03  7.966078250E+04  1.862995570E+02  3.285065020E+02  2.687415113E+02  4.489662087E+02  1.144563602E+00 
       344  7.316400202E-03  2.403253331E-01  7.399564588E-03  8.030613675E+04  1.815349747E+02  3.291568225E+02  2.698058078E+02  4.425126616E+02  1.150524593E+00 
       345  1.395577155E-02  2.400667001E-01  1.148649181E-02  8.709591162E+04  1.696509495E+02  3.320652428E+02  2.746038485E+02  4.305748425E+02  1.168660685E+00 
       346  1.735065466E-02  2.397965962E-01  1.337576268E-02  9.003929102E+04  1.574091682E+02  3.339355049E+02  2.776996307E+02  4.244889297E+02  1.193193898E+00 
       347  2.419161170E-02  2.391929427E-01  1.704637434E-02  7.962730176E+04  1.836435432E+02  3.292332077E+02  2.699365273E+02  4.461814423E+02  1.148309052E+00 
       348  2.761839379E-02  2.387452844E-01  1.884103948E-02  7.967412891E+04  1.878115025E+02  3.287741852E+02  2.691794167E+02  4.510754929E+02  1.143072575E+00 
       349  3.105226563E-02  2.382885234E-01  2.062260888E-02  8.079327344E+04  1.854691029E+02  3.294927521E+02  2.703565130E+02  4.499722595E+02  1.147692330E+00 
       350  3.788868369E-02  2.371344800E-01  2.417075674E-02  8.082864844E+04  1.880093670E+02  3.295913658E+02  2.705177441E+02  4.483244324E+02  1.140043028E+00 
       351  4.468291751E-02  2.357525484E-01  2.771953789E-02  8.052292871E+04  1.899944725E+02  3.294253082E+02  2.702473850E+02  4.455918274E+02  1.134650730E+00 
       352  4.805699300E-02  2.349490393E-01  2.948953136E-02  8.105237769E+04  1.903932886E+02  3.295716143E+02  2.704889426E+02  4.459822969E+02  1.135635126E+00 
       353  5.140582287E-02  2.340778219E-01  3.127771149E-02  8.110831689E+04  1.918754597E+02  3.293836880E+02  2.701813049E+02  4.446367588E+02  1.132588007E+00 
       354  5.473006301E-02  2.331020583E-01  3.305777180E-02  8.020144531E+04  1.931538162E+02  3.289600677E+02  2.694856796E+02  4.469563065E+02  1.133200884E+00 
       355  5.803984836E-02  2.320923676E-01  3.484458617E-02  7.865948486E+04  1.975671730E+02  3.278817101E+02  2.677215919E+02  4.497490234E+02  1.126732543E+00 
       356  6.132921494E-02  2.310454118E-01  3.665150486E-02  7.678258704E+04  2.012596639E+02  3.268127028E+02  2.659792683E+02  4.538721758E+02  1.123290682E+00 
       357  6.777528194E-02  2.285846393E-01  4.027160278E-02  8.593289648E+04  2.158651123E+02  3.330807533E+02  2.763151245E+02  4.302684021E+02  1.063827783E+00 
       358  7.097972553E-02  2.273472007E-01  4.209367684E-02  9.259375586E+04  2.289605770E+02  3.365722084E+02  2.821097107E+02  4.151746025E+02  1.016694762E+00 
       359  7.412444428E-02  2.259565065E-01  4.393674079E-02  9.098224316E+04  2.348991990E+02  3.349788370E+02  2.794445467E+02  4.212591600E+02  1.009252546E+00 
       360  7.725834663E-02  2.245514312E-01  4.577102978E-02  8.732527246E+04  2.348650188E+02  3.335371380E+02  2.770357399E+02  4.272136574E+02  1.016664892E+00 
       361  8.037011026E-02  2.231435234E-01  4.763983740E-02  9.018008984E+04  2.329175797E+02  3.354850426E+02  2.802964821E+02  4.210042725E+02  1.018113181E+00 
       362  8.343109451E-02  2.215945322E-01  4.950276897E-02  1.034600781E+05  2.226535866E+02  3.413891151E+02  2.902663915E+02  3.954055045E+02  1.030453341E+00 
       363  8.646988642E-02  2.201046420E-01  5.141624103E-02  1.211875720E+05  2.101834455E+02  3.478582315E+02  3.013632321E+02  3.584585457E+02  1.053908456E+00 
       364  9.242245520E-02  2.169732682E-01  5.534503106E-02  1.186574868E+05  2.206492672E+02  3.495651569E+02  3.043189335E+02  3.543580093E+02  1.003431909E+00 
       365  9.533631835E-02  2.153857768E-01  5.738443174E-02  1.165036470E+05  2.243159204E+02  3.487871504E+02  3.029772868E+02  3.576948547E+02  9.907437721E-01 
       366  9.819952312E-02  2.138016843E-01  5.949569436E-02  1.166501260E+05  2.262267647E+02  3.494509296E+02  3.041368942E+02  3.538450012E+02  9.814725444E-01 
       367  1.009694591E-01  2.121295788E-01  6.167326851E-02  1.186669639E+05  2.286876669E+02  3.510252533E+02  3.068808479E+02  3.462774324E+02  9.689233564E-01 
       368  1.037116704E-01  2.105064985E-01  6.390540356E-02  1.200848896E+05  2.320822105E+02  3.522744350E+02  3.090681496E+02  3.404524384E+02  9.540605284E-01 
       369  1.064180189E-01  2.088777679E-01  6.618856681E-02  1.206460576E+05  2.359931993E+02  3.527374611E+02  3.098836098E+02  3.373720722E+02  9.377610013E-01 
       370  1.090480686E-01  2.071800512E-01  6.850700508E-02  1.209238960E+05  2.395516691E+02  3.526234455E+02  3.096843834E+02  3.368557224E+02  9.237903655E-01 
       371  1.116790455E-01  2.055210471E-01  7.084353951E-02  1.213154207E+05  2.404182923E+02  3.527350197E+02  3.098770242E+02  3.348263707E+02  9.191161711E-01 
       372  1.142974452E-01  2.038484190E-01  7.319785208E-02  1.219251714E+05  2.367845736E+02  3.529065809E+02  3.101731863E+02  3.334101000E+02  9.283707011E-01 
       373  1.168416696E-01  2.021295301E-01  7.558130371E-02  1.224318218E+05  2.333151321E+02  3.532009296E+02  3.106914902E+02  3.329294567E+02  9.377543330E-01 
       374  1.193277496E-01  2.004108846E-01  7.805168345E-02  1.227285397E+05  2.324878459E+02  3.533992958E+02  3.110439970E+02  3.324604378E+02  9.394870140E-01 
       375  1.217693779E-01  1.987784452E-01  8.060399866E-02  1.227938040E+05  2.338972573E+02  3.533794203E+02  3.110152454E+02  3.302468147E+02  9.345418084E-01 
       376  1.240793489E-01  1.970470446E-01  8.322373237E-02  1.228932866E+05  2.316812696E+02  3.535415392E+02  3.113084173E+02  3.296490555E+02  9.406131655E-01 
       377  1.263696524E-01  1.953872062E-01  8.590193330E-02  1.231446890E+05  2.275814169E+02  3.546289251E+02  3.132281873E+02  3.256859978E+02  9.523199569E-01 
       378  1.285811840E-01  1.937639536E-01  8.866989816E-02  1.231424172E+05  2.242276125E+02  3.536617532E+02  3.115184593E+02  3.302887292E+02  9.628653917E-01 
       379  1.378530526E-01  1.861918564E-01  1.119425893E-01  1.222511094E+05  2.235242624E+02  3.545907688E+02  3.131201639E+02  3.202504425E+02  9.627372473E-01 
       380  1.378280879E-01  1.861358471E-01  1.158380052E-01  1.220103030E+05  2.241970291E+02  3.554536142E+02  3.146462259E+02  3.055760136E+02  9.616725761E-01 
       381  1.378172244E-01  1.861105784E-01  1.197328496E-01  1.216580562E+05  2.264017611E+02  3.557273293E+02  3.151291671E+02  2.999129100E+02  9.558641147E-01 
       382  1.378137064E-01  1.861013403E-01  1.236281983E-01  1.221513286E+05  2.277502122E+02  3.552183452E+02  3.142275355E+02  3.120161514E+02  9.475041442E-01 
       383  1.378232998E-01  1.861207539E-01  1.275238734E-01  1.227360520E+05  2.268860162E+02  3.541241345E+02  3.122968679E+02  3.266573447E+02  9.508148481E-01 
       384  1.378388478E-01  1.861485149E-01  1.314192119E-01  1.229477652E+05  2.248793306E+02  3.529312440E+02  3.101994393E+02  3.390613099E+02  9.594120585E-01 
       385  1.378667705E-01  1.861922064E-01  1.353144338E-01  1.229356635E+05  2.221595334E+02  3.526869574E+02  3.097721624E+02  3.348357394E+02  9.665166782E-01 
       386  1.378917792E-01  1.862393165E-01  1.392095884E-01  1.229808419E+05  2.210260233E+02  3.528465974E+02  3.100516376E+02  3.312338501E+02  9.692972866E-01 
       387  1.379128913E-01  1.862912877E-01  1.431056120E-01  1.230910796E+05  2.207862989E+02  3.532888964E+02  3.106201873E+02  3.297779259E+02  9.699763732E-01 
       388  1.379274402E-01  1.863453723E-01  1.469999959E-01  1.232161519E+05  2.201804395E+02  3.540028491E+02  3.112462535E+02  3.285249028E+02  9.719055593E-01 
       389 -3.389247132E-02  1.007789921E-01 -4.300551245E-02  8.753148926E+04  1.539837103E+02  3.330545330E+02  2.762317524E+02  2.356677380E+02  8.588522114E-01 
       390 -3.372456358E-02  1.010433636E-01 -4.002223516E-02  8.744743489E+04  1.548033437E+02  3.329814884E+02  2.761106747E+02  2.366002525E+02  8.578341311E-01 
       391 -3.329024078E-02  1.014074167E-01 -3.707963811E-02  8.732609070E+04  1.546846123E+02  3.329965686E+02  2.761357038E+02  2.365570823E+02  8.586791521E-01 
       392 -3.255620303E-02  1.018883264E-01 -3.421559131E-02  8.722461200E+04  1.559426625E+02  3.328761900E+02  2.759360511E+02  2.379036938E+02  8.568697878E-01 
       393 -3.153373485E-02  1.024554568E-01 -3.145384174E-02  8.710196307E+04  1.570084565E+02  3.327695610E+02  2.757592763E+02  2.389055558E+02  8.550824448E-01 
       394 -3.028950121E-02  1.031058036E-01 -2.880322264E-02  8.698589972E+04  1.572368046E+02  3.327384952E+02  2.757077910E+02  2.394113795E+02  8.559425160E-01 
       395 -2.888173412E-02  1.037838005E-01 -2.624318977E-02  8.691917500E+04  1.583617119E+02  3.326524025E+02  2.755650755E+02  2.406946623E+02  8.548069180E-01 
       396 -2.733119538E-02  1.044792183E-01 -2.377110822E-02  8.686014279E+04  1.583512123E+02  3.326648992E+02  2.755858550E+02  2.412178412E+02  8.572617674E-01 
       397 -2.568342124E-02  1.052055751E-01 -2.135968630E-02  8.673826813E+04  1.591274628E+02  3.325779642E+02  2.754418321E+02  2.417890888E+02  8.555367380E-01 
       398 -2.397735570E-02  1.059146334E-01 -1.899049647E-02  8.655991513E+04  1.595410411E+02  3.325049647E+02  2.753209528E+02  2.424994967E+02  8.562907223E-01 
       399 -2.220871387E-02  1.066063154E-01 -1.667396516E-02  8.622439023E+04  1.604911389E+02  3.323229152E+02  2.750195645E+02  2.440332718E+02  8.572286691E-01 
       400 -2.041003203E-02  1.073389070E-01 -1.437512078E-02  8.565811823E+04  1.626353431E+02  3.319828924E+02  2.744571710E+02  2.470206748E+02  8.565847969E-01 
       401 -1.856976066E-02  1.079715131E-01 -1.211630566E-02  8.502558365E+04  1.647698169E+02  3.316764505E+02  2.739506554E+02  2.495617007E+02  8.548474268E-01 
       402 -1.670953655E-02  1.086522831E-01 -9.860640570E-03  8.442972557E+04  1.683003951E+02  3.313411357E+02  2.733969829E+02  2.522844627E+02  8.462276680E-01 
       403 -1.482329113E-02  1.093026603E-01 -7.620995183E-03  8.440660089E+04  1.708052976E+02  3.313667279E+02  2.734393522E+02  2.524878332E+02  8.339865146E-01 
       404 -1.292306254E-02  1.099268373E-01 -5.385291055E-03  8.526854004E+04  1.718524814E+02  3.318097725E+02  2.741711454E+02  2.499950085E+02  8.204839360E-01 
       405 -1.101845801E-02  1.105590611E-01 -3.137660868E-03  8.694562277E+04  1.701149886E+02  3.327858064E+02  2.757867208E+02  2.440874442E+02  8.104530249E-01 
       406 -9.120841472E-03  1.111701815E-01 -8.914052251E-04  8.939169928E+04  1.679042003E+02  3.340350074E+02  2.778613666E+02  2.356478699E+02  7.958441009E-01 
       407 -7.240675928E-03  1.117476218E-01  1.353994698E-03  9.294909423E+04  1.629960099E+02  3.359558364E+02  2.810666351E+02  2.226499227E+02  7.841225942E-01 
       408 -5.370549944E-03  1.123083196E-01  3.627204146E-03  9.640027710E+04  1.623818305E+02  3.377774930E+02  2.841232984E+02  2.071121237E+02  7.436218504E-01 
       409 -3.530590186E-03  1.128981262E-01  5.933484609E-03  9.838219920E+04  1.697537944E+02  3.390133318E+02  2.862055526E+02  1.992177587E+02  6.842942913E-01 
       410 -1.726912218E-03  1.134387153E-01  8.259926622E-03  9.815581763E+04  1.847105103E+02  3.385933895E+02  2.854960074E+02  2.033448672E+02  6.067250520E-01 
       411  3.734044288E-05  1.140039107E-01  1.062617763E-02  9.736758228E+04  1.941834326E+02  3.381810703E+02  2.848017435E+02  2.083894682E+02  5.692940112E-01 
       412  1.740848712E-03  1.145879687E-01  1.302702968E-02  9.657615989E+04  2.021479461E+02  3.377378803E+02  2.840560573E+02  2.128315063E+02  5.395853737E-01 
       413  3.387617433E-03  1.151172021E-01  1.547343878E-02  9.602432559E+04  2.079851543E+02  3.375327882E+02  2.837106155E+02  2.149658992E+02  5.145335323E-01 
       414  4.957112811E-03  1.157081541E-01  1.796238578E-02  9.541067700E+04  2.148759058E+02  3.372290678E+02  2.832001729E+02  2.186243541E+02  4.903880339E-01 
       415  6.462677552E-03  1.163151534E-01  2.048609031E-02  9.465798706E+04  2.218490233E+02  3.368231916E+02  2.825189362E+02  2.227545037E+02  4.677519463E-01 
       416  7.926557233E-03  1.168909271E-01  2.304605918E-02  9.396990454E+04  2.279379528E+02  3.364465251E+02  2.818871834E+02  2.264005179E+02  4.486580910E-01 
       417  9.338612782E-03  1.175119790E-01  2.562398907E-02  9.356731105E+04  2.331267713E+02  3.362087964E+02  2.814890599E+02  2.282425644E+02  4.289285102E-01 
       418  1.068984297E-02  1.181121478E-01  2.822455248E-02  9.340833871E+04  2.379883813E+02  3.360667454E+02  2.812513126E+02  2.301507968E+02  4.112797177E-01 
       419  1.198650266E-02  1.187330819E-01  3.085849659E-02  9.337801855E+04  2.423876846E+02  3.360483047E+02  2.812205444E+02  2.316336362E+02  3.950200133E-01 
       420  1.322982934E-02  1.193430432E-01  3.352159396E-02  9.341658981E+04  2.465565691E+02  3.360709891E+02  2.812585489E+02  2.330549793E+02  3.800555115E-01 
       421  1.439865389E-02  1.199672983E-01  3.621509854E-02  9.359638936E+04  2.505979000E+02  3.361269734E+02  2.813523706E+02  2.337947517E+02  3.628407816E-01 
       422  1.553995729E-02  1.205631245E-01  3.892438234E-02  9.406626566E+04  2.536219040E+02  3.363863554E+02  2.817868208E+02  2.325879875E+02  3.443215556E-01 
       423  1.662952250E-02  1.211745408E-01  4.165332372E-02  9.469700107E+04  2.564760333E+02  3.366657133E+02  2.822551402E+02  2.311223464E+02  3.259562820E-01 
       424  1.764894372E-02  1.217373945E-01  4.441857664E-02  9.556933795E+04  2.582608256E+02  3.371159039E+02  2.830107455E+02  2.288159593E+02  3.103623933E-01 
       425  1.861873940E-02  1.222791769E-01  4.720617614E-02  9.672103483E+04  2.592461366E+02  3.377506970E+02  2.840772438E+02  2.255907824E+02  2.958046875E-01 
       426  1.950820179E-02  1.228336643E-01  5.001741530E-02  9.780293027E+04  2.612693163E+02  3.381846818E+02  2.848075519E+02  2.229753897E+02  2.773786595E-01 
       427  2.036944420E-02  1.233245632E-01  5.285072558E-02  9.883288684E+04  2.627445116E+02  3.386871573E+02  2.856546032E+02  2.203214896E+02  2.618532952E-01 
       428  2.117157025E-02  1.238295963E-01  5.569831964E-02  9.981412061E+04  2.640418720E+02  3.391810908E+02  2.864885435E+02  2.174276371E+02  2.467660366E-01 
       429  2.190592593E-02  1.242947792E-01  5.857026217E-02  1.006650269E+05  2.654898071E+02  3.396201859E+02  2.872308302E+02  2.149619865E+02  2.319333600E-01 
       430  2.257248913E-02  1.247551336E-01  6.145961794E-02  1.013981919E+05  2.674554415E+02  3.399653959E+02  2.878150015E+02  2.129552193E+02  2.157087652E-01 
       431  2.314781749E-02  1.251835029E-01  6.437124902E-02  1.019949175E+05  2.700576072E+02  3.401699886E+02  2.881616669E+02  2.112635098E+02  1.964639477E-01 
       432  2.363318974E-02  1.255957621E-01  6.730774801E-02  1.025266906E+05  2.727354965E+02  3.403551621E+02  2.884754856E+02  2.103989055E+02  1.797532381E-01 
       433  2.402789138E-02  1.260195069E-01  7.025072331E-02  1.029474678E+05  2.753197803E+02  3.406039238E+02  2.888972855E+02  2.100168333E+02  1.653824914E-01 
       434  2.431727977E-02  1.264030352E-01  7.321094069E-02  1.031949229E+05  2.780345421E+02  3.408059731E+02  2.892397995E+02  2.095071964E+02  1.493421067E-01 
       435  2.453016930E-02  1.268032789E-01  7.617447467E-02  1.032641255E+05  2.811216292E+02  3.409168491E+02  2.894278879E+02  2.096615453E+02  1.336289621E-01 
       436  2.462079541E-02  1.271795605E-01  7.915094878E-02  1.031335258E+05  2.849552948E+02  3.408666008E+02  2.893424089E+02  2.109214519E+02  1.173403480E-01 
       437  2.463902970E-02  1.275610820E-01  8.212637731E-02  1.025903096E+05  2.890647569E+02  3.406417561E+02  2.889609976E+02  2.132376213E+02  1.037860356E-01 
       438  2.457492051E-02  1.279220853E-01  8.510260082E-02  1.018485969E+05  2.936164687E+02  3.402859036E+02  2.883575332E+02  2.167247713E+02  9.220874171E-02 
       439  2.441429013E-02  1.282749863E-01  8.807550525E-02  1.006383854E+05  2.974469099E+02  3.397771867E+02  2.874958396E+02  2.219794572E+02  9.255506343E-02 
       440  2.420234297E-02  1.286273229E-01  9.105186832E-02  9.973812399E+04  2.989420233E+02  3.392933618E+02  2.866776538E+02  2.258370572E+02  1.013966912E-01 
       441  2.388558350E-02  1.289647853E-01  9.401845916E-02  9.966425473E+04  2.965786740E+02  3.393464175E+02  2.867673100E+02  2.262152995E+02  1.188625136E-01 
       442  2.351928731E-02  1.293134864E-01  9.696958543E-02  1.002553974E+05  2.933482039E+02  3.395902534E+02  2.871795978E+02  2.243492456E+02  1.324907525E-01 
       443  2.306449285E-02  1.296327241E-01  9.991680403E-02  1.012583420E+05  2.904636698E+02  3.399833860E+02  2.878450575E+02  2.211527691E+02  1.385697089E-01 
       444  2.257188759E-02  1.299515661E-01  1.028605699E-01  1.022702607E+05  2.882118540E+02  3.404857922E+02  2.886963177E+02  2.179538174E+02  1.409779843E-01 
       445  2.201092100E-02  1.302726916E-01  1.057899135E-01  1.031225268E+05  2.870068944E+02  3.408681023E+02  2.893449883E+02  2.158751551E+02  1.416114563E-01 
       446  2.143382683E-02  1.305960230E-01  1.087107054E-01  1.039590874E+05  2.850336243E+02  3.413430772E+02  2.901518621E+02  2.135281553E+02  1.459788642E-01 
       447  2.076802587E-02  1.309307408E-01  1.116221513E-01  1.046893447E+05  2.831613846E+02  3.417207298E+02  2.907943115E+02  2.106360435E+02  1.477062646E-01 
       448  2.010215597E-02  1.312657467E-01  1.145293522E-01  1.055203345E+05  2.804094706E+02  3.422897339E+02  2.917635708E+02  2.060992565E+02  1.488176482E-01 
       449  1.945135245E-02  1.316056955E-01  1.174374795E-01  1.063188279E+05  2.784277058E+02  3.428217065E+02  2.926711130E+02  2.026327991E+02  1.497492037E-01 
       450  1.885387307E-02  1.319548677E-01  1.203553293E-01  1.069363117E+05  2.776388481E+02  3.431257820E+02  2.931904125E+02  2.008469992E+02  1.498695345E-01 
       451  1.837479322E-02  1.322913677E-01  1.233018373E-01  1.073759460E+05  2.769262552E+02  3.433641291E+02  2.935978937E+02  1.998695850E+02  1.526971585E-01 
       452  1.811263581E-02  1.325954541E-01  1.262715907E-01  1.076270532E+05  2.762516146E+02  3.435095282E+02  2.938465843E+02  1.989001570E+02  1.552996472E-01 
       453  1.805653049E-02  1.328847135E-01  1.292554963E-01  1.077151785E+05  2.757360497E+02  3.435865202E+02  2.939784122E+02  1.986582203E+02  1.598109275E-01 
       454  1.819877737E-02  1.331672438E-01  1.322380588E-01  1.076986524E+05  2.753080983E+02  3.436486554E+02  2.940848546E+02  1.989568301E+02  1.658747938E-01 
       455  1.852494771E-02  1.334510277E-01  1.352129826E-01  1.075762450E+05  2.756131924E+02  3.435931651E+02  2.939901233E+02  1.996015036E+02  1.689051720E-01 
       456  1.890761882E-02  1.337081709E-01  1.381756048E-01  1.073790696E+05  2.762942187E+02  3.434783397E+02  2.937936195E+02  2.006737412E+02  1.709720411E-01 
       457  1.937808835E-02  1.339540030E-01  1.411279949E-01  1.071049114E+05  2.773719971E+02  3.433088772E+02  2.935038526E+02  2.027170377E+02  1.740547859E-01 
       458  1.989552602E-02  1.341916383E-01  1.440726902E-01  1.067586797E+05  2.787238068E+02  3.430978527E+02  2.931428411E+02  2.051794855E+02  1.769121582E-01 
       459  2.048114376E-02  1.344526817E-01  1.469999956E-01  1.063044478E+05  2.797772655E+02  3.429077959E+02  2.928233061E+02  2.081514196E+02  1.830312507E-01 
       460 -4.772920012E-02  1.664853148E-01 -4.258181757E-02  8.246498359E+04  1.815811476E+02  3.302507575E+02  2.716004846E+02  3.427236499E+02  1.012396586E+00 
       461 -4.770031945E-02  1.666117663E-01 -3.916302660E-02  8.225886078E+04  1.815827198E+02  3.301506209E+02  2.714358475E+02  3.428472290E+02  1.012595546E+00 
       462 -4.768621633E-02  1.667606858E-01 -3.574527808E-02  8.188600830E+04  1.832968845E+02  3.298463545E+02  2.709359183E+02  3.453809171E+02  1.011388958E+00 
       463 -4.773671611E-02  1.669008759E-01 -3.232563070E-02  8.135374414E+04  1.841391878E+02  3.296126518E+02  2.705522814E+02  3.465774918E+02  1.010779817E+00 
       464 -4.779814392E-02  1.670685917E-01 -2.890641835E-02  8.076041187E+04  1.862608166E+02  3.292148256E+02  2.699002399E+02  3.481621504E+02  1.006943826E+00 
       465 -4.772832030E-02  1.672854950E-01 -2.549705171E-02  8.004351135E+04  1.885215778E+02  3.287708788E+02  2.691730657E+02  3.497646866E+02  1.003731061E+00 
       466 -4.733274936E-02  1.676197526E-01 -2.211766833E-02  7.926970654E+04  1.938926632E+02  3.280140719E+02  2.679369392E+02  3.552287626E+02  9.986837283E-01 
       467 -4.646629434E-02  1.680852894E-01 -1.884685997E-02  7.907962848E+04  1.992142835E+02  3.275407665E+02  2.671638047E+02  3.569201182E+02  9.915670990E-01 
       468 -4.497458874E-02  1.687177674E-01 -1.583913045E-02  8.082068481E+04  2.006482391E+02  3.281371908E+02  2.681411023E+02  3.546669865E+02  9.887616802E-01 
       469 -4.311049959E-02  1.694263862E-01 -1.306511329E-02  8.392609521E+04  1.950048285E+02  3.299946995E+02  2.711854768E+02  3.475782118E+02  9.944197666E-01 
       470 -4.101650432E-02  1.701661907E-01 -1.047820325E-02  8.687458887E+04  1.883594961E+02  3.315858288E+02  2.738054829E+02  3.404442997E+02  1.003115598E+00 
       471 -3.872443978E-02  1.709287414E-01 -8.043812788E-03  8.740190503E+04  1.816916742E+02  3.322465572E+02  2.748962867E+02  3.374035349E+02  1.014387609E+00 
       472 -3.634257562E-02  1.716543837E-01 -5.706210795E-03  8.534093164E+04  1.814538260E+02  3.314252892E+02  2.735398102E+02  3.416247501E+02  1.017666072E+00 
       473 -3.384972842E-02  1.724025179E-01 -3.469956820E-03  8.125265570E+04  1.889052684E+02  3.292207007E+02  2.699161150E+02  3.505942354E+02  1.006373376E+00 
       474 -3.133060076E-02  1.731099844E-01 -1.271304633E-03  7.709780377E+04  1.984123410E+02  3.268838105E+02  2.660961710E+02  3.616165123E+02  9.928546906E-01 
       475 -2.873453975E-02  1.737912906E-01  8.535856133E-04  7.377130615E+04  2.065844426E+02  3.249013300E+02  2.628780537E+02  3.718149891E+02  9.847628735E-01 
       476 -2.611690126E-02  1.744247281E-01  2.958268427E-03  7.155856140E+04  2.127947178E+02  3.234796467E+02  2.605826316E+02  3.788759847E+02  9.775040653E-01 
       477 -2.348835128E-02  1.750433393E-01  5.058280838E-03  7.029744058E+04  2.166072819E+02  3.227012686E+02  2.593308735E+02  3.809542603E+02  9.692262835E-01 
       478 -2.083113736E-02  1.756162102E-01  7.133742148E-03  6.975790283E+04  2.190772600E+02  3.222823858E+02  2.586559138E+02  3.829099159E+02  9.653737657E-01 
       479 -1.816607045E-02  1.761555279E-01  9.209141426E-03  6.981479443E+04  2.210631971E+02  3.223466749E+02  2.587614584E+02  3.838673420E+02  9.604851939E-01 
       480 -1.549262448E-02  1.766467189E-01  1.128626304E-02  7.202926978E+04  2.215590811E+02  3.239222784E+02  2.613021193E+02  3.780337477E+02  9.458272047E-01 
       481 -1.281959455E-02  1.771087169E-01  1.337222607E-02  8.155346497E+04  2.141336069E+02  3.298012235E+02  2.708885162E+02  3.499606693E+02  9.186813813E-01 
       482 -1.015361520E-02  1.775059034E-01  1.547159933E-02  9.780170596E+04  2.098253971E+02  3.378065733E+02  2.841792833E+02  3.086722293E+02  8.692975802E-01 
       483 -7.491200012E-03  1.778633735E-01  1.757589553E-02  9.638136377E+04  2.226886930E+02  3.375262852E+02  2.837033682E+02  3.084758310E+02  8.246345725E-01 
       484 -4.837064878E-03  1.782590199E-01  1.971143984E-02  9.003937109E+04  2.280524797E+02  3.347496710E+02  2.790527668E+02  3.282737150E+02  8.365356103E-01 
       485 -2.188499166E-03  1.785530451E-01  2.185094162E-02  8.858889478E+04  2.325297304E+02  3.336428671E+02  2.772101130E+02  3.338902363E+02  8.302865056E-01 
       486  4.329096806E-04  1.787998193E-01  2.404680664E-02  8.868035400E+04  2.364710617E+02  3.334410458E+02  2.768749962E+02  3.382911243E+02  8.240069002E-01 
       487  3.027224691E-03  1.790317150E-01  2.627094405E-02  8.859852277E+04  2.367172210E+02  3.336808379E+02  2.772743590E+02  3.380467131E+02  8.222646848E-01 
       488  5.626976121E-03  1.792222402E-01  2.847807669E-02  8.919319141E+04  2.390739014E+02  3.340254402E+02  2.778479316E+02  3.390779834E+02  8.157852422E-01 
       489  8.191038637E-03  1.793338257E-01  3.074695743E-02  9.099612720E+04  2.414851549E+02  3.347273188E+02  2.790162528E+02  3.371496820E+02  8.042826960E-01 
       490  1.074058355E-02  1.794129340E-01  3.303046409E-02  9.430464531E+04  2.406311471E+02  3.362121765E+02  2.814988051E+02  3.287208565E+02  7.933866713E-01 
       491  1.325979491E-02  1.793970135E-01  3.532576038E-02  9.876479321E+04  2.366390457E+02  3.383978047E+02  2.851730072E+02  3.151819174E+02  7.865439756E-01 
       492  1.577166567E-02  1.793535417E-01  3.765132951E-02  1.031132849E+05  2.326279483E+02  3.406174936E+02  2.889244046E+02  3.015133486E+02  7.810557010E-01 
       493  1.825553626E-02  1.792503646E-01  4.000403552E-02  1.061801709E+05  2.321765406E+02  3.421558604E+02  2.915372968E+02  2.908483877E+02  7.682200382E-01 
       494  2.071273564E-02  1.790845686E-01  4.238164633E-02  1.082955187E+05  2.345778157E+02  3.431507113E+02  2.932346672E+02  2.853364105E+02  7.525017317E-01 
       495  2.315348782E-02  1.789033294E-01  4.476881837E-02  1.106206002E+05  2.355004535E+02  3.441966028E+02  2.950245371E+02  2.810534658E+02  7.440984929E-01 
       496  2.554611962E-02  1.786610662E-01  4.720294885E-02  1.126954873E+05  2.358441706E+02  3.450503111E+02  2.964894037E+02  2.757153873E+02  7.368033044E-01 
       497  2.790553153E-02  1.783591187E-01  4.966367300E-02  1.140579871E+05  2.355900259E+02  3.456556177E+02  2.975302114E+02  2.713753843E+02  7.329074014E-01 
       498  3.023553076E-02  1.780531658E-01  5.215009418E-02  1.150238859E+05  2.338966770E+02  3.461721973E+02  2.984201727E+02  2.706693363E+02  7.387865209E-01 
       499  3.255140683E-02  1.777481834E-01  5.464573084E-02  1.160944294E+05  2.325329075E+02  3.466383691E+02  2.992243737E+02  2.679234365E+02  7.414328973E-01 
       500  3.480321611E-02  1.773622653E-01  5.719033452E-02  1.171592980E+05  2.317071511E+02  3.471464033E+02  3.001022308E+02  2.621946926E+02  7.390224473E-01 
       501  3.704366447E-02  1.769956776E-01  5.978074099E-02  1.180378397E+05  2.315983186E+02  3.475941763E+02  3.008769517E+02  2.593808053E+02  7.369493707E-01 
       502  3.923116288E-02  1.766153691E-01  6.237867612E-02  1.187387708E+05  2.322147362E+02  3.478713136E+02  3.013572779E+02  2.578943172E+02  7.335977247E-01 
       503  4.136429871E-02  1.761773997E-01  6.501205622E-02  1.191524905E+05  2.325695006E+02  3.480348513E+02  3.016402615E+02  2.566552485E+02  7.312914666E-01 
       504  4.348069858E-02  1.757484529E-01  6.766046190E-02  1.194385820E+05  2.330441761E+02  3.481664820E+02  3.018683500E+02  2.568982453E+02  7.297632955E-01 
       505  4.554226392E-02  1.753162813E-01  7.034950997E-02  1.195956123E+05  2.333846874E+02  3.482684479E+02  3.020451765E+02  2.559916191E+02  7.278131321E-01 
       506  4.756665315E-02  1.748560179E-01  7.306168772E-02  1.196214247E+05  2.337760882E+02  3.482799346E+02  3.020648780E+02  2.546779470E+02  7.252705148E-01 
       507  4.956604909E-02  1.743615796E-01  7.580968578E-02  1.195651772E+05  2.339421058E+02  3.482628640E+02  3.020352570E+02  2.550590268E+02  7.252641853E-01 
       508  5.152654947E-02  1.738670862E-01  7.855886540E-02  1.194056530E+05  2.339775029E+02  3.482296389E+02  3.019775909E+02  2.559043167E+02  7.261980944E-01 
       509  5.347325952E-02  1.733659220E-01  8.131742073E-02  1.191586161E+05  2.344556580E+02  3.481322954E+02  3.018087717E+02  2.562828860E+02  7.249700435E-01 
       510  5.541917190E-02  1.728212690E-01  8.412523757E-02  1.192616436E+05  2.343962434E+02  3.481915832E+02  3.019115478E+02  2.560724482E+02  7.251723164E-01 
       511  5.731737707E-02  1.722438844E-01  8.698058411E-02  1.195927352E+05  2.343586678E+02  3.483753809E+02  3.022304215E+02  2.547865489E+02  7.243010351E-01 
       512  5.917186437E-02  1.716911252E-01  8.979478553E-02  1.197728145E+05  2.352212432E+02  3.483847065E+02  3.022468721E+02  2.544342107E+02  7.207654003E-01 
       513  6.096387184E-02  1.711643945E-01  9.255110888E-02  1.197348069E+05  2.361541283E+02  3.483221568E+02  3.021382980E+02  2.544398351E+02  7.173288071E-01 
       514  6.270700241E-02  1.705757992E-01  9.544380808E-02  1.195631958E+05  2.373143244E+02  3.481945539E+02  3.019169765E+02  2.550203276E+02  7.133208495E-01 
       515  6.442263795E-02  1.699823167E-01  9.834544530E-02  1.193418724E+05  2.379985704E+02  3.480989913E+02  3.017512166E+02  2.556689353E+02  7.113464527E-01 
       516  6.612271722E-02  1.694054111E-01  1.012510921E-01  1.190998055E+05  2.386189728E+02  3.480084429E+02  3.015941420E+02  2.562312887E+02  7.097385013E-01 
       517  6.776083839E-02  1.688452726E-01  1.042003507E-01  1.189161018E+05  2.386561131E+02  3.480019757E+02  3.015830336E+02  2.565199832E+02  7.103729991E-01 
       518  6.936215302E-02  1.682812898E-01  1.071729988E-01  1.187687105E+05  2.392153774E+02  3.479470035E+02  3.014878489E+02  2.570270948E+02  7.090692676E-01 
       519  7.082677073E-02  1.677321085E-01  1.102128146E-01  1.186607769E+05  2.400493186E+02  3.478954377E+02  3.013985319E+02  2.579307363E+02  7.068916671E-01 
       520  7.220712168E-02  1.672497044E-01  1.133584680E-01  1.186247488E+05  2.406522306E+02  3.479370029E+02  3.014707640E+02  2.586599195E+02  7.056437010E-01 
       521  7.342602904E-02  1.668557431E-01  1.165154693E-01  1.185705134E+05  2.410421301E+02  3.480645523E+02  3.016919038E+02  2.583000991E+02  7.042861227E-01 
       522  7.439926912E-02  1.665467988E-01  1.197652411E-01  1.184555186E+05  2.411625197E+02  3.482234383E+02  3.019673510E+02  2.573915467E+02  7.035054499E-01 
       523  7.498839543E-02  1.664581038E-01  1.231239650E-01  1.183651553E+05  2.408118515E+02  3.484365368E+02  3.023369598E+02  2.559229355E+02  7.039825097E-01 
       524  7.530423640E-02  1.665023734E-01  1.265249777E-01  1.183723357E+05  2.401630239E+02  3.485708594E+02  3.025704021E+02  2.552008014E+02  7.064252039E-01 
       525  7.543612494E-02  1.666233331E-01  1.299370256E-01  1.181750527E+05  2.416370773E+02  3.483101692E+02  3.021176338E+02  2.586408615E+02  7.042224742E-01 
       526  7.553122174E-02  1.667952118E-01  1.333496155E-01  1.179806299E+05  2.434161453E+02  3.479561696E+02  3.015041046E+02  2.616911168E+02  7.015199689E-01 
       527  7.566054780E-02  1.669469890E-01  1.367626796E-01  1.179087217E+05  2.427836456E+02  3.481432419E+02  3.018283949E+02  2.589447236E+02  7.015382145E-01 
       528  7.583993244E-02  1.671002891E-01  1.401745263E-01  1.178065547E+05  2.422933981E+02  3.485054414E+02  3.024573424E+02  2.584787973E+02  7.039808375E-01 
       529  7.600645069E-02  1.672586086E-01  1.435869327E-01  1.176953699E+05  2.433990853E+02  3.488311236E+02  3.030269463E+02  2.597193356E+02  7.033673702E-01 
       530  7.611546960E-02  1.674572299E-01  1.470000031E-01  1.178430870E+05  2.371025269E+02  3.501241353E+02  3.053766460E+02  2.479802184E+02  7.202394148E-01 
       531 -5.220359409E-02  2.342994603E-01 -4.210986580E-02  8.182736029E+04  1.818448730E+02  3.297603402E+02  2.708622059E+02  4.441208963E+02  1.148968391E+00 
       532 -5.220192467E-02  2.343108577E-01 -3.821952920E-02  8.075200931E+04  1.847591494E+02  3.292135466E+02  2.698976785E+02  4.459345222E+02  1.143693686E+00 
       533 -5.220302368E-02  2.343278434E-01 -3.432921672E-02  8.044318048E+04  1.857109979E+02  3.291018853E+02  2.697145721E+02  4.463131618E+02  1.141797119E+00 
       534 -5.220531674E-02  2.343446645E-01 -3.043898101E-02  8.131557854E+04  1.843471755E+02  3.295731511E+02  2.704883254E+02  4.445554590E+02  1.143405666E+00 
       535 -5.220735409E-02  2.343651870E-01 -2.654892396E-02  8.317018848E+04  1.799266586E+02  3.306611881E+02  2.722788258E+02  4.414197044E+02  1.151217110E+00 
       536 -5.221355576E-02  2.343966826E-01 -2.266385481E-02  8.498452062E+04  1.744711629E+02  3.317399868E+02  2.740572299E+02  4.370604829E+02  1.160566569E+00 
       537 -5.221196162E-02  2.344309954E-01 -1.877454498E-02  8.544482406E+04  1.722721106E+02  3.318948122E+02  2.743124809E+02  4.345664634E+02  1.163890834E+00 
       538 -5.222596507E-02  2.344687402E-01 -1.488167101E-02  8.396602054E+04  1.747684515E+02  3.310014735E+02  2.728395873E+02  4.377082864E+02  1.161101405E+00 
       539 -5.222923531E-02  2.345160018E-01 -1.099302079E-02  8.145413568E+04  1.826849273E+02  3.293535011E+02  2.701307453E+02  4.477234478E+02  1.152146148E+00 
       540 -5.210275326E-02  2.345957540E-01 -7.104134264E-03  7.923787372E+04  1.896174249E+02  3.282005926E+02  2.682404230E+02  4.480089792E+02  1.136758402E+00 
       541 -5.114101036E-02  2.348545508E-01 -3.375994418E-03  7.869208330E+04  1.924580466E+02  3.279985925E+02  2.679108737E+02  4.489619984E+02  1.131789049E+00 
       542 -4.917766965E-02  2.353023755E-01 -5.047413344E-05  8.005538965E+04  1.876633081E+02  3.290215549E+02  2.695843582E+02  4.528267927E+02  1.145841815E+00 
       543 -4.661414278E-02  2.358651253E-01  2.823323178E-03  8.170313391E+04  1.854507575E+02  3.298590274E+02  2.709585953E+02  4.503954992E+02  1.148639688E+00 
       544 -4.374488282E-02  2.364440537E-01  5.350106892E-03  8.457028894E+04  1.773043897E+02  3.316972396E+02  2.739881392E+02  4.391795330E+02  1.158283041E+00 
       545 -4.059796688E-02  2.370222596E-01  7.583171126E-03  8.862769830E+04  1.653540667E+02  3.337924206E+02  2.774598167E+02  4.280280910E+02  1.177247347E+00 
       546 -3.738701819E-02  2.375676250E-01  9.702642239E-03  8.769812170E+04  1.670031306E+02  3.333209865E+02  2.766772366E+02  4.296449666E+02  1.173629094E+00 
       547 -3.407522408E-02  2.380263225E-01  1.169481074E-02  8.239219739E+04  1.838566203E+02  3.303903508E+02  2.718365946E+02  4.417287431E+02  1.142691011E+00 
       548 -3.073065008E-02  2.384984497E-01  1.361793802E-02  8.011910492E+04  1.907787418E+02  3.291320286E+02  2.697643923E+02  4.462004201E+02  1.129738875E+00 
       549 -2.732884007E-02  2.388770261E-01  1.546643341E-02  8.160014429E+04  1.864980702E+02  3.299296823E+02  2.710740886E+02  4.441893830E+02  1.138479307E+00 
       550 -2.390908864E-02  2.392176502E-01  1.728468609E-02  8.234519176E+04  1.830933905E+02  3.304080474E+02  2.718611849E+02  4.434720513E+02  1.146326044E+00 
       551 -2.044822495E-02  2.394794424E-01  1.908927170E-02  8.162220908E+04  1.860578904E+02  3.299069207E+02  2.710370930E+02  4.449904389E+02  1.140577305E+00 
       552 -1.699643969E-02  2.397114515E-01  2.086461287E-02  8.101562585E+04  1.885339334E+02  3.294906111E+02  2.703536096E+02  4.455904694E+02  1.136200706E+00 
       553 -1.354033893E-02  2.398615604E-01  2.263394957E-02  8.100176709E+04  1.883672791E+02  3.295100651E+02  2.703884163E+02  4.445404816E+02  1.136671983E+00 
       554 -1.007792796E-02  2.399171479E-01  2.439846914E-02  8.125529272E+04  1.877282989E+02  3.295617514E+02  2.704731057E+02  4.428125925E+02  1.136758529E+00 
       555 -6.592279415E-03  2.399646350E-01  2.619220728E-02  8.067566138E+04  1.883283153E+02  3.292698145E+02  2.699929523E+02  4.455118933E+02  1.139888626E+00 
       556 -3.124907716E-03  2.398994093E-01  2.794309000E-02  7.969079395E+04  1.907023315E+02  3.286555805E+02  2.689857044E+02  4.467614803E+02  1.137534559E+00 
       557  3.338943067E-04  2.398017910E-01  2.968583889E-02  1.052206291E+05  2.090413400E+02  3.418528924E+02  2.910294350E+02  3.910528392E+02  1.043267376E+00 
       558  3.794068913E-03  2.396169640E-01  3.144821874E-02  1.003516018E+05  2.126738176E+02  3.398587317E+02  2.876396394E+02  4.019479046E+02  1.042682009E+00 
       559  7.248441593E-03  2.393064044E-01  3.320284907E-02  9.595634277E+04  2.122797489E+02  3.379681091E+02  2.844463863E+02  4.094018898E+02  1.049923360E+00 
       560  1.068879679E-02  2.389885178E-01  3.498866898E-02  9.265361182E+04  2.139602246E+02  3.364194288E+02  2.818472567E+02  4.170266523E+02  1.052137285E+00 
       561  1.412543948E-02  2.386075767E-01  3.676435012E-02  8.990286670E+04  2.170408974E+02  3.348689337E+02  2.792537956E+02  4.251002941E+02  1.051164657E+00 
       562  1.753589177E-02  2.380598424E-01  3.855175648E-02  8.905697754E+04  2.182011642E+02  3.346998768E+02  2.789713306E+02  4.240114975E+02  1.047851376E+00 
       563  2.093820079E-02  2.375000001E-01  4.035454522E-02  9.193219092E+04  2.185637188E+02  3.363928013E+02  2.818067675E+02  4.219197102E+02  1.046155103E+00 
       564  2.432947450E-02  2.368878370E-01  4.215773147E-02  1.038006987E+05  2.108466897E+02  3.423789283E+02  2.919612330E+02  3.979681790E+02  1.053263255E+00 
       565  2.770729830E-02  2.361795572E-01  4.394886350E-02  1.245567966E+05  2.005231817E+02  3.510806813E+02  3.069746962E+02  3.470876966E+02  1.064248756E+00 
       566  3.105826597E-02  2.354459967E-01  4.578622705E-02  1.314541818E+05  2.004606450E+02  3.532776408E+02  3.107988076E+02  3.309410758E+02  1.060403923E+00 
       567  3.438758923E-02  2.346372217E-01  4.762879820E-02  1.239335206E+05  2.004704597E+02  3.509156801E+02  3.066585151E+02  3.448789421E+02  1.055699274E+00 
       568  3.771502906E-02  2.337669833E-01  4.947240569E-02  1.174214697E+05  2.025641930E+02  3.487063458E+02  3.028071766E+02  3.638563190E+02  1.051535219E+00 
       569  4.101460083E-02  2.329246351E-01  5.135281935E-02  1.183039512E+05  2.052868965E+02  3.488707304E+02  3.030924096E+02  3.639628191E+02  1.042888573E+00 
       570  4.428347740E-02  2.319960665E-01  5.324515281E-02  1.228824117E+05  2.065216793E+02  3.503410466E+02  3.056522665E+02  3.528359418E+02  1.036702045E+00 
       571  4.749748393E-02  2.310181580E-01  5.520824782E-02  1.251344265E+05  2.052571239E+02  3.513226051E+02  3.073664818E+02  3.445692296E+02  1.039073085E+00 
       572  5.066691057E-02  2.300652086E-01  5.723980181E-02  1.249093292E+05  2.046988545E+02  3.514672681E+02  3.076194429E+02  3.432430303E+02  1.038512442E+00 
       573  5.379140778E-02  2.290521307E-01  5.932353399E-02  1.245729346E+05  2.081779247E+02  3.511615418E+02  3.070845938E+02  3.454436855E+02  1.027337618E+00 
       574  5.683956615E-02  2.279793322E-01  6.149869556E-02  1.249264053E+05  2.113034248E+02  3.512073803E+02  3.071646700E+02  3.432915993E+02  1.017051019E+00 
       575  5.985072913E-02  2.269370111E-01  6.373374277E-02  1.251847227E+05  2.137425861E+02  3.514425583E+02  3.075761795E+02  3.404125347E+02  1.008109413E+00 
       576  6.280959972E-02  2.258492183E-01  6.601505396E-02  1.250324386E+05  2.189035485E+02  3.512910001E+02  3.073109954E+02  3.407081931E+02  9.912833188E-01 
       577  6.573461678E-02  2.247295145E-01  6.832363097E-02  1.247207965E+05  2.221836684E+02  3.512193379E+02  3.071855087E+02  3.411963525E+02  9.817865444E-01 
       578  6.865501872E-02  2.236625994E-01  7.064894084E-02  1.242669739E+05  2.240978736E+02  3.512026540E+02  3.071560658E+02  3.404511063E+02  9.758170163E-01 
       579  7.151541969E-02  2.224865137E-01  7.302188293E-02  1.230110676E+05  2.265701981E+02  3.507476082E+02  3.063609447E+02  3.383911128E+02  9.656658601E-01 
       580  7.433322259E-02  2.213060150E-01  7.543149031E-02  1.215611438E+05  2.281506028E+02  3.504482632E+02  3.058385730E+02  3.413124132E+02  9.621616621E-01 
       581  7.711325138E-02  2.201536844E-01  7.789825066E-02  1.226657875E+05  2.316799482E+02  3.518323390E+02  3.082656483E+02  3.428973227E+02  9.516647892E-01 
       582  7.981655167E-02  2.189959972E-01  8.044372180E-02  1.228688386E+05  2.388518260E+02  3.521116204E+02  3.087563658E+02  3.452346315E+02  9.284533607E-01 
       583  8.242371870E-02  2.177951216E-01  8.306797326E-02  1.222675078E+05  2.393404131E+02  3.520741196E+02  3.086918774E+02  3.425912094E+02  9.226787239E-01 
       584  8.497819178E-02  2.166305248E-01  8.576177505E-02  1.218766059E+05  2.395279595E+02  3.517247223E+02  3.080786825E+02  3.398129210E+02  9.187375775E-01 
       585  8.747465708E-02  2.155008942E-01  8.852176985E-02  1.216761523E+05  2.395711975E+02  3.513913059E+02  3.074924893E+02  3.393302989E+02  9.171409868E-01 
       586  8.983863293E-02  2.143275504E-01  9.137087988E-02  1.217497058E+05  2.356955116E+02  3.514163365E+02  3.075346498E+02  3.398704166E+02  9.280180875E-01 
       587  9.211779941E-02  2.131724912E-01  9.430579148E-02  1.221425717E+05  2.323146993E+02  3.512085371E+02  3.071686962E+02  3.398025702E+02  9.376349639E-01 
       588  9.424446159E-02  2.121023496E-01  9.738772987E-02  1.225878600E+05  2.280584965E+02  3.511142124E+02  3.070027372E+02  3.400995879E+02  9.504864725E-01 
       589  9.610967173E-02  2.111612431E-01  1.006666829E-01  1.229782635E+05  2.237861649E+02  3.510895169E+02  3.069596046E+02  3.394689995E+02  9.626898069E-01 
       590  9.742401869E-02  2.103903297E-01  1.042235364E-01  1.231883865E+05  2.201405727E+02  3.510297259E+02  3.068553892E+02  3.395967630E+02  9.730398077E-01 
       591  9.764724840E-02  2.101688920E-01  1.080985861E-01  1.232595127E+05  2.194175968E+02  3.507981243E+02  3.064508529E+02  3.396109443E+02  9.749972578E-01 
       592  9.763062643E-02  2.101108570E-01  1.119846410E-01  1.231047005E+05  2.213611946E+02  3.506964949E+02  3.062743329E+02  3.383725994E+02  9.691490777E-01 
       593  9.759894170E-02  2.100363093E-01  1.158782398E-01  1.228327456E+05  2.239765911E+02  3.512544560E+02  3.072513456E+02  3.371803153E+02  9.610685450E-01 
       594  9.760335841E-02  2.100041055E-01  1.197683889E-01  1.227229601E+05  2.258623873E+02  3.523825369E+02  3.092295172E+02  3.311049172E+02  9.541697758E-01 
       595  9.760552297E-02  2.099886023E-01  1.236588659E-01  1.226767254E+05  2.265062688E+02  3.537525590E+02  3.116365725E+02  3.197116887E+02  9.517190476E-01 
       596  9.760989540E-02  2.100145164E-01  1.275491461E-01  1.228087918E+05  2.269551038E+02  3.548001294E+02  3.134828367E+02  3.072449209E+02  9.518468645E-01 
       597  9.760550437E-02  2.100148949E-01  1.314412195E-01  1.228767617E+05  2.272369041E+02  3.553382664E+02  3.144343252E+02  3.045249109E+02  9.510724731E-01 
       598  9.762031038E-02  2.101034915E-01  1.353312483E-01  1.229488802E+05  2.280584684E+02  3.554492024E+02  3.146354717E+02  3.135492660E+02  9.467845010E-01 
       599  9.762506170E-02  2.101609083E-01  1.392228176E-01  1.229877211E+05  2.281822277E+02  3.550773175E+02  3.139829922E+02  3.211963972E+02  9.460639225E-01 
       600  9.764671237E-02  2.102092269E-01  1.431110049E-01  1.230040598E+05  2.262517869E+02  3.542523260E+02  3.125279927E+02  3.252607226E+02  9.526243014E-01 
       601  9.766256924E-02  2.102587391E-01  1.469999989E-01  1.230970703E+05  2.226071014E+02  3.538040886E+02  3.114640236E+02  3.305658798E+02  9.644654021E-01 
