nodenumber     x-coordinate     y-coordinate     z-coordinate         pressure velocity-magnitude      sound-speed      temperature rel-velocity-magnitude relative-velocity-angle 
         1 -2.216901913E-02  1.039879580E-01 -4.300600202E-02  8.760446852E+04  1.536760860E+02  3.330772370E+02  2.762694436E+02  2.356359543E+02  8.604285168E-01 
         2 -2.197401757E-02  1.042260031E-01 -4.002397295E-02  8.749268921E+04  1.544175909E+02  3.330123731E+02  2.761618721E+02  2.364198446E+02  8.593286858E-01 
         3 -2.150271627E-02  1.045375264E-01 -3.708169353E-02  8.736838904E+04  1.550751491E+02  3.329475694E+02  2.760543809E+02  2.369606745E+02  8.578861621E-01 
         4 -2.072290556E-02  1.049359494E-01 -3.421635317E-02  8.725305310E+04  1.557711396E+02  3.328881502E+02  2.759558549E+02  2.377166996E+02  8.571284525E-01 
         5 -1.964621854E-02  1.053757771E-01 -3.145501365E-02  8.714127661E+04  1.564128780E+02  3.328316107E+02  2.758621454E+02  2.385202703E+02  8.568734583E-01 
         6 -1.833909717E-02  1.058829391E-01 -2.880182754E-02  8.701453052E+04  1.570927963E+02  3.327680244E+02  2.757568231E+02  2.393377194E+02  8.565102257E-01 
         7 -1.686396899E-02  1.064019756E-01 -2.624136390E-02  8.684380884E+04  1.579569998E+02  3.326740198E+02  2.756011114E+02  2.403524823E+02  8.558339607E-01 
         8 -1.524276490E-02  1.069101094E-01 -2.376908005E-02  8.662035791E+04  1.588808358E+02  3.325605621E+02  2.754130745E+02  2.415095644E+02  8.553870544E-01 
         9 -1.353040875E-02  1.074492491E-01 -2.136449246E-02  8.633859058E+04  1.601461473E+02  3.324086537E+02  2.751615047E+02  2.427554812E+02  8.534158636E-01 
        10 -1.175719847E-02  1.079385502E-01 -1.899452623E-02  8.610130103E+04  1.618031375E+02  3.322585974E+02  2.749130571E+02  2.441294405E+02  8.498088280E-01 
        11 -9.920451205E-03  1.084473482E-01 -1.667649769E-02  8.597593274E+04  1.631901610E+02  3.321784532E+02  2.747805454E+02  2.452478436E+02  8.468534583E-01 
        12 -8.053093039E-03  1.089314126E-01 -1.437870322E-02  8.617237088E+04  1.633712279E+02  3.323149058E+02  2.750063679E+02  2.448422407E+02  8.450111113E-01 
        13 -6.139911673E-03  1.093816015E-01 -1.211111235E-02  8.669269873E+04  1.626184464E+02  3.326073408E+02  2.754905438E+02  2.432627683E+02  8.440477364E-01 
        14 -4.213714023E-03  1.098625599E-01 -9.853315987E-03  8.755473242E+04  1.604050579E+02  3.330616379E+02  2.762436638E+02  2.404374628E+02  8.470250815E-01 
        15 -2.267252226E-03  1.102821410E-01 -7.616721013E-03  8.859373438E+04  1.564280005E+02  3.336076164E+02  2.771501646E+02  2.370904188E+02  8.581903987E-01 
        16 -3.058463972E-04  1.106716081E-01 -5.380345181E-03  8.943057666E+04  1.498049765E+02  3.340140028E+02  2.778259344E+02  2.341651425E+02  8.853489533E-01 
        17  1.649896870E-03  1.110991589E-01 -3.144821902E-03  8.728008691E+04  1.469213010E+02  3.328414631E+02  2.758801656E+02  2.419392211E+02  9.281966835E-01 
        18  3.605378217E-03  1.114680886E-01 -8.997268064E-04  7.536083044E+04  1.761188221E+02  3.260986986E+02  2.648157887E+02  2.853576369E+02  9.345397428E-01 
        19  5.548952344E-03  1.118349081E-01  1.356589372E-03  6.979454340E+04  2.087176868E+02  3.227454963E+02  2.594001558E+02  3.073467278E+02  8.478292502E-01 
        20  7.472030685E-03  1.121892539E-01  3.633809071E-03  7.296587161E+04  2.116605962E+02  3.247049299E+02  2.625608187E+02  2.973719269E+02  7.900039942E-01 
        21  9.366594022E-03  1.125505666E-01  5.932977735E-03  7.661882654E+04  2.090967455E+02  3.268658435E+02  2.660667684E+02  2.860828688E+02  7.592095542E-01 
        22  1.122147558E-02  1.129077905E-01  8.263617067E-03  7.901756450E+04  2.079249019E+02  3.284135413E+02  2.685896036E+02  2.760632564E+02  7.280534626E-01 
        23  1.303284284E-02  1.132507638E-01  1.062953057E-02  8.055495813E+04  2.101104784E+02  3.293378297E+02  2.701021360E+02  2.698859134E+02  6.943968620E-01 
        24  1.479928419E-02  1.136234762E-01  1.303021626E-02  8.169354353E+04  2.150878907E+02  3.299164985E+02  2.710522659E+02  2.678760980E+02  6.616721430E-01 
        25  1.649617427E-02  1.139938279E-01  1.547769530E-02  8.269323108E+04  2.204956124E+02  3.304007316E+02  2.718482878E+02  2.662759807E+02  6.284558545E-01 
        26  1.811807173E-02  1.143837002E-01  1.797032872E-02  8.336489160E+04  2.262727902E+02  3.307182140E+02  2.723706613E+02  2.646719537E+02  5.935375188E-01 
        27  1.968166241E-02  1.148013513E-01  2.049621310E-02  8.343141650E+04  2.332564261E+02  3.307496707E+02  2.724224505E+02  2.642443063E+02  5.565611976E-01 
        28  2.119101764E-02  1.152299366E-01  2.305322148E-02  8.288865860E+04  2.420464385E+02  3.304341559E+02  2.719030400E+02  2.663098001E+02  5.188790952E-01 
        29  2.266338778E-02  1.156643914E-01  2.563116057E-02  8.232387891E+04  2.509636705E+02  3.300448749E+02  2.712628276E+02  2.690335333E+02  4.831689408E-01 
        30  2.408077791E-02  1.161159634E-01  2.823658064E-02  8.184253125E+04  2.589336374E+02  3.297550786E+02  2.707864926E+02  2.714166334E+02  4.515370326E-01 
        31  2.544088325E-02  1.165921105E-01  3.086849856E-02  8.131262598E+04  2.667677922E+02  3.294286757E+02  2.702507861E+02  2.739584379E+02  4.214695939E-01 
        32  2.674433127E-02  1.170738851E-01  3.352942364E-02  8.074075964E+04  2.747048831E+02  3.290738254E+02  2.696688554E+02  2.768726814E+02  3.924392364E-01 
        33  2.797950643E-02  1.175445507E-01  3.622298897E-02  8.020471689E+04  2.826300582E+02  3.287474823E+02  2.691341718E+02  2.798393812E+02  3.637121499E-01 
        34  2.916313541E-02  1.180056499E-01  3.893937175E-02  7.989754121E+04  2.899622728E+02  3.285568889E+02  2.688222948E+02  2.819593493E+02  3.348554879E-01 
        35  3.031249539E-02  1.184785399E-01  4.167042727E-02  8.002429178E+04  2.957499520E+02  3.286442735E+02  2.689652339E+02  2.823300508E+02  3.075546504E-01 
        36  3.139929926E-02  1.189405785E-01  4.442941843E-02  8.031598383E+04  3.009829485E+02  3.288759958E+02  2.693445514E+02  2.821996589E+02  2.811505800E-01 
        37  3.242013936E-02  1.193808800E-01  4.721660669E-02  8.082377214E+04  3.058156873E+02  3.292726049E+02  2.699947237E+02  2.812275484E+02  2.531571885E-01 
        38  3.340677803E-02  1.198011670E-01  5.002067675E-02  8.201253680E+04  3.087116839E+02  3.299900566E+02  2.711729196E+02  2.781060458E+02  2.268888111E-01 
        39  3.430413654E-02  1.201853153E-01  5.285529857E-02  8.359738477E+04  3.103392563E+02  3.308968945E+02  2.726657686E+02  2.735389271E+02  2.014902188E-01 
        40  3.515433510E-02  1.205874318E-01  5.570324370E-02  8.556494775E+04  3.106396828E+02  3.319768333E+02  2.744490490E+02  2.677290325E+02  1.783313714E-01 
        41  3.592907297E-02  1.209644065E-01  5.857535950E-02  8.785176050E+04  3.093817544E+02  3.332117996E+02  2.764953260E+02  2.608579574E+02  1.596012278E-01 
        42  3.664355424E-02  1.213334730E-01  6.146049591E-02  9.029713831E+04  3.066771374E+02  3.344612799E+02  2.785727291E+02  2.533714814E+02  1.467795614E-01 
        43  3.727845098E-02  1.217084379E-01  6.437276718E-02  9.262606201E+04  3.031031446E+02  3.356221228E+02  2.805091753E+02  2.461425352E+02  1.404362181E-01 
        44  3.781448665E-02  1.220744111E-01  6.730672953E-02  9.454940454E+04  2.994700499E+02  3.366123819E+02  2.821663208E+02  2.402079706E+02  1.402641982E-01 
        45  3.826762164E-02  1.224563704E-01  7.025293559E-02  9.588343457E+04  2.965372055E+02  3.373532557E+02  2.834092920E+02  2.362271291E+02  1.444208409E-01 
        46  3.856443464E-02  1.228195695E-01  7.317567491E-02  9.662198828E+04  2.946699982E+02  3.378383179E+02  2.842248306E+02  2.341698380E+02  1.501163170E-01 
        47  3.882754171E-02  1.231963568E-01  7.616928387E-02  9.687991998E+04  2.932176735E+02  3.384544950E+02  2.852638172E+02  2.324525971E+02  1.551764004E-01 
        48  3.896508106E-02  1.235573809E-01  7.913505459E-02  9.683235938E+04  2.903523178E+02  3.393410263E+02  2.867702942E+02  2.273199234E+02  1.569252312E-01 
        49  3.903512947E-02  1.239238609E-01  8.213137167E-02  9.670085449E+04  2.819982131E+02  3.410986736E+02  2.897703679E+02  2.127452649E+02  1.628112854E-01 
        50  3.900153017E-02  1.243001337E-01  8.510504302E-02  9.665245856E+04  2.671397929E+02  3.440125488E+02  2.947587100E+02  1.852677410E+02  1.661894495E-01 
        51  3.889299026E-02  1.246700891E-01  8.806950082E-02  9.681495349E+04  2.488012412E+02  3.479024425E+02  3.014643049E+02  1.392990606E+02  1.405976368E-01 
        52  3.870303970E-02  1.250405990E-01  9.105247242E-02  9.691616821E+04  2.371118264E+02  3.515081902E+02  3.077123251E+02  9.463502920E+01  4.626536110E-02 
        53  3.847530202E-02  1.253810613E-01  9.402032493E-02  9.697719257E+04  2.335785376E+02  3.528667924E+02  3.100904655E+02  5.761540241E+01 -1.769368765E-01 
        54  3.809583015E-02  1.257752167E-01  9.695318516E-02  9.774326172E+04  2.306552620E+02  3.534794350E+02  3.111579895E+02  3.699796009E+01 -1.515668243E+00 
        55  3.767199372E-02  1.261489404E-01  9.992435767E-02  9.924586865E+04  2.390637097E+02  3.529051895E+02  3.101442585E+02  3.976812768E+01 -1.437799450E+00 
        56  3.723780727E-02  1.265196365E-01  1.028569506E-01  1.016029047E+05  2.498526640E+02  3.519381905E+02  3.084472689E+02  5.588693210E+01 -1.137223609E+00 
        57  3.672955052E-02  1.269046997E-01  1.057947981E-01  1.036217509E+05  2.526388848E+02  3.507195964E+02  3.063151879E+02  9.294587445E+01 -3.564260547E-01 
        58  3.615520807E-02  1.273091289E-01  1.087154776E-01  1.052807209E+05  2.486967592E+02  3.483944788E+02  3.022714872E+02  1.424629974E+02  1.166731408E-01 
        59  3.556812424E-02  1.277144368E-01  1.116309472E-01  1.070224158E+05  2.523487027E+02  3.453589137E+02  2.970252171E+02  1.794939573E+02  2.353970187E-01 
        60  3.495651588E-02  1.281329458E-01  1.145394580E-01  1.079649980E+05  2.586683812E+02  3.436811457E+02  2.941411638E+02  1.885144348E+02  2.222356563E-01 
        61  3.433795015E-02  1.285471243E-01  1.174457346E-01  1.082905247E+05  2.620086751E+02  3.433861895E+02  2.936356506E+02  1.889173622E+02  2.031917532E-01 
        62  3.376061330E-02  1.289460490E-01  1.203607660E-01  1.083289243E+05  2.655796509E+02  3.433556602E+02  2.935834572E+02  1.920088167E+02  1.929841537E-01 
        63  3.331803132E-02  1.293309423E-01  1.232882868E-01  1.082147863E+05  2.690980587E+02  3.432533461E+02  2.934084458E+02  1.961457734E+02  1.875113383E-01 
        64  3.310586596E-02  1.296649637E-01  1.262581306E-01  1.080587599E+05  2.714775980E+02  3.431510572E+02  2.932335732E+02  1.992086767E+02  1.856296690E-01 
        65  3.306639982E-02  1.299493947E-01  1.292495641E-01  1.078699491E+05  2.728029484E+02  3.430980463E+02  2.931430069E+02  2.009489554E+02  1.856073336E-01 
        66  3.322486525E-02  1.302097713E-01  1.322380794E-01  1.076642482E+05  2.738496730E+02  3.430357102E+02  2.930365379E+02  2.021336079E+02  1.854941128E-01 
        67  3.356462385E-02  1.304573038E-01  1.352130229E-01  1.074610919E+05  2.749880071E+02  3.429472219E+02  2.928853719E+02  2.033450171E+02  1.852383152E-01 
        68  3.400410102E-02  1.306751199E-01  1.381765647E-01  1.072517220E+05  2.761914608E+02  3.428461952E+02  2.927127521E+02  2.047942157E+02  1.853401428E-01 
        69  3.451963359E-02  1.308741206E-01  1.411278790E-01  1.070460842E+05  2.773541026E+02  3.427547984E+02  2.925566931E+02  2.063893631E+02  1.862724668E-01 
        70  3.508991352E-02  1.310576265E-01  1.440660380E-01  1.067853531E+05  2.785673470E+02  3.426359839E+02  2.923538849E+02  2.082025821E+02  1.877085613E-01 
        71  3.570211579E-02  1.312503676E-01  1.470000000E-01  1.063160361E+05  2.800629654E+02  3.424341240E+02  2.920094833E+02  2.103253365E+02  1.883113701E-01 
        72 -2.843361623E-02  1.708417341E-01 -4.258217492E-02  8.203593530E+04  1.838377500E+02  3.299580822E+02  2.711193476E+02  3.443993568E+02  1.007612694E+00 
        73 -2.838826984E-02  1.709653765E-01 -3.916427879E-02  8.207674829E+04  1.842400045E+02  3.299732599E+02  2.711444082E+02  3.448657780E+02  1.007147386E+00 
        74 -2.835908450E-02  1.711140563E-01 -3.574649433E-02  8.237624982E+04  1.839852490E+02  3.301350913E+02  2.714105415E+02  3.440166717E+02  1.006635901E+00 
        75 -2.838361088E-02  1.712589164E-01 -3.232950605E-02  8.289948535E+04  1.828670964E+02  3.304945946E+02  2.720021372E+02  3.419394922E+02  1.006849092E+00 
        76 -2.841360827E-02  1.714319125E-01 -2.891476756E-02  8.352465393E+04  1.824509706E+02  3.307964501E+02  2.724991455E+02  3.418186474E+02  1.008076111E+00 
        77 -2.833774301E-02  1.716334782E-01 -2.549995819E-02  8.407895081E+04  1.815912260E+02  3.310650849E+02  2.729417688E+02  3.407601858E+02  1.009156742E+00 
        78 -2.791452343E-02  1.719215161E-01 -2.212016887E-02  8.447028906E+04  1.800448284E+02  3.313254032E+02  2.733711462E+02  3.386538239E+02  1.010766923E+00 
        79 -2.700703325E-02  1.722886754E-01 -1.884820631E-02  8.436462646E+04  1.795440745E+02  3.312624741E+02  2.732674294E+02  3.397438078E+02  1.014454536E+00 
        80 -2.544395246E-02  1.727209334E-01 -1.584518523E-02  8.326211737E+04  1.813964658E+02  3.306287904E+02  2.722231505E+02  3.430524452E+02  1.013841815E+00 
        81 -2.351536464E-02  1.732363399E-01 -1.306823492E-02  8.136186877E+04  1.848113129E+02  3.295959461E+02  2.705255565E+02  3.489683048E+02  1.012929742E+00 
        82 -2.134527601E-02  1.737374909E-01 -1.047435973E-02  7.874005278E+04  1.908354854E+02  3.280515331E+02  2.679964052E+02  3.556542237E+02  1.004901909E+00 
        83 -1.897326710E-02  1.742189522E-01 -8.035177519E-03  7.558029910E+04  1.992739659E+02  3.261246098E+02  2.648571589E+02  3.655477289E+02  9.956196011E-01 
        84 -1.652827274E-02  1.746780172E-01 -5.688541800E-03  7.325578113E+04  2.067734292E+02  3.246324139E+02  2.624395497E+02  3.718729444E+02  9.829538055E-01 
        85 -1.397929867E-02  1.751251779E-01 -3.446989688E-03  7.265480603E+04  2.102716327E+02  3.242338943E+02  2.617963104E+02  3.746745043E+02  9.771658983E-01 
        86 -1.139011487E-02  1.755573757E-01 -1.256774906E-03  7.385041431E+04  2.100756984E+02  3.250405560E+02  2.631020932E+02  3.711963658E+02  9.706325419E-01 
        87 -8.734274343E-03  1.759085237E-01  8.667805443E-04  7.893446161E+04  2.054139650E+02  3.279399800E+02  2.678211701E+02  3.585634353E+02  9.618518911E-01 
        88 -6.073383534E-03  1.762548475E-01  2.984781313E-03  8.862237946E+04  1.900792562E+02  3.336196976E+02  2.771750256E+02  3.311324260E+02  9.664896582E-01 
        89 -3.359730182E-03  1.765819110E-01  5.053045394E-03  9.828841510E+04  1.753895593E+02  3.383669059E+02  2.851169747E+02  3.044127166E+02  9.816447636E-01 
        90 -6.741955509E-04  1.768270807E-01  7.130208361E-03  9.753904405E+04  1.648940323E+02  3.381215411E+02  2.847030236E+02  3.042468638E+02  1.019119750E+00 
        91  2.027043660E-03  1.770783858E-01  9.208570588E-03  7.936758295E+04  1.901943842E+02  3.284148206E+02  2.685956696E+02  3.591607702E+02  1.014285124E+00 
        92  4.731686997E-03  1.772422585E-01  1.127155269E-02  7.291221642E+04  2.123968970E+02  3.244317269E+02  2.621155441E+02  3.730520235E+02  9.661089276E-01 
        93  7.454465044E-03  1.773874983E-01  1.334309669E-02  7.338295018E+04  2.101745781E+02  3.246764871E+02  2.625109957E+02  3.752086566E+02  9.778058145E-01 
        94  1.015989937E-02  1.775222933E-01  1.545596277E-02  7.070567244E+04  2.189899030E+02  3.228566188E+02  2.595822521E+02  3.841166361E+02  9.668215174E-01 
        95  1.284858280E-02  1.775661421E-01  1.756817794E-02  6.724838953E+04  2.284552301E+02  3.207142645E+02  2.561477109E+02  3.921550844E+02  9.523858228E-01 
        96  1.551966693E-02  1.776138061E-01  1.970369132E-02  6.431983240E+04  2.366494441E+02  3.187605991E+02  2.530387826E+02  4.001560903E+02  9.428117890E-01 
        97  1.817410325E-02  1.776258069E-01  2.186017323E-02  6.188694788E+04  2.447825954E+02  3.170543637E+02  2.503349485E+02  4.076985025E+02  9.326509731E-01 
        98  2.080993586E-02  1.775631240E-01  2.403936301E-02  6.013784985E+04  2.513434463E+02  3.159493613E+02  2.485906215E+02  4.114119825E+02  9.193649031E-01 
        99  2.341570779E-02  1.774969016E-01  2.625394818E-02  5.961801343E+04  2.564898190E+02  3.156209269E+02  2.480745749E+02  4.130062857E+02  9.060357567E-01 
       100  2.600295182E-02  1.773818036E-01  2.848806157E-02  6.133809546E+04  2.580643644E+02  3.169588385E+02  2.501969118E+02  4.084694710E+02  8.904802389E-01 
       101  2.856627515E-02  1.771883875E-01  3.074502562E-02  6.665070654E+04  2.542236633E+02  3.207197676E+02  2.562109613E+02  3.936348391E+02  8.712314554E-01 
       102  3.110662233E-02  1.769811535E-01  3.302644514E-02  7.492828149E+04  2.472679987E+02  3.259812613E+02  2.646901188E+02  3.716354418E+02  8.492030501E-01 
       103  3.362247542E-02  1.767159818E-01  3.532849163E-02  8.176941943E+04  2.440052681E+02  3.299323101E+02  2.710971661E+02  3.538182802E+02  8.252008427E-01 
       104  3.610895472E-02  1.763647845E-01  3.765120331E-02  8.306282043E+04  2.477664645E+02  3.306844335E+02  2.723189926E+02  3.502987256E+02  8.060201090E-01 
       105  3.856497337E-02  1.759966372E-01  4.000321012E-02  8.049586880E+04  2.561023549E+02  3.293335376E+02  2.700994480E+02  3.579563820E+02  7.918379949E-01 
       106  4.103059304E-02  1.755360248E-01  4.234569910E-02  7.829745566E+04  2.639026705E+02  3.281480777E+02  2.681546028E+02  3.640262224E+02  7.767859295E-01 
       107  4.340106546E-02  1.750377176E-01  4.474435622E-02  7.904154997E+04  2.668230147E+02  3.287410278E+02  2.691260559E+02  3.618188195E+02  7.627481951E-01 
       108  4.575540032E-02  1.745445103E-01  4.717695363E-02  8.290950659E+04  2.655705807E+02  3.309009233E+02  2.726800334E+02  3.508678164E+02  7.467830852E-01 
       109  4.807037784E-02  1.739953488E-01  4.963532790E-02  8.894076660E+04  2.612620535E+02  3.340717840E+02  2.779330463E+02  3.340993624E+02  7.315536421E-01 
       110  5.034733117E-02  1.734133857E-01  5.212084081E-02  9.481308105E+04  2.580819321E+02  3.370328465E+02  2.828772526E+02  3.184847012E+02  7.162248008E-01 
       111  5.258765486E-02  1.728405975E-01  5.464144749E-02  9.878257568E+04  2.576570110E+02  3.390580921E+02  2.862825375E+02  3.082821960E+02  7.012975775E-01 
       112  5.479076840E-02  1.722430532E-01  5.718902978E-02  1.016683745E+05  2.584173117E+02  3.404361429E+02  2.886134415E+02  3.012528448E+02  6.877911277E-01 
       113  5.694737683E-02  1.716020731E-01  5.976586917E-02  1.048502842E+05  2.576973183E+02  3.418600469E+02  2.910329597E+02  2.929336104E+02  6.782795005E-01 
       114  5.911848447E-02  1.709340834E-01  6.233872565E-02  1.082907547E+05  2.554684121E+02  3.433566961E+02  2.935859546E+02  2.833952516E+02  6.727548040E-01 
       115  6.119351897E-02  1.703313828E-01  6.496775561E-02  1.110395471E+05  2.541071038E+02  3.445686216E+02  2.956621194E+02  2.757773862E+02  6.682031732E-01 
       116  6.319798910E-02  1.696485115E-01  6.765543605E-02  1.131935208E+05  2.537311187E+02  3.455216184E+02  2.972994728E+02  2.710619621E+02  6.636327067E-01 
       117  6.520189851E-02  1.689621155E-01  7.034628384E-02  1.150609097E+05  2.533719997E+02  3.463720074E+02  2.987644300E+02  2.663914900E+02  6.592470463E-01 
       118  6.717992039E-02  1.682884043E-01  7.305807409E-02  1.168957056E+05  2.518919582E+02  3.472280636E+02  3.002429647E+02  2.613680820E+02  6.593124736E-01 
       119  6.910755662E-02  1.675987334E-01  7.579818779E-02  1.183565720E+05  2.504390874E+02  3.478035898E+02  3.012391148E+02  2.567197106E+02  6.602985184E-01 
       120  7.101404689E-02  1.668389198E-01  7.852135391E-02  1.195192045E+05  2.474377114E+02  3.482711504E+02  3.020495949E+02  2.540319278E+02  6.696451441E-01 
       121  7.286652020E-02  1.661304029E-01  8.130170181E-02  1.197400874E+05  2.455297496E+02  3.484208766E+02  3.023093274E+02  2.538085107E+02  6.774480883E-01 
       122  7.473378469E-02  1.653966549E-01  8.408122010E-02  1.197870869E+05  2.449285164E+02  3.485146847E+02  3.024722157E+02  2.538859539E+02  6.802340746E-01 
       123  7.654776682E-02  1.646234676E-01  8.688218818E-02  1.197980662E+05  2.437778912E+02  3.486888037E+02  3.027746983E+02  2.532725806E+02  6.845280789E-01 
       124  7.830115451E-02  1.638494494E-01  8.971806956E-02  1.196305391E+05  2.424959164E+02  3.489939194E+02  3.033061428E+02  2.532069473E+02  6.899737343E-01 
       125  8.003223315E-02  1.630890187E-01  9.257063461E-02  1.193818430E+05  2.436044264E+02  3.491735926E+02  3.036197157E+02  2.535401850E+02  6.860929653E-01 
       126  8.174167210E-02  1.623344685E-01  9.543869445E-02  1.193725354E+05  2.439903817E+02  3.493180861E+02  3.038715556E+02  2.506629200E+02  6.821499700E-01 
       127  8.339566060E-02  1.615413001E-01  9.829620033E-02  1.194523208E+05  2.413426774E+02  3.498828173E+02  3.048581688E+02  2.462571059E+02  6.899155319E-01 
       128  8.500809507E-02  1.607572746E-01  1.012133408E-01  1.193646354E+05  2.384621969E+02  3.506856308E+02  3.062624068E+02  2.424330220E+02  6.998281367E-01 
       129  8.654116005E-02  1.600133249E-01  1.041766726E-01  1.191793761E+05  2.367776538E+02  3.514918146E+02  3.076731925E+02  2.364308784E+02  7.037739258E-01 
       130  8.807530659E-02  1.592883350E-01  1.071513815E-01  1.190027695E+05  2.336283083E+02  3.525893784E+02  3.095963655E+02  2.277653370E+02  7.140232595E-01 
       131  8.946870181E-02  1.585918917E-01  1.101955952E-01  1.187779495E+05  2.299123828E+02  3.536989613E+02  3.115444120E+02  2.168051283E+02  7.274527526E-01 
       132  9.078169785E-02  1.579398834E-01  1.132895212E-01  1.186605919E+05  2.279502772E+02  3.542172778E+02  3.124545735E+02  2.093458253E+02  7.352740089E-01 
       133  9.193376095E-02  1.573753789E-01  1.164622823E-01  1.186440300E+05  2.267898927E+02  3.541398129E+02  3.123162963E+02  2.095312893E+02  7.408161275E-01 
       134  9.287851211E-02  1.569754829E-01  1.197270904E-01  1.186266507E+05  2.275211591E+02  3.532311934E+02  3.107188305E+02  2.193937377E+02  7.411441165E-01 
       135  9.346963790E-02  1.567893278E-01  1.230899614E-01  1.185690897E+05  2.323305489E+02  3.512475157E+02  3.072439679E+02  2.386135579E+02  7.290168393E-01 
       136  9.376445592E-02  1.568076376E-01  1.265149706E-01  1.185050847E+05  2.393196092E+02  3.490287361E+02  3.033714542E+02  2.556341710E+02  7.109952783E-01 
       137  9.391306034E-02  1.569225935E-01  1.299303306E-01  1.184512969E+05  2.427127781E+02  3.479196844E+02  3.014413052E+02  2.613213758E+02  7.022262346E-01 
       138  9.402896493E-02  1.570765633E-01  1.333445553E-01  1.183571021E+05  2.425787115E+02  3.477637796E+02  3.011702499E+02  2.604233379E+02  7.023956329E-01 
       139  9.417960043E-02  1.572174564E-01  1.367593072E-01  1.182396873E+05  2.428394575E+02  3.477977505E+02  3.012289739E+02  2.604867430E+02  7.021444365E-01 
       140  9.437397158E-02  1.573466446E-01  1.401725853E-01  1.181409283E+05  2.437615962E+02  3.478500981E+02  3.013196697E+02  2.619054990E+02  7.007444166E-01 
       141  9.455826038E-02  1.574868932E-01  1.435861248E-01  1.180496682E+05  2.440375122E+02  3.480394484E+02  3.016477764E+02  2.620886088E+02  7.006541700E-01 
       142  9.468914447E-02  1.576724412E-01  1.470000022E-01  1.179226904E+05  2.441818409E+02  3.481468067E+02  3.018471680E+02  2.620589390E+02  7.009434663E-01 
       143 -2.515044289E-02  2.387134140E-01 -4.211006034E-02  8.334198075E+04  1.804977525E+02  3.307173741E+02  2.723689473E+02  4.406864287E+02  1.148818872E+00 
       144 -2.515073613E-02  2.387267259E-01 -3.821832766E-02  8.499417720E+04  1.767341925E+02  3.315623765E+02  2.737630052E+02  4.370788486E+02  1.154689887E+00 
       145 -2.514274647E-02  2.387409373E-01 -3.433018188E-02  8.600974422E+04  1.742091899E+02  3.321684490E+02  2.747645372E+02  4.349327610E+02  1.159039374E+00 
       146 -2.514933814E-02  2.387615668E-01 -3.043885368E-02  8.579756602E+04  1.745309634E+02  3.321216354E+02  2.746870143E+02  4.342050647E+02  1.157750943E+00 
       147 -2.514205174E-02  2.387863737E-01 -2.655197175E-02  8.439135747E+04  1.781057497E+02  3.313416116E+02  2.733983867E+02  4.381893703E+02  1.152830676E+00 
       148 -2.514801404E-02  2.388163633E-01 -2.268742808E-02  8.214259961E+04  1.840654611E+02  3.300179888E+02  2.712187595E+02  4.431631549E+02  1.143331586E+00 
       149 -2.514603624E-02  2.387984711E-01 -1.877579094E-02  8.020187109E+04  1.887381382E+02  3.289632263E+02  2.694873276E+02  4.478792725E+02  1.136457056E+00 
       150 -2.513833525E-02  2.388756875E-01 -1.487946342E-02  7.921752986E+04  1.907046617E+02  3.284189327E+02  2.685960564E+02  4.488204899E+02  1.132358598E+00 
       151 -2.514495058E-02  2.389300222E-01 -1.098752945E-02  7.948170813E+04  1.893377478E+02  3.285838579E+02  2.688659803E+02  4.489210286E+02  1.135965336E+00 
       152 -2.501801490E-02  2.389948317E-01 -7.101428526E-03  8.129559930E+04  1.849514571E+02  3.296230001E+02  2.705704287E+02  4.456033834E+02  1.143351553E+00 
       153 -2.403359079E-02  2.391541778E-01 -3.362202731E-03  8.599824074E+04  1.732040472E+02  3.321949696E+02  2.748103615E+02  4.354094457E+02  1.162198793E+00 
       154 -2.203079393E-02  2.393877231E-01 -4.501692070E-05  8.985917017E+04  1.639681760E+02  3.341673336E+02  2.780817222E+02  4.262002737E+02  1.176849436E+00 
       155 -1.942355624E-02  2.396357170E-01  2.825132604E-03  8.673370145E+04  1.744551256E+02  3.323452131E+02  2.750626283E+02  4.351540221E+02  1.158750002E+00 
       156 -1.648721574E-02  2.398964014E-01  5.342831758E-03  8.125217737E+04  1.867793500E+02  3.294463284E+02  2.702819831E+02  4.456147323E+02  1.138699280E+00 
       157 -1.330897545E-02  2.400801911E-01  7.594698846E-03  7.937863281E+04  1.908206208E+02  3.282703924E+02  2.683545637E+02  4.507363362E+02  1.134064710E+00 
       158 -1.004552185E-02  2.402353079E-01  9.709455816E-03  8.024682471E+04  1.872556863E+02  3.288013759E+02  2.692244730E+02  4.477867346E+02  1.139986731E+00 
       159 -6.714656287E-03  2.403804415E-01  1.171394437E-02  8.073767232E+04  1.834686625E+02  3.293634125E+02  2.701445858E+02  4.464266940E+02  1.148383802E+00 
       160 -3.322138608E-03  2.404066774E-01  1.362735999E-02  8.010435712E+04  1.849476641E+02  3.290583217E+02  2.696438178E+02  4.467160099E+02  1.145459800E+00 
       161  9.783589121E-05  2.404201762E-01  1.547870720E-02  7.997283862E+04  1.861333511E+02  3.288773994E+02  2.693490443E+02  4.489696646E+02  1.146272661E+00 
       162  3.534439975E-03  2.403949673E-01  1.730379042E-02  8.105893018E+04  1.820959120E+02  3.296364231E+02  2.706049671E+02  4.461467800E+02  1.154551111E+00 
       163  6.969024296E-03  2.402279751E-01  1.908412837E-02  9.075998206E+04  1.573931735E+02  3.347137873E+02  2.790219467E+02  4.230298576E+02  1.195698884E+00 
       164  1.043411823E-02  2.400800089E-01  2.085152946E-02  7.869392756E+04  1.877481655E+02  3.287418783E+02  2.691277125E+02  4.466524704E+02  1.141727115E+00 
       165  1.388371434E-02  2.398652026E-01  2.263181169E-02  7.877969641E+04  1.881419959E+02  3.282747247E+02  2.683635132E+02  4.474708142E+02  1.140955213E+00 
       166  1.734145131E-02  2.394992745E-01  2.440657916E-02  7.858668945E+04  1.872498903E+02  3.282957315E+02  2.683952699E+02  4.467487831E+02  1.141060151E+00 
       167  2.080043859E-02  2.391294908E-01  2.615375350E-02  7.850702072E+04  1.898550603E+02  3.283124969E+02  2.684227207E+02  4.475033422E+02  1.136367025E+00 
       168  2.424052770E-02  2.387186889E-01  2.792040504E-02  7.870307727E+04  1.922309797E+02  3.283659835E+02  2.685104961E+02  4.476041679E+02  1.130930987E+00 
       169  2.766624902E-02  2.381908713E-01  2.968394578E-02  7.869121558E+04  1.940390613E+02  3.284176521E+02  2.685951552E+02  4.491938987E+02  1.128184874E+00 
       170  3.108229850E-02  2.375970478E-01  3.144655572E-02  7.861645630E+04  1.956906114E+02  3.285305259E+02  2.687802670E+02  4.489532430E+02  1.124678669E+00 
       171  3.449726266E-02  2.369314331E-01  3.319569832E-02  7.868327405E+04  1.967489862E+02  3.287788635E+02  2.691870122E+02  4.451611288E+02  1.119272219E+00 
       172  3.787267708E-02  2.362004853E-01  3.498142333E-02  7.903743347E+04  1.976669247E+02  3.290582986E+02  2.696453581E+02  4.398751040E+02  1.112814361E+00 
       173  4.123744789E-02  2.354271843E-01  3.677379579E-02  7.921500562E+04  1.989970980E+02  3.291204472E+02  2.697480736E+02  4.360420079E+02  1.107281720E+00 
       174  4.456263149E-02  2.345133553E-01  3.856958315E-02  7.854468738E+04  2.025185652E+02  3.286168506E+02  2.689235778E+02  4.383901715E+02  1.102383826E+00 
       175  4.789152860E-02  2.335402793E-01  4.034492433E-02  7.694094794E+04  2.082069933E+02  3.276382093E+02  2.673233230E+02  4.453548474E+02  1.096851788E+00 
       176  5.119514426E-02  2.325727211E-01  4.215365701E-02  7.506361340E+04  2.149380208E+02  3.264149688E+02  2.653305606E+02  4.518397093E+02  1.088295844E+00 
       177  5.444737908E-02  2.314873556E-01  4.396264389E-02  7.324631577E+04  2.210432666E+02  3.251773595E+02  2.633219869E+02  4.565507830E+02  1.079093940E+00 
       178  5.771043354E-02  2.303389779E-01  4.576361213E-02  7.129239044E+04  2.276094322E+02  3.238601730E+02  2.611936508E+02  4.606420145E+02  1.068344769E+00 
       179  6.093363739E-02  2.292015055E-01  4.761570799E-02  6.877774341E+04  2.359393320E+02  3.222566767E+02  2.586156735E+02  4.665098953E+02  1.055571124E+00 
       180  6.411569228E-02  2.279427553E-01  4.946832252E-02  6.676224951E+04  2.469127512E+02  3.210348577E+02  2.566586590E+02  4.704285717E+02  1.033064540E+00 
       181  6.728438578E-02  2.267057043E-01  5.135068917E-02  6.874190137E+04  2.582568240E+02  3.227389154E+02  2.594030595E+02  4.666936188E+02  9.978672899E-01 
       182  7.045491472E-02  2.254566135E-01  5.324396322E-02  7.937161145E+04  2.664609694E+02  3.289231782E+02  2.694864783E+02  4.417444410E+02  9.448819775E-01 
       183  7.352398986E-02  2.240979077E-01  5.520813549E-02  9.485549854E+04  2.501221218E+02  3.372706409E+02  2.833147140E+02  4.060918083E+02  9.476393759E-01 
       184  7.654294831E-02  2.227589545E-01  5.724026033E-02  1.041289782E+05  2.367110229E+02  3.413978633E+02  2.902507593E+02  3.893768449E+02  9.675164965E-01 
       185  7.954929441E-02  2.214414527E-01  5.933596166E-02  1.088303149E+05  2.381161184E+02  3.446964569E+02  2.958968625E+02  3.765308380E+02  9.529180788E-01 
       186  8.244157493E-02  2.200232159E-01  6.149679439E-02  1.241572441E+05  2.390367737E+02  3.509321442E+02  3.066894531E+02  3.462484055E+02  9.324228913E-01 
       187  8.531452000E-02  2.186177542E-01  6.372436707E-02  1.211078772E+05  2.409402852E+02  3.494250033E+02  3.040584663E+02  3.518555670E+02  9.273830382E-01 
       188  8.816039266E-02  2.172472440E-01  6.601424901E-02  1.227518208E+05  2.344574628E+02  3.501599393E+02  3.053352256E+02  3.479330082E+02  9.430670384E-01 
       189  9.092008057E-02  2.157826082E-01  6.831794754E-02  1.221093246E+05  2.270279642E+02  3.500969247E+02  3.052249140E+02  3.484551816E+02  9.633038832E-01 
       190  9.367581728E-02  2.143255962E-01  7.064980943E-02  1.216813254E+05  2.239741678E+02  3.497844274E+02  3.046802885E+02  3.471830826E+02  9.708113346E-01 
       191  9.641114101E-02  2.128789625E-01  7.302159977E-02  1.219446613E+05  2.205395994E+02  3.500087664E+02  3.050710046E+02  3.469624798E+02  9.799769591E-01 
       192  9.907895187E-02  2.114028516E-01  7.542603674E-02  1.220205801E+05  2.203754716E+02  3.500004516E+02  3.050567250E+02  3.468407083E+02  9.795691073E-01 
       193  1.016896232E-01  2.099003163E-01  7.789626121E-02  1.222469470E+05  2.198719614E+02  3.501960402E+02  3.053979852E+02  3.438362751E+02  9.796750462E-01 
       194  1.042573666E-01  2.084682280E-01  8.044071344E-02  1.224773587E+05  2.188580420E+02  3.508264356E+02  3.065002565E+02  3.421800563E+02  9.819280142E-01 
       195  1.067132028E-01  2.069758083E-01  8.306726980E-02  1.226214255E+05  2.200043867E+02  3.515972439E+02  3.078520524E+02  3.401603306E+02  9.779030787E-01 
       196  1.091091693E-01  2.055182938E-01  8.576040538E-02  1.226695105E+05  2.222766938E+02  3.524785726E+02  3.094027913E+02  3.362256724E+02  9.697591560E-01 
       197  1.114533399E-01  2.040960959E-01  8.851719904E-02  1.226252451E+05  2.233184488E+02  3.538211065E+02  3.117684571E+02  3.301122552E+02  9.651574910E-01 
       198  1.136946430E-01  2.026973542E-01  9.137514269E-02  1.225538691E+05  2.244810637E+02  3.553381356E+02  3.144476166E+02  3.201057022E+02  9.607249291E-01 
       199  1.158224243E-01  2.012857480E-01  9.431046231E-02  1.225625642E+05  2.264744061E+02  3.568913775E+02  3.171986558E+02  3.067034024E+02  9.554878631E-01 
       200  1.177983438E-01  1.999614296E-01  9.738734661E-02  1.225850384E+05  2.280630667E+02  3.583913957E+02  3.198648219E+02  2.916992129E+02  9.540717835E-01 
       201  1.195376812E-01  1.988013159E-01  1.006637087E-01  1.226153514E+05  2.289878748E+02  3.589244885E+02  3.208158914E+02  2.864151583E+02  9.532668019E-01 
       202  1.207748534E-01  1.979244993E-01  1.042263433E-01  1.224479985E+05  2.308511109E+02  3.575200965E+02  3.183197360E+02  3.022133346E+02  9.442286012E-01 
       203  1.209766187E-01  1.976967879E-01  1.080979692E-01  1.225292386E+05  2.344917938E+02  3.544630250E+02  3.129029227E+02  3.296640238E+02  9.304071221E-01 
       204  1.209415894E-01  1.976147862E-01  1.119887176E-01  1.227526504E+05  2.338133888E+02  3.524849124E+02  3.094134365E+02  3.335969359E+02  9.308703158E-01 
       205  1.209136670E-01  1.975679793E-01  1.158784497E-01  1.228581203E+05  2.301060657E+02  3.517929487E+02  3.081958496E+02  3.342576693E+02  9.412817564E-01 
       206  1.209140530E-01  1.975343277E-01  1.197687765E-01  1.229363941E+05  2.255132801E+02  3.516357500E+02  3.079188528E+02  3.363421027E+02  9.553630941E-01 
       207  1.209033119E-01  1.974945510E-01  1.236620610E-01  1.229578806E+05  2.218338753E+02  3.516382136E+02  3.079224747E+02  3.355980086E+02  9.661465893E-01 
       208  1.208998844E-01  1.975608583E-01  1.275528569E-01  1.229608060E+05  2.213940252E+02  3.517667805E+02  3.081499028E+02  3.354877244E+02  9.679642545E-01 
       209  1.209086196E-01  1.975927695E-01  1.314428594E-01  1.229247130E+05  2.217697417E+02  3.521530815E+02  3.088296300E+02  3.348251312E+02  9.670937068E-01 
       210  1.209261261E-01  1.976437754E-01  1.353324952E-01  1.229807444E+05  2.219459713E+02  3.529118921E+02  3.101645446E+02  3.288368795E+02  9.660118832E-01 
       211  1.209477387E-01  1.976921952E-01  1.392217013E-01  1.230057690E+05  2.216005304E+02  3.539331398E+02  3.119635825E+02  3.206440853E+02  9.669271770E-01 
       212  1.209659901E-01  1.977439656E-01  1.431109690E-01  1.231602012E+05  2.212382842E+02  3.550733007E+02  3.139615651E+02  3.119140339E+02  9.685561536E-01 
       213  1.210017723E-01  1.977818072E-01  1.470000027E-01  1.232874390E+05  2.218305721E+02  3.556646872E+02  3.148011436E+02  3.077474699E+02  9.675258398E-01 
       214 -1.337431699E-02  1.053111530E-01 -4.600000000E-02  8.757525684E+04  1.538944321E+02  3.331058159E+02  2.763474655E+02  2.355100002E+02  8.586548045E-01 
       215 -1.336879354E-02  1.054912688E-01 -4.299898917E-02  8.751956812E+04  1.539818754E+02  3.330599623E+02  2.762407904E+02  2.359301715E+02  8.597831037E-01 
       216 -1.321272523E-02  1.057016208E-01 -4.000664894E-02  8.752717871E+04  1.542235889E+02  3.330228634E+02  2.761792507E+02  2.363376732E+02  8.600814976E-01 
       217 -1.269691607E-02  1.059729593E-01 -3.706120983E-02  8.738134973E+04  1.549730429E+02  3.329465911E+02  2.760528118E+02  2.368673631E+02  8.580788121E-01 
       218 -1.181263769E-02  1.063072321E-01 -3.420969757E-02  8.724675842E+04  1.559002438E+02  3.328593963E+02  2.759081871E+02  2.378678415E+02  8.568947887E-01 
       219 -1.066241908E-02  1.066659143E-01 -3.145726216E-02  8.708081645E+04  1.565137932E+02  3.328225105E+02  2.758470044E+02  2.386000604E+02  8.565407443E-01 
       220 -9.280794463E-03  1.070573859E-01 -2.881758489E-02  8.690953095E+04  1.572651510E+02  3.327531843E+02  2.757320486E+02  2.395122485E+02  8.560551809E-01 
       221 -7.735023178E-03  1.074435380E-01 -2.626912607E-02  8.684996585E+04  1.581288280E+02  3.326918402E+02  2.756304673E+02  2.403281916E+02  8.547052001E-01 
       222 -6.047350445E-03  1.078135440E-01 -2.381048416E-02  8.669442856E+04  1.591508954E+02  3.325630137E+02  2.754170242E+02  2.413070028E+02  8.531625920E-01 
       223 -4.299611852E-03  1.081916589E-01 -2.139379423E-02  8.656820204E+04  1.596822255E+02  3.326257091E+02  2.755209194E+02  2.417380549E+02  8.523219470E-01 
       224 -2.461870607E-03  1.085505379E-01 -1.904289133E-02  8.659989160E+04  1.603176894E+02  3.325086611E+02  2.753270426E+02  2.421210713E+02  8.507642592E-01 
       225 -5.886173328E-04  1.088780789E-01 -1.671486844E-02  8.669033185E+04  1.602395387E+02  3.326403669E+02  2.755451767E+02  2.422874887E+02  8.522401866E-01 
       226  1.337912187E-03  1.092215599E-01 -1.443302686E-02  8.684500886E+04  1.598295281E+02  3.325753498E+02  2.754374585E+02  2.422948580E+02  8.549737880E-01 
       227  3.290030235E-03  1.094941851E-01 -1.216353628E-02  8.669553743E+04  1.594212343E+02  3.324879730E+02  2.752927287E+02  2.436787143E+02  8.625777411E-01 
       228  5.262023684E-03  1.097864070E-01 -9.913643549E-03  8.604026827E+04  1.602759003E+02  3.320745204E+02  2.746088128E+02  2.468690576E+02  8.697554311E-01 
       229  7.256339014E-03  1.100495762E-01 -7.679258903E-03  8.400050435E+04  1.652306476E+02  3.309631313E+02  2.727741997E+02  2.542270712E+02  8.699927902E-01 
       230  9.250945095E-03  1.102792579E-01 -5.441700620E-03  8.172465332E+04  1.728988708E+02  3.297931543E+02  2.708487327E+02  2.622815445E+02  8.589853573E-01 
       231  1.125130268E-02  1.105297001E-01 -3.209862298E-03  8.036272705E+04  1.803714199E+02  3.292392607E+02  2.699395890E+02  2.665500779E+02  8.355288953E-01 
       232  1.324504242E-02  1.107259366E-01 -9.692227629E-04  8.127067212E+04  1.839310293E+02  3.296874952E+02  2.706754789E+02  2.641903896E+02  8.084226865E-01 
       233  1.522818012E-02  1.109344875E-01  1.280794701E-03  8.325465674E+04  1.843407907E+02  3.307831402E+02  2.724785318E+02  2.582967911E+02  7.859402448E-01 
       234  1.717717000E-02  1.111306516E-01  3.565314237E-03  8.535820801E+04  1.832631664E+02  3.320468597E+02  2.745641003E+02  2.497600517E+02  7.627055570E-01 
       235  2.098827574E-02  1.115152878E-01  8.199040730E-03  8.918037988E+04  1.867164001E+02  3.341442471E+02  2.780437622E+02  2.375511761E+02  7.060362771E-01 
       236  2.283804163E-02  1.116790561E-01  1.055952489E-02  9.048891840E+04  1.896854341E+02  3.353767548E+02  2.800975175E+02  2.299227922E+02  6.663710079E-01 
       237  2.632960383E-02  1.121198866E-01  1.543269692E-02  9.115620850E+04  2.049565029E+02  3.354805775E+02  2.802709904E+02  2.306856956E+02  5.877771676E-01 
       238  2.959379811E-02  1.126564718E-01  2.044933110E-02  9.024957349E+04  2.206334229E+02  3.350192585E+02  2.795005980E+02  2.362398009E+02  5.240930561E-01 
       239  3.114059063E-02  1.129278581E-01  2.301118304E-02  8.973026225E+04  2.284250149E+02  3.348872916E+02  2.792807063E+02  2.392855715E+02  4.939953987E-01 
       240  3.264987762E-02  1.132456905E-01  2.559358749E-02  8.919794409E+04  2.361618919E+02  3.344076735E+02  2.784812310E+02  2.426287239E+02  4.655212756E-01 
       241  3.807676132E-02  1.146676712E-01  3.621643154E-02  8.785736534E+04  2.611078361E+02  3.335664860E+02  2.770816486E+02  2.515896084E+02  3.713375800E-01 
       242  3.928374460E-02  1.150413043E-01  3.894926042E-02  8.800313336E+04  2.666138344E+02  3.339830952E+02  2.777753398E+02  2.527831042E+02  3.480766343E-01 
       243  4.044503934E-02  1.154301055E-01  4.169676193E-02  8.842167512E+04  2.706309742E+02  3.343098327E+02  2.783188341E+02  2.521075157E+02  3.260623113E-01 
       244  4.154949506E-02  1.158110833E-01  4.446441861E-02  8.904170459E+04  2.741961861E+02  3.346270523E+02  2.788472786E+02  2.509213428E+02  3.043739144E-01 
       245  4.259018966E-02  1.161595968E-01  4.726780086E-02  8.983459656E+04  2.772362061E+02  3.349988909E+02  2.794675426E+02  2.490586638E+02  2.827354766E-01 
       246  4.357921759E-02  1.165132208E-01  5.008364009E-02  9.080858081E+04  2.794990721E+02  3.354561319E+02  2.802307463E+02  2.462375488E+02  2.617858294E-01 
       247  4.448002582E-02  1.168267471E-01  5.293502673E-02  9.196477647E+04  2.817207805E+02  3.359575009E+02  2.810685498E+02  2.431487114E+02  2.395986013E-01 
       248  4.534234860E-02  1.171711221E-01  5.579536500E-02  9.325875488E+04  2.827590790E+02  3.365939655E+02  2.821351795E+02  2.396198635E+02  2.227111179E-01 
       249  4.612355051E-02  1.174912616E-01  5.867935283E-02  9.454019238E+04  2.837416687E+02  3.372706757E+02  2.832709999E+02  2.355785980E+02  2.036845386E-01 
       250  4.681688670E-02  1.178330389E-01  6.158342338E-02  9.576607813E+04  2.844326897E+02  3.378944321E+02  2.843194656E+02  2.321332054E+02  1.889992543E-01 
       251  4.742483443E-02  1.181684938E-01  6.451168194E-02  9.688563379E+04  2.850398407E+02  3.384713669E+02  2.852910805E+02  2.292495270E+02  1.770917457E-01 
       252  4.796175059E-02  1.184973583E-01  6.744925218E-02  9.787545166E+04  2.858001347E+02  3.390391788E+02  2.862489595E+02  2.264343700E+02  1.642886763E-01 
       253  4.839690646E-02  1.188449776E-01  7.040346354E-02  9.873885782E+04  2.865609654E+02  3.394727648E+02  2.869809555E+02  2.240248080E+02  1.527777099E-01 
       254  4.867844520E-02  1.192029192E-01  7.337369276E-02  9.929431504E+04  2.883826796E+02  3.397215696E+02  2.874020261E+02  2.232599024E+02  1.414437927E-01 
       255  4.889804354E-02  1.195863964E-01  7.634446821E-02  9.973721775E+04  2.903211121E+02  3.398330234E+02  2.875907505E+02  2.227811025E+02  1.304770375E-01 
       256  4.901527392E-02  1.199575346E-01  7.936475415E-02  9.993087518E+04  2.923433229E+02  3.399525925E+02  2.877933164E+02  2.221322667E+02  1.179424601E-01 
       257  4.897414798E-02  1.207471392E-01  8.530893469E-02  1.001282969E+05  2.967651291E+02  3.402018127E+02  2.882150269E+02  2.229669609E+02  9.898167662E-02 
       258  4.879835866E-02  1.211503063E-01  8.827262235E-02  1.001129883E+05  2.986225204E+02  3.400706062E+02  2.879928436E+02  2.239083691E+02  9.354140423E-02 
       259  4.854576088E-02  1.215647590E-01  9.126615169E-02  1.000860496E+05  3.002942483E+02  3.398828491E+02  2.876749230E+02  2.242251464E+02  8.665204505E-02 
       260  4.818457029E-02  1.219712360E-01  9.420996830E-02  1.004543907E+05  3.005482333E+02  3.400435500E+02  2.879469594E+02  2.228097532E+02  8.084107521E-02 
       261  4.782320061E-02  1.224212570E-01  9.713670139E-02  1.010501772E+05  3.000548954E+02  3.402997284E+02  2.883821468E+02  2.212356930E+02  7.925805449E-02 
       262  4.734997920E-02  1.228526278E-01  1.001180955E-01  1.021246680E+05  2.981094971E+02  3.410119896E+02  2.895899239E+02  2.178338852E+02  7.859103009E-02 
       263  4.683890011E-02  1.232935874E-01  1.030087938E-01  1.036299663E+05  2.953113418E+02  3.419223395E+02  2.911393839E+02  2.128355960E+02  7.701179236E-02 
       264  4.566507936E-02  1.242316696E-01  1.088390156E-01  1.059880304E+05  2.878699736E+02  3.424317006E+02  2.920062217E+02  2.030214471E+02  8.721800486E-02 
       265  4.352639189E-02  1.257122811E-01  1.174848542E-01  1.081728413E+05  2.651018081E+02  3.453318754E+02  2.969802431E+02  1.812244843E+02  1.600556521E-01 
       266  4.289440586E-02  1.261798267E-01  1.203730247E-01  1.079145681E+05  2.525153901E+02  3.479121324E+02  3.014369260E+02  1.528079198E+02  1.495048656E-01 
       267  4.242365191E-02  1.265975250E-01  1.232861776E-01  1.077180178E+05  2.442996183E+02  3.498956139E+02  3.048761911E+02  1.281986168E+02  1.274708473E-01 
       268  4.208270049E-02  1.270006734E-01  1.262530889E-01  1.077000547E+05  2.404225922E+02  3.502706108E+02  3.055285149E+02  1.250379410E+02  1.523741987E-01 
       269  4.202415066E-02  1.273246053E-01  1.292418903E-01  1.077136323E+05  2.405377061E+02  3.499400102E+02  3.049527270E+02  1.304127290E+02  1.706692432E-01 
       270  4.218523596E-02  1.275849052E-01  1.322314117E-01  1.076114657E+05  2.425723560E+02  3.494334681E+02  3.040714496E+02  1.380004370E+02  1.816241423E-01 
       271  4.252691668E-02  1.278080741E-01  1.352038484E-01  1.074372744E+05  2.461421476E+02  3.490801902E+02  3.034576564E+02  1.462355593E+02  1.835943688E-01 
       272  4.296344289E-02  1.279984053E-01  1.381664338E-01  1.072558470E+05  2.494882719E+02  3.485864621E+02  3.026015057E+02  1.527117680E+02  1.829909643E-01 
       273  4.347514252E-02  1.281630447E-01  1.411197974E-01  1.069653266E+05  2.524545109E+02  3.481421030E+02  3.018300806E+02  1.580768224E+02  1.819324534E-01 
       274  4.403358971E-02  1.283124551E-01  1.440677535E-01  1.066543401E+05  2.549791398E+02  3.479597360E+02  3.015111452E+02  1.621376412E+02  1.801195246E-01 
       275  4.466583781E-02  1.284644007E-01  1.470000034E-01  1.063767657E+05  2.578307665E+02  3.475308092E+02  2.957028467E+02  1.662968387E+02  1.765399847E-01 
       276 -1.390154712E-02  1.725232616E-01 -4.600000033E-02  8.230376747E+04  1.816170550E+02  3.303543800E+02  2.712650751E+02  3.416726709E+02  1.010253764E+00 
       277 -1.389524734E-02  1.726308379E-01 -4.258575940E-02  8.275179733E+04  1.814414080E+02  3.303681334E+02  2.717935454E+02  3.421615677E+02  1.011755372E+00 
       278 -1.388827040E-02  1.727470810E-01 -3.919459871E-02  8.294128345E+04  1.813675552E+02  3.303902110E+02  2.718298935E+02  3.426001202E+02  1.012794572E+00 
       279 -1.387976982E-02  1.728866868E-01 -3.575874102E-02  8.295072064E+04  1.812305616E+02  3.304025981E+02  2.718502563E+02  3.426900260E+02  1.013429062E+00 
       280 -1.386962822E-02  1.730354599E-01 -3.234598001E-02  8.279586773E+04  1.812276216E+02  3.303450100E+02  2.717555410E+02  3.428588164E+02  1.013769898E+00 
       281 -1.385715910E-02  1.732129765E-01 -2.893478341E-02  8.244437457E+04  1.817433220E+02  3.301591206E+02  2.714498900E+02  3.441044660E+02  1.014268447E+00 
       282 -1.381464856E-02  1.733989484E-01 -2.553958976E-02  8.193861041E+04  1.831127392E+02  3.298140854E+02  2.708829533E+02  3.463469246E+02  1.013642536E+00 
       283 -1.334927366E-02  1.736519924E-01 -2.216152427E-02  8.116230864E+04  1.844450308E+02  3.294210395E+02  2.702376421E+02  3.480166483E+02  1.012150511E+00 
       284 -1.220387625E-02  1.739549638E-01 -1.896956374E-02  8.002649707E+04  1.876068373E+02  3.287174759E+02  2.690853996E+02  3.515447712E+02  1.007996775E+00 
       285 -1.057589609E-02  1.742731966E-01 -1.599005111E-02  7.830646207E+04  1.924315406E+02  3.277772294E+02  2.675483771E+02  3.560315394E+02  1.000139193E+00 
       286 -8.586070527E-03  1.745821273E-01 -1.323108332E-02  7.624422454E+04  1.979563965E+02  3.268813302E+02  2.660875120E+02  3.614573432E+02  9.920560763E-01 
       287 -6.371188279E-03  1.748941133E-01 -1.065117603E-02  7.591721536E+04  2.000762283E+02  3.268790595E+02  2.660842698E+02  3.606089302E+02  9.832812503E-01 
       288 -3.959984913E-03  1.752012559E-01 -8.251810021E-03  7.815382761E+04  1.978343432E+02  3.281958105E+02  2.682350863E+02  3.547559939E+02  9.795803194E-01 
       289 -1.474621790E-03  1.754287438E-01 -5.921768022E-03  8.338063184E+04  1.904068590E+02  3.307498481E+02  2.724324575E+02  3.438345275E+02  9.860468635E-01 
       290  1.096342236E-03  1.756586641E-01 -3.684409899E-03  8.937877960E+04  1.805035692E+02  3.334535672E+02  2.768991177E+02  3.284070057E+02  9.943827780E-01 
       291  3.722457199E-03  1.758529720E-01 -1.512169024E-03  9.184870093E+04  1.742647228E+02  3.345615788E+02  2.787382574E+02  3.237642841E+02  1.008760221E+00 
       292  6.390497491E-03  1.759799744E-01  6.206893580E-04  8.799456104E+04  1.770353279E+02  3.332096405E+02  2.764952335E+02  3.325644436E+02  1.012678757E+00 
       293  1.179759467E-02  1.761809281E-01  4.808741428E-03  7.657011914E+04  1.999993019E+02  3.269273834E+02  2.661680603E+02  3.644158630E+02  9.906266630E-01 
       294  1.450804596E-02  1.762121176E-01  6.883706551E-03  7.248272412E+04  2.103401546E+02  3.242572994E+02  2.618361645E+02  3.768542976E+02  9.806110933E-01 
       295  1.722225861E-02  1.762495216E-01  8.953048646E-03  7.045180859E+04  2.158397751E+02  3.227994118E+02  2.594844589E+02  3.825821381E+02  9.739213735E-01 
       296  1.993233776E-02  1.761597577E-01  1.102855473E-02  6.910652051E+04  2.182510967E+02  3.220340424E+02  2.582551765E+02  3.858752747E+02  9.728235304E-01 
       297  2.263244469E-02  1.760920636E-01  1.311525345E-02  6.746334375E+04  2.226728191E+02  3.210231571E+02  2.566373081E+02  3.903356133E+02  9.675251320E-01 
       298  2.532249661E-02  1.759768902E-01  1.521525865E-02  6.593772461E+04  2.290275640E+02  3.199252186E+02  2.548843193E+02  3.951717892E+02  9.567366354E-01 
       299  2.800116021E-02  1.758008440E-01  1.732596334E-02  6.563710229E+04  2.341079121E+02  3.195835180E+02  2.543401499E+02  3.969773626E+02  9.436421059E-01 
       300  3.066011949E-02  1.756198651E-01  1.946182943E-02  6.808074951E+04  2.347032447E+02  3.210438633E+02  2.566805491E+02  3.915069351E+02  9.297635183E-01 
       301  3.850917716E-02  1.748410184E-01  2.602581626E-02  8.719370923E+04  2.346963329E+02  3.339808979E+02  2.777749815E+02  3.350876007E+02  8.231324125E-01 
       302  4.358739934E-02  1.740919978E-01  3.053362568E-02  8.610018140E+04  2.382713966E+02  3.330243969E+02  2.761825380E+02  3.426361084E+02  8.241360709E-01 
       303  4.609287257E-02  1.736863543E-01  3.281922705E-02  8.521300513E+04  2.421215944E+02  3.326427813E+02  2.755492611E+02  3.453035154E+02  8.159725815E-01 
       304  4.855845708E-02  1.731970535E-01  3.512834265E-02  8.500651343E+04  2.460034204E+02  3.326328640E+02  2.755329456E+02  3.461518078E+02  8.042293210E-01 
       305  5.100043215E-02  1.726458906E-01  3.745772352E-02  8.608312061E+04  2.490370502E+02  3.332280250E+02  2.765204558E+02  3.434027314E+02  7.893271148E-01 
       306  5.340036417E-02  1.720848619E-01  3.982071753E-02  8.916347754E+04  2.495711186E+02  3.348191905E+02  2.791716194E+02  3.352661366E+02  7.738764212E-01 
       307  5.576533568E-02  1.714326002E-01  4.220398857E-02  9.419895798E+04  2.482869813E+02  3.373116194E+02  2.833460774E+02  3.221613958E+02  7.571911528E-01 
       308  5.808130114E-02  1.707532671E-01  4.462162642E-02  9.940422572E+04  2.456391826E+02  3.400985577E+02  2.880474043E+02  3.087242403E+02  7.459650892E-01 
       309  6.913202621E-02  1.670049815E-01  5.708998555E-02  1.121119474E+05  2.431643138E+02  3.466830754E+02  2.993041811E+02  2.747997255E+02  7.091544159E-01 
       310  7.325557335E-02  1.653928843E-01  6.228962682E-02  1.152585330E+05  2.406411917E+02  3.482664583E+02  3.020427730E+02  2.659691767E+02  7.089007855E-01 
       311  7.526114685E-02  1.645964451E-01  6.493668120E-02  1.164157168E+05  2.398348522E+02  3.487073421E+02  3.028081417E+02  2.640297565E+02  7.113155574E-01 
       312  8.099008587E-02  1.620989224E-01  7.305121222E-02  1.186006436E+05  2.387813053E+02  3.492991180E+02  3.038354836E+02  2.561092854E+02  7.069805637E-01 
       313  8.281625202E-02  1.612441772E-01  7.580722199E-02  1.188601641E+05  2.380229683E+02  3.493235626E+02  3.038779182E+02  2.553370209E+02  7.099117115E-01 
       314  8.462318717E-02  1.604029889E-01  7.856519154E-02  1.190965444E+05  2.373765416E+02  3.493509197E+02  3.039254179E+02  2.551606297E+02  7.137793954E-01 
       315  8.638808364E-02  1.595156660E-01  8.135371941E-02  1.192886238E+05  2.369705825E+02  3.493245583E+02  3.038794270E+02  2.545322785E+02  7.156165801E-01 
       316  8.818531781E-02  1.586346563E-01  8.418846896E-02  1.194298350E+05  2.370396761E+02  3.492003963E+02  3.036634983E+02  2.533894074E+02  7.126705486E-01 
       317  9.153487112E-02  1.568453452E-01  8.985396979E-02  1.193349816E+05  2.363504531E+02  3.491939650E+02  3.036528897E+02  2.533215318E+02  7.160438746E-01 
       318  9.319079870E-02  1.559467714E-01  9.269883327E-02  1.193191270E+05  2.363667812E+02  3.492423820E+02  3.037372856E+02  2.530402012E+02  7.158861421E-01 
       319  9.639067810E-02  1.541493463E-01  9.845101971E-02  1.192574414E+05  2.367117710E+02  3.489731140E+02  3.032686176E+02  2.536419373E+02  7.161770388E-01 
       320  9.789700787E-02  1.532238030E-01  1.013752208E-01  1.191787632E+05  2.374074044E+02  3.487986288E+02  3.029652138E+02  2.537340565E+02  7.125024507E-01 
       321  9.939560036E-02  1.523575645E-01  1.043121280E-01  1.191087578E+05  2.381775036E+02  3.486178970E+02  3.026512337E+02  2.543557587E+02  7.106413469E-01 
       322  1.008373928E-01  1.515239935E-01  1.072922639E-01  1.189708320E+05  2.390535374E+02  3.483989201E+02  3.022711678E+02  2.553659821E+02  7.087270841E-01 
       323  1.021925752E-01  1.507164957E-01  1.103173974E-01  1.188335674E+05  2.405623932E+02  3.481608677E+02  3.018584800E+02  2.569950237E+02  7.040320765E-01 
       324  1.063175391E-01  1.486079647E-01  1.265700906E-01  1.183131230E+05  2.433778877E+02  3.486833878E+02  3.027684326E+02  2.560497780E+02  6.944428384E-01 
       325  1.064822206E-01  1.487022474E-01  1.299738775E-01  1.183933125E+05  2.393575783E+02  3.499590225E+02  3.049893684E+02  2.453877068E+02  7.032667249E-01 
       326  1.066476119E-01  1.488146338E-01  1.333799290E-01  1.182643555E+05  2.329904099E+02  3.513557472E+02  3.074274788E+02  2.313051376E+02  7.228422761E-01 
       327  1.068180965E-01  1.489318139E-01  1.367854531E-01  1.181028594E+05  2.283004150E+02  3.521881371E+02  3.088831100E+02  2.235477409E+02  7.411310524E-01 
       328  1.069979625E-01  1.490578552E-01  1.401905319E-01  1.180202646E+05  2.292885075E+02  3.517703476E+02  3.081515446E+02  2.293237972E+02  7.404963821E-01 
       329  1.071817424E-01  1.491887345E-01  1.435955648E-01  1.179365601E+05  2.349694500E+02  3.503243103E+02  3.054484062E+02  2.457405529E+02  7.251873240E-01 
       330  1.073851999E-01  1.493347905E-01  1.470000044E-01  1.179062227E+05  2.421493454E+02  3.485709457E+02  3.013362427E+02  2.614783707E+02  7.081372887E-01 
       331 -5.132010553E-03  2.399711247E-01 -4.600000034E-02  8.405421338E+04  1.733599243E+02  3.310523815E+02  2.730646782E+02  4.391810570E+02  1.164962605E+00 
       332 -5.128125210E-03  2.399809281E-01 -4.210430258E-02  8.416993750E+04  1.742716565E+02  3.307398157E+02  2.724059377E+02  4.401970396E+02  1.163759425E+00 
       333 -5.125201508E-03  2.399922328E-01 -3.820870464E-02  8.251860938E+04  1.769434946E+02  3.301186311E+02  2.713851948E+02  4.423776784E+02  1.159419773E+00 
       334 -5.121813889E-03  2.400095995E-01 -3.431329778E-02  8.081503027E+04  1.814675102E+02  3.291861916E+02  2.698545011E+02  4.458456197E+02  1.151851144E+00 
       335 -5.119016059E-03  2.400291916E-01 -3.041776666E-02  7.912590478E+04  1.867172957E+02  3.282779176E+02  2.683668027E+02  4.497713981E+02  1.143040931E+00 
       336 -5.114574788E-03  2.400538233E-01 -2.652182619E-02  7.815423299E+04  1.889578463E+02  3.279724261E+02  2.678665481E+02  4.515853428E+02  1.139439967E+00 
       337 -5.109553763E-03  2.400828758E-01 -2.262552630E-02  7.844545410E+04  1.879444985E+02  3.283368244E+02  2.684642372E+02  4.508358192E+02  1.141160330E+00 
       338 -5.103895973E-03  2.401152952E-01 -1.872899116E-02  8.088565674E+04  1.827421744E+02  3.296857784E+02  2.706772079E+02  4.453726084E+02  1.148291335E+00 
       339 -4.925504783E-03  2.402473149E-01 -7.056915668E-03  8.658424753E+04  1.706461006E+02  3.320235541E+02  2.745307065E+02  4.351328710E+02  1.168221454E+00 
       340 -3.715119829E-03  2.403023013E-01 -3.373311706E-03  8.140354865E+04  1.792334807E+02  3.300967295E+02  2.713562137E+02  4.430732579E+02  1.154868864E+00 
       341 -1.562012846E-03  2.403581740E-01 -1.360753051E-04  7.846721940E+04  1.876200506E+02  3.283524984E+02  2.684900955E+02  4.516573768E+02  1.143027469E+00 
       342  1.133764527E-03  2.404094608E-01  2.675248428E-03  7.873751514E+04  1.889980550E+02  3.280177593E+02  2.679418888E+02  4.519415627E+02  1.140110381E+00 
       343  4.137632423E-03  2.404197044E-01  5.149238455E-03  7.995644858E+04  1.856499434E+02  3.285717647E+02  2.688474958E+02  4.475257461E+02  1.143806227E+00 
       344  7.316400202E-03  2.403253331E-01  7.399564588E-03  7.981503002E+04  1.836451339E+02  3.289096078E+02  2.693997330E+02  4.465740483E+02  1.148242864E+00 
       345  1.395577155E-02  2.400667001E-01  1.148649181E-02  8.632774268E+04  1.721063471E+02  3.318550243E+02  2.742558575E+02  4.373195057E+02  1.168398228E+00 
       346  1.735065466E-02  2.397965962E-01  1.337576268E-02  8.999916699E+04  1.598373985E+02  3.338544312E+02  2.775656013E+02  4.285695572E+02  1.190814942E+00 
       347  2.419161170E-02  2.391929427E-01  1.704637434E-02  7.964460840E+04  1.855106125E+02  3.291633148E+02  2.698207474E+02  4.476472321E+02  1.144951493E+00 
       348  2.761839379E-02  2.387452844E-01  1.884103948E-02  7.980662695E+04  1.878260460E+02  3.289067078E+02  2.693957329E+02  4.479938660E+02  1.139523745E+00 
       349  3.105226563E-02  2.382885234E-01  2.062260888E-02  8.111983643E+04  1.854520998E+02  3.296650143E+02  2.706391869E+02  4.446060524E+02  1.141923264E+00 
       350  3.788868369E-02  2.371344800E-01  2.417075674E-02  8.082927051E+04  1.874614716E+02  3.296904202E+02  2.706805706E+02  4.471453705E+02  1.140026413E+00 
       351  4.468291751E-02  2.357525484E-01  2.771953789E-02  8.037819727E+04  1.902110062E+02  3.294262352E+02  2.702489605E+02  4.464610710E+02  1.134377152E+00 
       352  4.805699300E-02  2.349490393E-01  2.948953136E-02  8.070557983E+04  1.895100508E+02  3.295745153E+02  2.704935646E+02  4.450562315E+02  1.136538379E+00 
       353  5.140582287E-02  2.340778219E-01  3.127771149E-02  8.065419189E+04  1.913113785E+02  3.293616276E+02  2.701432686E+02  4.452122593E+02  1.134080499E+00 
       354  5.473006301E-02  2.331020583E-01  3.305777180E-02  7.980062500E+04  1.933372669E+02  3.288510704E+02  2.693052711E+02  4.456832428E+02  1.131131351E+00 
       355  5.803984836E-02  2.320923676E-01  3.484458617E-02  7.831886816E+04  1.977427559E+02  3.278247929E+02  2.676279869E+02  4.497205811E+02  1.126292020E+00 
       356  6.132921494E-02  2.310454118E-01  3.665150486E-02  7.661907547E+04  2.002182387E+02  3.270893457E+02  2.664277242E+02  4.505082729E+02  1.122451171E+00 
       357  6.777528194E-02  2.285846393E-01  4.027160278E-02  8.481105176E+04  2.151100388E+02  3.323878937E+02  2.751665649E+02  4.304264870E+02  1.066764295E+00 
       358  7.097972553E-02  2.273472007E-01  4.209367684E-02  9.169531934E+04  2.269163780E+02  3.362830353E+02  2.816243114E+02  4.150160675E+02  1.022210449E+00 
       359  7.412444428E-02  2.259565065E-01  4.393674079E-02  9.047337476E+04  2.317297864E+02  3.349987421E+02  2.794775715E+02  4.195633202E+02  1.015509253E+00 
       360  7.725834663E-02  2.245514312E-01  4.577102978E-02  8.649755322E+04  2.345008001E+02  3.328446846E+02  2.758861122E+02  4.284916553E+02  1.016889416E+00 
       361  8.037011026E-02  2.231435234E-01  4.763983740E-02  8.866988184E+04  2.342714615E+02  3.344909515E+02  2.786384430E+02  4.221849480E+02  1.013789326E+00 
       362  8.343109451E-02  2.215945322E-01  4.950276897E-02  1.020642339E+05  2.258189245E+02  3.406888685E+02  2.890852337E+02  3.961288438E+02  1.021721720E+00 
       363  8.646988642E-02  2.201046420E-01  5.141624103E-02  1.223466748E+05  2.132290955E+02  3.480983934E+02  3.017872381E+02  3.547928915E+02  1.043948462E+00 
       364  9.242245520E-02  2.169732682E-01  5.534503106E-02  1.185006833E+05  2.199290800E+02  3.501818199E+02  3.054062853E+02  3.497844353E+02  1.005709078E+00 
       365  9.533631835E-02  2.153857768E-01  5.738443174E-02  1.164792996E+05  2.214961274E+02  3.498871188E+02  3.049077554E+02  3.522431984E+02  9.981274391E-01 
       366  9.819952312E-02  2.138016843E-01  5.949569436E-02  1.172075020E+05  2.227006779E+02  3.514592571E+02  3.076655178E+02  3.443652458E+02  9.906346351E-01 
       367  1.009694591E-01  2.121295788E-01  6.167326851E-02  1.186601699E+05  2.264671712E+02  3.530332918E+02  3.104270563E+02  3.360304403E+02  9.729379937E-01 
       368  1.037116704E-01  2.105064985E-01  6.390540356E-02  1.190721055E+05  2.320245142E+02  3.536841841E+02  3.115758629E+02  3.328317642E+02  9.510006346E-01 
       369  1.064180189E-01  2.088777679E-01  6.618856681E-02  1.196088657E+05  2.344171085E+02  3.537919750E+02  3.117583942E+02  3.339649258E+02  9.399282634E-01 
       370  1.090480686E-01  2.071800512E-01  6.850700508E-02  1.204364028E+05  2.365614719E+02  3.534116325E+02  3.110813351E+02  3.346024971E+02  9.310120940E-01 
       371  1.116790455E-01  2.055210471E-01  7.084353951E-02  1.212486050E+05  2.370172298E+02  3.531304517E+02  3.105782390E+02  3.349564724E+02  9.285354409E-01 
       372  1.142974452E-01  2.038484190E-01  7.319785208E-02  1.219973152E+05  2.339403887E+02  3.525815458E+02  3.096000462E+02  3.368754749E+02  9.371511433E-01 
       373  1.168416696E-01  2.021295301E-01  7.558130371E-02  1.225219985E+05  2.312695837E+02  3.520227127E+02  3.086134624E+02  3.376194859E+02  9.446844198E-01 
       374  1.193277496E-01  2.004108846E-01  7.805168345E-02  1.228508829E+05  2.283126855E+02  3.515214815E+02  3.077328348E+02  3.383547640E+02  9.530657670E-01 
       375  1.217693779E-01  1.987784452E-01  8.060399866E-02  1.229194619E+05  2.248537498E+02  3.512754850E+02  3.073006344E+02  3.396246510E+02  9.631856829E-01 
       376  1.240793489E-01  1.970470446E-01  8.322373237E-02  1.229130957E+05  2.222796354E+02  3.512278681E+02  3.072178116E+02  3.391796103E+02  9.702259563E-01 
       377  1.263696524E-01  1.953872062E-01  8.590193330E-02  1.232416547E+05  2.209008476E+02  3.519170754E+02  3.084232919E+02  3.345738088E+02  9.732146068E-01 
       378  1.285811840E-01  1.937639536E-01  8.866989816E-02  1.234049464E+05  2.197759738E+02  3.510791359E+02  3.069540367E+02  3.383404140E+02  9.769139905E-01 
       379  1.378530526E-01  1.861918564E-01  1.119425893E-01  1.229018135E+05  2.177437086E+02  3.554218607E+02  3.145900469E+02  3.145337315E+02  9.813453294E-01 
       380  1.378280879E-01  1.861358471E-01  1.158380052E-01  1.225058064E+05  2.200707040E+02  3.566319799E+02  3.167359438E+02  2.997223320E+02  9.759369493E-01 
       381  1.378172244E-01  1.861105784E-01  1.197328496E-01  1.218067898E+05  2.276192994E+02  3.568475747E+02  3.171209431E+02  2.961767116E+02  9.519784059E-01 
       382  1.378137064E-01  1.861013403E-01  1.236281983E-01  1.221485778E+05  2.327920349E+02  3.562384887E+02  3.160426977E+02  3.078662372E+02  9.316086397E-01 
       383  1.378232998E-01  1.861207539E-01  1.275238734E-01  1.227509977E+05  2.322454249E+02  3.550304015E+02  3.139065282E+02  3.222573033E+02  9.343106572E-01 
       384  1.378388478E-01  1.861485149E-01  1.314192119E-01  1.231271658E+05  2.271951329E+02  3.538222312E+02  3.117723522E+02  3.307644736E+02  9.505747588E-01 
       385  1.378667705E-01  1.861922064E-01  1.353144338E-01  1.231952916E+05  2.227221897E+02  3.532117245E+02  3.106948297E+02  3.314125180E+02  9.642728516E-01 
       386  1.378917792E-01  1.862393165E-01  1.392095884E-01  1.232101033E+05  2.213514282E+02  3.527975363E+02  3.099631864E+02  3.311927794E+02  9.682819657E-01 
       387  1.379128913E-01  1.862912877E-01  1.431056120E-01  1.232455960E+05  2.213024177E+02  3.528464828E+02  3.098046262E+02  3.288843562E+02  9.681096799E-01 
       388  1.379274402E-01  1.863453723E-01  1.469999959E-01  1.233279802E+05  2.201185684E+02  3.537326460E+02  3.106297550E+02  3.219061832E+02  9.714611825E-01 
       389 -3.389247132E-02  1.007789921E-01 -4.300551245E-02  8.756243945E+04  1.538996105E+02  3.330706940E+02  2.762585087E+02  2.357431755E+02  8.595548756E-01 
       390 -3.372456358E-02  1.010433636E-01 -4.002223516E-02  8.747849798E+04  1.545672035E+02  3.330176681E+02  2.761706233E+02  2.365362734E+02  8.588629327E-01 
       391 -3.329024078E-02  1.014074167E-01 -3.707963811E-02  8.735007602E+04  1.550912203E+02  3.329636762E+02  2.760810582E+02  2.370632351E+02  8.581402663E-01 
       392 -3.255620303E-02  1.018883264E-01 -3.421559131E-02  8.722300774E+04  1.557679153E+02  3.328901825E+02  2.759592130E+02  2.377563317E+02  8.572680975E-01 
       393 -3.153373485E-02  1.024554568E-01 -3.145384174E-02  8.711117972E+04  1.565998199E+02  3.328067738E+02  2.758209752E+02  2.386653688E+02  8.563263671E-01 
       394 -3.028950121E-02  1.031058036E-01 -2.880322264E-02  8.701891118E+04  1.572383029E+02  3.327522573E+02  2.757305577E+02  2.393463469E+02  8.556906547E-01 
       395 -2.888173412E-02  1.037838005E-01 -2.624318977E-02  8.693376577E+04  1.578603899E+02  3.327018629E+02  2.756470280E+02  2.400228967E+02  8.552051218E-01 
       396 -2.733119538E-02  1.044792183E-01 -2.377110822E-02  8.685597836E+04  1.584539461E+02  3.326632563E+02  2.755831737E+02  2.406308116E+02  8.545641755E-01 
       397 -2.568342124E-02  1.052055751E-01 -2.135968630E-02  8.673155188E+04  1.590126197E+02  3.326029712E+02  2.754832057E+02  2.414108239E+02  8.548575902E-01 
       398 -2.397735570E-02  1.059146334E-01 -1.899049647E-02  8.655325052E+04  1.596237353E+02  3.325086439E+02  2.753269781E+02  2.424522870E+02  8.556798336E-01 
       399 -2.220871387E-02  1.066063154E-01 -1.667396516E-02  8.620237668E+04  1.605781246E+02  3.323231187E+02  2.750198596E+02  2.441722345E+02  8.570928003E-01 
       400 -2.041003203E-02  1.073389070E-01 -1.437512078E-02  8.558924762E+04  1.624502363E+02  3.319739811E+02  2.744423915E+02  2.468025180E+02  8.568006940E-01 
       401 -1.856976066E-02  1.079715131E-01 -1.211630566E-02  8.478766930E+04  1.653596258E+02  3.315470564E+02  2.737369461E+02  2.501321170E+02  8.535645365E-01 
       402 -1.670953655E-02  1.086522831E-01 -9.860640570E-03  8.420561028E+04  1.690454268E+02  3.311923239E+02  2.731514638E+02  2.529653692E+02  8.445513947E-01 
       403 -1.482329113E-02  1.093026603E-01 -7.620995183E-03  8.432856169E+04  1.711476671E+02  3.313124002E+02  2.733495668E+02  2.529627034E+02  8.339043412E-01 
       404 -1.292306254E-02  1.099268373E-01 -5.385291055E-03  8.524929883E+04  1.719276338E+02  3.318157778E+02  2.741809587E+02  2.500838804E+02  8.203869592E-01 
       405 -1.101845801E-02  1.105590611E-01 -3.137660868E-03  8.693830505E+04  1.704619020E+02  3.327590874E+02  2.757424760E+02  2.442600238E+02  8.091779903E-01 
       406 -9.120841472E-03  1.111701815E-01 -8.914052251E-04  8.943577802E+04  1.677928504E+02  3.340614173E+02  2.779052044E+02  2.357732315E+02  7.966385984E-01 
       407 -7.240675928E-03  1.117476218E-01  1.353994698E-03  9.297529807E+04  1.638494930E+02  3.359087062E+02  2.809875617E+02  2.224594605E+02  7.790357480E-01 
       408 -5.370549944E-03  1.123083196E-01  3.627204146E-03  9.652259473E+04  1.637717671E+02  3.376441860E+02  2.838980899E+02  2.110391519E+02  7.478978327E-01 
       409 -3.530590186E-03  1.128981262E-01  5.933484609E-03  9.844149622E+04  1.723162922E+02  3.388015278E+02  2.858474978E+02  1.996939982E+02  6.675588755E-01 
       410 -1.726912218E-03  1.134387153E-01  8.259926622E-03  9.803313525E+04  1.844484372E+02  3.385252481E+02  2.853816876E+02  2.038902736E+02  6.108256551E-01 
       411  3.734044288E-05  1.140039107E-01  1.062617763E-02  9.728351147E+04  1.945876088E+02  3.380646677E+02  2.846053014E+02  2.093350692E+02  5.697091138E-01 
       412  1.740848712E-03  1.145879687E-01  1.302702968E-02  9.650874452E+04  2.023774780E+02  3.376574017E+02  2.839198328E+02  2.134560126E+02  5.400396172E-01 
       413  3.387617433E-03  1.151172021E-01  1.547343878E-02  9.599136844E+04  2.087138762E+02  3.374573603E+02  2.835834850E+02  2.159602062E+02  5.139313802E-01 
       414  4.957112811E-03  1.157081541E-01  1.796238578E-02  9.539468359E+04  2.158523550E+02  3.371343913E+02  2.830413003E+02  2.190604024E+02  4.864889970E-01 
       415  6.462677552E-03  1.163151534E-01  2.048609031E-02  9.458816895E+04  2.225527730E+02  3.367142763E+02  2.823363957E+02  2.230615511E+02  4.649341721E-01 
       416  7.926557233E-03  1.168909271E-01  2.304605918E-02  9.392863470E+04  2.281864712E+02  3.363737347E+02  2.817653465E+02  2.266232688E+02  4.480118044E-01 
       417  9.338612782E-03  1.175119790E-01  2.562398907E-02  9.363796535E+04  2.332070860E+02  3.361859080E+02  2.814506009E+02  2.289166888E+02  4.308041246E-01 
       418  1.068984297E-02  1.181121478E-01  2.822455248E-02  9.351804428E+04  2.377913060E+02  3.361085845E+02  2.813209372E+02  2.301160649E+02  4.123151387E-01 
       419  1.198650266E-02  1.187330819E-01  3.085849659E-02  9.344458731E+04  2.422032480E+02  3.360767947E+02  2.812677901E+02  2.313394968E+02  3.951187243E-01 
       420  1.322982934E-02  1.193430432E-01  3.352159396E-02  9.347982553E+04  2.464727844E+02  3.360824674E+02  2.812772782E+02  2.324712363E+02  3.781814908E-01 
       421  1.439865389E-02  1.199672983E-01  3.621509854E-02  9.368988159E+04  2.502597934E+02  3.361954864E+02  2.814665607E+02  2.330610374E+02  3.620406518E-01 
       422  1.553995729E-02  1.205631245E-01  3.892438234E-02  9.412338464E+04  2.535876633E+02  3.364078000E+02  2.818222146E+02  2.325907812E+02  3.444497535E-01 
       423  1.662952250E-02  1.211745408E-01  4.165332372E-02  9.467098947E+04  2.563713250E+02  3.366769185E+02  2.822733506E+02  2.317638857E+02  3.288026238E-01 
       424  1.764894372E-02  1.217373945E-01  4.441857664E-02  9.537626450E+04  2.584275733E+02  3.370461079E+02  2.828929274E+02  2.299852493E+02  3.134224900E-01 
       425  1.861873940E-02  1.222791769E-01  4.720617614E-02  9.631640296E+04  2.602695933E+02  3.374930899E+02  2.836436893E+02  2.275915537E+02  2.970142479E-01 
       426  1.950820179E-02  1.228336643E-01  5.001741530E-02  9.722197214E+04  2.619903467E+02  3.379397877E+02  2.843951042E+02  2.249895972E+02  2.805341728E-01 
       427  2.036944420E-02  1.233245632E-01  5.285072558E-02  9.812749689E+04  2.638391937E+02  3.383771555E+02  2.851317673E+02  2.224254878E+02  2.631400038E-01 
       428  2.117157025E-02  1.238295963E-01  5.569831964E-02  9.910167371E+04  2.653409743E+02  3.388685713E+02  2.859607482E+02  2.196286926E+02  2.470428681E-01 
       429  2.190592593E-02  1.242947792E-01  5.857026217E-02  1.000616304E+05  2.670699549E+02  3.393168774E+02  2.867176838E+02  2.169944286E+02  2.298781201E-01 
       430  2.257248913E-02  1.247551336E-01  6.145961794E-02  1.009795425E+05  2.688895645E+02  3.397458448E+02  2.874432058E+02  2.146691322E+02  2.133713132E-01 
       431  2.314781749E-02  1.251835029E-01  6.437124902E-02  1.018030967E+05  2.706856527E+02  3.401493893E+02  2.881262479E+02  2.124189968E+02  1.968801888E-01 
       432  2.363318974E-02  1.255957621E-01  6.730774801E-02  1.025447833E+05  2.728693562E+02  3.404753447E+02  2.886786363E+02  2.107130613E+02  1.799437784E-01 
       433  2.402789138E-02  1.260195069E-01  7.025072331E-02  1.031765195E+05  2.750509529E+02  3.408028984E+02  2.892344170E+02  2.092860136E+02  1.640317785E-01 
       434  2.431727977E-02  1.264030352E-01  7.321094069E-02  1.036637217E+05  2.774773560E+02  3.410710773E+02  2.896896915E+02  2.083048859E+02  1.479165405E-01 
       435  2.453016930E-02  1.268032789E-01  7.617447467E-02  1.039133279E+05  2.803960905E+02  3.412225609E+02  2.899470382E+02  2.080622053E+02  1.316212094E-01 
       436  2.462079541E-02  1.271795605E-01  7.915094878E-02  1.038369004E+05  2.839773002E+02  3.412199998E+02  2.899426091E+02  2.090461112E+02  1.157510248E-01 
       437  2.463902970E-02  1.275610820E-01  8.212637731E-02  1.032408916E+05  2.883144593E+02  3.409568987E+02  2.894957452E+02  2.116554031E+02  1.018811017E-01 
       438  2.457492051E-02  1.279220853E-01  8.510260082E-02  1.022733900E+05  2.928315752E+02  3.405179037E+02  2.887507800E+02  2.154116477E+02  9.156851145E-02 
       439  2.441429013E-02  1.282749863E-01  8.807550525E-02  1.011943228E+05  2.965962631E+02  3.399875211E+02  2.878520113E+02  2.203540434E+02  9.095328600E-02 
       440  2.420234297E-02  1.286273229E-01  9.105186832E-02  1.003687538E+05  2.973352710E+02  3.396418058E+02  2.872669406E+02  2.237761288E+02  1.026372281E-01 
       441  2.388558350E-02  1.289647853E-01  9.401845916E-02  1.003199865E+05  2.957850935E+02  3.395927713E+02  2.871839306E+02  2.243111621E+02  1.158609218E-01 
       442  2.351928731E-02  1.293134864E-01  9.696958543E-02  1.008170746E+05  2.927323430E+02  3.398570320E+02  2.876311894E+02  2.225343920E+02  1.288764761E-01 
       443  2.306449285E-02  1.296327241E-01  9.991680403E-02  1.017022361E+05  2.899146042E+02  3.402544975E+02  2.883042545E+02  2.197246370E+02  1.361277252E-01 
       444  2.257188759E-02  1.299515661E-01  1.028605699E-01  1.027204097E+05  2.870224476E+02  3.407531414E+02  2.891498194E+02  2.162254333E+02  1.412755386E-01 
       445  2.201092100E-02  1.302726916E-01  1.057899135E-01  1.037050724E+05  2.844377477E+02  3.411842705E+02  2.898819222E+02  2.127534642E+02  1.449338336E-01 
       446  2.143382683E-02  1.305960230E-01  1.087107054E-01  1.046538837E+05  2.816012682E+02  3.416766657E+02  2.907193453E+02  2.088442636E+02  1.487550833E-01 
       447  2.076802587E-02  1.309307408E-01  1.116221513E-01  1.055539189E+05  2.789545574E+02  3.422175560E+02  2.916405926E+02  2.042752047E+02  1.492416235E-01 
       448  2.010215597E-02  1.312657467E-01  1.145293522E-01  1.063243979E+05  2.768646221E+02  3.427587881E+02  2.925636358E+02  2.006621661E+02  1.502699107E-01 
       449  1.945135245E-02  1.316056955E-01  1.174374795E-01  1.069362716E+05  2.760168054E+02  3.431526296E+02  2.932362759E+02  1.994405313E+02  1.528381226E-01 
       450  1.885387307E-02  1.319548677E-01  1.203553293E-01  1.073597496E+05  2.760864697E+02  3.433717673E+02  2.936108813E+02  1.994813572E+02  1.545331925E-01 
       451  1.837479322E-02  1.322913677E-01  1.233018373E-01  1.075784460E+05  2.765619640E+02  3.434454813E+02  2.937369833E+02  2.000360456E+02  1.557276631E-01 
       452  1.811263581E-02  1.325954541E-01  1.262715907E-01  1.076241650E+05  2.767666254E+02  3.435078411E+02  2.938436594E+02  2.005307875E+02  1.583154574E-01 
       453  1.805653049E-02  1.328847135E-01  1.292554963E-01  1.075681123E+05  2.771512780E+02  3.435225801E+02  2.938688383E+02  2.013956103E+02  1.612764385E-01 
       454  1.819877737E-02  1.331672438E-01  1.322380588E-01  1.074600391E+05  2.778144211E+02  3.434832655E+02  2.938016392E+02  2.027294198E+02  1.642908203E-01 
       455  1.852494771E-02  1.334510277E-01  1.352129826E-01  1.072924218E+05  2.785447467E+02  3.434000701E+02  2.936592480E+02  2.041323231E+02  1.673565487E-01 
       456  1.890761882E-02  1.337081709E-01  1.381756048E-01  1.070908841E+05  2.792873477E+02  3.432890157E+02  2.934693485E+02  2.056628058E+02  1.706511334E-01 
       457  1.937808835E-02  1.339540030E-01  1.411279949E-01  1.068672366E+05  2.800246732E+02  3.431818469E+02  2.932860777E+02  2.073718989E+02  1.745909582E-01 
       458  1.989552602E-02  1.341916383E-01  1.440726902E-01  1.066309590E+05  2.806980394E+02  3.430820338E+02  2.931155466E+02  2.089420429E+02  1.783980088E-01 
       459  2.048114376E-02  1.344526817E-01  1.469999956E-01  1.063186416E+05  2.815588627E+02  3.429239540E+02  2.928433399E+02  2.107006817E+02  1.813915772E-01 
       460 -4.772920012E-02  1.664853148E-01 -4.258181757E-02  8.251666870E+04  1.813608604E+02  3.302748133E+02  2.716400540E+02  3.428581341E+02  1.013296433E+00 
       461 -4.770031945E-02  1.666117663E-01 -3.916302660E-02  8.227666907E+04  1.819848191E+02  3.301166208E+02  2.713799508E+02  3.438876863E+02  1.013037446E+00 
       462 -4.768621633E-02  1.667606858E-01 -3.574527808E-02  8.184310657E+04  1.828385022E+02  3.298930836E+02  2.710125561E+02  3.448639231E+02  1.011923870E+00 
       463 -4.773671611E-02  1.669008759E-01 -3.232563070E-02  8.131685327E+04  1.846793127E+02  3.295394192E+02  2.704319010E+02  3.468967896E+02  1.009394452E+00 
       464 -4.779814392E-02  1.670685917E-01 -2.890641835E-02  8.072887549E+04  1.865589132E+02  3.291730766E+02  2.698309326E+02  3.491173391E+02  1.007097166E+00 
       465 -4.772832030E-02  1.672854950E-01 -2.549705171E-02  8.007012927E+04  1.881692488E+02  3.288510661E+02  2.693033495E+02  3.500674496E+02  1.003447304E+00 
       466 -4.733274936E-02  1.676197526E-01 -2.211766833E-02  7.948528503E+04  1.911984456E+02  3.284528532E+02  2.686516418E+02  3.535281329E+02  9.996227603E-01 
       467 -4.646629434E-02  1.680852894E-01 -1.884685997E-02  7.955693329E+04  1.927210904E+02  3.285048419E+02  2.687369254E+02  3.538603227E+02  9.949435331E-01 
       468 -4.497458874E-02  1.687177674E-01 -1.583913045E-02  8.135990259E+04  1.908286815E+02  3.295703840E+02  2.704845557E+02  3.479344349E+02  9.905924071E-01 
       469 -4.311049959E-02  1.694263862E-01 -1.306511329E-02  8.462577686E+04  1.853635297E+02  3.314271812E+02  2.735419679E+02  3.389916954E+02  9.936592132E-01 
       470 -4.101650432E-02  1.701661907E-01 -1.047820325E-02  8.759179492E+04  1.791769953E+02  3.330194302E+02  2.761739540E+02  3.326770744E+02  1.004228733E+00 
       471 -3.872443978E-02  1.709287414E-01 -8.043812788E-03  8.761403601E+04  1.766569297E+02  3.330507679E+02  2.762259710E+02  3.316302938E+02  1.011224908E+00 
       472 -3.634257562E-02  1.716543837E-01 -5.706210795E-03  8.539350439E+04  1.787646027E+02  3.318685780E+02  2.742693443E+02  3.369463024E+02  1.012622498E+00 
       473 -3.384972842E-02  1.724025179E-01 -3.469956820E-03  8.157752777E+04  1.862748008E+02  3.296575675E+02  2.706292281E+02  3.488080075E+02  1.007793569E+00 
       474 -3.133060076E-02  1.731099844E-01 -1.271304633E-03  7.713832742E+04  1.964997501E+02  3.270836096E+02  2.664187413E+02  3.616732898E+02  9.973883349E-01 
       475 -2.873453975E-02  1.737912906E-01  8.535856133E-04  7.317069751E+04  2.065219822E+02  3.246182795E+02  2.624185200E+02  3.721800013E+02  9.846151657E-01 
       476 -2.611690126E-02  1.744247281E-01  2.958268427E-03  7.058716711E+04  2.142100368E+02  3.229204030E+02  2.596786942E+02  3.805991979E+02  9.759543836E-01 
       477 -2.348835128E-02  1.750433393E-01  5.058280838E-03  6.964125467E+04  2.169852481E+02  3.223824643E+02  2.588140423E+02  3.834968874E+02  9.725111742E-01 
       478 -2.083113736E-02  1.756162102E-01  7.133742148E-03  6.969725513E+04  2.183082490E+02  3.224305859E+02  2.588910294E+02  3.825152206E+02  9.660996571E-01 
       479 -1.816607045E-02  1.761555279E-01  9.209141426E-03  7.016473730E+04  2.205832148E+02  3.226726580E+02  2.592803307E+02  3.830395794E+02  9.593471736E-01 
       480 -1.549262448E-02  1.766467189E-01  1.128626304E-02  7.278419165E+04  2.206718712E+02  3.244953833E+02  2.622246819E+02  3.746422186E+02  9.418496452E-01 
       481 -1.281959455E-02  1.771087169E-01  1.337222607E-02  8.278351227E+04  2.140417864E+02  3.303983164E+02  2.718677027E+02  3.488269005E+02  9.166104486E-01 
       482 -1.015361520E-02  1.775059034E-01  1.547159933E-02  9.840421461E+04  2.085317135E+02  3.382133359E+02  2.848602018E+02  3.066727647E+02  8.700400062E-01 
       483 -7.491200012E-03  1.778633735E-01  1.757589553E-02  9.661506055E+04  2.200445442E+02  3.377928839E+02  2.841516171E+02  3.108145046E+02  8.346626703E-01 
       484 -4.837064878E-03  1.782590199E-01  1.971143984E-02  8.961253882E+04  2.309198732E+02  3.340741987E+02  2.779291267E+02  3.335021343E+02  8.320017084E-01 
       485 -2.188499166E-03  1.785530451E-01  2.185094162E-02  8.857564398E+04  2.321018286E+02  3.336392310E+02  2.772036425E+02  3.334161947E+02  8.282037673E-01 
       486  4.329096806E-04  1.787998193E-01  2.404680664E-02  8.903247510E+04  2.342930832E+02  3.339577389E+02  2.777335320E+02  3.331938725E+02  8.209548146E-01 
       487  3.027224691E-03  1.790317150E-01  2.627094405E-02  8.896878400E+04  2.370488620E+02  3.339973660E+02  2.777990761E+02  3.344594114E+02  8.141937070E-01 
       488  5.626976121E-03  1.792222402E-01  2.847807669E-02  8.960453955E+04  2.393473699E+02  3.342874556E+02  2.782820170E+02  3.342620018E+02  8.064091215E-01 
       489  8.191038637E-03  1.793338257E-01  3.074695743E-02  9.159766296E+04  2.394246395E+02  3.353183684E+02  2.800023301E+02  3.297530315E+02  7.991807843E-01 
       490  1.074058355E-02  1.794129340E-01  3.303046409E-02  9.502344055E+04  2.377081358E+02  3.369916300E+02  2.828055500E+02  3.202308156E+02  7.906391235E-01 
       491  1.325979491E-02  1.793970135E-01  3.532576038E-02  9.921669946E+04  2.349488218E+02  3.390107145E+02  2.862052875E+02  3.075421686E+02  7.816817733E-01 
       492  1.577166567E-02  1.793535417E-01  3.765132951E-02  1.028803386E+05  2.329398713E+02  3.407404680E+02  2.891316113E+02  2.974668374E+02  7.747714678E-01 
       493  1.825553626E-02  1.792503646E-01  4.000403552E-02  1.053781324E+05  2.326105356E+02  3.418756218E+02  2.910594158E+02  2.913665314E+02  7.679101974E-01 
       494  2.071273564E-02  1.790845686E-01  4.238164633E-02  1.073012564E+05  2.324317858E+02  3.427933135E+02  2.926241748E+02  2.860183581E+02  7.621561871E-01 
       495  2.315348782E-02  1.789033294E-01  4.476881837E-02  1.093181007E+05  2.320043340E+02  3.437079706E+02  2.941872621E+02  2.806503334E+02  7.572479378E-01 
       496  2.554611962E-02  1.786610662E-01  4.720294885E-02  1.113895337E+05  2.313312407E+02  3.446308575E+02  2.957695904E+02  2.758273869E+02  7.543890905E-01 
       497  2.790553153E-02  1.783591187E-01  4.966367300E-02  1.132421602E+05  2.308004303E+02  3.454960403E+02  2.972560854E+02  2.707390184E+02  7.508121282E-01 
       498  3.023553076E-02  1.780531658E-01  5.215009418E-02  1.148682017E+05  2.301282258E+02  3.462977617E+02  2.986367784E+02  2.662101746E+02  7.487484878E-01 
       499  3.255140683E-02  1.777481834E-01  5.464573084E-02  1.163110345E+05  2.298165803E+02  3.469410999E+02  2.997474998E+02  2.622693300E+02  7.463708674E-01 
       500  3.480321611E-02  1.773622653E-01  5.719033452E-02  1.173384692E+05  2.297273558E+02  3.473915834E+02  3.005260913E+02  2.595875931E+02  7.441627504E-01 
       501  3.704366447E-02  1.769956776E-01  5.978074099E-02  1.180399984E+05  2.302151561E+02  3.476597362E+02  3.009900587E+02  2.575372550E+02  7.406150326E-01 
       502  3.923116288E-02  1.766153691E-01  6.237867612E-02  1.185929274E+05  2.307943532E+02  3.478738027E+02  3.013607984E+02  2.561813617E+02  7.373355832E-01 
       503  4.136429871E-02  1.761773997E-01  6.501205622E-02  1.190083156E+05  2.310829355E+02  3.480878757E+02  3.017317212E+02  2.547965120E+02  7.350795758E-01 
       504  4.348069858E-02  1.757484529E-01  6.766046190E-02  1.192624895E+05  2.317013521E+02  3.481987257E+02  3.019239111E+02  2.542778397E+02  7.324409951E-01 
       505  4.554226392E-02  1.753162813E-01  7.034950997E-02  1.194481479E+05  2.321582994E+02  3.482880411E+02  3.020788183E+02  2.538508892E+02  7.305711210E-01 
       506  4.756665315E-02  1.748560179E-01  7.306168772E-02  1.195649138E+05  2.327764468E+02  3.483240049E+02  3.021411767E+02  2.534702269E+02  7.280410491E-01 
       507  4.956604909E-02  1.743615796E-01  7.580968578E-02  1.195161242E+05  2.332391326E+02  3.482879320E+02  3.020785882E+02  2.539743348E+02  7.269018728E-01 
       508  5.152654947E-02  1.738670862E-01  7.855886540E-02  1.191954109E+05  2.333978182E+02  3.481507800E+02  3.018407457E+02  2.545023214E+02  7.270755083E-01 
       509  5.347325952E-02  1.733659220E-01  8.131742073E-02  1.190951492E+05  2.335600245E+02  3.480801335E+02  3.017182008E+02  2.550596431E+02  7.273482627E-01 
       510  5.541917190E-02  1.728212690E-01  8.412523757E-02  1.190994477E+05  2.329091664E+02  3.480906298E+02  3.017364284E+02  2.548632306E+02  7.299883580E-01 
       511  5.731737707E-02  1.722438844E-01  8.698058411E-02  1.195279661E+05  2.331520824E+02  3.482438362E+02  3.020021777E+02  2.537496841E+02  7.281491410E-01 
       512  5.917186437E-02  1.716911252E-01  8.979478553E-02  1.197817869E+05  2.337858032E+02  3.483547950E+02  3.021947203E+02  2.533974441E+02  7.255279983E-01 
       513  6.096387184E-02  1.711643945E-01  9.255110888E-02  1.198785746E+05  2.346813127E+02  3.483977810E+02  3.022693174E+02  2.533476231E+02  7.221773129E-01 
       514  6.270700241E-02  1.705757992E-01  9.544380808E-02  1.198079854E+05  2.356785164E+02  3.483631434E+02  3.022092857E+02  2.539573126E+02  7.187825106E-01 
       515  6.442263795E-02  1.699823167E-01  9.834544530E-02  1.196383876E+05  2.364622645E+02  3.482785051E+02  3.020623504E+02  2.545533533E+02  7.163591648E-01 
       516  6.612271722E-02  1.694054111E-01  1.012510921E-01  1.194715779E+05  2.374983575E+02  3.481755705E+02  3.018837714E+02  2.552584131E+02  7.132768696E-01 
       517  6.776083839E-02  1.688452726E-01  1.042003507E-01  1.193201428E+05  2.382805449E+02  3.481094083E+02  3.017690811E+02  2.559487878E+02  7.112360247E-01 
       518  6.936215302E-02  1.682812898E-01  1.071729988E-01  1.191855162E+05  2.387106591E+02  3.480747141E+02  3.017088716E+02  2.566672730E+02  7.105298478E-01 
       519  7.082677073E-02  1.677321085E-01  1.102128146E-01  1.190803690E+05  2.392177026E+02  3.480675414E+02  3.016965485E+02  2.570774856E+02  7.091034707E-01 
       520  7.220712168E-02  1.672497044E-01  1.133584680E-01  1.189522401E+05  2.402499077E+02  3.480576202E+02  3.016796076E+02  2.575790569E+02  7.058687989E-01 
       521  7.342602904E-02  1.668557431E-01  1.165154693E-01  1.187922317E+05  2.411250298E+02  3.481398227E+02  3.018224714E+02  2.575060651E+02  7.027566498E-01 
       522  7.439926912E-02  1.665467988E-01  1.197652411E-01  1.186101169E+05  2.416389534E+02  3.482947192E+02  3.020911894E+02  2.573990788E+02  7.008789200E-01 
       523  7.498839543E-02  1.664581038E-01  1.231239650E-01  1.184384951E+05  2.419604206E+02  3.484446106E+02  3.023509445E+02  2.572824192E+02  6.999963000E-01 
       524  7.530423640E-02  1.665023734E-01  1.265249777E-01  1.183485701E+05  2.419915137E+02  3.485413270E+02  3.025185337E+02  2.568485308E+02  6.999614472E-01 
       525  7.543612494E-02  1.666233331E-01  1.299370256E-01  1.182403242E+05  2.429954376E+02  3.483913250E+02  3.022580738E+02  2.585185051E+02  6.982043236E-01 
       526  7.553122174E-02  1.667952118E-01  1.333496155E-01  1.181370405E+05  2.444518638E+02  3.481617117E+02  3.018598790E+02  2.608029523E+02  6.955464901E-01 
       527  7.566054780E-02  1.669469890E-01  1.367626796E-01  1.180757302E+05  2.451943998E+02  3.481476355E+02  3.018355417E+02  2.611281667E+02  6.936495900E-01 
       528  7.583993244E-02  1.671002891E-01  1.401745263E-01  1.180075670E+05  2.450440983E+02  3.484204040E+02  3.023096044E+02  2.598870069E+02  6.939668967E-01 
       529  7.600645069E-02  1.672586086E-01  1.435869327E-01  1.178857173E+05  2.434647107E+02  3.490722361E+02  3.034441960E+02  2.559083025E+02  6.981859501E-01 
       530  7.611546960E-02  1.674572299E-01  1.470000031E-01  1.179512726E+05  2.382578948E+02  3.501772835E+02  3.054531515E+02  2.460954192E+02  7.123503010E-01 
       531 -5.220359409E-02  2.342994603E-01 -4.210986580E-02  8.159898148E+04  1.831059668E+02  3.296475325E+02  2.706877254E+02  4.444079591E+02  1.146125444E+00 
       532 -5.220192467E-02  2.343108577E-01 -3.821952920E-02  8.088302487E+04  1.857643901E+02  3.292906629E+02  2.700238434E+02  4.461975424E+02  1.141437991E+00 
       533 -5.220302368E-02  2.343278434E-01 -3.432921672E-02  8.110373273E+04  1.858894327E+02  3.294619012E+02  2.703051530E+02  4.455063033E+02  1.140444638E+00 
       534 -5.220531674E-02  2.343446645E-01 -3.043898101E-02  8.246430350E+04  1.821645284E+02  3.303120023E+02  2.717032451E+02  4.418142150E+02  1.145942448E+00 
       535 -5.220735409E-02  2.343651870E-01 -2.654892396E-02  8.432552734E+04  1.772983332E+02  3.313799744E+02  2.734624748E+02  4.382629128E+02  1.154503122E+00 
       536 -5.221355576E-02  2.343966826E-01 -2.266385481E-02  8.559870235E+04  1.734913652E+02  3.320826269E+02  2.746223921E+02  4.355594941E+02  1.161407177E+00 
       537 -5.221196162E-02  2.344309954E-01 -1.877454498E-02  8.554989981E+04  1.732463016E+02  3.319087074E+02  2.743359070E+02  4.353081123E+02  1.161770658E+00 
       538 -5.222596507E-02  2.344687402E-01 -1.488167101E-02  8.405117447E+04  1.769693268E+02  3.309375998E+02  2.727333236E+02  4.400078039E+02  1.157070657E+00 
       539 -5.222923531E-02  2.345160018E-01 -1.099302079E-02  8.178743640E+04  1.819254353E+02  3.297529080E+02  2.707846401E+02  4.443511901E+02  1.149190520E+00 
       540 -5.210275326E-02  2.345957540E-01 -7.104134264E-03  7.996506604E+04  1.867251716E+02  3.288992717E+02  2.693834014E+02  4.474024172E+02  1.140719246E+00 
       541 -5.114101036E-02  2.348545508E-01 -3.375994418E-03  7.975036992E+04  1.874540148E+02  3.289227090E+02  2.694213331E+02  4.480058995E+02  1.139712801E+00 
       542 -4.917766965E-02  2.353023755E-01 -5.047413344E-05  8.033265015E+04  1.871519771E+02  3.291863823E+02  2.698534946E+02  4.489283686E+02  1.141822737E+00 
       543 -4.661414278E-02  2.358651253E-01  2.823323178E-03  8.136732849E+04  1.847724886E+02  3.298671398E+02  2.709711113E+02  4.464173031E+02  1.145369865E+00 
       544 -4.374488282E-02  2.364440537E-01  5.350106892E-03  8.435225488E+04  1.778336105E+02  3.315872469E+02  2.738054819E+02  4.390884600E+02  1.155069659E+00 
       545 -4.059796688E-02  2.370222596E-01  7.583171126E-03  8.872236078E+04  1.651910841E+02  3.337790387E+02  2.774370070E+02  4.290035579E+02  1.176895610E+00 
       546 -3.738701819E-02  2.375676250E-01  9.702642239E-03  8.769964270E+04  1.674098744E+02  3.331470754E+02  2.763892388E+02  4.304291186E+02  1.172606640E+00 
       547 -3.407522408E-02  2.380263225E-01  1.169481074E-02  8.222940894E+04  1.835960438E+02  3.301656322E+02  2.714669323E+02  4.441719851E+02  1.145749582E+00 
       548 -3.073065008E-02  2.384984497E-01  1.361793802E-02  7.966751453E+04  1.916348680E+02  3.286650648E+02  2.689997905E+02  4.487619464E+02  1.130165662E+00 
       549 -2.732884007E-02  2.388770261E-01  1.546643341E-02  8.104483704E+04  1.873869820E+02  3.294302273E+02  2.702544737E+02  4.463006568E+02  1.138161395E+00 
       550 -2.390908864E-02  2.392176502E-01  1.728468609E-02  8.189824666E+04  1.846566695E+02  3.299532638E+02  2.711122921E+02  4.454234208E+02  1.144271993E+00 
       551 -2.044822495E-02  2.394794424E-01  1.908927170E-02  8.130771057E+04  1.861268439E+02  3.296958346E+02  2.706899449E+02  4.456385550E+02  1.141420251E+00 
       552 -1.699643969E-02  2.397114515E-01  2.086461287E-02  8.085981458E+04  1.891060717E+02  3.292940431E+02  2.700315084E+02  4.465292444E+02  1.135546431E+00 
       553 -1.354033893E-02  2.398615604E-01  2.263394957E-02  8.082116748E+04  1.876739988E+02  3.294444332E+02  2.702787228E+02  4.460103569E+02  1.139773741E+00 
       554 -1.007792796E-02  2.399171479E-01  2.439846914E-02  8.098383386E+04  1.875148304E+02  3.294927125E+02  2.703576555E+02  4.452273240E+02  1.140555823E+00 
       555 -6.592279415E-03  2.399646350E-01  2.619220728E-02  8.056139966E+04  1.869663615E+02  3.293230648E+02  2.700794835E+02  4.456237345E+02  1.143668983E+00 
       556 -3.124907716E-03  2.398994093E-01  2.794309000E-02  7.976593066E+04  1.915743809E+02  3.285348854E+02  2.687884617E+02  4.518595409E+02  1.140998051E+00 
       557  3.338943067E-04  2.398017910E-01  2.968583889E-02  1.024994575E+05  2.033346551E+02  3.414164357E+02  2.903092905E+02  3.914495310E+02  1.061009516E+00 
       558  3.794068913E-03  2.396169640E-01  3.144821874E-02  9.950124878E+04  2.112934217E+02  3.395321722E+02  2.870932317E+02  4.016291065E+02  1.049517846E+00 
       559  7.248441593E-03  2.393064044E-01  3.320284907E-02  9.498408984E+04  2.119631567E+02  3.372949467E+02  2.833129196E+02  4.129937973E+02  1.055350192E+00 
       560  1.068879679E-02  2.389885178E-01  3.498866898E-02  9.218112061E+04  2.130914245E+02  3.358790560E+02  2.809396515E+02  4.194445696E+02  1.057765886E+00 
       561  1.412543948E-02  2.386075767E-01  3.676435012E-02  8.947686670E+04  2.136994977E+02  3.347791777E+02  2.791011753E+02  4.238434801E+02  1.059268877E+00 
       562  1.753589177E-02  2.380598424E-01  3.855175648E-02  8.861559863E+04  2.166707897E+02  3.343461456E+02  2.783827324E+02  4.261513214E+02  1.054142915E+00 
       563  2.093820079E-02  2.375000001E-01  4.035454522E-02  9.156274023E+04  2.139891405E+02  3.362706604E+02  2.816012926E+02  4.208768730E+02  1.056683466E+00 
       564  2.432947450E-02  2.368878370E-01  4.215773147E-02  1.029927577E+05  2.065749791E+02  3.420327311E+02  2.913641096E+02  3.946245072E+02  1.060403409E+00 
       565  2.770729830E-02  2.361795572E-01  4.394886350E-02  1.229640371E+05  1.974666846E+02  3.501377120E+02  3.053225484E+02  3.472056203E+02  1.066539787E+00 
       566  3.105826597E-02  2.354459967E-01  4.578622705E-02  1.300589498E+05  1.979445891E+02  3.525147128E+02  3.094574790E+02  3.363473668E+02  1.064347556E+00 
       567  3.438758923E-02  2.346372217E-01  4.762879820E-02  1.232150250E+05  1.997991775E+02  3.503454349E+02  3.056651559E+02  3.546613997E+02  1.059561507E+00 
       568  3.771502906E-02  2.337669833E-01  4.947240569E-02  1.178786616E+05  2.005563819E+02  3.485866339E+02  3.025998991E+02  3.617015314E+02  1.055977980E+00 
       569  4.101460083E-02  2.329246351E-01  5.135281935E-02  1.192149863E+05  1.992241666E+02  3.491956062E+02  3.036574564E+02  3.568401747E+02  1.056136633E+00 
       570  4.428347740E-02  2.319960665E-01  5.324515281E-02  1.227749462E+05  2.006575222E+02  3.504551494E+02  3.058501596E+02  3.482182801E+02  1.049479990E+00 
       571  4.749748393E-02  2.310181580E-01  5.520824782E-02  1.239166724E+05  2.037442970E+02  3.510078936E+02  3.068153057E+02  3.445596890E+02  1.039201280E+00 
       572  5.066691057E-02  2.300652086E-01  5.723980181E-02  1.239813962E+05  2.060577570E+02  3.512107115E+02  3.071698450E+02  3.448801863E+02  1.031919300E+00 
       573  5.379140778E-02  2.290521307E-01  5.932353399E-02  1.243430123E+05  2.090439307E+02  3.513545829E+02  3.074216217E+02  3.441147959E+02  1.022679145E+00 
       574  5.683956615E-02  2.279793322E-01  6.149869556E-02  1.248930225E+05  2.121459503E+02  3.515397320E+02  3.077457247E+02  3.422803326E+02  1.012704149E+00 
       575  5.985072913E-02  2.269370111E-01  6.373374277E-02  1.249307734E+05  2.158199806E+02  3.514620972E+02  3.076098824E+02  3.417233105E+02  1.000930861E+00 
       576  6.280959972E-02  2.258492183E-01  6.601505396E-02  1.244581000E+05  2.195630340E+02  3.512511751E+02  3.072407456E+02  3.420587727E+02  9.887172735E-01 
       577  6.573461678E-02  2.247295145E-01  6.832363097E-02  1.239966577E+05  2.227734458E+02  3.512239017E+02  3.071930914E+02  3.420988517E+02  9.783486770E-01 
       578  6.865501872E-02  2.236625994E-01  7.064894084E-02  1.234791923E+05  2.264780793E+02  3.511246098E+02  3.070195630E+02  3.436766230E+02  9.670332896E-01 
       579  7.151541969E-02  2.224865137E-01  7.302188293E-02  1.219950212E+05  2.283877234E+02  3.507849398E+02  3.064255114E+02  3.464952068E+02  9.611392803E-01 
       580  7.433322259E-02  2.213060150E-01  7.543149031E-02  1.213736440E+05  2.284915471E+02  3.506939869E+02  3.062670298E+02  3.454179125E+02  9.587718919E-01 
       581  7.711325138E-02  2.201536844E-01  7.789825066E-02  1.231647983E+05  2.295555271E+02  3.514160894E+02  3.075302064E+02  3.403433855E+02  9.526928309E-01 
       582  7.981655167E-02  2.189959972E-01  8.044372180E-02  1.237547400E+05  2.320430658E+02  3.516653070E+02  3.079670396E+02  3.383721299E+02  9.428884871E-01 
       583  8.242371870E-02  2.177951216E-01  8.306797326E-02  1.233991904E+05  2.334144716E+02  3.515256901E+02  3.077232513E+02  3.382213497E+02  9.371639416E-01 
       584  8.497819178E-02  2.166305248E-01  8.576177505E-02  1.229364736E+05  2.335406625E+02  3.513318797E+02  3.073839167E+02  3.386102650E+02  9.356718436E-01 
       585  8.747465708E-02  2.155008942E-01  8.852176985E-02  1.225519851E+05  2.328230600E+02  3.511365156E+02  3.070420532E+02  3.392984781E+02  9.372270927E-01 
       586  8.983863293E-02  2.143275504E-01  9.137087988E-02  1.223904302E+05  2.311444221E+02  3.510615396E+02  3.069109421E+02  3.391250181E+02  9.414726105E-01 
       587  9.211779941E-02  2.131724912E-01  9.430579148E-02  1.224395947E+05  2.297860412E+02  3.510626275E+02  3.069128719E+02  3.383180798E+02  9.447633070E-01 
       588  9.424446159E-02  2.121023496E-01  9.738772987E-02  1.226042533E+05  2.285616332E+02  3.511590688E+02  3.070822162E+02  3.375298639E+02  9.480979954E-01 
       589  9.610967173E-02  2.111612431E-01  1.006666829E-01  1.227790034E+05  2.264545304E+02  3.512647371E+02  3.072682185E+02  3.370710599E+02  9.540789371E-01 
       590  9.742401869E-02  2.103903297E-01  1.042235364E-01  1.228449223E+05  2.229707411E+02  3.512802865E+02  3.072961990E+02  3.382079737E+02  9.643195675E-01 
       591  9.764724840E-02  2.101688920E-01  1.080985861E-01  1.228409075E+05  2.199369056E+02  3.510043349E+02  3.068133631E+02  3.396100421E+02  9.732138608E-01 
       592  9.763062643E-02  2.101108570E-01  1.119846410E-01  1.226492914E+05  2.193026993E+02  3.507354674E+02  3.063423663E+02  3.403324994E+02  9.750234966E-01 
       593  9.759894170E-02  2.100363093E-01  1.158782398E-01  1.224954430E+05  2.209455135E+02  3.511802421E+02  3.071203907E+02  3.399454136E+02  9.701436218E-01 
       594  9.760335841E-02  2.100041055E-01  1.197683889E-01  1.224955295E+05  2.221374511E+02  3.524971806E+02  3.094303807E+02  3.322928345E+02  9.656175841E-01 
       595  9.760552297E-02  2.099886023E-01  1.236588659E-01  1.225676106E+05  2.230812571E+02  3.542007068E+02  3.124283367E+02  3.155608037E+02  9.627592718E-01 
       596  9.760989540E-02  2.100145164E-01  1.275491461E-01  1.226936874E+05  2.254062100E+02  3.553931433E+02  3.145339248E+02  3.004061765E+02  9.571277348E-01 
       597  9.760550437E-02  2.100148949E-01  1.314412195E-01  1.229076904E+05  2.264037886E+02  3.560510187E+02  3.157006979E+02  2.999554195E+02  9.536502473E-01 
       598  9.762031038E-02  2.101034915E-01  1.353312483E-01  1.230086460E+05  2.272867017E+02  3.560305190E+02  3.156700130E+02  3.095310205E+02  9.489950526E-01 
       599  9.762506170E-02  2.101609083E-01  1.392228176E-01  1.230656404E+05  2.269410413E+02  3.554211136E+02  3.145943768E+02  3.184502118E+02  9.501450595E-01 
       600  9.764671237E-02  2.102092269E-01  1.431110049E-01  1.231901852E+05  2.245825157E+02  3.544463441E+02  3.128712530E+02  3.245190752E+02  9.577691751E-01 
       601  9.766256924E-02  2.102587391E-01  1.469999989E-01  1.232795728E+05  2.218536825E+02  3.538284454E+02  3.115060797E+02  3.282308855E+02  9.664791562E-01 
