nodenumber     x-coordinate     y-coordinate     z-coordinate         pressure velocity-magnitude      sound-speed      temperature rel-velocity-magnitude relative-velocity-angle 
         1 -2.216901913E-02  1.039879580E-01 -4.300600202E-02  8.754388120E+04  1.538178170E+02  3.330538048E+02  2.762305463E+02  2.357821535E+02  8.601893364E-01 
         2 -2.197401757E-02  1.042260031E-01 -4.002397295E-02  8.744167245E+04  1.548657670E+02  3.329545465E+02  2.760659246E+02  2.366377331E+02  8.576270437E-01 
         3 -2.150271627E-02  1.045375264E-01 -3.708169353E-02  8.735629242E+04  1.549045657E+02  3.329623668E+02  2.760788836E+02  2.369054765E+02  8.586282316E-01 
         4 -2.072290556E-02  1.049359494E-01 -3.421635317E-02  8.722717712E+04  1.553190129E+02  3.329219713E+02  2.760119848E+02  2.373221393E+02  8.583404021E-01 
         5 -1.964621854E-02  1.053757771E-01 -3.145501365E-02  8.711347803E+04  1.563278360E+02  3.328298635E+02  2.758593020E+02  2.385577598E+02  8.575656060E-01 
         6 -1.833909717E-02  1.058829391E-01 -2.880182754E-02  8.696428687E+04  1.571294708E+02  3.327449484E+02  2.757186131E+02  2.392973666E+02  8.562580813E-01 
         7 -1.686396899E-02  1.064019756E-01 -2.624136390E-02  8.677450171E+04  1.582460265E+02  3.326208496E+02  2.755128984E+02  2.405369172E+02  8.550258335E-01 
         8 -1.524276490E-02  1.069101094E-01 -2.376908005E-02  8.657780127E+04  1.590750694E+02  3.325294547E+02  2.753615017E+02  2.415188317E+02  8.544188812E-01 
         9 -1.353040875E-02  1.074492491E-01 -2.136449246E-02  8.635395789E+04  1.599830868E+02  3.324287605E+02  2.751947773E+02  2.427015722E+02  8.541330844E-01 
        10 -1.175719847E-02  1.079385502E-01 -1.899452623E-02  8.615501666E+04  1.613876606E+02  3.323128068E+02  2.750028217E+02  2.437578108E+02  8.507708637E-01 
        11 -9.920451205E-03  1.084473482E-01 -1.667649769E-02  8.606619803E+04  1.625738875E+02  3.322654197E+02  2.749243560E+02  2.447053032E+02  8.482332826E-01 
        12 -8.053093039E-03  1.089314126E-01 -1.437870322E-02  8.625726865E+04  1.632048158E+02  3.323468884E+02  2.750591947E+02  2.445709239E+02  8.449290199E-01 
        13 -6.139911673E-03  1.093816015E-01 -1.211111235E-02  8.678266577E+04  1.627104883E+02  3.326247931E+02  2.755193801E+02  2.431631246E+02  8.432496246E-01 
        14 -4.213714023E-03  1.098625599E-01 -9.853315987E-03  8.762721777E+04  1.603166485E+02  3.330944462E+02  2.762980347E+02  2.405656900E+02  8.480551578E-01 
        15 -2.267252226E-03  1.102821410E-01 -7.616721013E-03  8.864389355E+04  1.559416122E+02  3.336584854E+02  2.772347488E+02  2.368768911E+02  8.601852246E-01 
        16 -3.058463972E-04  1.106716081E-01 -5.380345181E-03  8.939387744E+04  1.496956511E+02  3.340055513E+02  2.778119287E+02  2.344114761E+02  8.871368002E-01 
        17  1.649896870E-03  1.110991589E-01 -3.144821902E-03  8.738921045E+04  1.472506343E+02  3.328838582E+02  2.759502554E+02  2.422201440E+02  9.283497036E-01 
        18  3.605378217E-03  1.114680886E-01 -8.997268064E-04  7.566211987E+04  1.751661003E+02  3.263022251E+02  2.651466069E+02  2.865879083E+02  9.457143545E-01 
        19  5.548952344E-03  1.118349081E-01  1.356589372E-03  7.012232257E+04  2.071012758E+02  3.230551889E+02  2.598961458E+02  3.048111944E+02  8.464586940E-01 
        20  7.472030685E-03  1.121892539E-01  3.633809071E-03  7.298759126E+04  2.117074659E+02  3.248771300E+02  2.628386815E+02  2.987289208E+02  7.944948282E-01 
        21  9.366594022E-03  1.125505666E-01  5.932977735E-03  7.665877136E+04  2.078711538E+02  3.271755149E+02  2.665701802E+02  2.833900075E+02  7.549744318E-01 
        22  1.122147558E-02  1.129077905E-01  8.263617067E-03  7.913290869E+04  2.072458844E+02  3.286318829E+02  2.689469162E+02  2.734096581E+02  7.214127504E-01 
        23  1.303284284E-02  1.132507638E-01  1.062953057E-02  8.071166118E+04  2.090192455E+02  3.295797787E+02  2.704997337E+02  2.688371793E+02  6.960510104E-01 
        24  1.479928419E-02  1.136234762E-01  1.303021626E-02  8.180336374E+04  2.138777345E+02  3.301312242E+02  2.714051595E+02  2.660889260E+02  6.617682728E-01 
        25  1.649617427E-02  1.139938279E-01  1.547769530E-02  8.275350537E+04  2.193617628E+02  3.305674112E+02  2.721229098E+02  2.634537725E+02  6.246097102E-01 
        26  1.811807173E-02  1.143837002E-01  1.797032872E-02  8.341820251E+04  2.249051788E+02  3.308789563E+02  2.726361117E+02  2.617749205E+02  5.904352050E-01 
        27  1.968166241E-02  1.148013513E-01  2.049621310E-02  8.350389911E+04  2.315657322E+02  3.308988204E+02  2.726685934E+02  2.619011095E+02  5.571664399E-01 
        28  2.119101764E-02  1.152299366E-01  2.305322148E-02  8.303593901E+04  2.405357248E+02  3.305334151E+02  2.720664452E+02  2.649052187E+02  5.223192861E-01 
        29  2.266338778E-02  1.156643914E-01  2.563116057E-02  8.246220264E+04  2.492449087E+02  3.302027330E+02  2.715227629E+02  2.680971431E+02  4.890278112E-01 
        30  2.408077791E-02  1.161159634E-01  2.823658064E-02  8.195872058E+04  2.572223973E+02  3.299699907E+02  2.711399474E+02  2.702877731E+02  4.564365828E-01 
        31  2.544088325E-02  1.165921105E-01  3.086849856E-02  8.140273572E+04  2.655664504E+02  3.296167698E+02  2.705599806E+02  2.728547711E+02  4.238620494E-01 
        32  2.674433127E-02  1.170738851E-01  3.352942364E-02  8.078045374E+04  2.744251997E+02  3.291396060E+02  2.697774348E+02  2.765491509E+02  3.929667799E-01 
        33  2.797950643E-02  1.175445507E-01  3.622298897E-02  8.019273389E+04  2.827855716E+02  3.287655451E+02  2.691643572E+02  2.802076919E+02  3.644797332E-01 
        34  2.916313541E-02  1.180056499E-01  3.893937175E-02  7.986689984E+04  2.894889035E+02  3.287410340E+02  2.691240505E+02  2.820634937E+02  3.378076788E-01 
        35  3.031249539E-02  1.184785399E-01  4.167042727E-02  7.996049219E+04  2.950849541E+02  3.289331524E+02  2.694384217E+02  2.824210874E+02  3.112580512E-01 
        36  3.139929926E-02  1.189405785E-01  4.442941843E-02  8.022243283E+04  3.013826380E+02  3.290428458E+02  2.696183401E+02  2.830642396E+02  2.822446233E-01 
        37  3.242013936E-02  1.193808800E-01  4.721660669E-02  8.079529361E+04  3.068907631E+02  3.293780897E+02  2.701683102E+02  2.823877851E+02  2.518743667E-01 
        38  3.340677803E-02  1.198011670E-01  5.002067675E-02  8.208986618E+04  3.098013484E+02  3.301436294E+02  2.714255868E+02  2.792643214E+02  2.254280606E-01 
        39  3.430413654E-02  1.201853153E-01  5.285529857E-02  8.382480811E+04  3.111852942E+02  3.310913906E+02  2.729864998E+02  2.744014149E+02  2.001519678E-01 
        40  3.515433510E-02  1.205874318E-01  5.570324370E-02  8.593875000E+04  3.108843727E+02  3.322545204E+02  2.749087296E+02  2.680621738E+02  1.781621687E-01 
        41  3.592907297E-02  1.209644065E-01  5.857535950E-02  8.831783765E+04  3.089638186E+02  3.335776424E+02  2.771028967E+02  2.606350551E+02  1.609075405E-01 
        42  3.664355424E-02  1.213334730E-01  6.146049591E-02  9.078204553E+04  3.058490787E+02  3.348214669E+02  2.791727452E+02  2.527394280E+02  1.489073823E-01 
        43  3.727845098E-02  1.217084379E-01  6.437276718E-02  9.305082129E+04  3.020902834E+02  3.358586597E+02  2.809043684E+02  2.453162794E+02  1.430525193E-01 
        44  3.781448665E-02  1.220744111E-01  6.730672953E-02  9.484696777E+04  2.983509445E+02  3.367026081E+02  2.823169823E+02  2.393754749E+02  1.436499041E-01 
        45  3.826762164E-02  1.224563704E-01  7.025293559E-02  9.601839984E+04  2.955942459E+02  3.372770169E+02  2.832807217E+02  2.357197828E+02  1.482236732E-01 
        46  3.856443464E-02  1.228195695E-01  7.317567491E-02  9.661532422E+04  2.936323853E+02  3.376794434E+02  2.839574127E+02  2.338391418E+02  1.552671343E-01 
        47  3.882754171E-02  1.231963568E-01  7.616928387E-02  9.678132581E+04  2.918605788E+02  3.382771965E+02  2.849653293E+02  2.317575532E+02  1.609157289E-01 
        48  3.896508106E-02  1.235573809E-01  7.913505459E-02  9.669345703E+04  2.872105484E+02  3.394823914E+02  2.870146217E+02  2.241920586E+02  1.658974551E-01 
        49  3.903512947E-02  1.239238609E-01  8.213137167E-02  9.658747046E+04  2.766482465E+02  3.417389927E+02  2.908696802E+02  2.053966752E+02  1.749725325E-01 
        50  3.900153017E-02  1.243001337E-01  8.510504302E-02  9.646209714E+04  2.583955606E+02  3.454131830E+02  2.971695661E+02  1.710896877E+02  1.858026038E-01 
        51  3.889299026E-02  1.246700891E-01  8.806950082E-02  9.613239520E+04  2.404206591E+02  3.492372983E+02  3.037728236E+02  1.241614938E+02  1.774492760E-01 
        52  3.870303970E-02  1.250405990E-01  9.105247242E-02  9.599602710E+04  2.339066877E+02  3.516801667E+02  3.080072355E+02  8.335690427E+01  4.438302648E-02 
        53  3.847530202E-02  1.253810613E-01  9.402032493E-02  9.636663568E+04  2.336588643E+02  3.526576843E+02  3.097175379E+02  4.951437579E+01 -3.828043081E-01 
        54  3.809583015E-02  1.257752167E-01  9.695318516E-02  9.686131641E+04  2.358533020E+02  3.527317276E+02  3.098417282E+02  4.139092445E+01 -1.595161743E+00 
        55  3.767199372E-02  1.261489404E-01  9.992435767E-02  9.816702710E+04  2.487057667E+02  3.524163094E+02  3.092846136E+02  4.814711642E+01 -1.961258333E+00 
        56  3.723780727E-02  1.265196365E-01  1.028569506E-01  9.970329175E+04  2.538105155E+02  3.513626825E+02  3.074394500E+02  6.916045573E+01 -1.075610867E+00 
        57  3.672955052E-02  1.269046997E-01  1.057947981E-01  1.012347070E+05  2.427661083E+02  3.497434883E+02  3.046113353E+02  1.107385681E+02 -1.708692824E-02 
        58  3.615520807E-02  1.273091289E-01  1.087154776E-01  1.036894265E+05  2.360574527E+02  3.474141731E+02  3.005700083E+02  1.500436754E+02  2.659367565E-01 
        59  3.556812424E-02  1.277144368E-01  1.116309472E-01  1.062642026E+05  2.434473188E+02  3.449930503E+02  2.963935070E+02  1.759151860E+02  2.818651351E-01 
        60  3.495651588E-02  1.281329458E-01  1.145394580E-01  1.078010837E+05  2.519264317E+02  3.438894629E+02  2.944984164E+02  1.847850342E+02  2.528779539E-01 
        61  3.433795015E-02  1.285471243E-01  1.174457346E-01  1.082251227E+05  2.611960342E+02  3.434408607E+02  2.937306333E+02  1.894003730E+02  2.104125340E-01 
        62  3.376061330E-02  1.289460490E-01  1.203607660E-01  1.081078156E+05  2.678560286E+02  3.432377172E+02  2.933827825E+02  1.938279369E+02  1.856628638E-01 
        63  3.331803132E-02  1.293309423E-01  1.232882868E-01  1.080155045E+05  2.697448493E+02  3.432665266E+02  2.934316924E+02  1.958759883E+02  1.830710461E-01 
        64  3.310586596E-02  1.296649637E-01  1.262581306E-01  1.080185788E+05  2.703648489E+02  3.430865400E+02  2.931239130E+02  1.970430328E+02  1.851657326E-01 
        65  3.306639982E-02  1.299493947E-01  1.292495641E-01  1.080114802E+05  2.707627023E+02  3.429481111E+02  2.928870366E+02  1.996788241E+02  1.936417191E-01 
        66  3.322486525E-02  1.302097713E-01  1.322380794E-01  1.079293455E+05  2.717961330E+02  3.428471528E+02  2.927146845E+02  2.014006021E+02  1.953886641E-01 
        67  3.356462385E-02  1.304573038E-01  1.352130229E-01  1.077492007E+05  2.730806282E+02  3.428075845E+02  2.926471022E+02  2.021196846E+02  1.924736004E-01 
        68  3.400410102E-02  1.306751199E-01  1.381765647E-01  1.074157126E+05  2.745273805E+02  3.427402110E+02  2.925320547E+02  2.031859171E+02  1.898026513E-01 
        69  3.451963359E-02  1.308741206E-01  1.411278790E-01  1.070823108E+05  2.761153505E+02  3.426575751E+02  2.923909707E+02  2.052825394E+02  1.899499118E-01 
        70  3.508991352E-02  1.310576265E-01  1.440660380E-01  1.067385248E+05  2.777654912E+02  3.425329080E+02  2.921782112E+02  2.076766200E+02  1.907757979E-01 
        71  3.570211579E-02  1.312503676E-01  1.470000000E-01  1.062943643E+05  2.794956703E+02  3.423360214E+02  2.918394775E+02  2.102538834E+02  1.915327869E-01 
        72 -2.843361623E-02  1.708417341E-01 -4.258217492E-02  8.209725000E+04  1.840311189E+02  3.299733295E+02  2.711444349E+02  3.447005196E+02  1.007565539E+00 
        73 -2.838826984E-02  1.709653765E-01 -3.916427879E-02  8.217402771E+04  1.837230062E+02  3.300544312E+02  2.712778749E+02  3.445745821E+02  1.008448304E+00 
        74 -2.835908450E-02  1.711140563E-01 -3.574649433E-02  8.237556250E+04  1.833833148E+02  3.301939919E+02  2.715074446E+02  3.427558844E+02  1.006608178E+00 
        75 -2.838361088E-02  1.712589164E-01 -3.232950605E-02  8.275828369E+04  1.836345625E+02  3.303293800E+02  2.717301712E+02  3.438253918E+02  1.007643439E+00 
        76 -2.841360827E-02  1.714319125E-01 -2.891476756E-02  8.318840454E+04  1.822423787E+02  3.306793489E+02  2.723061371E+02  3.411789622E+02  1.007692810E+00 
        77 -2.833774301E-02  1.716334782E-01 -2.549995819E-02  8.375530338E+04  1.812424411E+02  3.309976097E+02  2.728305422E+02  3.401198704E+02  1.009163008E+00 
        78 -2.791452343E-02  1.719215161E-01 -2.212016887E-02  8.422767871E+04  1.807309980E+02  3.311720810E+02  2.731183405E+02  3.389366760E+02  1.009116895E+00 
        79 -2.700703325E-02  1.722886754E-01 -1.884820631E-02  8.414422876E+04  1.802003336E+02  3.311296043E+02  2.730485487E+02  3.410839128E+02  1.014722019E+00 
        80 -2.544395246E-02  1.727209334E-01 -1.584518523E-02  8.314397424E+04  1.818294289E+02  3.305320830E+02  2.720642629E+02  3.436589758E+02  1.013705556E+00 
        81 -2.351536464E-02  1.732363399E-01 -1.306823492E-02  8.134143620E+04  1.845839537E+02  3.296175925E+02  2.705605808E+02  3.485367270E+02  1.013115473E+00 
        82 -2.134527601E-02  1.737374909E-01 -1.047435973E-02  7.871046098E+04  1.917793109E+02  3.279049309E+02  2.677569264E+02  3.550820000E+02  1.001061968E+00 
        83 -1.897326710E-02  1.742189522E-01 -8.035177519E-03  7.586269434E+04  1.975501214E+02  3.264148916E+02  2.653299619E+02  3.630468575E+02  9.966471442E-01 
        84 -1.652827274E-02  1.746780172E-01 -5.688541800E-03  7.363825372E+04  2.055115442E+02  3.248745899E+02  2.628308482E+02  3.704468269E+02  9.845499760E-01 
        85 -1.397929867E-02  1.751251779E-01 -3.446989688E-03  7.263239124E+04  2.091546345E+02  3.243255148E+02  2.619441609E+02  3.722589169E+02  9.758403227E-01 
        86 -1.139011487E-02  1.755573757E-01 -1.256774906E-03  7.346753540E+04  2.105573244E+02  3.247896309E+02  2.626984873E+02  3.717249160E+02  9.702640437E-01 
        87 -8.734274343E-03  1.759085237E-01  8.667805443E-04  7.821274152E+04  2.050724711E+02  3.276839535E+02  2.674060249E+02  3.590526590E+02  9.640719704E-01 
        88 -6.073383534E-03  1.762548475E-01  2.984781313E-03  8.813205737E+04  1.913468893E+02  3.332964778E+02  2.766405241E+02  3.317526827E+02  9.636851950E-01 
        89 -3.359730182E-03  1.765819110E-01  5.053045394E-03  9.781939581E+04  1.753360652E+02  3.381625407E+02  2.847727389E+02  3.064878268E+02  9.845706974E-01 
        90 -6.741955509E-04  1.768270807E-01  7.130208361E-03  9.682244328E+04  1.666932647E+02  3.378029509E+02  2.841661524E+02  3.107678092E+02  1.019608523E+00 
        91  2.027043660E-03  1.770783858E-01  9.208570588E-03  7.858951962E+04  1.982140360E+02  3.272712233E+02  2.667266094E+02  3.597425474E+02  9.885615159E-01 
        92  4.731686997E-03  1.772422585E-01  1.127155269E-02  7.363997696E+04  2.101873859E+02  3.249990872E+02  2.630346738E+02  3.719012990E+02  9.716590671E-01 
        93  7.454465044E-03  1.773874983E-01  1.334309669E-02  7.385100519E+04  2.072879747E+02  3.250269083E+02  2.630790810E+02  3.690963070E+02  9.756905679E-01 
        94  1.015989937E-02  1.775222933E-01  1.545596277E-02  7.079107207E+04  2.157162500E+02  3.232222064E+02  2.601709679E+02  3.799232144E+02  9.697758664E-01 
        95  1.284858280E-02  1.775661421E-01  1.756817794E-02  6.738092520E+04  2.281364114E+02  3.209075212E+02  2.564593478E+02  3.928073344E+02  9.557758071E-01 
        96  1.551966693E-02  1.776138061E-01  1.970369132E-02  6.438710065E+04  2.373294528E+02  3.187982304E+02  2.531021266E+02  4.009677100E+02  9.432271915E-01 
        97  1.817410325E-02  1.776258069E-01  2.186017323E-02  6.169248242E+04  2.445020213E+02  3.170181928E+02  2.502813087E+02  4.068381901E+02  9.325940795E-01 
        98  2.080993586E-02  1.775631240E-01  2.403936301E-02  5.971683606E+04  2.526996536E+02  3.155033102E+02  2.478933797E+02  4.129080153E+02  9.190931432E-01 
        99  2.341570779E-02  1.774969016E-01  2.625394818E-02  5.926388794E+04  2.583124576E+02  3.151510992E+02  2.473407998E+02  4.159253073E+02  9.069268815E-01 
       100  2.600295182E-02  1.773818036E-01  2.848806157E-02  6.102633789E+04  2.601725206E+02  3.165140791E+02  2.494954739E+02  4.116735334E+02  8.911448941E-01 
       101  2.856627515E-02  1.771883875E-01  3.074502562E-02  6.650852710E+04  2.557635851E+02  3.203991308E+02  2.557117662E+02  3.956893196E+02  8.719389513E-01 
       102  3.110662233E-02  1.769811535E-01  3.302644514E-02  7.504564282E+04  2.466192093E+02  3.260236950E+02  2.647654600E+02  3.712935276E+02  8.518596273E-01 
       103  3.362247542E-02  1.767159818E-01  3.532849163E-02  8.175978638E+04  2.429381771E+02  3.299984674E+02  2.712081552E+02  3.530752020E+02  8.280928694E-01 
       104  3.610895472E-02  1.763647845E-01  3.765120331E-02  8.294650806E+04  2.473793962E+02  3.306983695E+02  2.723460407E+02  3.501102190E+02  8.075515665E-01 
       105  3.856497337E-02  1.759966372E-01  4.000321012E-02  8.055804803E+04  2.562848834E+02  3.293044226E+02  2.700525656E+02  3.570839021E+02  7.902702163E-01 
       106  4.103059304E-02  1.755360248E-01  4.234569910E-02  7.845410182E+04  2.641944806E+02  3.280314700E+02  2.679658050E+02  3.636498394E+02  7.756343239E-01 
       107  4.340106546E-02  1.750377176E-01  4.474435622E-02  7.879213971E+04  2.677097438E+02  3.283279954E+02  2.684512885E+02  3.623446283E+02  7.611147740E-01 
       108  4.575540032E-02  1.745445103E-01  4.717695363E-02  8.218235400E+04  2.664451888E+02  3.303958688E+02  2.718489690E+02  3.521905518E+02  7.462180164E-01 
       109  4.807037784E-02  1.739953488E-01  4.963532790E-02  8.837365918E+04  2.613739395E+02  3.338852634E+02  2.776294661E+02  3.350144978E+02  7.332121879E-01 
       110  5.034733117E-02  1.734133857E-01  5.212084081E-02  9.486489795E+04  2.569942875E+02  3.373605404E+02  2.834301605E+02  3.158018208E+02  7.162616514E-01 
       111  5.258765486E-02  1.728405975E-01  5.464144749E-02  9.922689502E+04  2.570807762E+02  3.394207706E+02  2.868953285E+02  3.054992905E+02  6.993124112E-01 
       112  5.479076840E-02  1.722430532E-01  5.718902978E-02  1.020602280E+05  2.582137613E+02  3.406658783E+02  2.890030680E+02  3.008137293E+02  6.879997049E-01 
       113  5.694737683E-02  1.716020731E-01  5.976586917E-02  1.050191974E+05  2.582632654E+02  3.419471507E+02  2.911816816E+02  2.933203883E+02  6.767850188E-01 
       114  5.911848447E-02  1.709340834E-01  6.233872565E-02  1.083742568E+05  2.567699104E+02  3.434708025E+02  2.937821710E+02  2.836459561E+02  6.684693599E-01 
       115  6.119351897E-02  1.703313828E-01  6.496775561E-02  1.112968157E+05  2.548218741E+02  3.449035444E+02  2.962377334E+02  2.746421394E+02  6.641498990E-01 
       116  6.319798910E-02  1.696485115E-01  6.765543605E-02  1.136031605E+05  2.538073750E+02  3.459591651E+02  2.980530481E+02  2.689200249E+02  6.606078846E-01 
       117  6.520189851E-02  1.689621155E-01  7.034628384E-02  1.157227397E+05  2.527427330E+02  3.467996912E+02  2.995029058E+02  2.639907045E+02  6.588463075E-01 
       118  6.717992039E-02  1.682884043E-01  7.305807409E-02  1.174377271E+05  2.496766520E+02  3.476722832E+02  3.010120163E+02  2.600777712E+02  6.666810419E-01 
       119  6.910755662E-02  1.675987334E-01  7.579818779E-02  1.187816029E+05  2.499087906E+02  3.480265830E+02  3.016258028E+02  2.569264271E+02  6.625977540E-01 
       120  7.101404689E-02  1.668389198E-01  7.852135391E-02  1.197121776E+05  2.467920159E+02  3.485219364E+02  3.024848480E+02  2.535594773E+02  6.718308120E-01 
       121  7.286652020E-02  1.661304029E-01  8.130170181E-02  1.197989168E+05  2.454398898E+02  3.484994061E+02  3.024457144E+02  2.532513910E+02  6.773357580E-01 
       122  7.473378469E-02  1.653966549E-01  8.408122010E-02  1.197722749E+05  2.432850971E+02  3.486341324E+02  3.026800308E+02  2.539894924E+02  6.871149391E-01 
       123  7.654776682E-02  1.646234676E-01  8.688218818E-02  1.196929971E+05  2.425866771E+02  3.487406321E+02  3.028655500E+02  2.540211654E+02  6.901776809E-01 
       124  7.830115451E-02  1.638494494E-01  8.971806956E-02  1.194952075E+05  2.425284996E+02  3.489489822E+02  3.032289181E+02  2.542473125E+02  6.908832230E-01 
       125  8.003223315E-02  1.630890187E-01  9.257063461E-02  1.193838394E+05  2.428186779E+02  3.491064720E+02  3.035038037E+02  2.530525708E+02  6.890985109E-01 
       126  8.174167210E-02  1.623344685E-01  9.543869445E-02  1.193064835E+05  2.412671540E+02  3.495540230E+02  3.042852616E+02  2.509598572E+02  6.942721349E-01 
       127  8.339566060E-02  1.615413001E-01  9.829620033E-02  1.191160661E+05  2.393867259E+02  3.502255591E+02  3.054598494E+02  2.480692213E+02  7.005085845E-01 
       128  8.500809507E-02  1.607572746E-01  1.012133408E-01  1.187763354E+05  2.393192781E+02  3.507236736E+02  3.063316789E+02  2.443071564E+02  6.987236426E-01 
       129  8.654116005E-02  1.600133249E-01  1.041766726E-01  1.185897523E+05  2.398462367E+02  3.509897898E+02  3.067955008E+02  2.377586809E+02  6.924128109E-01 
       130  8.807530659E-02  1.592883350E-01  1.071513815E-01  1.186583010E+05  2.367157211E+02  3.518335733E+02  3.082699785E+02  2.279912653E+02  7.018449428E-01 
       131  8.946870181E-02  1.585918917E-01  1.101955952E-01  1.186537710E+05  2.284291404E+02  3.535034326E+02  3.111991352E+02  2.185450495E+02  7.364790244E-01 
       132  9.078169785E-02  1.579398834E-01  1.132895212E-01  1.185183831E+05  2.264723347E+02  3.538638380E+02  3.118308799E+02  2.127824340E+02  7.437007679E-01 
       133  9.193376095E-02  1.573753789E-01  1.164622823E-01  1.185830073E+05  2.298317790E+02  3.532829547E+02  3.108069544E+02  2.097283163E+02  7.263950314E-01 
       134  9.287851211E-02  1.569754829E-01  1.197270904E-01  1.185701098E+05  2.308695003E+02  3.525682939E+02  3.095514858E+02  2.169899474E+02  7.234363601E-01 
       135  9.346963790E-02  1.567893278E-01  1.230899614E-01  1.184622130E+05  2.334687845E+02  3.509041666E+02  3.066421738E+02  2.379121524E+02  7.237205901E-01 
       136  9.376445592E-02  1.568076376E-01  1.265149706E-01  1.184958439E+05  2.392954800E+02  3.488591418E+02  3.030755687E+02  2.566128469E+02  7.119755130E-01 
       137  9.391306034E-02  1.569225935E-01  1.299303306E-01  1.183519385E+05  2.418864965E+02  3.478706427E+02  3.013562984E+02  2.609232540E+02  7.052185591E-01 
       138  9.402896493E-02  1.570765633E-01  1.333445553E-01  1.182054600E+05  2.415819149E+02  3.477411423E+02  3.011313725E+02  2.591372290E+02  7.053631656E-01 
       139  9.417960043E-02  1.572174564E-01  1.367593072E-01  1.180725491E+05  2.423694658E+02  3.477003212E+02  3.010605550E+02  2.600001068E+02  7.037776951E-01 
       140  9.437397158E-02  1.573466446E-01  1.401725853E-01  1.179175077E+05  2.432980106E+02  3.477408690E+02  3.011308279E+02  2.615330875E+02  7.023450639E-01 
       141  9.455826038E-02  1.574868932E-01  1.435861248E-01  1.178336968E+05  2.437437683E+02  3.479230626E+02  3.014461461E+02  2.617444965E+02  7.015105011E-01 
       142  9.468914447E-02  1.576724412E-01  1.470000022E-01  1.178382627E+05  2.440585737E+02  3.480281258E+02  3.016386681E+02  2.620092945E+02  7.014005072E-01 
       143 -2.515044289E-02  2.387134140E-01 -4.211006034E-02  8.315089034E+04  1.812327151E+02  3.305717452E+02  2.721289196E+02  4.412764007E+02  1.147625582E+00 
       144 -2.515073613E-02  2.387267259E-01 -3.821832766E-02  8.452013654E+04  1.779758742E+02  3.313343232E+02  2.733867090E+02  4.385886178E+02  1.153251203E+00 
       145 -2.514274647E-02  2.387409373E-01 -3.433018188E-02  8.578372964E+04  1.740529778E+02  3.321238482E+02  2.746911341E+02  4.326696991E+02  1.157470552E+00 
       146 -2.514933814E-02  2.387615668E-01 -3.043885368E-02  8.598823033E+04  1.752285441E+02  3.321118312E+02  2.746708051E+02  4.351450737E+02  1.157052682E+00 
       147 -2.514205174E-02  2.387863737E-01 -2.655197175E-02  8.482428181E+04  1.779291605E+02  3.314649106E+02  2.736023220E+02  4.381855192E+02  1.153448770E+00 
       148 -2.514801404E-02  2.388163633E-01 -2.268742808E-02  8.265111440E+04  1.820589111E+02  3.304205082E+02  2.718822915E+02  4.407459234E+02  1.146131568E+00 
       149 -2.514603624E-02  2.387984711E-01 -1.877579094E-02  8.062313574E+04  1.877916622E+02  3.292392769E+02  2.699405441E+02  4.450163956E+02  1.135868132E+00 
       150 -2.513833525E-02  2.388756875E-01 -1.487946342E-02  7.918225657E+04  1.916416197E+02  3.283191073E+02  2.684328607E+02  4.505325042E+02  1.132238543E+00 
       151 -2.514495058E-02  2.389300222E-01 -1.098752945E-02  7.909902728E+04  1.922440153E+02  3.282189969E+02  2.682697588E+02  4.507408831E+02  1.131070597E+00 
       152 -2.501801490E-02  2.389948317E-01 -7.101428526E-03  8.091978549E+04  1.871995939E+02  3.293074608E+02  2.700536059E+02  4.455857015E+02  1.137935904E+00 
       153 -2.403359079E-02  2.391541778E-01 -3.362202731E-03  8.573928521E+04  1.745340119E+02  3.320175962E+02  2.745160471E+02  4.368097798E+02  1.160364476E+00 
       154 -2.203079393E-02  2.393877231E-01 -4.501692070E-05  8.942365701E+04  1.652749409E+02  3.339214084E+02  2.776734170E+02  4.286322975E+02  1.175726790E+00 
       155 -1.942355624E-02  2.396357170E-01  2.825132604E-03  8.654653299E+04  1.733659827E+02  3.323478589E+02  2.750639011E+02  4.331265347E+02  1.159656075E+00 
       156 -1.648721574E-02  2.398964014E-01  5.342831758E-03  8.149503796E+04  1.867994237E+02  3.294775834E+02  2.703354566E+02  4.458715086E+02  1.138840226E+00 
       157 -1.330897545E-02  2.400801911E-01  7.594698846E-03  7.998760742E+04  1.891562066E+02  3.286795578E+02  2.690239816E+02  4.479520125E+02  1.135232611E+00 
       158 -1.004552185E-02  2.402353079E-01  9.709455816E-03  8.060531372E+04  1.861306655E+02  3.290117655E+02  2.695685525E+02  4.469186497E+02  1.141639590E+00 
       159 -6.714656287E-03  2.403804415E-01  1.171394437E-02  8.070402240E+04  1.850213334E+02  3.290824358E+02  2.696836117E+02  4.457965792E+02  1.143563790E+00 
       160 -3.322138608E-03  2.404066774E-01  1.362735999E-02  7.990036325E+04  1.874428328E+02  3.285350580E+02  2.687878888E+02  4.487369208E+02  1.141350782E+00 
       161  9.783589121E-05  2.404201762E-01  1.547870720E-02  7.968451636E+04  1.865928168E+02  3.286503830E+02  2.689782996E+02  4.495024633E+02  1.145473046E+00 
       162  3.534439975E-03  2.403949673E-01  1.730379042E-02  8.180361279E+04  1.838494091E+02  3.297494650E+02  2.708055696E+02  4.470912762E+02  1.151873544E+00 
       163  6.969024296E-03  2.402279751E-01  1.908412837E-02  9.160725049E+04  1.574123479E+02  3.352435637E+02  2.799129481E+02  4.243334231E+02  1.197709953E+00 
       164  1.043411823E-02  2.400800089E-01  2.085152946E-02  7.848336050E+04  1.908523287E+02  3.284514603E+02  2.686518662E+02  4.490904776E+02  1.135954896E+00 
       165  1.388371434E-02  2.398652026E-01  2.263181169E-02  7.900802747E+04  1.863993406E+02  3.288786037E+02  2.693500328E+02  4.457903824E+02  1.143312207E+00 
       166  1.734145131E-02  2.394992745E-01  2.440657916E-02  7.876839221E+04  1.859304016E+02  3.287966027E+02  2.692150099E+02  4.411621380E+02  1.139945028E+00 
       167  2.080043859E-02  2.391294908E-01  2.615375350E-02  7.871044063E+04  1.887032725E+02  3.286218926E+02  2.689300368E+02  4.432131387E+02  1.134969469E+00 
       168  2.424052770E-02  2.387186889E-01  2.792040504E-02  7.878474194E+04  1.891414330E+02  3.287891111E+02  2.692034874E+02  4.427441797E+02  1.133889140E+00 
       169  2.766624902E-02  2.381908713E-01  2.968394578E-02  7.865470337E+04  1.915531809E+02  3.287234435E+02  2.690954599E+02  4.426778512E+02  1.128249316E+00 
       170  3.108229850E-02  2.375970478E-01  3.144655572E-02  7.849196857E+04  1.945837554E+02  3.286058004E+02  2.689030035E+02  4.444711788E+02  1.122578528E+00 
       171  3.449726266E-02  2.369314331E-01  3.319569832E-02  7.857416391E+04  1.950778353E+02  3.289468658E+02  2.694629238E+02  4.427950056E+02  1.120689722E+00 
       172  3.787267708E-02  2.362004853E-01  3.498142333E-02  7.897437317E+04  1.965343263E+02  3.292692156E+02  2.699930396E+02  4.406292353E+02  1.116695302E+00 
       173  4.123744789E-02  2.354271843E-01  3.677379579E-02  7.934024634E+04  1.990765054E+02  3.293066025E+02  2.700550337E+02  4.390521860E+02  1.111396162E+00 
       174  4.456263149E-02  2.345133553E-01  3.856958315E-02  7.880842970E+04  2.032515795E+02  3.288121005E+02  2.692431958E+02  4.392774173E+02  1.102788452E+00 
       175  4.789152860E-02  2.335402793E-01  4.034492433E-02  7.718995016E+04  2.076244973E+02  3.279148589E+02  2.677759566E+02  4.412740805E+02  1.094603910E+00 
       176  5.119514426E-02  2.325727211E-01  4.215365701E-02  7.518255576E+04  2.138546217E+02  3.265867797E+02  2.656116274E+02  4.465288323E+02  1.085165023E+00 
       177  5.444737908E-02  2.314873556E-01  4.396264389E-02  7.312517880E+04  2.196622881E+02  3.252098334E+02  2.633753089E+02  4.529786711E+02  1.078649975E+00 
       178  5.771043354E-02  2.303389779E-01  4.576361213E-02  7.109359561E+04  2.254657569E+02  3.238540137E+02  2.611847444E+02  4.567744505E+02  1.069553840E+00 
       179  6.093363739E-02  2.292015055E-01  4.761570799E-02  6.862673315E+04  2.338208060E+02  3.223575573E+02  2.587770681E+02  4.615224667E+02  1.055855930E+00 
       180  6.411569228E-02  2.279427553E-01  4.946832252E-02  6.681446533E+04  2.467382946E+02  3.211207237E+02  2.567953691E+02  4.671574841E+02  1.030270264E+00 
       181  6.728438578E-02  2.267057043E-01  5.135068917E-02  6.916345435E+04  2.591638813E+02  3.229732485E+02  2.597908015E+02  4.645490646E+02  9.929908253E-01 
       182  7.045491472E-02  2.254566135E-01  5.324396322E-02  8.072457043E+04  2.631579738E+02  3.299772706E+02  2.712143154E+02  4.382526884E+02  9.501995612E-01 
       183  7.352398986E-02  2.240979077E-01  5.520813549E-02  9.649573022E+04  2.488980479E+02  3.381547832E+02  2.848040137E+02  4.025828581E+02  9.499614090E-01 
       184  7.654294831E-02  2.227589545E-01  5.724026033E-02  1.040061101E+05  2.313530928E+02  3.426101595E+02  2.923172841E+02  3.829619033E+02  9.791132838E-01 
       185  7.954929441E-02  2.214414527E-01  5.933596166E-02  1.080884905E+05  2.458520503E+02  3.435248365E+02  2.938847017E+02  3.810765896E+02  9.355064537E-01 
       186  8.244157493E-02  2.200232159E-01  6.149679439E-02  1.246880898E+05  2.377857208E+02  3.514795074E+02  3.076524658E+02  3.425832367E+02  9.360455275E-01 
       187  8.531452000E-02  2.186177542E-01  6.372436707E-02  1.195616318E+05  2.436621897E+02  3.484672902E+02  3.023940362E+02  3.523799913E+02  9.205408045E-01 
       188  8.816039266E-02  2.172472440E-01  6.601424901E-02  1.214082332E+05  2.357999182E+02  3.494638548E+02  3.041221862E+02  3.495115905E+02  9.401738476E-01 
       189  9.092008057E-02  2.157826082E-01  6.831794754E-02  1.216678787E+05  2.287681564E+02  3.496748248E+02  3.044918784E+02  3.484207876E+02  9.587622480E-01 
       190  9.367581728E-02  2.143255962E-01  7.064980943E-02  1.218705410E+05  2.231615870E+02  3.499973257E+02  3.050525516E+02  3.465491638E+02  9.729778643E-01 
       191  9.641114101E-02  2.128789625E-01  7.302159977E-02  1.224076176E+05  2.213283958E+02  3.499321020E+02  3.049382340E+02  3.462785618E+02  9.776354581E-01 
       192  9.907895187E-02  2.114028516E-01  7.542603674E-02  1.226861016E+05  2.198148108E+02  3.501623266E+02  3.053400002E+02  3.438007066E+02  9.811617993E-01 
       193  1.016896232E-01  2.099003163E-01  7.789626121E-02  1.229455393E+05  2.193611031E+02  3.506065712E+02  3.061156244E+02  3.440350356E+02  9.819175629E-01 
       194  1.042573666E-01  2.084682280E-01  8.044071344E-02  1.228628805E+05  2.223741015E+02  3.506794877E+02  3.062432897E+02  3.443091426E+02  9.728037571E-01 
       195  1.067132028E-01  2.069758083E-01  8.306726980E-02  1.228658180E+05  2.217984809E+02  3.515263708E+02  3.077260390E+02  3.419690447E+02  9.731228909E-01 
       196  1.091091693E-01  2.055182938E-01  8.576040538E-02  1.228236494E+05  2.227194573E+02  3.526763963E+02  3.097491735E+02  3.387639078E+02  9.690743636E-01 
       197  1.114533399E-01  2.040960959E-01  8.851719904E-02  1.226315279E+05  2.229492813E+02  3.541873253E+02  3.124139188E+02  3.328824196E+02  9.667085177E-01 
       198  1.136946430E-01  2.026973542E-01  9.137514269E-02  1.224341123E+05  2.245859468E+02  3.555536782E+02  3.148270222E+02  3.226539217E+02  9.607831105E-01 
       199  1.158224243E-01  2.012857480E-01  9.431046231E-02  1.224191344E+05  2.249158457E+02  3.571116343E+02  3.175874141E+02  3.068679101E+02  9.621902251E-01 
       200  1.177983438E-01  1.999614296E-01  9.738734661E-02  1.224350797E+05  2.275072340E+02  3.581223602E+02  3.193827171E+02  2.922828501E+02  9.580563649E-01 
       201  1.195376812E-01  1.988013159E-01  1.006637087E-01  1.225585145E+05  2.330108424E+02  3.579608286E+02  3.190932815E+02  2.836299352E+02  9.418961735E-01 
       202  1.207748534E-01  1.979244993E-01  1.042263433E-01  1.224222807E+05  2.349566187E+02  3.567999680E+02  3.170333741E+02  2.941836717E+02  9.323444720E-01 
       203  1.209766187E-01  1.976967879E-01  1.080979692E-01  1.224091880E+05  2.346422463E+02  3.541465290E+02  3.123407423E+02  3.259917198E+02  9.310869277E-01 
       204  1.209415894E-01  1.976147862E-01  1.119887176E-01  1.225797252E+05  2.305887279E+02  3.520739949E+02  3.086898168E+02  3.352265546E+02  9.417544845E-01 
       205  1.209136670E-01  1.975679793E-01  1.158784497E-01  1.226932535E+05  2.274664051E+02  3.511551800E+02  3.070763071E+02  3.388824772E+02  9.506659789E-01 
       206  1.209140530E-01  1.975343277E-01  1.197687765E-01  1.227572260E+05  2.238159008E+02  3.511490174E+02  3.070649345E+02  3.393543927E+02  9.614274036E-01 
       207  1.209033119E-01  1.974945510E-01  1.236620610E-01  1.228088301E+05  2.206669222E+02  3.515258799E+02  3.077258958E+02  3.352575799E+02  9.697834747E-01 
       208  1.208998844E-01  1.975608583E-01  1.275528569E-01  1.227855044E+05  2.211108093E+02  3.518611426E+02  3.083179312E+02  3.370068392E+02  9.697427730E-01 
       209  1.209086196E-01  1.975927695E-01  1.314428594E-01  1.227803871E+05  2.207983719E+02  3.524470862E+02  3.093476164E+02  3.373569871E+02  9.709633492E-01 
       210  1.209261261E-01  1.976437754E-01  1.353324952E-01  1.228194664E+05  2.218716689E+02  3.530548154E+02  3.104169024E+02  3.320580406E+02  9.672198303E-01 
       211  1.209477387E-01  1.976921952E-01  1.392217013E-01  1.227932662E+05  2.209047228E+02  3.539226360E+02  3.119460446E+02  3.216934010E+02  9.707555112E-01 
       212  1.209659901E-01  1.977439656E-01  1.431109690E-01  1.229974278E+05  2.192867205E+02  3.549990801E+02  3.138307553E+02  3.078588681E+02  9.767213450E-01 
       213  1.210017723E-01  1.977818072E-01  1.470000027E-01  1.231627866E+05  2.206950760E+02  3.554465685E+02  3.144444962E+02  3.018799820E+02  9.735990837E-01 
       214 -1.337431699E-02  1.053111530E-01 -4.600000000E-02  8.762298242E+04  1.545470791E+02  3.330522346E+02  2.764191856E+02  2.355826778E+02  8.552898541E-01 
       215 -1.336879354E-02  1.054912688E-01 -4.299898917E-02  8.747626538E+04  1.538448405E+02  3.330674057E+02  2.762531266E+02  2.358212857E+02  8.601374272E-01 
       216 -1.321272523E-02  1.057016208E-01 -4.000664894E-02  8.748768457E+04  1.544172478E+02  3.329933338E+02  2.761303101E+02  2.365068626E+02  8.596022204E-01 
       217 -1.269691607E-02  1.059729593E-01 -3.706120983E-02  8.736716882E+04  1.546664383E+02  3.329624356E+02  2.760789670E+02  2.365390096E+02  8.586091682E-01 
       218 -1.181263769E-02  1.063072321E-01 -3.420969757E-02  8.717847516E+04  1.560913531E+02  3.328260349E+02  2.758528329E+02  2.383554812E+02  8.576341882E-01 
       219 -1.066241908E-02  1.066659143E-01 -3.145726216E-02  8.705013152E+04  1.565783545E+02  3.327951072E+02  2.758016799E+02  2.389337613E+02  8.574383300E-01 
       220 -9.280794463E-03  1.070573859E-01 -2.881758489E-02  8.685673405E+04  1.577540074E+02  3.326818942E+02  2.756140063E+02  2.399482361E+02  8.548723712E-01 
       221 -7.735023178E-03  1.074435380E-01 -2.626912607E-02  8.674131082E+04  1.580303773E+02  3.326813916E+02  2.756131583E+02  2.401346414E+02  8.544999976E-01 
       222 -6.047350445E-03  1.078135440E-01 -2.381048416E-02  8.668042193E+04  1.593802804E+02  3.325344204E+02  2.753696726E+02  2.414046313E+02  8.522963242E-01 
       223 -4.299611852E-03  1.081916589E-01 -2.139379423E-02  8.662483852E+04  1.594438391E+02  3.326568458E+02  2.755724916E+02  2.413006006E+02  8.522000330E-01 
       224 -2.461870607E-03  1.085505379E-01 -1.904289133E-02  8.666542756E+04  1.601367505E+02  3.325442052E+02  2.753858719E+02  2.420111889E+02  8.512281482E-01 
       225 -5.886173328E-04  1.088780789E-01 -1.671486844E-02  8.678377399E+04  1.599377046E+02  3.326943185E+02  2.756345908E+02  2.417646168E+02  8.519790950E-01 
       226  1.337912187E-03  1.092215599E-01 -1.443302686E-02  8.690286746E+04  1.595481596E+02  3.326180229E+02  2.755081517E+02  2.423642960E+02  8.567391341E-01 
       227  3.290030235E-03  1.094941851E-01 -1.216353628E-02  8.675247515E+04  1.592876363E+02  3.325092564E+02  2.753281069E+02  2.436378129E+02  8.632545142E-01 
       228  5.262023684E-03  1.097864070E-01 -9.913643549E-03  8.603545980E+04  1.602778182E+02  3.320718506E+02  2.746045229E+02  2.471108098E+02  8.708481898E-01 
       229  7.256339014E-03  1.100495762E-01 -7.679258903E-03  8.413137913E+04  1.647894806E+02  3.310293875E+02  2.728833187E+02  2.539820033E+02  8.716465323E-01 
       230  9.250945095E-03  1.102792579E-01 -5.441700620E-03  8.177856206E+04  1.730928908E+02  3.298146683E+02  2.708842659E+02  2.622161050E+02  8.580604292E-01 
       231  1.125130268E-02  1.105297001E-01 -3.209862298E-03  8.053742065E+04  1.799580035E+02  3.292990437E+02  2.700378180E+02  2.660796504E+02  8.358864971E-01 
       232  1.324504242E-02  1.107259366E-01 -9.692227629E-04  8.134699292E+04  1.835139565E+02  3.297402124E+02  2.707620974E+02  2.637682838E+02  8.093940131E-01 
       233  1.522818012E-02  1.109344875E-01  1.280794701E-03  8.324405957E+04  1.844905300E+02  3.307351418E+02  2.723992567E+02  2.584880638E+02  7.859205380E-01 
       234  1.717717000E-02  1.111306516E-01  3.565314237E-03  8.535384668E+04  1.832786427E+02  3.320476303E+02  2.745653687E+02  2.494680710E+02  7.617532909E-01 
       235  2.098827574E-02  1.115152878E-01  8.199040730E-03  8.918075488E+04  1.860618601E+02  3.342162514E+02  2.781634769E+02  2.369317188E+02  7.076972798E-01 
       236  2.283804163E-02  1.116790561E-01  1.055952489E-02  9.044550165E+04  1.900749705E+02  3.352827563E+02  2.799405148E+02  2.305162265E+02  6.663746755E-01 
       237  2.632960383E-02  1.121198866E-01  1.543269692E-02  9.115512354E+04  2.047988873E+02  3.354071560E+02  2.801485195E+02  2.307184143E+02  5.890766680E-01 
       238  2.959379811E-02  1.126564718E-01  2.044933110E-02  9.030089111E+04  2.215055051E+02  3.348997588E+02  2.793012586E+02  2.366205282E+02  5.206120564E-01 
       239  3.114059063E-02  1.129278581E-01  2.301118304E-02  8.975617389E+04  2.289636052E+02  3.347975201E+02  2.791308649E+02  2.396108192E+02  4.922787625E-01 
       240  3.264987762E-02  1.132456905E-01  2.559358749E-02  8.916347470E+04  2.360914729E+02  3.343972156E+02  2.784637555E+02  2.424102222E+02  4.652855544E-01 
       241  3.807676132E-02  1.146676712E-01  3.621643154E-02  8.783315681E+04  2.600227928E+02  3.337854765E+02  2.774455745E+02  2.506284707E+02  3.735763234E-01 
       242  3.928374460E-02  1.150413043E-01  3.894926042E-02  8.794550934E+04  2.658089142E+02  3.341239524E+02  2.780090516E+02  2.520143006E+02  3.497980267E-01 
       243  4.044503934E-02  1.154301055E-01  4.169676193E-02  8.831526933E+04  2.695392928E+02  3.345070111E+02  2.786469760E+02  2.511168525E+02  3.284532877E-01 
       244  4.154949506E-02  1.158110833E-01  4.446441861E-02  8.893542041E+04  2.730283546E+02  3.348220673E+02  2.791720638E+02  2.497659473E+02  3.064634092E-01 
       245  4.259018966E-02  1.161595968E-01  4.726780086E-02  8.979325480E+04  2.759185101E+02  3.352185607E+02  2.798343339E+02  2.475859104E+02  2.845082517E-01 
       246  4.357921759E-02  1.165132208E-01  5.008364009E-02  9.088954541E+04  2.776908827E+02  3.358089352E+02  2.808215685E+02  2.442850485E+02  2.645920962E-01 
       247  4.448002582E-02  1.168267471E-01  5.293502673E-02  9.223151104E+04  2.800249577E+02  3.363170019E+02  2.816712330E+02  2.418567217E+02  2.443463437E-01 
       248  4.534234860E-02  1.171711221E-01  5.579536500E-02  9.374109912E+04  2.806674538E+02  3.370720901E+02  2.829383335E+02  2.372545185E+02  2.256394327E-01 
       249  4.612355051E-02  1.174912616E-01  5.867935283E-02  9.511567578E+04  2.816834526E+02  3.377863693E+02  2.841393051E+02  2.333362083E+02  2.070204131E-01 
       250  4.681688670E-02  1.178330389E-01  6.158342338E-02  9.636000195E+04  2.824501381E+02  3.384246788E+02  2.852136307E+02  2.299178505E+02  1.920536421E-01 
       251  4.742483443E-02  1.181684938E-01  6.451168194E-02  9.742468164E+04  2.832526855E+02  3.389703178E+02  2.861331291E+02  2.270758934E+02  1.791353766E-01 
       252  4.796175059E-02  1.184973583E-01  6.744925218E-02  9.826158447E+04  2.845217543E+02  3.394212151E+02  2.868943119E+02  2.249768658E+02  1.661347458E-01 
       253  4.839690646E-02  1.188449776E-01  7.040346354E-02  9.887354434E+04  2.858041462E+02  3.397089541E+02  2.873804479E+02  2.235024053E+02  1.553642006E-01 
       254  4.867844520E-02  1.192029192E-01  7.337369276E-02  9.924675879E+04  2.878603682E+02  3.398483928E+02  2.876172251E+02  2.229001901E+02  1.432712369E-01 
       255  4.889804354E-02  1.195863964E-01  7.634446821E-02  9.956698149E+04  2.899912299E+02  3.398698687E+02  2.876536799E+02  2.223741088E+02  1.309784918E-01 
       256  4.901527392E-02  1.199575346E-01  7.936475415E-02  9.973114996E+04  2.924968755E+02  3.398955680E+02  2.876972645E+02  2.226878757E+02  1.194777236E-01 
       257  4.897414798E-02  1.207471392E-01  8.530893469E-02  9.969721484E+04  2.968158913E+02  3.400548172E+02  2.879661102E+02  2.237704124E+02  1.020616852E-01 
       258  4.879835866E-02  1.211503063E-01  8.827262235E-02  9.961855078E+04  2.990081367E+02  3.399187355E+02  2.877355614E+02  2.252655411E+02  9.697574936E-02 
       259  4.854576088E-02  1.215647590E-01  9.126615169E-02  9.960907495E+04  3.013260133E+02  3.396127773E+02  2.872177924E+02  2.257852627E+02  8.693090191E-02 
       260  4.818457029E-02  1.219712360E-01  9.420996830E-02  9.999526624E+04  3.010855104E+02  3.398837940E+02  2.876764905E+02  2.246319738E+02  8.529810690E-02 
       261  4.782320061E-02  1.224212570E-01  9.713670139E-02  1.005080879E+05  3.011019573E+02  3.400608578E+02  2.879770203E+02  2.233911543E+02  8.192300564E-02 
       262  4.734997920E-02  1.228526278E-01  1.001180955E-01  1.015161504E+05  2.998645782E+02  3.406391602E+02  2.889566689E+02  2.205401192E+02  7.911932189E-02 
       263  4.683890011E-02  1.232935874E-01  1.030087938E-01  1.029115564E+05  2.969728015E+02  3.415382662E+02  2.904848640E+02  2.162815501E+02  8.106787857E-02 
       264  4.566507936E-02  1.242316696E-01  1.088390156E-01  1.050869845E+05  2.924867382E+02  3.419902733E+02  2.912537244E+02  2.093970253E+02  8.408596053E-02 
       265  4.352639189E-02  1.257122811E-01  1.174848542E-01  1.081902573E+05  2.716572494E+02  3.446978935E+02  2.958869624E+02  1.887470573E+02  1.428891874E-01 
       266  4.289440586E-02  1.261798267E-01  1.203730247E-01  1.083279418E+05  2.675790269E+02  3.453275809E+02  2.969678198E+02  1.787334287E+02  1.330832732E-01 
       267  4.242365191E-02  1.265975250E-01  1.232861776E-01  1.078165516E+05  2.672669749E+02  3.461731053E+02  2.984242491E+02  1.651661051E+02  8.471838484E-02 
       268  4.208270049E-02  1.270006734E-01  1.262530889E-01  1.071382871E+05  2.569043121E+02  3.476605072E+02  3.009964905E+02  1.414938049E+02  7.901183888E-02 
       269  4.202415066E-02  1.273246053E-01  1.292418903E-01  1.070716341E+05  2.461559859E+02  3.483417598E+02  3.021734970E+02  1.364997029E+02  1.466372685E-01 
       270  4.218523596E-02  1.275849052E-01  1.322314117E-01  1.072128756E+05  2.421975220E+02  3.485320983E+02  3.025071431E+02  1.414514885E+02  1.962611968E-01 
       271  4.252691668E-02  1.278080741E-01  1.352038484E-01  1.072273551E+05  2.459660739E+02  3.486239398E+02  3.026694548E+02  1.503670940E+02  1.995691266E-01 
       272  4.296344289E-02  1.279984053E-01  1.381664338E-01  1.070835266E+05  2.501265312E+02  3.485464182E+02  3.025368451E+02  1.559960120E+02  1.906152135E-01 
       273  4.347514252E-02  1.281630447E-01  1.411197974E-01  1.067501107E+05  2.531193674E+02  3.482546197E+02  3.020287958E+02  1.607429695E+02  1.874720045E-01 
       274  4.403358971E-02  1.283124551E-01  1.440677535E-01  1.064348280E+05  2.552866116E+02  3.479455654E+02  3.014880032E+02  1.651786254E+02  1.891470988E-01 
       275  4.466583781E-02  1.284644007E-01  1.470000034E-01  1.062899622E+05  2.577894446E+02  3.473603160E+02  2.943385013E+02  1.694479255E+02  1.882751197E-01 
       276 -1.390154712E-02  1.725232616E-01 -4.600000033E-02  8.226456686E+04  1.818043999E+02  3.302705153E+02  2.714713637E+02  3.420797279E+02  1.010374290E+00 
       277 -1.389524734E-02  1.726308379E-01 -4.258575940E-02  8.260933070E+04  1.816702533E+02  3.302928309E+02  2.716696938E+02  3.423087675E+02  1.011262353E+00 
       278 -1.388827040E-02  1.727470810E-01 -3.919459871E-02  8.287413004E+04  1.814035445E+02  3.303578957E+02  2.717768340E+02  3.426146063E+02  1.012712739E+00 
       279 -1.387976982E-02  1.728866868E-01 -3.575874102E-02  8.289168943E+04  1.812859711E+02  3.304016342E+02  2.718488073E+02  3.428635237E+02  1.013531811E+00 
       280 -1.386962822E-02  1.730354599E-01 -3.234598001E-02  8.295967155E+04  1.815115470E+02  3.303562328E+02  2.717740495E+02  3.432304007E+02  1.013455582E+00 
       281 -1.385715910E-02  1.732129765E-01 -2.893478341E-02  8.242700964E+04  1.822159060E+02  3.301521343E+02  2.714383317E+02  3.446931826E+02  1.013775041E+00 
       282 -1.381464856E-02  1.733989484E-01 -2.553958976E-02  8.199379767E+04  1.829091983E+02  3.298674499E+02  2.709705389E+02  3.458473442E+02  1.013480353E+00 
       283 -1.334927366E-02  1.736519924E-01 -2.216152427E-02  8.130535595E+04  1.844040923E+02  3.294701093E+02  2.703181312E+02  3.477380308E+02  1.011840328E+00 
       284 -1.220387625E-02  1.739549638E-01 -1.896956374E-02  8.002606641E+04  1.879983912E+02  3.287111111E+02  2.690750523E+02  3.523417339E+02  1.008184828E+00 
       285 -1.057589609E-02  1.742731966E-01 -1.599005111E-02  7.842875262E+04  1.931395299E+02  3.277415725E+02  2.674902232E+02  3.564745148E+02  9.985425644E-01 
       286 -8.586070527E-03  1.745821273E-01 -1.323108332E-02  7.657907813E+04  1.976266541E+02  3.269694415E+02  2.662306331E+02  3.602862206E+02  9.906536818E-01 
       287 -6.371188279E-03  1.748941133E-01 -1.065117603E-02  7.598841596E+04  2.000179052E+02  3.268505409E+02  2.660369769E+02  3.597412191E+02  9.814789819E-01 
       288 -3.959984913E-03  1.752012559E-01 -8.251810021E-03  7.762854458E+04  1.993806162E+02  3.277775981E+02  2.675511038E+02  3.560627628E+02  9.765544338E-01 
       289 -1.474621790E-03  1.754287438E-01 -5.921768022E-03  8.264184651E+04  1.917883909E+02  3.303236303E+02  2.717315201E+02  3.472320615E+02  9.865928543E-01 
       290  1.096342236E-03  1.756586641E-01 -3.684409899E-03  8.898827204E+04  1.825010200E+02  3.331292936E+02  2.763610515E+02  3.338597547E+02  9.959109368E-01 
       291  3.722457199E-03  1.758529720E-01 -1.512169024E-03  9.192032397E+04  1.752032862E+02  3.344636641E+02  2.785758362E+02  3.251624880E+02  1.007497363E+00 
       292  6.390497491E-03  1.759799744E-01  6.206893580E-04  8.829491895E+04  1.772952604E+02  3.332063694E+02  2.764906578E+02  3.348942261E+02  1.015675984E+00 
       293  1.179759467E-02  1.761809281E-01  4.808741428E-03  7.622597266E+04  2.011913071E+02  3.266301804E+02  2.656829262E+02  3.640908203E+02  9.859383702E-01 
       294  1.450804596E-02  1.762121176E-01  6.883706551E-03  7.264523682E+04  2.080884895E+02  3.244070892E+02  2.620774307E+02  3.740626183E+02  9.823415652E-01 
       295  1.722225861E-02  1.762495216E-01  8.953048646E-03  7.074277051E+04  2.148283539E+02  3.229344482E+02  2.597020226E+02  3.811280937E+02  9.741407484E-01 
       296  1.993233776E-02  1.761597577E-01  1.102855473E-02  6.930539160E+04  2.181091175E+02  3.220852356E+02  2.583375816E+02  3.850759544E+02  9.715055078E-01 
       297  2.263244469E-02  1.760920636E-01  1.311525345E-02  6.751267383E+04  2.225991001E+02  3.210172100E+02  2.566280518E+02  3.907504654E+02  9.687117860E-01 
       298  2.532249661E-02  1.759768902E-01  1.521525865E-02  6.582162402E+04  2.294318562E+02  3.197831039E+02  2.546586723E+02  3.967877693E+02  9.589819424E-01 
       299  2.800116021E-02  1.758008440E-01  1.732596334E-02  6.544496069E+04  2.350100851E+02  3.193130054E+02  2.539100876E+02  3.991435366E+02  9.455307759E-01 
       300  3.066011949E-02  1.756198651E-01  1.946182943E-02  6.777708984E+04  2.359259071E+02  3.207019773E+02  2.561334510E+02  3.923837786E+02  9.277477525E-01 
       301  3.850917716E-02  1.748410184E-01  2.602581626E-02  8.690614819E+04  2.347765379E+02  3.335502310E+02  2.770607080E+02  3.342287140E+02  8.216451220E-01 
       302  4.358739934E-02  1.740919978E-01  3.053362568E-02  8.612997217E+04  2.355048389E+02  3.330603342E+02  2.762422962E+02  3.421684456E+02  8.329230063E-01 
       303  4.609287257E-02  1.736863543E-01  3.281922705E-02  8.517724292E+04  2.397581034E+02  3.326471815E+02  2.755570488E+02  3.445145254E+02  8.228799701E-01 
       304  4.855845708E-02  1.731970535E-01  3.512834265E-02  8.479044946E+04  2.438511672E+02  3.324808865E+02  2.752814608E+02  3.454632044E+02  8.105064314E-01 
       305  5.100043215E-02  1.726458906E-01  3.745772352E-02  8.557282520E+04  2.466718159E+02  3.330893106E+02  2.762905765E+02  3.425505190E+02  7.961189803E-01 
       306  5.340036417E-02  1.720848619E-01  3.982071753E-02  8.855440625E+04  2.484537888E+02  3.347234502E+02  2.790125418E+02  3.359296217E+02  7.790304432E-01 
       307  5.576533568E-02  1.714326002E-01  4.220398857E-02  9.398778647E+04  2.480284847E+02  3.374667225E+02  2.836079428E+02  3.230315785E+02  7.597924280E-01 
       308  5.808130114E-02  1.707532671E-01  4.462162642E-02  9.989710280E+04  2.463485377E+02  3.404266938E+02  2.886045407E+02  3.081527662E+02  7.427224822E-01 
       309  6.913202621E-02  1.670049815E-01  5.708998555E-02  1.126714767E+05  2.420502605E+02  3.469938703E+02  2.998406262E+02  2.743573885E+02  7.129621860E-01 
       310  7.325557335E-02  1.653928843E-01  6.228962682E-02  1.158157203E+05  2.406214116E+02  3.484599409E+02  3.023788126E+02  2.654334065E+02  7.082671709E-01 
       311  7.526114685E-02  1.645964451E-01  6.493668120E-02  1.169347402E+05  2.399685993E+02  3.488084660E+02  3.029836483E+02  2.628125305E+02  7.094674148E-01 
       312  8.099008587E-02  1.620989224E-01  7.305121222E-02  1.187167344E+05  2.389439068E+02  3.494338150E+02  3.040699348E+02  2.577196064E+02  7.077911943E-01 
       313  8.281625202E-02  1.612441772E-01  7.580722199E-02  1.189173076E+05  2.391222458E+02  3.493629532E+02  3.039467239E+02  2.566031837E+02  7.066407353E-01 
       314  8.462318717E-02  1.604029889E-01  7.856519154E-02  1.190374724E+05  2.388515425E+02  3.493186998E+02  3.038696070E+02  2.563578596E+02  7.089565992E-01 
       315  8.638808364E-02  1.595156660E-01  8.135371941E-02  1.190623970E+05  2.385666504E+02  3.491992445E+02  3.036616225E+02  2.565257745E+02  7.110566869E-01 
       316  8.818531781E-02  1.586346563E-01  8.418846896E-02  1.190867626E+05  2.380102455E+02  3.490307222E+02  3.033685262E+02  2.562803558E+02  7.114948149E-01 
       317  9.153487112E-02  1.568453452E-01  8.985396979E-02  1.191049833E+05  2.378037767E+02  3.489821863E+02  3.032846904E+02  2.547697387E+02  7.114645941E-01 
       318  9.319079870E-02  1.559467714E-01  9.269883327E-02  1.190189443E+05  2.381137428E+02  3.488832245E+02  3.031128979E+02  2.546107941E+02  7.103121579E-01 
       319  9.639067810E-02  1.541493463E-01  9.845101971E-02  1.189262109E+05  2.382549629E+02  3.487088470E+02  3.028095284E+02  2.547925835E+02  7.110095434E-01 
       320  9.789700787E-02  1.532238030E-01  1.013752208E-01  1.189049265E+05  2.389576652E+02  3.485982828E+02  3.026172810E+02  2.544123788E+02  7.068633959E-01 
       321  9.939560036E-02  1.523575645E-01  1.043121280E-01  1.189054355E+05  2.393350220E+02  3.484945297E+02  3.024371147E+02  2.546123142E+02  7.062109187E-01 
       322  1.008373928E-01  1.515239935E-01  1.072922639E-01  1.188485576E+05  2.400576172E+02  3.483024502E+02  3.021037560E+02  2.553863201E+02  7.047338784E-01 
       323  1.021925752E-01  1.507164957E-01  1.103173974E-01  1.187709409E+05  2.413970599E+02  3.480802441E+02  3.017187490E+02  2.565505652E+02  7.002615929E-01 
       324  1.063175391E-01  1.486079647E-01  1.265700906E-01  1.181980469E+05  2.405974045E+02  3.489622803E+02  3.032536125E+02  2.559131279E+02  7.054333836E-01 
       325  1.064822206E-01  1.487022474E-01  1.299738775E-01  1.183398945E+05  2.366717873E+02  3.503878250E+02  3.057377434E+02  2.456000977E+02  7.147234827E-01 
       326  1.066476119E-01  1.488146338E-01  1.333799290E-01  1.182720078E+05  2.310313339E+02  3.517752762E+02  3.081618042E+02  2.288000946E+02  7.314089537E-01 
       327  1.068180965E-01  1.489318139E-01  1.367854531E-01  1.180544590E+05  2.274345818E+02  3.524424400E+02  3.093292542E+02  2.181515121E+02  7.459372804E-01 
       328  1.069979625E-01  1.490578552E-01  1.401905319E-01  1.179451211E+05  2.295436516E+02  3.518764000E+02  3.083376999E+02  2.244346447E+02  7.406306267E-01 
       329  1.071817424E-01  1.491887345E-01  1.435955648E-01  1.180203418E+05  2.359539661E+02  3.503461933E+02  3.055094337E+02  2.442388058E+02  7.215109468E-01 
       330  1.073851999E-01  1.493347905E-01  1.470000044E-01  1.179855039E+05  2.438884888E+02  3.483853073E+02  3.011844482E+02  2.644460068E+02  7.043962181E-01 
       331 -5.132010553E-03  2.399711247E-01 -4.600000034E-02  8.382673730E+04  1.733575916E+02  3.311401558E+02  2.727917461E+02  4.389786949E+02  1.164787099E+00 
       332 -5.128125210E-03  2.399809281E-01 -4.210430258E-02  8.437628467E+04  1.745873504E+02  3.308644562E+02  2.726111808E+02  4.398137846E+02  1.162601594E+00 
       333 -5.125201508E-03  2.399922328E-01 -3.820870464E-02  8.345161554E+04  1.770564740E+02  3.303210943E+02  2.717178154E+02  4.420597100E+02  1.158869531E+00 
       334 -5.121813889E-03  2.400095995E-01 -3.431329778E-02  8.154255222E+04  1.809145467E+02  3.294919834E+02  2.703559562E+02  4.458463199E+02  1.153352155E+00 
       335 -5.119016059E-03  2.400291916E-01 -3.041776666E-02  7.967914655E+04  1.861199367E+02  3.285366613E+02  2.687905717E+02  4.496758884E+02  1.144502001E+00 
       336 -5.114574788E-03  2.400538233E-01 -2.652182619E-02  7.839025046E+04  1.890294510E+02  3.280545941E+02  2.680009862E+02  4.508677602E+02  1.138479772E+00 
       337 -5.109553763E-03  2.400828758E-01 -2.262552630E-02  7.797159766E+04  1.891223478E+02  3.281810851E+02  2.682086797E+02  4.500624218E+02  1.137327692E+00 
       338 -5.103895973E-03  2.401152952E-01 -1.872899116E-02  8.023870984E+04  1.852001096E+02  3.292971654E+02  2.700383263E+02  4.464814816E+02  1.143334172E+00 
       339 -4.925504783E-03  2.402473149E-01 -7.056915668E-03  8.800535211E+04  1.701272708E+02  3.324207778E+02  2.751884703E+02  4.320162105E+02  1.167703934E+00 
       340 -3.715119829E-03  2.403023013E-01 -3.373311706E-03  8.186312024E+04  1.794690465E+02  3.303584869E+02  2.717904730E+02  4.427621472E+02  1.155139551E+00 
       341 -1.562012846E-03  2.403581740E-01 -1.360753051E-04  7.859184599E+04  1.902758133E+02  3.282138045E+02  2.682653137E+02  4.541515240E+02  1.139448465E+00 
       342  1.133764527E-03  2.404094608E-01  2.675248428E-03  7.848721362E+04  1.920778565E+02  3.277168303E+02  2.674511166E+02  4.516196976E+02  1.132129092E+00 
       343  4.137632423E-03  2.404197044E-01  5.149238455E-03  7.972626657E+04  1.867631279E+02  3.283876608E+02  2.685463992E+02  4.483111188E+02  1.141880958E+00 
       344  7.316400202E-03  2.403253331E-01  7.399564588E-03  8.012263007E+04  1.838517835E+02  3.288230706E+02  2.692576457E+02  4.464218261E+02  1.147681332E+00 
       345  1.395577155E-02  2.400667001E-01  1.148649181E-02  8.603703125E+04  1.735584822E+02  3.315055695E+02  2.736796589E+02  4.400778942E+02  1.167177465E+00 
       346  1.735065466E-02  2.397965962E-01  1.337576268E-02  9.040250879E+04  1.603384151E+02  3.337786751E+02  2.774406319E+02  4.298143425E+02  1.190718606E+00 
       347  2.419161170E-02  2.391929427E-01  1.704637434E-02  7.982916211E+04  1.836849098E+02  3.293159256E+02  2.700710754E+02  4.451801071E+02  1.147236273E+00 
       348  2.761839379E-02  2.387452844E-01  1.884103948E-02  7.979890820E+04  1.867135639E+02  3.288999748E+02  2.693850174E+02  4.484861374E+02  1.142935440E+00 
       349  3.105226563E-02  2.382885234E-01  2.062260888E-02  8.103146094E+04  1.853111715E+02  3.295654392E+02  2.704762983E+02  4.449466763E+02  1.142675787E+00 
       350  3.788868369E-02  2.371344800E-01  2.417075674E-02  8.067732959E+04  1.850925751E+02  3.297289295E+02  2.707442951E+02  4.440341949E+02  1.142609954E+00 
       351  4.468291751E-02  2.357525484E-01  2.771953789E-02  8.026199316E+04  1.907106667E+02  3.291772728E+02  2.698403378E+02  4.484692650E+02  1.134931028E+00 
       352  4.805699300E-02  2.349490393E-01  2.948953136E-02  8.069225195E+04  1.899632483E+02  3.294734907E+02  2.703269935E+02  4.458311081E+02  1.136060605E+00 
       353  5.140582287E-02  2.340778219E-01  3.127771149E-02  8.071954785E+04  1.916308937E+02  3.293514652E+02  2.701282387E+02  4.463414021E+02  1.134635299E+00 
       354  5.473006301E-02  2.331020583E-01  3.305777180E-02  7.990955957E+04  1.924274616E+02  3.290343971E+02  2.696065521E+02  4.468641968E+02  1.135202616E+00 
       355  5.803984836E-02  2.320923676E-01  3.484458617E-02  7.849343213E+04  1.963202457E+02  3.281268005E+02  2.681216259E+02  4.495955849E+02  1.130735070E+00 
       356  6.132921494E-02  2.310454118E-01  3.665150486E-02  7.659821182E+04  2.006945620E+02  3.269462755E+02  2.661959503E+02  4.525893400E+02  1.124235735E+00 
       357  6.777528194E-02  2.285846393E-01  4.027160278E-02  8.515090625E+04  2.148282585E+02  3.325734520E+02  2.754681969E+02  4.289589577E+02  1.066041201E+00 
       358  7.097972553E-02  2.273472007E-01  4.209367684E-02  9.215466895E+04  2.298880196E+02  3.358938560E+02  2.809707623E+02  4.119055290E+02  1.012737833E+00 
       359  7.412444428E-02  2.259565065E-01  4.393674079E-02  9.083872754E+04  2.336726890E+02  3.347237749E+02  2.790185041E+02  4.180358391E+02  1.010560106E+00 
       360  7.725834663E-02  2.245514312E-01  4.577102978E-02  8.700395313E+04  2.345343723E+02  3.331380348E+02  2.763729362E+02  4.271293259E+02  1.016876049E+00 
       361  8.037011026E-02  2.231435234E-01  4.763983740E-02  8.986590039E+04  2.324738197E+02  3.350972443E+02  2.796491051E+02  4.213991814E+02  1.019187629E+00 
       362  8.343109451E-02  2.215945322E-01  4.950276897E-02  1.033060181E+05  2.237208347E+02  3.411657603E+02  2.898895493E+02  3.938463964E+02  1.027011740E+00 
       363  8.646988642E-02  2.201046420E-01  5.141624103E-02  1.220356702E+05  2.115354772E+02  3.481435385E+02  3.018659377E+02  3.580784454E+02  1.046928613E+00 
       364  9.242245520E-02  2.169732682E-01  5.534503106E-02  1.188180190E+05  2.199806967E+02  3.499104452E+02  3.049281254E+02  3.526218090E+02  1.006111939E+00 
       365  9.533631835E-02  2.153857768E-01  5.738443174E-02  1.166993130E+05  2.252200782E+02  3.490568318E+02  3.034543900E+02  3.559497380E+02  9.871481592E-01 
       366  9.819952312E-02  2.138016843E-01  5.949569436E-02  1.167639258E+05  2.271624146E+02  3.497859917E+02  3.047275009E+02  3.513919029E+02  9.772348329E-01 
       367  1.009694591E-01  2.121295788E-01  6.167326851E-02  1.188918987E+05  2.269328685E+02  3.514207764E+02  3.075760851E+02  3.442429600E+02  9.723910466E-01 
       368  1.037116704E-01  2.105064985E-01  6.390540356E-02  1.204390474E+05  2.303955154E+02  3.522303944E+02  3.089920473E+02  3.391379213E+02  9.571614750E-01 
       369  1.064180189E-01  2.088777679E-01  6.618856681E-02  1.208941797E+05  2.318862448E+02  3.527204914E+02  3.098525867E+02  3.369768505E+02  9.490193166E-01 
       370  1.090480686E-01  2.071800512E-01  6.850700508E-02  1.210519365E+05  2.357839127E+02  3.527520561E+02  3.099104347E+02  3.369453869E+02  9.353222959E-01 
       371  1.116790455E-01  2.055210471E-01  7.084353951E-02  1.213541826E+05  2.391651802E+02  3.529539366E+02  3.102680902E+02  3.331176567E+02  9.229720701E-01 
       372  1.142974452E-01  2.038484190E-01  7.319785208E-02  1.217878447E+05  2.384022717E+02  3.533505297E+02  3.109670486E+02  3.314791908E+02  9.232355487E-01 
       373  1.168416696E-01  2.021295301E-01  7.558130371E-02  1.221193159E+05  2.380776320E+02  3.539090805E+02  3.119587650E+02  3.309864006E+02  9.229377210E-01 
       374  1.193277496E-01  2.004108846E-01  7.805168345E-02  1.222927297E+05  2.370508258E+02  3.543477316E+02  3.127402182E+02  3.299660606E+02  9.252499957E-01 
       375  1.217693779E-01  1.987784452E-01  8.060399866E-02  1.224269063E+05  2.336552348E+02  3.544676371E+02  3.129518814E+02  3.283683062E+02  9.352717251E-01 
       376  1.240793489E-01  1.970470446E-01  8.322373237E-02  1.227458643E+05  2.287561884E+02  3.542890244E+02  3.126347933E+02  3.271142044E+02  9.498332292E-01 
       377  1.263696524E-01  1.953872062E-01  8.590193330E-02  1.231687309E+05  2.229906410E+02  3.544354306E+02  3.128831049E+02  3.251854912E+02  9.669738002E-01 
       378  1.285811840E-01  1.937639536E-01  8.866989816E-02  1.232451138E+05  2.189146905E+02  3.529901061E+02  3.103217735E+02  3.321902189E+02  9.788226876E-01 
       379  1.378530526E-01  1.861918564E-01  1.119425893E-01  1.224512764E+05  2.237010765E+02  3.544906330E+02  3.129427280E+02  3.215108461E+02  9.620823227E-01 
       380  1.378280879E-01  1.861358471E-01  1.158380052E-01  1.221050139E+05  2.249328709E+02  3.554438629E+02  3.146271296E+02  3.085064297E+02  9.579322822E-01 
       381  1.378172244E-01  1.861105784E-01  1.197328496E-01  1.217652744E+05  2.294468236E+02  3.558573527E+02  3.153585324E+02  3.038215070E+02  9.438881595E-01 
       382  1.378137064E-01  1.861013403E-01  1.236281983E-01  1.223355222E+05  2.313133252E+02  3.556953993E+02  3.150739439E+02  3.136911926E+02  9.356810581E-01 
       383  1.378232998E-01  1.861207539E-01  1.275238734E-01  1.228685354E+05  2.311558509E+02  3.546302943E+02  3.131940222E+02  3.254231752E+02  9.377782132E-01 
       384  1.378388478E-01  1.861485149E-01  1.314192119E-01  1.229774307E+05  2.280620885E+02  3.532993149E+02  3.108494509E+02  3.363495041E+02  9.492949405E-01 
       385  1.378667705E-01  1.861922064E-01  1.353144338E-01  1.228557313E+05  2.238889146E+02  3.527606349E+02  3.099018654E+02  3.346536925E+02  9.612178495E-01 
       386  1.378917792E-01  1.862393165E-01  1.392095884E-01  1.228520380E+05  2.223184963E+02  3.525370128E+02  3.095063233E+02  3.323636674E+02  9.653959400E-01 
       387  1.379128913E-01  1.862912877E-01  1.431056120E-01  1.229779996E+05  2.220969305E+02  3.527585902E+02  3.097783823E+02  3.300334589E+02  9.658696505E-01 
       388  1.379274402E-01  1.863453723E-01  1.469999959E-01  1.231733315E+05  2.210783553E+02  3.536670384E+02  3.110240030E+02  3.258673201E+02  9.690514971E-01 
       389 -3.389247132E-02  1.007789921E-01 -4.300551245E-02  8.753573242E+04  1.540947838E+02  3.330369797E+02  2.762026749E+02  2.358363113E+02  8.588252142E-01 
       390 -3.372456358E-02  1.010433636E-01 -4.002223516E-02  8.741286516E+04  1.548055236E+02  3.329704903E+02  2.760924077E+02  2.367054866E+02  8.581741051E-01 
       391 -3.329024078E-02  1.014074167E-01 -3.707963811E-02  8.730870047E+04  1.550210069E+02  3.329582202E+02  2.760720467E+02  2.369305633E+02  8.581003305E-01 
       392 -3.255620303E-02  1.018883264E-01 -3.421559131E-02  8.720396176E+04  1.555241457E+02  3.329113888E+02  2.759943424E+02  2.375053574E+02  8.577230931E-01 
       393 -3.153373485E-02  1.024554568E-01 -3.145384174E-02  8.711148823E+04  1.565509634E+02  3.328137781E+02  2.758325749E+02  2.383892731E+02  8.556206895E-01 
       394 -3.028950121E-02  1.031058036E-01 -2.880322264E-02  8.701156812E+04  1.572916261E+02  3.327380530E+02  2.757070978E+02  2.395734665E+02  8.561967957E-01 
       395 -2.888173412E-02  1.037838005E-01 -2.624318977E-02  8.689930670E+04  1.579911375E+02  3.326746191E+02  2.756018690E+02  2.400326650E+02  8.544502445E-01 
       396 -2.733119538E-02  1.044792183E-01 -2.377110822E-02  8.680159138E+04  1.586038736E+02  3.326274888E+02  2.755238624E+02  2.406532345E+02  8.537240984E-01 
       397 -2.568342124E-02  1.052055751E-01 -2.135968630E-02  8.670512487E+04  1.592700153E+02  3.325693514E+02  2.754275239E+02  2.417442119E+02  8.546002951E-01 
       398 -2.397735570E-02  1.059146334E-01 -1.899049647E-02  8.655515448E+04  1.595582523E+02  3.325153723E+02  2.753381623E+02  2.423403303E+02  8.557031180E-01 
       399 -2.220871387E-02  1.066063154E-01 -1.667396516E-02  8.616958206E+04  1.606994141E+02  3.322940408E+02  2.749717292E+02  2.442997389E+02  8.570421427E-01 
       400 -2.041003203E-02  1.073389070E-01 -1.437512078E-02  8.560283957E+04  1.621397563E+02  3.320148014E+02  2.745099653E+02  2.466792827E+02  8.580241580E-01 
       401 -1.856976066E-02  1.079715131E-01 -1.211630566E-02  8.498480956E+04  1.646688619E+02  3.316737441E+02  2.739462269E+02  2.494518026E+02  8.549974855E-01 
       402 -1.670953655E-02  1.086522831E-01 -9.860640570E-03  8.445504668E+04  1.682183214E+02  3.313642004E+02  2.734350672E+02  2.522230085E+02  8.462619618E-01 
       403 -1.482329113E-02  1.093026603E-01 -7.620995183E-03  8.440160312E+04  1.710965596E+02  3.313270566E+02  2.733738428E+02  2.528255964E+02  8.337566620E-01 
       404 -1.292306254E-02  1.099268373E-01 -5.385291055E-03  8.535001904E+04  1.715021739E+02  3.318880339E+02  2.743004436E+02  2.498882675E+02  8.219837267E-01 
       405 -1.101845801E-02  1.105590611E-01 -3.137660868E-03  8.715457852E+04  1.698736971E+02  3.328857244E+02  2.759524976E+02  2.438970995E+02  8.110164169E-01 
       406 -9.120841472E-03  1.111701815E-01 -8.914052251E-04  8.954029413E+04  1.673549463E+02  3.341331655E+02  2.780245539E+02  2.354311206E+02  7.978301786E-01 
       407 -7.240675928E-03  1.117476218E-01  1.353994698E-03  9.303009119E+04  1.628515117E+02  3.359992565E+02  2.811393053E+02  2.225879322E+02  7.846226411E-01 
       408 -5.370549944E-03  1.123083196E-01  3.627204146E-03  9.641868103E+04  1.627177718E+02  3.377548742E+02  2.840842824E+02  2.071063900E+02  7.424034514E-01 
       409 -3.530590186E-03  1.128981262E-01  5.933484609E-03  9.839368974E+04  1.730342121E+02  3.385816196E+02  2.854786047E+02  2.034724798E+02  6.751386514E-01 
       410 -1.726912218E-03  1.134387153E-01  8.259926622E-03  9.815523242E+04  1.859065800E+02  3.384314208E+02  2.852232966E+02  2.055374522E+02  6.065087244E-01 
       411  3.734044288E-05  1.140039107E-01  1.062617763E-02  9.735122217E+04  1.938391991E+02  3.381944981E+02  2.848239598E+02  2.081632762E+02  5.700713471E-01 
       412  1.740848712E-03  1.145879687E-01  1.302702968E-02  9.645887330E+04  2.016045022E+02  3.377619593E+02  2.840958384E+02  2.121232500E+02  5.403627711E-01 
       413  3.387617433E-03  1.151172021E-01  1.547343878E-02  9.591460275E+04  2.078624054E+02  3.375090630E+02  2.836706412E+02  2.138611888E+02  5.122469927E-01 
       414  4.957112811E-03  1.157081541E-01  1.796238578E-02  9.538349170E+04  2.154536443E+02  3.371495805E+02  2.830667663E+02  2.182227397E+02  4.859031532E-01 
       415  6.462677552E-03  1.163151534E-01  2.048609031E-02  9.466515991E+04  2.221072664E+02  3.368083277E+02  2.824941053E+02  2.223625078E+02  4.651209330E-01 
       416  7.926557233E-03  1.168909271E-01  2.304605918E-02  9.401122083E+04  2.278581946E+02  3.364788916E+02  2.819415164E+02  2.262106342E+02  4.484088644E-01 
       417  9.338612782E-03  1.175119790E-01  2.562398907E-02  9.365723313E+04  2.328186285E+02  3.362536268E+02  2.815640527E+02  2.284633799E+02  4.314665596E-01 
       418  1.068984297E-02  1.181121478E-01  2.822455248E-02  9.347013742E+04  2.380968305E+02  3.360542963E+02  2.812303393E+02  2.303499106E+02  4.114147646E-01 
       419  1.198650266E-02  1.187330819E-01  3.085849659E-02  9.341379816E+04  2.428671236E+02  3.359959419E+02  2.811328904E+02  2.314611345E+02  3.917702311E-01 
       420  1.322982934E-02  1.193430432E-01  3.352159396E-02  9.342109489E+04  2.465546000E+02  3.360941518E+02  2.812970977E+02  2.321135437E+02  3.766425916E-01 
       421  1.439865389E-02  1.199672983E-01  3.621509854E-02  9.355534503E+04  2.504450664E+02  3.361613791E+02  2.814096697E+02  2.325865299E+02  3.594299164E-01 
       422  1.553995729E-02  1.205631245E-01  3.892438234E-02  9.394751648E+04  2.536837158E+02  3.363547928E+02  2.817335453E+02  2.318821377E+02  3.414766976E-01 
       423  1.662952250E-02  1.211745408E-01  4.165332372E-02  9.448366342E+04  2.566349868E+02  3.365612398E+02  2.820795400E+02  2.314383866E+02  3.262456326E-01 
       424  1.764894372E-02  1.217373945E-01  4.441857664E-02  9.522415692E+04  2.584509967E+02  3.369276233E+02  2.826945094E+02  2.296246121E+02  3.123245505E-01 
       425  1.861873940E-02  1.222791769E-01  4.720617614E-02  9.628462849E+04  2.595923481E+02  3.374741596E+02  2.836122652E+02  2.266719893E+02  2.978612565E-01 
       426  1.950820179E-02  1.228336643E-01  5.001741530E-02  9.738188727E+04  2.608581409E+02  3.380340446E+02  2.845544236E+02  2.233693231E+02  2.815632462E-01 
       427  2.036944420E-02  1.233245632E-01  5.285072558E-02  9.850697742E+04  2.622963279E+02  3.386113497E+02  2.855269533E+02  2.201416951E+02  2.639750162E-01 
       428  2.117157025E-02  1.238295963E-01  5.569831964E-02  9.967694971E+04  2.639857302E+02  3.391418405E+02  2.864223552E+02  2.174540341E+02  2.471403852E-01 
       429  2.190592593E-02  1.242947792E-01  5.857026217E-02  1.007435085E+05  2.658045292E+02  3.396127424E+02  2.872180395E+02  2.152061377E+02  2.308300370E-01 
       430  2.257248913E-02  1.247551336E-01  6.145961794E-02  1.016637417E+05  2.676560869E+02  3.400423861E+02  2.879451361E+02  2.132326174E+02  2.154177679E-01 
       431  2.314781749E-02  1.251835029E-01  6.437124902E-02  1.023474497E+05  2.697783265E+02  3.403703098E+02  2.885005569E+02  2.114136572E+02  1.985992962E-01 
       432  2.363318974E-02  1.255957621E-01  6.730774801E-02  1.028544028E+05  2.723681517E+02  3.405858829E+02  2.888660138E+02  2.101600516E+02  1.809584413E-01 
       433  2.402789138E-02  1.260195069E-01  7.025072331E-02  1.032066543E+05  2.750532589E+02  3.407920666E+02  2.892158871E+02  2.093287401E+02  1.642445913E-01 
       434  2.431727977E-02  1.264030352E-01  7.321094069E-02  1.034060762E+05  2.779520073E+02  3.409259930E+02  2.894432449E+02  2.089308701E+02  1.475176206E-01 
       435  2.453016930E-02  1.268032789E-01  7.617447467E-02  1.034684016E+05  2.810803285E+02  3.409958200E+02  2.895618315E+02  2.093338270E+02  1.325329717E-01 
       436  2.462079541E-02  1.271795605E-01  7.915094878E-02  1.033432010E+05  2.845890286E+02  3.409850519E+02  2.895435266E+02  2.102986577E+02  1.170856488E-01 
       437  2.463902970E-02  1.275610820E-01  8.212637731E-02  1.028715952E+05  2.888289299E+02  3.407515712E+02  2.891471882E+02  2.129046922E+02  1.038594799E-01 
       438  2.457492051E-02  1.279220853E-01  8.510260082E-02  1.020722310E+05  2.933940445E+02  3.403804194E+02  2.885177429E+02  2.163387285E+02  9.201930251E-02 
       439  2.441429013E-02  1.282749863E-01  8.807550525E-02  1.008576041E+05  2.970294483E+02  3.398633752E+02  2.876417030E+02  2.215465980E+02  9.329861053E-02 
       440  2.420234297E-02  1.286273229E-01  9.105186832E-02  9.986165628E+04  2.981620641E+02  3.393865412E+02  2.868351372E+02  2.251010818E+02  1.030982405E-01 
       441  2.388558350E-02  1.289647853E-01  9.401845916E-02  9.988035947E+04  2.966109847E+02  3.393836267E+02  2.868301802E+02  2.253709692E+02  1.152709884E-01 
       442  2.351928731E-02  1.293134864E-01  9.696958543E-02  1.004282297E+05  2.939175509E+02  3.396482931E+02  2.872777414E+02  2.239800030E+02  1.275968200E-01 
       443  2.306449285E-02  1.296327241E-01  9.991680403E-02  1.011755151E+05  2.915484314E+02  3.399836493E+02  2.878453274E+02  2.218567920E+02  1.348156407E-01 
       444  2.257188759E-02  1.299515661E-01  1.028605699E-01  1.019607266E+05  2.891194153E+02  3.403401642E+02  2.884493589E+02  2.190071487E+02  1.395808891E-01 
       445  2.201092100E-02  1.302726916E-01  1.057899135E-01  1.028204784E+05  2.865641799E+02  3.407455938E+02  2.891369925E+02  2.160116131E+02  1.447798974E-01 
       446  2.143382683E-02  1.305960230E-01  1.087107054E-01  1.038208713E+05  2.839207400E+02  3.412533356E+02  2.899993596E+02  2.122341756E+02  1.476869913E-01 
       447  2.076802587E-02  1.309307408E-01  1.116221513E-01  1.049440049E+05  2.812383080E+02  3.418894558E+02  2.910816078E+02  2.074229174E+02  1.471472513E-01 
       448  2.010215597E-02  1.312657467E-01  1.145293522E-01  1.059125103E+05  2.790637674E+02  3.424980516E+02  2.921187534E+02  2.035808754E+02  1.475432049E-01 
       449  1.945135245E-02  1.316056955E-01  1.174374795E-01  1.066072755E+05  2.776572430E+02  3.429367189E+02  2.928673613E+02  2.006884131E+02  1.471351826E-01 
       450  1.885387307E-02  1.319548677E-01  1.203553293E-01  1.070794838E+05  2.768513875E+02  3.431861527E+02  2.932936196E+02  1.990881770E+02  1.481654436E-01 
       451  1.837479322E-02  1.322913677E-01  1.233018373E-01  1.073687314E+05  2.763141594E+02  3.433326759E+02  2.935442591E+02  1.983178139E+02  1.507681967E-01 
       452  1.811263581E-02  1.325954541E-01  1.262715907E-01  1.075530249E+05  2.758026247E+02  3.434536104E+02  2.937511644E+02  1.976130199E+02  1.534261433E-01 
       453  1.805653049E-02  1.328847135E-01  1.292554963E-01  1.076081995E+05  2.756144991E+02  3.435064273E+02  2.938415003E+02  1.978558822E+02  1.577435278E-01 
       454  1.819877737E-02  1.331672438E-01  1.322380588E-01  1.075577560E+05  2.759721806E+02  3.434793742E+02  2.937952237E+02  1.991768134E+02  1.626800657E-01 
       455  1.852494771E-02  1.334510277E-01  1.352129826E-01  1.074123590E+05  2.766582568E+02  3.433994048E+02  2.936582351E+02  2.011056118E+02  1.679769299E-01 
       456  1.890761882E-02  1.337081709E-01  1.381756048E-01  1.071841191E+05  2.771155049E+02  3.433440732E+02  2.935636624E+02  2.029978861E+02  1.743231986E-01 
       457  1.937808835E-02  1.339540030E-01  1.411279949E-01  1.069227773E+05  2.777917569E+02  3.432541366E+02  2.934097865E+02  2.046863692E+02  1.785252602E-01 
       458  1.989552602E-02  1.341916383E-01  1.440726902E-01  1.066443151E+05  2.783376585E+02  3.431917265E+02  2.933031147E+02  2.062730844E+02  1.831196886E-01 
       459  2.048114376E-02  1.344526817E-01  1.469999956E-01  1.062969429E+05  2.794993448E+02  3.430220127E+02  2.930172796E+02  2.085688677E+02  1.861545797E-01 
       460 -4.772920012E-02  1.664853148E-01 -4.258181757E-02  8.245590902E+04  1.819689710E+02  3.302130786E+02  2.715387159E+02  3.434730684E+02  1.012376495E+00 
       461 -4.770031945E-02  1.666117663E-01 -3.916302660E-02  8.230736621E+04  1.815269024E+02  3.301899934E+02  2.715007554E+02  3.428580484E+02  1.012850498E+00 
       462 -4.768621633E-02  1.667606858E-01 -3.574527808E-02  8.197237964E+04  1.829932625E+02  3.299258761E+02  2.710668187E+02  3.444266353E+02  1.010707727E+00 
       463 -4.773671611E-02  1.669008759E-01 -3.232563070E-02  8.148341455E+04  1.848846555E+02  3.295798187E+02  2.704984112E+02  3.470209112E+02  1.008985583E+00 
       464 -4.779814392E-02  1.670685917E-01 -2.890641835E-02  8.091736206E+04  1.858083925E+02  3.293331099E+02  2.700935955E+02  3.484377670E+02  1.008536343E+00 
       465 -4.772832030E-02  1.672854950E-01 -2.549705171E-02  8.026277612E+04  1.889057446E+02  3.288434563E+02  2.692914462E+02  3.509339557E+02  1.002735831E+00 
       466 -4.733274936E-02  1.676197526E-01 -2.211766833E-02  7.958818457E+04  1.918543110E+02  3.283985348E+02  2.685630126E+02  3.539933109E+02  9.985994380E-01 
       467 -4.646629434E-02  1.680852894E-01 -1.884685997E-02  7.938602896E+04  1.941651468E+02  3.282697297E+02  2.683524442E+02  3.546172661E+02  9.935553181E-01 
       468 -4.497458874E-02  1.687177674E-01 -1.583913045E-02  8.097891089E+04  1.931740670E+02  3.291418581E+02  2.697826953E+02  3.500740643E+02  9.913983718E-01 
       469 -4.311049959E-02  1.694263862E-01 -1.306511329E-02  8.416980591E+04  1.880355029E+02  3.309574261E+02  2.727682543E+02  3.416015625E+02  9.958366733E-01 
       470 -4.101650432E-02  1.701661907E-01 -1.047820325E-02  8.708604590E+04  1.825729685E+02  3.324762192E+02  2.752743702E+02  3.333044109E+02  1.000888728E+00 
       471 -3.872443978E-02  1.709287414E-01 -8.043812788E-03  8.729440076E+04  1.787599161E+02  3.325975208E+02  2.754754741E+02  3.327691240E+02  1.012593817E+00 
       472 -3.634257562E-02  1.716543837E-01 -5.706210795E-03  8.509058691E+04  1.805370464E+02  3.313409500E+02  2.733999138E+02  3.397976723E+02  1.016856730E+00 
       473 -3.384972842E-02  1.724025179E-01 -3.469956820E-03  8.119342615E+04  1.869061813E+02  3.292487574E+02  2.699613581E+02  3.501074557E+02  1.012523404E+00 
       474 -3.133060076E-02  1.731099844E-01 -1.271304633E-03  7.684480087E+04  1.979673271E+02  3.266304374E+02  2.656842295E+02  3.636941421E+02  9.989997586E-01 
       475 -2.873453975E-02  1.737912906E-01  8.535856133E-04  7.338913501E+04  2.071345158E+02  3.245594444E+02  2.623259659E+02  3.726359825E+02  9.856973216E-01 
       476 -2.611690126E-02  1.744247281E-01  2.958268427E-03  7.100261414E+04  2.136525187E+02  3.231463757E+02  2.600465322E+02  3.796458588E+02  9.772284906E-01 
       477 -2.348835128E-02  1.750433393E-01  5.058280838E-03  6.972442322E+04  2.185441129E+02  3.221351293E+02  2.584246070E+02  3.839132375E+02  9.695385625E-01 
       478 -2.083113736E-02  1.756162102E-01  7.133742148E-03  6.940533350E+04  2.184118409E+02  3.222499561E+02  2.586035981E+02  3.832037249E+02  9.676216897E-01 
       479 -1.816607045E-02  1.761555279E-01  9.209141426E-03  6.981076196E+04  2.220816526E+02  3.222775555E+02  2.586488132E+02  3.846416378E+02  9.582652822E-01 
       480 -1.549262448E-02  1.766467189E-01  1.128626304E-02  7.238194849E+04  2.207590342E+02  3.242018690E+02  2.617539644E+02  3.748808765E+02  9.427685961E-01 
       481 -1.281959455E-02  1.771087169E-01  1.337222607E-02  8.236423224E+04  2.125475857E+02  3.302924232E+02  2.716950886E+02  3.496601524E+02  9.234249741E-01 
       482 -1.015361520E-02  1.775059034E-01  1.547159933E-02  9.784942542E+04  2.080389125E+02  3.382794880E+02  2.849761961E+02  3.044202981E+02  8.707613408E-01 
       483 -7.491200012E-03  1.778633735E-01  1.757589553E-02  9.464068091E+04  2.214619331E+02  3.365806999E+02  2.821216850E+02  3.123347740E+02  8.341657706E-01 
       484 -4.837064878E-03  1.782590199E-01  1.971143984E-02  8.933428833E+04  2.279813728E+02  3.344101381E+02  2.784883585E+02  3.291733112E+02  8.391568810E-01 
       485 -2.188499166E-03  1.785530451E-01  2.185094162E-02  8.895552859E+04  2.341678153E+02  3.335840098E+02  2.771129999E+02  3.361792184E+02  8.288868831E-01 
       486  4.329096806E-04  1.787998193E-01  2.404680664E-02  8.926740576E+04  2.350280628E+02  3.339356899E+02  2.776967220E+02  3.357028866E+02  8.240424246E-01 
       487  3.027224691E-03  1.790317150E-01  2.627094405E-02  8.924471991E+04  2.369118981E+02  3.339355879E+02  2.776968241E+02  3.359369459E+02  8.174451762E-01 
       488  5.626976121E-03  1.792222402E-01  2.847807669E-02  8.988539722E+04  2.384516194E+02  3.343816295E+02  2.784386787E+02  3.336711531E+02  8.080217279E-01 
       489  8.191038637E-03  1.793338257E-01  3.074695743E-02  9.182464014E+04  2.403287764E+02  3.354566808E+02  2.802335980E+02  3.285049427E+02  7.932651741E-01 
       490  1.074058355E-02  1.794129340E-01  3.303046409E-02  9.511313966E+04  2.415816880E+02  3.370091198E+02  2.828352798E+02  3.213478580E+02  7.778001172E-01 
       491  1.325979491E-02  1.793970135E-01  3.532576038E-02  9.936070471E+04  2.399634640E+02  3.389820390E+02  2.861575277E+02  3.104229276E+02  7.671325970E-01 
       492  1.577166567E-02  1.793535417E-01  3.765132951E-02  1.033826938E+05  2.377159686E+02  3.407754445E+02  2.891906362E+02  2.992116928E+02  7.592680464E-01 
       493  1.825553626E-02  1.792503646E-01  4.000403552E-02  1.061291915E+05  2.357078037E+02  3.421073518E+02  2.914542441E+02  2.919767461E+02  7.570087407E-01 
       494  2.071273564E-02  1.790845686E-01  4.238164633E-02  1.080958847E+05  2.340684116E+02  3.431196944E+02  2.931817093E+02  2.892968618E+02  7.596552724E-01 
       495  2.315348782E-02  1.789033294E-01  4.476881837E-02  1.103199155E+05  2.328595834E+02  3.441058393E+02  2.948692360E+02  2.832315063E+02  7.568891076E-01 
       496  2.554611962E-02  1.786610662E-01  4.720294885E-02  1.127190464E+05  2.312148390E+02  3.451967602E+02  2.967422266E+02  2.737050009E+02  7.525674868E-01 
       497  2.790553153E-02  1.783591187E-01  4.966367300E-02  1.144549543E+05  2.304877796E+02  3.460350885E+02  2.981843109E+02  2.683653297E+02  7.494374849E-01 
       498  3.023553076E-02  1.780531658E-01  5.215009418E-02  1.154110468E+05  2.309732273E+02  3.464790394E+02  2.989499042E+02  2.661985939E+02  7.457316564E-01 
       499  3.255140683E-02  1.777481834E-01  5.464573084E-02  1.162397385E+05  2.313782525E+02  3.467784655E+02  2.994665813E+02  2.630327537E+02  7.414234364E-01 
       500  3.480321611E-02  1.773622653E-01  5.719033452E-02  1.171509088E+05  2.306798916E+02  3.472237964E+02  3.002360439E+02  2.610703704E+02  7.420455478E-01 
       501  3.704366447E-02  1.769956776E-01  5.978074099E-02  1.179394879E+05  2.308385680E+02  3.475453796E+02  3.007923017E+02  2.602876911E+02  7.407349679E-01 
       502  3.923116288E-02  1.766153691E-01  6.237867612E-02  1.185477163E+05  2.315877507E+02  3.477168512E+02  3.010890360E+02  2.577265310E+02  7.356345523E-01 
       503  4.136429871E-02  1.761773997E-01  6.501205622E-02  1.189566213E+05  2.317910988E+02  3.478928386E+02  3.013939162E+02  2.553172617E+02  7.328470980E-01 
       504  4.348069858E-02  1.757484529E-01  6.766046190E-02  1.192189341E+05  2.319923697E+02  3.480351667E+02  3.016404524E+02  2.553070397E+02  7.323401012E-01 
       505  4.554226392E-02  1.753162813E-01  7.034950997E-02  1.193163833E+05  2.325440044E+02  3.481275492E+02  3.018005562E+02  2.549243937E+02  7.301395163E-01 
       506  4.756665315E-02  1.748560179E-01  7.306168772E-02  1.192405995E+05  2.332629114E+02  3.481594150E+02  3.018557742E+02  2.547358571E+02  7.273256392E-01 
       507  4.956604909E-02  1.743615796E-01  7.580968578E-02  1.190712637E+05  2.335691185E+02  3.481609448E+02  3.018583918E+02  2.546473946E+02  7.262749684E-01 
       508  5.152654947E-02  1.738670862E-01  7.855886540E-02  1.189457614E+05  2.339921308E+02  3.480706223E+02  3.017018576E+02  2.556238359E+02  7.257625943E-01 
       509  5.347325952E-02  1.733659220E-01  8.131742073E-02  1.190602080E+05  2.341501281E+02  3.480550492E+02  3.016748239E+02  2.558353921E+02  7.257288207E-01 
       510  5.541917190E-02  1.728212690E-01  8.412523757E-02  1.192752032E+05  2.337398161E+02  3.481039864E+02  3.017596844E+02  2.556662934E+02  7.274243371E-01 
       511  5.731737707E-02  1.722438844E-01  8.698058411E-02  1.196882563E+05  2.339268488E+02  3.482693909E+02  3.020466303E+02  2.543410439E+02  7.256452057E-01 
       512  5.917186437E-02  1.716911252E-01  8.979478553E-02  1.198423657E+05  2.344306717E+02  3.483830013E+02  3.022439710E+02  2.542545935E+02  7.238144003E-01 
       513  6.096387184E-02  1.711643945E-01  9.255110888E-02  1.198341898E+05  2.351504356E+02  3.484053791E+02  3.022826294E+02  2.540932544E+02  7.210769118E-01 
       514  6.270700241E-02  1.705757992E-01  9.544380808E-02  1.196919988E+05  2.362597733E+02  3.483273382E+02  3.021472092E+02  2.544338474E+02  7.169868518E-01 
       515  6.442263795E-02  1.699823167E-01  9.834544530E-02  1.195418504E+05  2.373099939E+02  3.482328934E+02  3.019833002E+02  2.546301006E+02  7.131061344E-01 
       516  6.612271722E-02  1.694054111E-01  1.012510921E-01  1.193227629E+05  2.379834242E+02  3.481412179E+02  3.018243499E+02  2.551816959E+02  7.113356167E-01 
       517  6.776083839E-02  1.688452726E-01  1.042003507E-01  1.191323395E+05  2.385003459E+02  3.480544088E+02  3.016738416E+02  2.559252623E+02  7.103992784E-01 
       518  6.936215302E-02  1.682812898E-01  1.071729988E-01  1.189235826E+05  2.390405904E+02  3.479712230E+02  3.015296608E+02  2.566775267E+02  7.093768409E-01 
       519  7.082677073E-02  1.677321085E-01  1.102128146E-01  1.186895186E+05  2.396796497E+02  3.478990800E+02  3.014047899E+02  2.577029201E+02  7.081323792E-01 
       520  7.220712168E-02  1.672497044E-01  1.133584680E-01  1.185040193E+05  2.403556790E+02  3.478689970E+02  3.013530564E+02  2.585836971E+02  7.067908572E-01 
       521  7.342602904E-02  1.668557431E-01  1.165154693E-01  1.184165292E+05  2.407514621E+02  3.479697759E+02  3.015278988E+02  2.583883069E+02  7.056005308E-01 
       522  7.439926912E-02  1.665467988E-01  1.197652411E-01  1.184039771E+05  2.409276860E+02  3.481653137E+02  3.018664370E+02  2.574314463E+02  7.043789355E-01 
       523  7.498839543E-02  1.664581038E-01  1.231239650E-01  1.183802627E+05  2.406555672E+02  3.484274082E+02  3.023207150E+02  2.558461418E+02  7.042947114E-01 
       524  7.530423640E-02  1.665023734E-01  1.265249777E-01  1.183217732E+05  2.403353333E+02  3.485678287E+02  3.025646849E+02  2.556971269E+02  7.060331879E-01 
       525  7.543612494E-02  1.666233331E-01  1.299370256E-01  1.181634004E+05  2.419410076E+02  3.483273697E+02  3.021474819E+02  2.591083565E+02  7.035440579E-01 
       526  7.553122174E-02  1.667952118E-01  1.333496155E-01  1.180130593E+05  2.441631427E+02  3.479453716E+02  3.014851923E+02  2.620801091E+02  6.988653736E-01 
       527  7.566054780E-02  1.669469890E-01  1.367626796E-01  1.179584536E+05  2.440186210E+02  3.480619640E+02  3.016871929E+02  2.592737904E+02  6.967867333E-01 
       528  7.583993244E-02  1.671002891E-01  1.401745263E-01  1.178794280E+05  2.438940583E+02  3.483436215E+02  3.021763567E+02  2.595729381E+02  6.984151625E-01 
       529  7.600645069E-02  1.672586086E-01  1.435869327E-01  1.177834091E+05  2.439086294E+02  3.488231754E+02  3.030120852E+02  2.583375909E+02  6.993651292E-01 
       530  7.611546960E-02  1.674572299E-01  1.470000031E-01  1.178668681E+05  2.379008715E+02  3.500796566E+02  3.052973592E+02  2.474968612E+02  7.159559573E-01 
       531 -5.220359409E-02  2.342994603E-01 -4.210986580E-02  8.178414359E+04  1.824123784E+02  3.297086557E+02  2.707880464E+02  4.446750767E+02  1.148136139E+00 
       532 -5.220192467E-02  2.343108577E-01 -3.821952920E-02  8.081545984E+04  1.853041238E+02  3.292269431E+02  2.699196490E+02  4.462974167E+02  1.142714593E+00 
       533 -5.220302368E-02  2.343278434E-01 -3.432921672E-02  8.066835184E+04  1.863792607E+02  3.291675643E+02  2.698220233E+02  4.467260338E+02  1.140557839E+00 
       534 -5.220531674E-02  2.343446645E-01 -3.043898101E-02  8.174376219E+04  1.837592801E+02  3.298541059E+02  2.709505058E+02  4.439575182E+02  1.144290678E+00 
       535 -5.220735409E-02  2.343651870E-01 -2.654892396E-02  8.370472803E+04  1.784268188E+02  3.310457973E+02  2.729121265E+02  4.394427834E+02  1.152982391E+00 
       536 -5.221355576E-02  2.343966826E-01 -2.266385481E-02  8.540148674E+04  1.736709545E+02  3.319841615E+02  2.744599859E+02  4.356345944E+02  1.161111227E+00 
       537 -5.221196162E-02  2.344309954E-01 -1.877454498E-02  8.569442681E+04  1.723331679E+02  3.320355562E+02  2.745451446E+02  4.349614335E+02  1.163787583E+00 
       538 -5.222596507E-02  2.344687402E-01 -1.488167101E-02  8.431441902E+04  1.753130283E+02  3.311222170E+02  2.730377382E+02  4.388481042E+02  1.160341272E+00 
       539 -5.222923531E-02  2.345160018E-01 -1.099302079E-02  8.171208905E+04  1.818048632E+02  3.295963993E+02  2.705292761E+02  4.460345476E+02  1.152190696E+00 
       540 -5.210275326E-02  2.345957540E-01 -7.104134264E-03  7.913980551E+04  1.888547258E+02  3.282841665E+02  2.683774558E+02  4.473834245E+02  1.137182004E+00 
       541 -5.114101036E-02  2.348545508E-01 -3.375994418E-03  7.855550302E+04  1.906727444E+02  3.281662726E+02  2.681843420E+02  4.510738280E+02  1.137679969E+00 
       542 -4.917766965E-02  2.353023755E-01 -5.047413344E-05  7.998601465E+04  1.886426349E+02  3.288525209E+02  2.693071928E+02  4.502382069E+02  1.142086264E+00 
       543 -4.661414278E-02  2.358651253E-01  2.823323178E-03  8.158717444E+04  1.846554093E+02  3.298404546E+02  2.709282913E+02  4.452484417E+02  1.146918984E+00 
       544 -4.374488282E-02  2.364440537E-01  5.350106892E-03  8.439045233E+04  1.763225610E+02  3.317055047E+02  2.740009944E+02  4.381244159E+02  1.160058191E+00 
       545 -4.059796688E-02  2.370222596E-01  7.583171126E-03  8.817491486E+04  1.653081431E+02  3.336272926E+02  2.771849201E+02  4.301844313E+02  1.179339833E+00 
       546 -3.738701819E-02  2.375676250E-01  9.702642239E-03  8.688442590E+04  1.679818172E+02  3.328210130E+02  2.758479693E+02  4.320997257E+02  1.173750136E+00 
       547 -3.407522408E-02  2.380263225E-01  1.169481074E-02  8.179811108E+04  1.833278770E+02  3.300191636E+02  2.712249355E+02  4.438293328E+02  1.146783417E+00 
       548 -3.073065008E-02  2.384984497E-01  1.361793802E-02  7.984856329E+04  1.899327186E+02  3.289676530E+02  2.694950533E+02  4.481041641E+02  1.133962922E+00 
       549 -2.732884007E-02  2.388770261E-01  1.546643341E-02  8.132354260E+04  1.870473166E+02  3.295989747E+02  2.705313001E+02  4.422308307E+02  1.135499414E+00 
       550 -2.390908864E-02  2.392176502E-01  1.728468609E-02  8.210232140E+04  1.840191827E+02  3.301021658E+02  2.713583294E+02  4.437455155E+02  1.144540900E+00 
       551 -2.044822495E-02  2.394794424E-01  1.908927170E-02  8.128150784E+04  1.850458461E+02  3.297531946E+02  2.707842282E+02  4.427536657E+02  1.141283551E+00 
       552 -1.699643969E-02  2.397114515E-01  2.086461287E-02  8.065187292E+04  1.880151265E+02  3.292211251E+02  2.699119215E+02  4.450740557E+02  1.136555571E+00 
       553 -1.354033893E-02  2.398615604E-01  2.263394957E-02  8.080634766E+04  1.874873009E+02  3.294823608E+02  2.703414936E+02  4.442548485E+02  1.138181262E+00 
       554 -1.007792796E-02  2.399171479E-01  2.439846914E-02  8.111275562E+04  1.873925171E+02  3.296030970E+02  2.705392399E+02  4.436733975E+02  1.139072224E+00 
       555 -6.592279415E-03  2.399646350E-01  2.619220728E-02  8.056913062E+04  1.880600085E+02  3.292715158E+02  2.699952025E+02  4.438745756E+02  1.139701039E+00 
       556 -3.124907716E-03  2.398994093E-01  2.794309000E-02  7.954820313E+04  1.892978249E+02  3.287644081E+02  2.691641579E+02  4.459669895E+02  1.139892913E+00 
       557  3.338943067E-04  2.398017910E-01  2.968583889E-02  1.049338307E+05  2.084418876E+02  3.419497491E+02  2.912089217E+02  3.925617523E+02  1.046370823E+00 
       558  3.794068913E-03  2.396169640E-01  3.144821874E-02  1.007984199E+05  2.124955592E+02  3.405886517E+02  2.888802466E+02  4.000141859E+02  1.044005003E+00 
       559  7.248441593E-03  2.393064044E-01  3.320284907E-02  9.595279834E+04  2.139085131E+02  3.379576283E+02  2.844331827E+02  4.133642941E+02  1.051155351E+00 
       560  1.068879679E-02  2.389885178E-01  3.498866898E-02  9.240371411E+04  2.148033652E+02  3.358941898E+02  2.809679060E+02  4.177104731E+02  1.051495321E+00 
       561  1.412543948E-02  2.386075767E-01  3.676435012E-02  8.962880786E+04  2.148130469E+02  3.346955338E+02  2.789641523E+02  4.225004387E+02  1.055741303E+00 
       562  1.753589177E-02  2.380598424E-01  3.855175648E-02  8.873551611E+04  2.175845699E+02  3.343050880E+02  2.783127155E+02  4.256681824E+02  1.050957501E+00 
       563  2.093820079E-02  2.375000001E-01  4.035454522E-02  9.162935596E+04  2.150663633E+02  3.362568121E+02  2.815777073E+02  4.209875183E+02  1.053556047E+00 
       564  2.432947450E-02  2.368878370E-01  4.215773147E-02  1.032531143E+05  2.080657990E+02  3.421431229E+02  2.915533020E+02  3.975908189E+02  1.059510476E+00 
       565  2.770729830E-02  2.361795572E-01  4.394886350E-02  1.240865933E+05  2.008994591E+02  3.505569510E+02  3.060590463E+02  3.553678894E+02  1.059838371E+00 
       566  3.105826597E-02  2.354459967E-01  4.578622705E-02  1.317144614E+05  1.989901104E+02  3.532363505E+02  3.107259579E+02  3.384836674E+02  1.060766832E+00 
       567  3.438758923E-02  2.346372217E-01  4.762879820E-02  1.244728167E+05  1.979570853E+02  3.509886622E+02  3.067866874E+02  3.501815017E+02  1.063004897E+00 
       568  3.771502906E-02  2.337669833E-01  4.947240569E-02  1.178361824E+05  2.014385107E+02  3.486442676E+02  3.026990845E+02  3.620664723E+02  1.051432496E+00 
       569  4.101460083E-02  2.329246351E-01  5.135281935E-02  1.185682385E+05  2.039387388E+02  3.486947722E+02  3.027861276E+02  3.613986979E+02  1.043453847E+00 
       570  4.428347740E-02  2.319960665E-01  5.324515281E-02  1.228669435E+05  2.025665962E+02  3.503007905E+02  3.055819960E+02  3.518820860E+02  1.046066250E+00 
       571  4.749748393E-02  2.310181580E-01  5.520824782E-02  1.248629392E+05  2.024928493E+02  3.513547258E+02  3.074225059E+02  3.447563686E+02  1.043807270E+00 
       572  5.066691057E-02  2.300652086E-01  5.723980181E-02  1.247825379E+05  2.057092760E+02  3.514015428E+02  3.075041988E+02  3.438049059E+02  1.034349853E+00 
       573  5.379140778E-02  2.290521307E-01  5.932353399E-02  1.248121748E+05  2.084311198E+02  3.514542856E+02  3.075963874E+02  3.435471653E+02  1.026342350E+00 
       574  5.683956615E-02  2.279793322E-01  6.149869556E-02  1.253671704E+05  2.103986912E+02  3.516993237E+02  3.080256796E+02  3.407088394E+02  1.018534701E+00 
       575  5.985072913E-02  2.269370111E-01  6.373374277E-02  1.256466865E+05  2.138688641E+02  3.517031384E+02  3.080322609E+02  3.366892967E+02  1.006478965E+00 
       576  6.280959972E-02  2.258492183E-01  6.601505396E-02  1.253197378E+05  2.184495037E+02  3.514032490E+02  3.075068706E+02  3.368180912E+02  9.932342345E-01 
       577  6.573461678E-02  2.247295145E-01  6.832363097E-02  1.245301125E+05  2.222722476E+02  3.510295086E+02  3.068532743E+02  3.448736348E+02  9.847643813E-01 
       578  6.865501872E-02  2.236625994E-01  7.064894084E-02  1.236065708E+05  2.252426851E+02  3.507635806E+02  3.063891192E+02  3.520428863E+02  9.770406778E-01 
       579  7.151541969E-02  2.224865137E-01  7.302188293E-02  1.221627036E+05  2.291792712E+02  3.502565813E+02  3.055045972E+02  3.526035881E+02  9.636474457E-01 
       580  7.433322259E-02  2.213060150E-01  7.543149031E-02  1.212398269E+05  2.304807620E+02  3.501190109E+02  3.052641110E+02  3.483132906E+02  9.549228437E-01 
       581  7.711325138E-02  2.201536844E-01  7.789825066E-02  1.226642451E+05  2.325236099E+02  3.512273303E+02  3.072005857E+02  3.416778186E+02  9.450007874E-01 
       582  7.981655167E-02  2.189959972E-01  8.044372180E-02  1.227922368E+05  2.361576688E+02  3.517955737E+02  3.081983676E+02  3.402451086E+02  9.319027700E-01 
       583  8.242371870E-02  2.177951216E-01  8.306797326E-02  1.224177573E+05  2.391674671E+02  3.515764599E+02  3.078137035E+02  3.400562572E+02  9.207179844E-01 
       584  8.497819178E-02  2.166305248E-01  8.576177505E-02  1.221665737E+05  2.375956456E+02  3.514985067E+02  3.076775260E+02  3.396301316E+02  9.238166732E-01 
       585  8.747465708E-02  2.155008942E-01  8.852176985E-02  1.221869575E+05  2.356775651E+02  3.512058811E+02  3.071643486E+02  3.385932055E+02  9.283143729E-01 
       586  8.983863293E-02  2.143275504E-01  9.137087988E-02  1.222466296E+05  2.333539460E+02  3.510126629E+02  3.068248262E+02  3.389583983E+02  9.346802309E-01 
       587  9.211779941E-02  2.131724912E-01  9.430579148E-02  1.224077129E+05  2.298467252E+02  3.510764925E+02  3.069360017E+02  3.389086925E+02  9.447206591E-01 
       588  9.424446159E-02  2.121023496E-01  9.738772987E-02  1.226061819E+05  2.255535179E+02  3.511747891E+02  3.071080502E+02  3.401817857E+02  9.577218385E-01 
       589  9.610967173E-02  2.111612431E-01  1.006666829E-01  1.227354831E+05  2.213282201E+02  3.511403355E+02  3.070480320E+02  3.410045057E+02  9.701407694E-01 
       590  9.742401869E-02  2.103903297E-01  1.042235364E-01  1.228301752E+05  2.185292285E+02  3.509670114E+02  3.067453679E+02  3.414547789E+02  9.781643055E-01 
       591  9.764724840E-02  2.101688920E-01  1.080985861E-01  1.228622512E+05  2.181642625E+02  3.508043761E+02  3.064618282E+02  3.414344988E+02  9.792276807E-01 
       592  9.763062643E-02  2.101108570E-01  1.119846410E-01  1.227558790E+05  2.193845985E+02  3.509278024E+02  3.066793939E+02  3.397211822E+02  9.754074951E-01 
       593  9.759894170E-02  2.100363093E-01  1.158782398E-01  1.225471146E+05  2.210232387E+02  3.516987174E+02  3.080313401E+02  3.388546793E+02  9.702889263E-01 
       594  9.760335841E-02  2.100041055E-01  1.197683889E-01  1.225261357E+05  2.224149170E+02  3.528879660E+02  3.101189476E+02  3.315430301E+02  9.651672645E-01 
       595  9.760552297E-02  2.099886023E-01  1.236588659E-01  1.225374946E+05  2.239772961E+02  3.540705725E+02  3.121984600E+02  3.157393648E+02  9.607912577E-01 
       596  9.760989540E-02  2.100145164E-01  1.275491461E-01  1.227473513E+05  2.253213135E+02  3.550622014E+02  3.139471430E+02  3.014390186E+02  9.588047279E-01 
       597  9.760550437E-02  2.100148949E-01  1.314412195E-01  1.228212930E+05  2.274677548E+02  3.555336466E+02  3.147823248E+02  2.990637045E+02  9.518286996E-01 
       598  9.762031038E-02  2.101034915E-01  1.353312483E-01  1.228866584E+05  2.287192212E+02  3.557160782E+02  3.151106460E+02  3.095346718E+02  9.450007819E-01 
       599  9.762506170E-02  2.101609083E-01  1.392228176E-01  1.229646599E+05  2.283591235E+02  3.553441861E+02  3.144578498E+02  3.182702512E+02  9.455370009E-01 
       600  9.764671237E-02  2.102092269E-01  1.431110049E-01  1.230909139E+05  2.248124471E+02  3.545106094E+02  3.129856040E+02  3.240972648E+02  9.570722971E-01 
       601  9.766256924E-02  2.102587391E-01  1.469999989E-01  1.231550093E+05  2.212230968E+02  3.538903894E+02  3.116080484E+02  3.297867794E+02  9.686336927E-01 
