nodenumber     x-coordinate     y-coordinate     z-coordinate         pressure velocity-magnitude      sound-speed      temperature rel-velocity-magnitude relative-velocity-angle 
         1 -2.216901913E-02  1.039879580E-01 -4.300600202E-02  8.755140721E+04  1.539421584E+02  3.330514195E+02  2.762265559E+02  2.357934383E+02  8.594829777E-01 
         2 -2.197401757E-02  1.042260031E-01 -4.002397295E-02  8.747034109E+04  1.544252223E+02  3.330072279E+02  2.761532992E+02  2.363451425E+02  8.589774875E-01 
         3 -2.150271627E-02  1.045375264E-01 -3.708169353E-02  8.736613055E+04  1.550547476E+02  3.329507105E+02  2.760595012E+02  2.370241892E+02  8.582163299E-01 
         4 -2.072290556E-02  1.049359494E-01 -3.421635317E-02  8.725075012E+04  1.557476959E+02  3.328901091E+02  2.759590139E+02  2.377668977E+02  8.574013412E-01 
         5 -1.964621854E-02  1.053757771E-01 -3.145501365E-02  8.712741602E+04  1.564467182E+02  3.328266106E+02  2.758537621E+02  2.385235791E+02  8.566512801E-01 
         6 -1.833909717E-02  1.058829391E-01 -2.880182754E-02  8.697751563E+04  1.572157736E+02  3.327486095E+02  2.757245097E+02  2.394367671E+02  8.561164923E-01 
         7 -1.686396899E-02  1.064019756E-01 -2.624136390E-02  8.679771289E+04  1.580600700E+02  3.326536036E+02  2.755671139E+02  2.404478264E+02  8.555545192E-01 
         8 -1.524276490E-02  1.069101094E-01 -2.376908005E-02  8.658326807E+04  1.590485525E+02  3.325384188E+02  2.753762832E+02  2.415845480E+02  8.546921909E-01 
         9 -1.353040875E-02  1.074492491E-01 -2.136449246E-02  8.634898767E+04  1.602473352E+02  3.324110503E+02  2.751653643E+02  2.428673434E+02  8.532439265E-01 
        10 -1.175719847E-02  1.079385502E-01 -1.899452623E-02  8.615447192E+04  1.615248913E+02  3.323051078E+02  2.749900017E+02  2.439770989E+02  8.507930227E-01 
        11 -9.920451205E-03  1.084473482E-01 -1.667649769E-02  8.609354535E+04  1.626230469E+02  3.322728567E+02  2.749366089E+02  2.447007056E+02  8.479624735E-01 
        12 -8.053093039E-03  1.089314126E-01 -1.437870322E-02  8.627769720E+04  1.630892177E+02  3.323753824E+02  2.751063162E+02  2.444139928E+02  8.449965068E-01 
        13 -6.139911673E-03  1.093816015E-01 -1.211111235E-02  8.674018701E+04  1.625110641E+02  3.326256580E+02  2.755207739E+02  2.430104141E+02  8.438106794E-01 
        14 -4.213714023E-03  1.098625599E-01 -9.853315987E-03  8.747134717E+04  1.605376692E+02  3.330158882E+02  2.761676750E+02  2.406217041E+02  8.469193317E-01 
        15 -2.267252226E-03  1.102821410E-01 -7.616721013E-03  8.844591553E+04  1.566087017E+02  3.335337086E+02  2.770273514E+02  2.373868217E+02  8.581045009E-01 
        16 -3.058463972E-04  1.106716081E-01 -5.380345181E-03  8.949312842E+04  1.497275968E+02  3.340525208E+02  2.778899040E+02  2.339959435E+02  8.854603544E-01 
        17  1.649896870E-03  1.110991589E-01 -3.144821902E-03  8.720455359E+04  1.464813808E+02  3.328795300E+02  2.759429822E+02  2.432448783E+02  9.352734210E-01 
        18  3.605378217E-03  1.114680886E-01 -8.997268064E-04  7.600518555E+04  1.738675454E+02  3.264619327E+02  2.654049754E+02  2.841646128E+02  9.412662871E-01 
        19  5.548952344E-03  1.118349081E-01  1.356589372E-03  7.020642822E+04  2.073348416E+02  3.229039419E+02  2.596522579E+02  3.060735240E+02  8.496073037E-01 
        20  7.472030685E-03  1.121892539E-01  3.633809071E-03  7.262157738E+04  2.120179397E+02  3.245189506E+02  2.622591285E+02  2.977925149E+02  7.896375693E-01 
        21  9.366594022E-03  1.125505666E-01  5.932977735E-03  7.625299597E+04  2.085570122E+02  3.266802239E+02  2.657628732E+02  2.850778077E+02  7.577714869E-01 
        22  1.122147558E-02  1.129077905E-01  8.263617067E-03  7.871881881E+04  2.084519466E+02  3.280284184E+02  2.679593919E+02  2.767160339E+02  7.270213480E-01 
        23  1.303284284E-02  1.132507638E-01  1.062953057E-02  8.030075612E+04  2.112052198E+02  3.289101723E+02  2.694012044E+02  2.717360104E+02  6.949248169E-01 
        24  1.479928419E-02  1.136234762E-01  1.303021626E-02  8.144747241E+04  2.156860638E+02  3.296083173E+02  2.705460376E+02  2.681402169E+02  6.591736369E-01 
        25  1.649617427E-02  1.139938279E-01  1.547769530E-02  8.247778442E+04  2.206540155E+02  3.302213526E+02  2.715532377E+02  2.649911749E+02  6.226493036E-01 
        26  1.811807173E-02  1.143837002E-01  1.797032872E-02  8.325223804E+04  2.261082602E+02  3.306661887E+02  2.722847586E+02  2.629502864E+02  5.877851397E-01 
        27  1.968166241E-02  1.148013513E-01  2.049621310E-02  8.345752100E+04  2.329416549E+02  3.308031056E+02  2.725099804E+02  2.631197171E+02  5.538236238E-01 
        28  2.119101764E-02  1.152299366E-01  2.305322148E-02  8.300521441E+04  2.414113021E+02  3.306293368E+02  2.722236925E+02  2.655256707E+02  5.193370372E-01 
        29  2.266338778E-02  1.156643914E-01  2.563116057E-02  8.240079053E+04  2.502565646E+02  3.303082862E+02  2.716953405E+02  2.687005560E+02  4.857918427E-01 
        30  2.408077791E-02  1.161159634E-01  2.823658064E-02  8.185074396E+04  2.584364269E+02  3.300480618E+02  2.712675281E+02  2.714711201E+02  4.544768976E-01 
        31  2.544088325E-02  1.165921105E-01  3.086849856E-02  8.130491919E+04  2.665882654E+02  3.297498469E+02  2.707778299E+02  2.744118929E+02  4.242151990E-01 
        32  2.674433127E-02  1.170738851E-01  3.352942364E-02  8.075304590E+04  2.746344519E+02  3.294671369E+02  2.703140094E+02  2.774642999E+02  3.951153974E-01 
        33  2.797950643E-02  1.175445507E-01  3.622298897E-02  8.023687665E+04  2.824447410E+02  3.292512131E+02  2.699601568E+02  2.802686999E+02  3.663987460E-01 
        34  2.916313541E-02  1.180056499E-01  3.893937175E-02  7.995024040E+04  2.896604443E+02  3.291220746E+02  2.697488402E+02  2.822105780E+02  3.375364167E-01 
        35  3.031249539E-02  1.184785399E-01  4.167042727E-02  8.010846329E+04  2.954561932E+02  3.291197159E+02  2.697451266E+02  2.826561869E+02  3.104321179E-01 
        36  3.139929926E-02  1.189405785E-01  4.442941843E-02  8.040975256E+04  3.007361537E+02  3.292180858E+02  2.699062010E+02  2.825247044E+02  2.837170495E-01 
        37  3.242013936E-02  1.193808800E-01  4.721660669E-02  8.096377381E+04  3.057352483E+02  3.293371838E+02  2.701010487E+02  2.814758298E+02  2.546025256E-01 
        38  3.340677803E-02  1.198011670E-01  5.002067675E-02  8.218754181E+04  3.085228646E+02  3.299379318E+02  2.710871575E+02  2.780762558E+02  2.277504225E-01 
        39  3.430413654E-02  1.201853153E-01  5.285529857E-02  8.375124976E+04  3.101942568E+02  3.308814764E+02  2.726403761E+02  2.734842129E+02  2.020147452E-01 
        40  3.515433510E-02  1.205874318E-01  5.570324370E-02  8.563601465E+04  3.106358204E+02  3.319564953E+02  2.744152241E+02  2.678109913E+02  1.786268456E-01 
        41  3.592907297E-02  1.209644065E-01  5.857535950E-02  8.775649561E+04  3.096685405E+02  3.331112766E+02  2.763282652E+02  2.611522303E+02  1.591267972E-01 
        42  3.664355424E-02  1.213334730E-01  6.146049591E-02  8.998936865E+04  3.073911300E+02  3.342754955E+02  2.782629433E+02  2.540475898E+02  1.453806311E-01 
        43  3.727845098E-02  1.217084379E-01  6.437276718E-02  9.212161841E+04  3.043313284E+02  3.353984632E+02  2.801350498E+02  2.472858667E+02  1.378815020E-01 
        44  3.781448665E-02  1.220744111E-01  6.730672953E-02  9.390476416E+04  3.010924959E+02  3.363498344E+02  2.817262135E+02  2.416536155E+02  1.365526412E-01 
        45  3.826762164E-02  1.224563704E-01  7.025293559E-02  9.516000818E+04  2.982208474E+02  3.370743637E+02  2.829408479E+02  2.374617372E+02  1.393305283E-01 
        46  3.856443464E-02  1.228195695E-01  7.317567491E-02  9.588719922E+04  2.962035065E+02  3.375706787E+02  2.837743454E+02  2.350656128E+02  1.443414353E-01 
        47  3.882754171E-02  1.231963568E-01  7.616928387E-02  9.619937851E+04  2.949071397E+02  3.381062757E+02  2.846770116E+02  2.338761303E+02  1.505527207E-01 
        48  3.896508106E-02  1.235573809E-01  7.913505459E-02  9.623972461E+04  2.914817085E+02  3.390215988E+02  2.862327843E+02  2.285130234E+02  1.549247652E-01 
        49  3.903512947E-02  1.239238609E-01  8.213137167E-02  9.623387964E+04  2.833033202E+02  3.407907612E+02  2.892503836E+02  2.144311872E+02  1.601028626E-01 
        50  3.900153017E-02  1.243001337E-01  8.510504302E-02  9.631807294E+04  2.691303455E+02  3.437566867E+02  2.943190947E+02  1.890015436E+02  1.623257820E-01 
        51  3.889299026E-02  1.246700891E-01  8.806950082E-02  9.626660632E+04  2.533868124E+02  3.472454205E+02  3.003258619E+02  1.498948994E+02  1.407839637E-01 
        52  3.870303970E-02  1.250405990E-01  9.105247242E-02  9.637492432E+04  2.441769667E+02  3.501082640E+02  3.052752519E+02  1.138209506E+02  6.789708993E-02 
        53  3.847530202E-02  1.253810613E-01  9.402032493E-02  9.711591824E+04  2.418629997E+02  3.520157996E+02  3.086037370E+02  8.107834321E+01 -2.013181338E-01 
        54  3.809583015E-02  1.257752167E-01  9.695318516E-02  9.919533301E+04  2.400053024E+02  3.532390518E+02  3.107401924E+02  5.425240993E+01 -6.440908834E-01 
        55  3.767199372E-02  1.261489404E-01  9.992435767E-02  1.018106348E+05  2.395204315E+02  3.538572454E+02  3.118195157E+02  4.823461151E+01 -5.735678244E-01 
        56  3.723780727E-02  1.265196365E-01  1.028569506E-01  1.043039899E+05  2.373629467E+02  3.537123940E+02  3.115638117E+02  6.077459005E+01 -2.067129809E-01 
        57  3.672955052E-02  1.269046997E-01  1.057947981E-01  1.060053323E+05  2.375310023E+02  3.522759638E+02  3.090444908E+02  9.084133518E+01  1.741295739E-02 
        58  3.615520807E-02  1.273091289E-01  1.087154776E-01  1.069114148E+05  2.431057696E+02  3.496118956E+02  3.043946009E+02  1.293363714E+02  1.287112725E-01 
        59  3.556812424E-02  1.277144368E-01  1.116309472E-01  1.073072960E+05  2.530684562E+02  3.465729549E+02  2.991234210E+02  1.645520499E+02  1.782034856E-01 
        60  3.495651588E-02  1.281329458E-01  1.145394580E-01  1.075749570E+05  2.624605312E+02  3.443225803E+02  2.952440276E+02  1.871668720E+02  1.936862296E-01 
        61  3.433795015E-02  1.285471243E-01  1.174457346E-01  1.077633654E+05  2.680753195E+02  3.432597733E+02  2.934200139E+02  1.971772029E+02  1.942271921E-01 
        62  3.376061330E-02  1.289460490E-01  1.203607660E-01  1.078620361E+05  2.706424179E+02  3.429785228E+02  2.929388089E+02  2.002268543E+02  1.906243456E-01 
        63  3.331803132E-02  1.293309423E-01  1.232882868E-01  1.078867426E+05  2.720425553E+02  3.429707059E+02  2.929253217E+02  2.010503373E+02  1.867881672E-01 
        64  3.310586596E-02  1.296649637E-01  1.262581306E-01  1.078272818E+05  2.730288959E+02  3.430007811E+02  2.929766777E+02  2.014025141E+02  1.838965667E-01 
        65  3.306639982E-02  1.299493947E-01  1.292495641E-01  1.076973240E+05  2.738486484E+02  3.429941963E+02  2.929654844E+02  2.018171356E+02  1.822476222E-01 
        66  3.322486525E-02  1.302097713E-01  1.322380794E-01  1.075269754E+05  2.746885470E+02  3.429430215E+02  2.928780518E+02  2.026076449E+02  1.819998742E-01 
        67  3.356462385E-02  1.304573038E-01  1.352130229E-01  1.073476416E+05  2.756294040E+02  3.428683028E+02  2.927504160E+02  2.037218955E+02  1.826274621E-01 
        68  3.400410102E-02  1.306751199E-01  1.381765647E-01  1.071536265E+05  2.766171770E+02  3.427802153E+02  2.926000500E+02  2.050181313E+02  1.835191890E-01 
        69  3.451963359E-02  1.308741206E-01  1.411278790E-01  1.069224690E+05  2.776019871E+02  3.426919150E+02  2.924493484E+02  2.064357340E+02  1.849155808E-01 
        70  3.508991352E-02  1.310576265E-01  1.440660380E-01  1.066523010E+05  2.787445290E+02  3.425720410E+02  2.922447255E+02  2.080978200E+02  1.862533628E-01 
        71  3.570211579E-02  1.312503676E-01  1.470000000E-01  1.063210313E+05  2.800580139E+02  3.424370728E+02  2.920155106E+02  2.099576206E+02  1.870159786E-01 
        72 -2.843361623E-02  1.708417341E-01 -4.258217492E-02  8.203580273E+04  1.837811713E+02  3.299711018E+02  2.711406460E+02  3.443207397E+02  1.007634237E+00 
        73 -2.838826984E-02  1.709653765E-01 -3.916427879E-02  8.199728198E+04  1.842423692E+02  3.299556522E+02  2.711153111E+02  3.446111984E+02  1.006584768E+00 
        74 -2.835908450E-02  1.711140563E-01 -3.574649433E-02  8.231727753E+04  1.838847144E+02  3.301516275E+02  2.714375188E+02  3.438132899E+02  1.006369111E+00 
        75 -2.838361088E-02  1.712589164E-01 -3.232950605E-02  8.301002856E+04  1.829486203E+02  3.305375395E+02  2.720725470E+02  3.422477255E+02  1.006787717E+00 
        76 -2.841360827E-02  1.714319125E-01 -2.891476756E-02  8.385881458E+04  1.812894807E+02  3.310317354E+02  2.728865952E+02  3.400394249E+02  1.008589534E+00 
        77 -2.833774301E-02  1.716334782E-01 -2.549995819E-02  8.447112872E+04  1.800913956E+02  3.313631480E+02  2.734332322E+02  3.386931033E+02  1.010395265E+00 
        78 -2.791452343E-02  1.719215161E-01 -2.212016887E-02  8.462780225E+04  1.794061451E+02  3.314431000E+02  2.735651674E+02  3.384733963E+02  1.012413364E+00 
        79 -2.700703325E-02  1.722886754E-01 -1.884820631E-02  8.428433350E+04  1.795876684E+02  3.312329664E+02  2.732184896E+02  3.398341312E+02  1.014182962E+00 
        80 -2.544395246E-02  1.727209334E-01 -1.584518523E-02  8.312137360E+04  1.813544321E+02  3.305784009E+02  2.721399124E+02  3.431743629E+02  1.014022974E+00 
        81 -2.351536464E-02  1.732363399E-01 -1.306823492E-02  8.107647238E+04  1.853618557E+02  3.294140750E+02  2.702266446E+02  3.490892030E+02  1.011042251E+00 
        82 -2.134527601E-02  1.737374909E-01 -1.047435973E-02  7.828828284E+04  1.919043073E+02  3.277810463E+02  2.675544705E+02  3.572057078E+02  1.004062249E+00 
        83 -1.897326710E-02  1.742189522E-01 -8.035177519E-03  7.531159970E+04  1.998996647E+02  3.259839838E+02  2.646287820E+02  3.658238535E+02  9.938577339E-01 
        84 -1.652827274E-02  1.746780172E-01 -5.688541800E-03  7.308013196E+04  2.067978485E+02  3.246001592E+02  2.623863750E+02  3.724184642E+02  9.838629402E-01 
        85 -1.397929867E-02  1.751251779E-01 -3.446989688E-03  7.251890759E+04  2.098424134E+02  3.242486439E+02  2.618180261E+02  3.743217053E+02  9.774167221E-01 
        86 -1.139011487E-02  1.755573757E-01 -1.256774906E-03  7.419934070E+04  2.086345451E+02  3.252995625E+02  2.635192847E+02  3.701769423E+02  9.728776515E-01 
        87 -8.734274343E-03  1.759085237E-01  8.667805443E-04  7.955582184E+04  2.022793802E+02  3.285377820E+02  2.687964222E+02  3.557504094E+02  9.663857175E-01 
        88 -6.073383534E-03  1.762548475E-01  2.984781313E-03  8.897159473E+04  1.905644084E+02  3.337945001E+02  2.774657476E+02  3.298095779E+02  9.624413205E-01 
        89 -3.359730182E-03  1.765819110E-01  5.053045394E-03  9.835586548E+04  1.760036328E+02  3.384157755E+02  2.851990153E+02  3.040260777E+02  9.789789920E-01 
        90 -6.741955509E-04  1.768270807E-01  7.130208361E-03  9.813983466E+04  1.651946437E+02  3.382895194E+02  2.849865603E+02  3.061866059E+02  1.020426401E+00 
        91  2.027043660E-03  1.770783858E-01  9.208570588E-03  7.928956821E+04  1.919460913E+02  3.280930922E+02  2.680679363E+02  3.569780186E+02  1.003859455E+00 
        92  4.731686997E-03  1.772422585E-01  1.127155269E-02  7.205472208E+04  2.149418676E+02  3.239898556E+02  2.614015076E+02  3.780934044E+02  9.675851001E-01 
        93  7.454465044E-03  1.773874983E-01  1.334309669E-02  7.273460522E+04  2.106032245E+02  3.244340236E+02  2.621186023E+02  3.758197048E+02  9.773779609E-01 
        94  1.015989937E-02  1.775222933E-01  1.545596277E-02  7.042590958E+04  2.168070928E+02  3.230213557E+02  2.598451836E+02  3.822644819E+02  9.699796898E-01 
        95  1.284858280E-02  1.775661421E-01  1.756817794E-02  6.704531934E+04  2.276118846E+02  3.207547439E+02  2.562127322E+02  3.918973956E+02  9.544678871E-01 
        96  1.551966693E-02  1.776138061E-01  1.970369132E-02  6.405392230E+04  2.374130704E+02  3.186119545E+02  2.528011115E+02  4.009414110E+02  9.417520864E-01 
        97  1.817410325E-02  1.776258069E-01  2.186017323E-02  6.165855493E+04  2.458687103E+02  3.168849201E+02  2.500660353E+02  4.083198390E+02  9.302787501E-01 
        98  2.080993586E-02  1.775631240E-01  2.403936301E-02  6.005098743E+04  2.527223048E+02  3.157804246E+02  2.483230453E+02  4.131766663E+02  9.186233245E-01 
        99  2.341570779E-02  1.774969016E-01  2.625394818E-02  5.977309680E+04  2.571977396E+02  3.156249981E+02  2.480794172E+02  4.142314816E+02  9.060509950E-01 
       100  2.600295182E-02  1.773818036E-01  2.848806157E-02  6.191463721E+04  2.576227255E+02  3.171631203E+02  2.505207195E+02  4.084899540E+02  8.916357942E-01 
       101  2.856627515E-02  1.771883875E-01  3.074502562E-02  6.770419922E+04  2.522487221E+02  3.211209402E+02  2.568530893E+02  3.921076260E+02  8.743280582E-01 
       102  3.110662233E-02  1.769811535E-01  3.302644514E-02  7.565843872E+04  2.450040846E+02  3.261874208E+02  2.650177851E+02  3.696367998E+02  8.523199148E-01 
       103  3.362247542E-02  1.767159818E-01  3.532849163E-02  8.123779712E+04  2.433738985E+02  3.295037193E+02  2.703887901E+02  3.541905184E+02  8.272926491E-01 
       104  3.610895472E-02  1.763647845E-01  3.765120331E-02  8.162951306E+04  2.500618646E+02  3.296413360E+02  2.706033559E+02  3.539563336E+02  8.043885110E-01 
       105  3.856497337E-02  1.759966372E-01  4.000321012E-02  7.929101385E+04  2.591801572E+02  3.283227916E+02  2.684415294E+02  3.614755217E+02  7.878249804E-01 
       106  4.103059304E-02  1.755360248E-01  4.234569910E-02  7.792360215E+04  2.650794886E+02  3.277469471E+02  2.674981883E+02  3.652590510E+02  7.750514365E-01 
       107  4.340106546E-02  1.750377176E-01  4.474435622E-02  7.948141115E+04  2.666785165E+02  3.288241432E+02  2.692636973E+02  3.607487938E+02  7.611111233E-01 
       108  4.575540032E-02  1.745445103E-01  4.717695363E-02  8.424597192E+04  2.637021842E+02  3.315486913E+02  2.737512808E+02  3.477684727E+02  7.473348472E-01 
       109  4.807037784E-02  1.739953488E-01  4.963532790E-02  9.045663965E+04  2.590780249E+02  3.348267651E+02  2.791891613E+02  3.305563183E+02  7.328774743E-01 
       110  5.034733117E-02  1.734133857E-01  5.212084081E-02  9.522722607E+04  2.577594242E+02  3.371882114E+02  2.831341496E+02  3.179060192E+02  7.161254995E-01 
       111  5.258765486E-02  1.728405975E-01  5.464144749E-02  9.833423584E+04  2.589030075E+02  3.387197571E+02  2.857110996E+02  3.103583775E+02  7.000535466E-01 
       112  5.479076840E-02  1.722430532E-01  5.718902978E-02  1.012564885E+05  2.591565056E+02  3.402148523E+02  2.882388620E+02  3.028931465E+02  6.875991262E-01 
       113  5.694737683E-02  1.716020731E-01  5.976586917E-02  1.043828777E+05  2.583049634E+02  3.417645659E+02  2.908702221E+02  2.939204414E+02  6.772834007E-01 
       114  5.911848447E-02  1.709340834E-01  6.233872565E-02  1.073421722E+05  2.574257600E+02  3.431457889E+02  2.932250957E+02  2.858262086E+02  6.688141160E-01 
       115  6.119351897E-02  1.703313828E-01  6.496775561E-02  1.099178984E+05  2.567371378E+02  3.442822685E+02  2.951707854E+02  2.783416529E+02  6.614097226E-01 
       116  6.319798910E-02  1.696485115E-01  6.765543605E-02  1.123595995E+05  2.559895930E+02  3.453492804E+02  2.970029092E+02  2.716780076E+02  6.554916389E-01 
       117  6.520189851E-02  1.689621155E-01  7.034628384E-02  1.149728872E+05  2.545638609E+02  3.464894409E+02  2.989672251E+02  2.648318233E+02  6.526290700E-01 
       118  6.717992039E-02  1.682884043E-01  7.305807409E-02  1.176845239E+05  2.522280560E+02  3.476428251E+02  3.009606943E+02  2.586314411E+02  6.547591370E-01 
       119  6.910755662E-02  1.675987334E-01  7.579818779E-02  1.190546711E+05  2.512480838E+02  3.481729686E+02  3.018792136E+02  2.546717465E+02  6.546825073E-01 
       120  7.101404689E-02  1.668389198E-01  7.852135391E-02  1.202172899E+05  2.475117985E+02  3.487228465E+02  3.028336749E+02  2.514179788E+02  6.665164027E-01 
       121  7.286652020E-02  1.661304029E-01  8.130170181E-02  1.204904987E+05  2.445577824E+02  3.488597010E+02  3.030714231E+02  2.504133918E+02  6.779701762E-01 
       122  7.473378469E-02  1.653966549E-01  8.408122010E-02  1.204319116E+05  2.415907383E+02  3.489816036E+02  3.032835999E+02  2.505690289E+02  6.907057948E-01 
       123  7.654776682E-02  1.646234676E-01  8.688218818E-02  1.202076746E+05  2.404466257E+02  3.490377274E+02  3.033816586E+02  2.506441894E+02  6.957430504E-01 
       124  7.830115451E-02  1.638494494E-01  8.971806956E-02  1.198455801E+05  2.401293144E+02  3.490549641E+02  3.034119854E+02  2.494476833E+02  6.963088103E-01 
       125  8.003223315E-02  1.630890187E-01  9.257063461E-02  1.196515603E+05  2.393372416E+02  3.492673922E+02  3.037822037E+02  2.475819702E+02  6.986589115E-01 
       126  8.174167210E-02  1.623344685E-01  9.543869445E-02  1.194906660E+05  2.384433048E+02  3.496169841E+02  3.043924062E+02  2.448643312E+02  7.010468687E-01 
       127  8.339566060E-02  1.615413001E-01  9.829620033E-02  1.192757324E+05  2.375587528E+02  3.500006121E+02  3.050631134E+02  2.409512264E+02  7.026005152E-01 
       128  8.500809507E-02  1.607572746E-01  1.012133408E-01  1.191095518E+05  2.363677969E+02  3.505406497E+02  3.060080509E+02  2.358523992E+02  7.047473886E-01 
       129  8.654116005E-02  1.600133249E-01  1.041766726E-01  1.189695148E+05  2.346424952E+02  3.513803531E+02  3.074789611E+02  2.294519389E+02  7.090110735E-01 
       130  8.807530659E-02  1.592883350E-01  1.071513815E-01  1.188837390E+05  2.327125425E+02  3.523639951E+02  3.092039180E+02  2.231371012E+02  7.150682518E-01 
       131  8.946870181E-02  1.585918917E-01  1.101955952E-01  1.188270480E+05  2.306725270E+02  3.534160684E+02  3.110499120E+02  2.163150203E+02  7.220868566E-01 
       132  9.078169785E-02  1.579398834E-01  1.132895212E-01  1.188116705E+05  2.286601017E+02  3.541730373E+02  3.123784064E+02  2.121272106E+02  7.305510319E-01 
       133  9.193376095E-02  1.573753789E-01  1.164622823E-01  1.187654951E+05  2.274431598E+02  3.541128607E+02  3.122694395E+02  2.126521187E+02  7.365724072E-01 
       134  9.287851211E-02  1.569754829E-01  1.197270904E-01  1.187168100E+05  2.278720816E+02  3.530992766E+02  3.104870306E+02  2.198523637E+02  7.371544575E-01 
       135  9.346963790E-02  1.567893278E-01  1.230899614E-01  1.186311082E+05  2.314784048E+02  3.511716256E+02  3.071100057E+02  2.351293765E+02  7.287660518E-01 
       136  9.376445592E-02  1.568076376E-01  1.265149706E-01  1.185737478E+05  2.374040909E+02  3.491694503E+02  3.036144633E+02  2.512640080E+02  7.146213902E-01 
       137  9.391306034E-02  1.569225935E-01  1.299303306E-01  1.184850850E+05  2.414230785E+02  3.481283703E+02  3.018027840E+02  2.592879686E+02  7.052390426E-01 
       138  9.402896493E-02  1.570765633E-01  1.333445553E-01  1.183767266E+05  2.428152122E+02  3.478413877E+02  3.013045692E+02  2.611639605E+02  7.020917907E-01 
       139  9.417960043E-02  1.572174564E-01  1.367593072E-01  1.182533796E+05  2.430961065E+02  3.478534384E+02  3.013254027E+02  2.612033563E+02  7.017825376E-01 
       140  9.437397158E-02  1.573466446E-01  1.401725853E-01  1.181025399E+05  2.434118009E+02  3.479197497E+02  3.014403191E+02  2.613521476E+02  7.015154529E-01 
       141  9.455826038E-02  1.574868932E-01  1.435861248E-01  1.179664050E+05  2.437998085E+02  3.480390871E+02  3.016470567E+02  2.617086353E+02  7.011856218E-01 
       142  9.468914447E-02  1.576724412E-01  1.470000022E-01  1.179352974E+05  2.441863117E+02  3.480993061E+02  3.017624302E+02  2.622367115E+02  7.011010610E-01 
       143 -2.515044289E-02  2.387134140E-01 -4.211006034E-02  8.395676022E+04  1.787593338E+02  3.310545664E+02  2.729249489E+02  4.391801344E+02  1.151622302E+00 
       144 -2.515073613E-02  2.387267259E-01 -3.821832766E-02  8.567641537E+04  1.745069005E+02  3.319710654E+02  2.744382062E+02  4.355021494E+02  1.158671993E+00 
       145 -2.514274647E-02  2.387409373E-01 -3.433018188E-02  8.621759706E+04  1.735936644E+02  3.322416821E+02  2.748856923E+02  4.343870184E+02  1.159998716E+00 
       146 -2.514933814E-02  2.387615668E-01 -3.043885368E-02  8.517288165E+04  1.767068075E+02  3.316912009E+02  2.739753490E+02  4.365939769E+02  1.154553292E+00 
       147 -2.514205174E-02  2.387863737E-01 -2.655197175E-02  8.347463190E+04  1.814236551E+02  3.307981336E+02  2.725020572E+02  4.403629917E+02  1.146590711E+00 
       148 -2.514801404E-02  2.388163633E-01 -2.268742808E-02  8.190224104E+04  1.852763327E+02  3.299690140E+02  2.711374630E+02  4.436334275E+02  1.140395263E+00 
       149 -2.514603624E-02  2.387984711E-01 -1.877579094E-02  8.077447656E+04  1.878844833E+02  3.293381729E+02  2.701016693E+02  4.461602287E+02  1.136529520E+00 
       150 -2.513833525E-02  2.388756875E-01 -1.487946342E-02  7.981714815E+04  1.897976924E+02  3.287809832E+02  2.691885107E+02  4.479863023E+02  1.133754308E+00 
       151 -2.514495058E-02  2.389300222E-01 -1.098752945E-02  7.963686307E+04  1.897328503E+02  3.287108946E+02  2.690736586E+02  4.486896238E+02  1.134681430E+00 
       152 -2.501801490E-02  2.389948317E-01 -7.101428526E-03  8.204945346E+04  1.836634524E+02  3.301563227E+02  2.714480945E+02  4.436238575E+02  1.144408536E+00 
       153 -2.403359079E-02  2.391541778E-01 -3.362202731E-03  8.827284281E+04  1.683570641E+02  3.334535405E+02  2.768967793E+02  4.300570702E+02  1.169300059E+00 
       154 -2.203079393E-02  2.393877231E-01 -4.501692070E-05  8.908764961E+04  1.672850422E+02  3.337666525E+02  2.774159740E+02  4.277775050E+02  1.169838216E+00 
       155 -1.942355624E-02  2.396357170E-01  2.825132604E-03  8.414243994E+04  1.796226914E+02  3.310908552E+02  2.729866281E+02  4.395495427E+02  1.149992790E+00 
       156 -1.648721574E-02  2.398964014E-01  5.342831758E-03  8.132581006E+04  1.854541746E+02  3.296147425E+02  2.705555673E+02  4.460999360E+02  1.142167968E+00 
       157 -1.330897545E-02  2.400801911E-01  7.594698846E-03  8.094370825E+04  1.850529883E+02  3.294860311E+02  2.703445635E+02  4.462643166E+02  1.143429914E+00 
       158 -1.004552185E-02  2.402353079E-01  9.709455816E-03  8.073009875E+04  1.854413066E+02  3.292642584E+02  2.699811673E+02  4.464302158E+02  1.142915633E+00 
       159 -6.714656287E-03  2.403804415E-01  1.171394437E-02  8.031385527E+04  1.861474907E+02  3.288919478E+02  2.693710643E+02  4.474853976E+02  1.142722955E+00 
       160 -3.322138608E-03  2.404066774E-01  1.362735999E-02  7.994120700E+04  1.858905387E+02  3.286919751E+02  2.690438746E+02  4.480280130E+02  1.144475386E+00 
       161  9.783589121E-05  2.404201762E-01  1.547870720E-02  8.040132861E+04  1.853087204E+02  3.289630871E+02  2.694885092E+02  4.472903004E+02  1.146052908E+00 
       162  3.534439975E-03  2.403949673E-01  1.730379042E-02  8.090167456E+04  1.829198341E+02  3.295114412E+02  2.703942013E+02  4.431017094E+02  1.149786159E+00 
       163  6.969024296E-03  2.402279751E-01  1.908412837E-02  9.209377277E+04  1.527354609E+02  3.355743825E+02  2.804572952E+02  4.199225423E+02  1.203869197E+00 
       164  1.043411823E-02  2.400800089E-01  2.085152946E-02  7.817729556E+04  1.898351107E+02  3.283889134E+02  2.685493380E+02  4.484897939E+02  1.137079048E+00 
       165  1.388371434E-02  2.398652026E-01  2.263181169E-02  7.884827448E+04  1.867207239E+02  3.285885799E+02  2.688740914E+02  4.479211078E+02  1.143577383E+00 
       166  1.734145131E-02  2.394992745E-01  2.440657916E-02  7.882165613E+04  1.871442833E+02  3.286244674E+02  2.689325032E+02  4.482737975E+02  1.142562671E+00 
       167  2.080043859E-02  2.391294908E-01  2.615375350E-02  7.886358316E+04  1.893051684E+02  3.285814680E+02  2.688622850E+02  4.479745127E+02  1.137291775E+00 
       168  2.424052770E-02  2.387186889E-01  2.792040504E-02  7.908122742E+04  1.909823592E+02  3.285859547E+02  2.688695211E+02  4.474148417E+02  1.133000351E+00 
       169  2.766624902E-02  2.381908713E-01  2.968394578E-02  7.888615112E+04  1.933228621E+02  3.285193501E+02  2.687603474E+02  4.475708528E+02  1.127650548E+00 
       170  3.108229850E-02  2.375970478E-01  3.144655572E-02  7.856595691E+04  1.959738640E+02  3.284566338E+02  2.686580133E+02  4.480916142E+02  1.122075972E+00 
       171  3.449726266E-02  2.369314331E-01  3.319569832E-02  7.866160272E+04  1.978723832E+02  3.285881892E+02  2.688745389E+02  4.477201550E+02  1.117967556E+00 
       172  3.787267708E-02  2.362004853E-01  3.498142333E-02  7.912610754E+04  1.994123127E+02  3.288599658E+02  2.693208213E+02  4.464028111E+02  1.114586994E+00 
       173  4.123744789E-02  2.354271843E-01  3.677379579E-02  7.923043469E+04  2.016006587E+02  3.288717752E+02  2.693401484E+02  4.456527352E+02  1.110565707E+00 
       174  4.456263149E-02  2.345133553E-01  3.856958315E-02  7.834608495E+04  2.054377345E+02  3.283324389E+02  2.684565518E+02  4.468229380E+02  1.104118971E+00 
       175  4.789152860E-02  2.335402793E-01  4.034492433E-02  7.674214307E+04  2.105562820E+02  3.273919853E+02  2.669207939E+02  4.498912385E+02  1.095958010E+00 
       176  5.119514426E-02  2.325727211E-01  4.215365701E-02  7.501836562E+04  2.158024614E+02  3.263619937E+02  2.652441087E+02  4.534729634E+02  1.088032436E+00 
       177  5.444737908E-02  2.314873556E-01  4.396264389E-02  7.321267519E+04  2.211144532E+02  3.252558300E+02  2.634493085E+02  4.569446515E+02  1.079671082E+00 
       178  5.771043354E-02  2.303389779E-01  4.576361213E-02  7.113026309E+04  2.273043543E+02  3.239064894E+02  2.612690761E+02  4.611931803E+02  1.070325527E+00 
       179  6.093363739E-02  2.292015055E-01  4.761570799E-02  6.851547229E+04  2.361696076E+02  3.221382217E+02  2.584257655E+02  4.670052013E+02  1.056176098E+00 
       180  6.411569228E-02  2.279427553E-01  4.946832252E-02  6.648055029E+04  2.473715954E+02  3.209041243E+02  2.564488506E+02  4.714189072E+02  1.033534106E+00 
       181  6.728438578E-02  2.267057043E-01  5.135068917E-02  6.840110376E+04  2.592957487E+02  3.225542078E+02  2.591101723E+02  4.665248365E+02  9.952160716E-01 
       182  7.045491472E-02  2.254566135E-01  5.324396322E-02  7.856391614E+04  2.650393291E+02  3.286995597E+02  2.691113195E+02  4.429541249E+02  9.488469670E-01 
       183  7.352398986E-02  2.240979077E-01  5.520813549E-02  9.278162720E+04  2.509378524E+02  3.363100100E+02  2.817072053E+02  4.104800234E+02  9.487227518E-01 
       184  7.654294831E-02  2.227589545E-01  5.724026033E-02  1.022263945E+05  2.364294817E+02  3.408987435E+02  2.894023214E+02  3.912893300E+02  9.679019831E-01 
       185  7.954929441E-02  2.214414527E-01  5.933596166E-02  1.093961133E+05  2.388727999E+02  3.442630110E+02  2.951463590E+02  3.745731020E+02  9.487672001E-01 
       186  8.244157493E-02  2.200232159E-01  6.149679439E-02  1.192503594E+05  2.435990677E+02  3.481097565E+02  3.017705231E+02  3.540379944E+02  9.211065471E-01 
       187  8.531452000E-02  2.186177542E-01  6.372436707E-02  1.226248611E+05  2.356697235E+02  3.503132210E+02  3.056031156E+02  3.483126559E+02  9.406461315E-01 
       188  8.816039266E-02  2.172472440E-01  6.601424901E-02  1.231680979E+05  2.323610673E+02  3.505075407E+02  3.059415088E+02  3.455956273E+02  9.485624991E-01 
       189  9.092008057E-02  2.157826082E-01  6.831794754E-02  1.232040283E+05  2.266469611E+02  3.504799656E+02  3.058931479E+02  3.443087164E+02  9.633919323E-01 
       190  9.367581728E-02  2.143255962E-01  7.064980943E-02  1.231643536E+05  2.216711183E+02  3.503817304E+02  3.057215395E+02  3.431802145E+02  9.766641131E-01 
       191  9.641114101E-02  2.128789625E-01  7.302159977E-02  1.228703599E+05  2.184002047E+02  3.502178731E+02  3.054356364E+02  3.439561248E+02  9.856014410E-01 
       192  9.907895187E-02  2.114028516E-01  7.542603674E-02  1.226587000E+05  2.174784863E+02  3.501581552E+02  3.053315744E+02  3.447635353E+02  9.877120173E-01 
       193  1.016896232E-01  2.099003163E-01  7.789626121E-02  1.227014586E+05  2.172801099E+02  3.503733668E+02  3.057074697E+02  3.434807630E+02  9.873861857E-01 
       194  1.042573666E-01  2.084682280E-01  8.044071344E-02  1.228957576E+05  2.172784623E+02  3.509076343E+02  3.066419680E+02  3.409882114E+02  9.865599126E-01 
       195  1.067132028E-01  2.069758083E-01  8.306726980E-02  1.229591284E+05  2.179170727E+02  3.517253106E+02  3.080760259E+02  3.363846099E+02  9.832613670E-01 
       196  1.091091693E-01  2.055182938E-01  8.576040538E-02  1.228877955E+05  2.191026590E+02  3.529184746E+02  3.101758562E+02  3.290956058E+02  9.784993345E-01 
       197  1.114533399E-01  2.040960959E-01  8.851719904E-02  1.227797360E+05  2.204744726E+02  3.544660488E+02  3.129079367E+02  3.194252862E+02  9.739932292E-01 
       198  1.136946430E-01  2.026973542E-01  9.137514269E-02  1.226617954E+05  2.215940883E+02  3.563239030E+02  3.161972872E+02  3.079163038E+02  9.712377957E-01 
       199  1.158224243E-01  2.012857480E-01  9.431046231E-02  1.226002095E+05  2.228622203E+02  3.580277122E+02  3.192239159E+02  2.971754081E+02  9.689157757E-01 
       200  1.177983438E-01  1.999614296E-01  9.738734661E-02  1.225885122E+05  2.245581642E+02  3.591523157E+02  3.212251887E+02  2.897259326E+02  9.648404431E-01 
       201  1.195376812E-01  1.988013159E-01  1.006637087E-01  1.226112296E+05  2.267772958E+02  3.592218810E+02  3.213480595E+02  2.890027432E+02  9.571201008E-01 
       202  1.207748534E-01  1.979244993E-01  1.042263433E-01  1.226235555E+05  2.294128914E+02  3.576502311E+02  3.185512989E+02  2.997414784E+02  9.454514687E-01 
       203  1.209766187E-01  1.976967879E-01  1.080979692E-01  1.226821765E+05  2.322573457E+02  3.547903336E+02  3.134808135E+02  3.201245205E+02  9.343514986E-01 
       204  1.209415894E-01  1.976147862E-01  1.119887176E-01  1.227522909E+05  2.312941229E+02  3.530949390E+02  3.104888655E+02  3.307513068E+02  9.375704627E-01 
       205  1.209136670E-01  1.975679793E-01  1.158784497E-01  1.227767629E+05  2.281224527E+02  3.522761360E+02  3.090461551E+02  3.335381706E+02  9.470799878E-01 
       206  1.209140530E-01  1.975343277E-01  1.197687765E-01  1.228034296E+05  2.251296848E+02  3.517282209E+02  3.080815827E+02  3.344301828E+02  9.560286034E-01 
       207  1.209033119E-01  1.974945510E-01  1.236620610E-01  1.228325967E+05  2.231343093E+02  3.514321293E+02  3.075610071E+02  3.348954924E+02  9.620606764E-01 
       208  1.208998844E-01  1.975608583E-01  1.275528569E-01  1.228776889E+05  2.222699671E+02  3.516259529E+02  3.079022013E+02  3.336994472E+02  9.649119720E-01 
       209  1.209086196E-01  1.975927695E-01  1.314428594E-01  1.228901428E+05  2.220299768E+02  3.521793965E+02  3.088754283E+02  3.302955865E+02  9.654702464E-01 
       210  1.209261261E-01  1.976437754E-01  1.353324952E-01  1.229513589E+05  2.220802346E+02  3.530719829E+02  3.104466839E+02  3.251533110E+02  9.651021271E-01 
       211  1.209477387E-01  1.976921952E-01  1.392217013E-01  1.230291319E+05  2.216753472E+02  3.541571028E+02  3.123593888E+02  3.193274986E+02  9.663954468E-01 
       212  1.209659901E-01  1.977439656E-01  1.431109690E-01  1.231629691E+05  2.212372307E+02  3.552116960E+02  3.142060749E+02  3.136660823E+02  9.681422720E-01 
       213  1.210017723E-01  1.977818072E-01  1.470000027E-01  1.233112915E+05  2.215509644E+02  3.557233973E+02  3.148849363E+02  3.111003656E+02  9.677085429E-01 
       214 -1.337431699E-02  1.053111530E-01 -4.600000000E-02  8.760382227E+04  1.539331741E+02  3.331072350E+02  2.762955589E+02  2.357068443E+02  8.591618389E-01 
       215 -1.336879354E-02  1.054912688E-01 -4.299898917E-02  8.749763916E+04  1.539990373E+02  3.330529146E+02  2.762290368E+02  2.359617600E+02  8.597978186E-01 
       216 -1.321272523E-02  1.057016208E-01 -4.000664894E-02  8.750207373E+04  1.542127790E+02  3.330181141E+02  2.761713066E+02  2.362281904E+02  8.597435951E-01 
       217 -1.269691607E-02  1.059729593E-01 -3.706120983E-02  8.739262228E+04  1.550145071E+02  3.329427408E+02  2.760463279E+02  2.369294047E+02  8.580692149E-01 
       218 -1.181263769E-02  1.063072321E-01 -3.420969757E-02  8.720192343E+04  1.559413658E+02  3.328503841E+02  2.758931657E+02  2.379255407E+02  8.568634327E-01 
       219 -1.066241908E-02  1.066659143E-01 -3.145726216E-02  8.705162265E+04  1.566742659E+02  3.327981873E+02  2.758066793E+02  2.387774928E+02  8.562682869E-01 
       220 -9.280794463E-03  1.070573859E-01 -2.881758489E-02  8.691321790E+04  1.574580016E+02  3.327319170E+02  2.756968732E+02  2.396344819E+02  8.554623672E-01 
       221 -7.735023178E-03  1.074435380E-01 -2.626912607E-02  8.679889383E+04  1.581728828E+02  3.326886207E+02  2.756251369E+02  2.402995279E+02  8.544053473E-01 
       222 -6.047350445E-03  1.078135440E-01 -2.381048416E-02  8.666990178E+04  1.591695513E+02  3.325648270E+02  2.754200288E+02  2.412253273E+02  8.527415694E-01 
       223 -4.299611852E-03  1.081916589E-01 -2.139379423E-02  8.662354172E+04  1.596199520E+02  3.326485490E+02  2.755587243E+02  2.415767228E+02  8.520682553E-01 
       224 -2.461870607E-03  1.085505379E-01 -1.904289133E-02  8.667994856E+04  1.600476799E+02  3.325580474E+02  2.754088435E+02  2.418551984E+02  8.512227671E-01 
       225 -5.886173328E-04  1.088780789E-01 -1.671486844E-02  8.675659896E+04  1.600020767E+02  3.326784062E+02  2.756081962E+02  2.420822724E+02  8.527887944E-01 
       226  1.337912187E-03  1.092215599E-01 -1.443302686E-02  8.684915585E+04  1.596885817E+02  3.325842137E+02  2.754521583E+02  2.423521720E+02  8.559362844E-01 
       227  3.290030235E-03  1.094941851E-01 -1.216353628E-02  8.668734382E+04  1.593912534E+02  3.324846544E+02  2.752872608E+02  2.436269308E+02  8.625046345E-01 
       228  5.262023684E-03  1.097864070E-01 -9.913643549E-03  8.607224182E+04  1.601195846E+02  3.320953743E+02  2.746433174E+02  2.467717455E+02  8.702486581E-01 
       229  7.256339014E-03  1.100495762E-01 -7.679258903E-03  8.395047953E+04  1.651842538E+02  3.309742646E+02  2.727924667E+02  2.542307130E+02  8.702066294E-01 
       230  9.250945095E-03  1.102792579E-01 -5.441700620E-03  8.196118639E+04  1.724249385E+02  3.299506508E+02  2.711072770E+02  2.617618414E+02  8.595598936E-01 
       231  1.125130268E-02  1.105297001E-01 -3.209862298E-03  8.076332861E+04  1.790931420E+02  3.295033474E+02  2.703726435E+02  2.653773293E+02  8.379431684E-01 
       232  1.324504242E-02  1.107259366E-01 -9.692227629E-04  8.107723950E+04  1.840380721E+02  3.296056557E+02  2.705406599E+02  2.646716862E+02  8.095060214E-01 
       233  1.522818012E-02  1.109344875E-01  1.280794701E-03  8.279897607E+04  1.852918701E+02  3.305326977E+02  2.720657482E+02  2.588465223E+02  7.825816050E-01 
       234  1.717717000E-02  1.111306516E-01  3.565314237E-03  8.508556738E+04  1.843582344E+02  3.318473358E+02  2.742343845E+02  2.506104031E+02  7.597693428E-01 
       235  2.098827574E-02  1.115152878E-01  8.199040730E-03  8.911406104E+04  1.882718115E+02  3.339410648E+02  2.777054062E+02  2.383307076E+02  7.000595480E-01 
       236  2.283804163E-02  1.116790561E-01  1.055952489E-02  9.035387701E+04  1.910910128E+02  3.351504054E+02  2.797194927E+02  2.304034274E+02  6.601665248E-01 
       237  2.632960383E-02  1.121198866E-01  1.543269692E-02  9.100481152E+04  2.070808125E+02  3.351485310E+02  2.797165642E+02  2.320367508E+02  5.804635324E-01 
       238  2.959379811E-02  1.126564718E-01  2.044933110E-02  9.020008423E+04  2.228625007E+02  3.346206236E+02  2.788357029E+02  2.378350883E+02  5.172681613E-01 
       239  3.114059063E-02  1.129278581E-01  2.301118304E-02  8.967901379E+04  2.302110355E+02  3.345085558E+02  2.786490113E+02  2.403022473E+02  4.875946769E-01 
       240  3.264987762E-02  1.132456905E-01  2.559358749E-02  8.913007632E+04  2.374222988E+02  3.340933926E+02  2.779581444E+02  2.434294821E+02  4.614715122E-01 
       241  3.807676132E-02  1.146676712E-01  3.621643154E-02  8.786889656E+04  2.620607263E+02  3.333661465E+02  2.767489204E+02  2.522514219E+02  3.686867072E-01 
       242  3.928374460E-02  1.150413043E-01  3.894926042E-02  8.801396887E+04  2.676774516E+02  3.337536716E+02  2.773935182E+02  2.532888978E+02  3.441023615E-01 
       243  4.044503934E-02  1.154301055E-01  4.169676193E-02  8.843607516E+04  2.713698987E+02  3.341371041E+02  2.780310962E+02  2.524363688E+02  3.231461416E-01 
       244  4.154949506E-02  1.158110833E-01  4.446441861E-02  8.908266943E+04  2.747317963E+02  3.344972095E+02  2.786306477E+02  2.511152496E+02  3.021083903E-01 
       245  4.259018966E-02  1.161595968E-01  4.726780086E-02  8.991035703E+04  2.776885426E+02  3.349040941E+02  2.793090959E+02  2.491717548E+02  2.806447288E-01 
       246  4.357921759E-02  1.165132208E-01  5.008364009E-02  9.090567700E+04  2.797594318E+02  3.354235945E+02  2.801760988E+02  2.462425423E+02  2.602734519E-01 
       247  4.448002582E-02  1.168267471E-01  5.293502673E-02  9.206145255E+04  2.818514921E+02  3.359515857E+02  2.810588264E+02  2.432510423E+02  2.392822789E-01 
       248  4.534234860E-02  1.171711221E-01  5.579536500E-02  9.331764502E+04  2.828478832E+02  3.366020565E+02  2.821485996E+02  2.394211998E+02  2.213965105E-01 
       249  4.612355051E-02  1.174912616E-01  5.867935283E-02  9.453096094E+04  2.840008087E+02  3.372514153E+02  2.832383499E+02  2.357370872E+02  2.027823720E-01 
       250  4.681688670E-02  1.178330389E-01  6.158342338E-02  9.568991602E+04  2.849275017E+02  3.378561516E+02  2.842549515E+02  2.325574455E+02  1.877576690E-01 
       251  4.742483443E-02  1.181684938E-01  6.451168194E-02  9.675725391E+04  2.856863785E+02  3.384356689E+02  2.852308388E+02  2.296538486E+02  1.748287007E-01 
       252  4.796175059E-02  1.184973583E-01  6.744925218E-02  9.769819824E+04  2.865375738E+02  3.390067997E+02  2.861939135E+02  2.268293962E+02  1.613800926E-01 
       253  4.839690646E-02  1.188449776E-01  7.040346354E-02  9.846812833E+04  2.877308099E+02  3.394110087E+02  2.868765540E+02  2.249177067E+02  1.493170579E-01 
       254  4.867844520E-02  1.192029192E-01  7.337369276E-02  9.895994130E+04  2.895239614E+02  3.396152189E+02  2.872219236E+02  2.239471848E+02  1.373089888E-01 
       255  4.889804354E-02  1.195863964E-01  7.634446821E-02  9.930387457E+04  2.911127969E+02  3.397155370E+02  2.873917190E+02  2.228683966E+02  1.259555757E-01 
       256  4.901527392E-02  1.199575346E-01  7.936475415E-02  9.939907281E+04  2.938137735E+02  3.396763630E+02  2.873255372E+02  2.232167919E+02  1.134277810E-01 
       257  4.897414798E-02  1.207471392E-01  8.530893469E-02  9.963940820E+04  2.976412048E+02  3.399040375E+02  2.877106056E+02  2.233639984E+02  9.520545974E-02 
       258  4.879835866E-02  1.211503063E-01  8.827262235E-02  1.001910693E+05  2.980788269E+02  3.400825882E+02  2.880132484E+02  2.227362709E+02  9.195048735E-02 
       259  4.854576088E-02  1.215647590E-01  9.126615169E-02  1.004235983E+05  2.982556360E+02  3.401177856E+02  2.880727496E+02  2.218256713E+02  8.911017923E-02 
       260  4.818457029E-02  1.219712360E-01  9.420996830E-02  1.010152018E+05  2.978079160E+02  3.403454640E+02  2.884585799E+02  2.199094461E+02  8.557109012E-02 
       261  4.782320061E-02  1.224212570E-01  9.713670139E-02  1.018567207E+05  2.965219765E+02  3.406694622E+02  2.890090275E+02  2.173410244E+02  8.486032533E-02 
       262  4.734997920E-02  1.228526278E-01  1.001180955E-01  1.029834883E+05  2.946078072E+02  3.412658615E+02  2.900213203E+02  2.139755707E+02  8.437830769E-02 
       263  4.683890011E-02  1.232935874E-01  1.030087938E-01  1.043445182E+05  2.912592216E+02  3.421536765E+02  2.915329055E+02  2.099316491E+02  9.055949044E-02 
       264  4.566507936E-02  1.242316696E-01  1.088390156E-01  1.062594985E+05  2.848766008E+02  3.425853087E+02  2.922686665E+02  2.038597730E+02  1.099220458E-01 
       265  4.352639189E-02  1.257122811E-01  1.174848542E-01  1.075794290E+05  2.599615971E+02  3.467263304E+02  2.993806884E+02  1.647881866E+02  1.338689143E-01 
       266  4.289440586E-02  1.261798267E-01  1.203730247E-01  1.075862823E+05  2.515046694E+02  3.483196707E+02  3.021382324E+02  1.468220892E+02  1.328999014E-01 
       267  4.242365191E-02  1.265975250E-01  1.232861776E-01  1.076257241E+05  2.460354204E+02  3.494679461E+02  3.041299452E+02  1.366319753E+02  1.404253831E-01 
       268  4.208270049E-02  1.270006734E-01  1.262530889E-01  1.076477695E+05  2.446338501E+02  3.496095200E+02  3.043756714E+02  1.366136608E+02  1.538538896E-01 
       269  4.202415066E-02  1.273246053E-01  1.292418903E-01  1.076101847E+05  2.452746323E+02  3.493343021E+02  3.038967400E+02  1.402490419E+02  1.634258659E-01 
       270  4.218523596E-02  1.275849052E-01  1.322314117E-01  1.074745943E+05  2.469885023E+02  3.488936233E+02  3.031306134E+02  1.452592480E+02  1.697333414E-01 
       271  4.252691668E-02  1.278080741E-01  1.352038484E-01  1.073174290E+05  2.494424767E+02  3.485301718E+02  3.024997994E+02  1.508101579E+02  1.727534092E-01 
       272  4.296344289E-02  1.279984053E-01  1.381664338E-01  1.071693837E+05  2.517126747E+02  3.480877106E+02  3.017331837E+02  1.557370376E+02  1.757642395E-01 
       273  4.347514252E-02  1.281630447E-01  1.411197974E-01  1.069138819E+05  2.539078346E+02  3.476702061E+02  3.010097059E+02  1.603277685E+02  1.783292441E-01 
       274  4.403358971E-02  1.283124551E-01  1.440677535E-01  1.066066492E+05  2.559942569E+02  3.474478635E+02  3.006238184E+02  1.642181686E+02  1.796219819E-01 
       275  4.466583781E-02  1.284644007E-01  1.470000034E-01  1.063650740E+05  2.582425342E+02  3.470937285E+02  2.963789506E+02  1.679770337E+02  1.792308255E-01 
       276 -1.390154712E-02  1.725232616E-01 -4.600000033E-02  8.238622801E+04  1.818830718E+02  3.303190101E+02  2.714089003E+02  3.424166121E+02  1.010691076E+00 
       277 -1.389524734E-02  1.726308379E-01 -4.258575940E-02  8.268192897E+04  1.814939254E+02  3.303614045E+02  2.717824880E+02  3.424107325E+02  1.012015184E+00 
       278 -1.388827040E-02  1.727470810E-01 -3.919459871E-02  8.295165948E+04  1.810390508E+02  3.304251157E+02  2.718873520E+02  3.422531984E+02  1.013292332E+00 
       279 -1.387976982E-02  1.728866868E-01 -3.575874102E-02  8.304222938E+04  1.808277712E+02  3.304472445E+02  2.719237511E+02  3.423385508E+02  1.014172429E+00 
       280 -1.386962822E-02  1.730354599E-01 -3.234598001E-02  8.290552542E+04  1.810726413E+02  3.303666330E+02  2.717911371E+02  3.429649184E+02  1.014465899E+00 
       281 -1.385715910E-02  1.732129765E-01 -2.893478341E-02  8.250617982E+04  1.817752390E+02  3.301502768E+02  2.714353269E+02  3.442581892E+02  1.014400886E+00 
       282 -1.381464856E-02  1.733989484E-01 -2.553958976E-02  8.189189740E+04  1.830284350E+02  3.297928936E+02  2.708481000E+02  3.462253191E+02  1.013701137E+00 
       283 -1.334927366E-02  1.736519924E-01 -2.216152427E-02  8.099497147E+04  1.851199681E+02  3.292884497E+02  2.700203212E+02  3.489140410E+02  1.011509983E+00 
       284 -1.220387625E-02  1.739549638E-01 -1.896956374E-02  7.966506689E+04  1.886955719E+02  3.284919758E+02  2.687162857E+02  3.527371502E+02  1.006476842E+00 
       285 -1.057589609E-02  1.742731966E-01 -1.599005111E-02  7.785553014E+04  1.940468582E+02  3.274710824E+02  2.670491181E+02  3.579787102E+02  9.983209495E-01 
       286 -8.586070527E-03  1.745821273E-01 -1.323108332E-02  7.595941281E+04  1.990725127E+02  3.266893682E+02  2.657746480E+02  3.623420249E+02  9.897206896E-01 
       287 -6.371188279E-03  1.748941133E-01 -1.065117603E-02  7.580111727E+04  2.009336823E+02  3.268074473E+02  2.659672200E+02  3.620854993E+02  9.828530564E-01 
       288 -3.959984913E-03  1.752012559E-01 -8.251810021E-03  7.870134450E+04  1.971793199E+02  3.284476028E+02  2.686493222E+02  3.545663477E+02  9.813913606E-01 
       289 -1.474621790E-03  1.754287438E-01 -5.921768022E-03  8.439646339E+04  1.884025149E+02  3.312571894E+02  2.732675707E+02  3.409376447E+02  9.871604778E-01 
       290  1.096342236E-03  1.756586641E-01 -3.684409899E-03  8.941880630E+04  1.802958583E+02  3.336046936E+02  2.771484727E+02  3.288192335E+02  9.952090326E-01 
       291  3.722457199E-03  1.758529720E-01 -1.512169024E-03  9.170859937E+04  1.749282022E+02  3.344621038E+02  2.785721378E+02  3.245582619E+02  1.007132854E+00 
       292  6.390497491E-03  1.759799744E-01  6.206893580E-04  8.925209326E+04  1.759958401E+02  3.332926598E+02  2.766319408E+02  3.314945145E+02  1.014072895E+00 
       293  1.179759467E-02  1.761809281E-01  4.808741428E-03  7.527580859E+04  2.029515991E+02  3.261411972E+02  2.648896790E+02  3.676636276E+02  9.869658947E-01 
       294  1.450804596E-02  1.762121176E-01  6.883706551E-03  7.199430566E+04  2.112345619E+02  3.240272694E+02  2.614626446E+02  3.774717484E+02  9.787411615E-01 
       295  1.722225861E-02  1.762495216E-01  8.953048646E-03  7.078726074E+04  2.141293106E+02  3.232255554E+02  2.601696892E+02  3.811408424E+02  9.765290767E-01 
       296  1.993233776E-02  1.761597577E-01  1.102855473E-02  6.952886230E+04  2.167543354E+02  3.223880119E+02  2.588242264E+02  3.838730888E+02  9.735168368E-01 
       297  2.263244469E-02  1.760920636E-01  1.311525345E-02  6.750258447E+04  2.227666931E+02  3.209203434E+02  2.564743671E+02  3.899420624E+02  9.664416835E-01 
       298  2.532249661E-02  1.759768902E-01  1.521525865E-02  6.567950391E+04  2.303436823E+02  3.195355492E+02  2.542647305E+02  3.966729469E+02  9.557741322E-01 
       299  2.800116021E-02  1.758008440E-01  1.732596334E-02  6.549473169E+04  2.349437637E+02  3.193879642E+02  2.540298872E+02  3.982098427E+02  9.436934218E-01 
       300  3.066011949E-02  1.756198651E-01  1.946182943E-02  6.835896375E+04  2.352785883E+02  3.211415362E+02  2.568380008E+02  3.916202178E+02  9.282289539E-01 
       301  3.850917716E-02  1.748410184E-01  2.602581626E-02  8.767377417E+04  2.342300959E+02  3.343373308E+02  2.783682508E+02  3.332362080E+02  8.216433488E-01 
       302  4.358739934E-02  1.740919978E-01  3.053362568E-02  8.542199268E+04  2.416531334E+02  3.324856644E+02  2.752896309E+02  3.459256697E+02  8.182485625E-01 
       303  4.609287257E-02  1.736863543E-01  3.281922705E-02  8.426825757E+04  2.449313707E+02  3.319970903E+02  2.744806929E+02  3.488599882E+02  8.126706593E-01 
       304  4.855845708E-02  1.731970535E-01  3.512834265E-02  8.428269678E+04  2.478998108E+02  3.320468397E+02  2.745630140E+02  3.485361004E+02  8.019522261E-01 
       305  5.100043215E-02  1.726458906E-01  3.745772352E-02  8.615010522E+04  2.504268813E+02  3.330272255E+02  2.761885800E+02  3.437528582E+02  7.851781975E-01 
       306  5.340036417E-02  1.720848619E-01  3.982071753E-02  9.035127625E+04  2.499594550E+02  3.352948408E+02  2.799688909E+02  3.327492862E+02  7.684780704E-01 
       307  5.576533568E-02  1.714326002E-01  4.220398857E-02  9.576032275E+04  2.474179795E+02  3.380903821E+02  2.846549761E+02  3.184819583E+02  7.543926518E-01 
       308  5.808130114E-02  1.707532671E-01  4.462162642E-02  9.989462279E+04  2.457556972E+02  3.402359721E+02  2.882764415E+02  3.076343300E+02  7.436267895E-01 
       309  6.913202621E-02  1.670049815E-01  5.708998555E-02  1.114287731E+05  2.424249578E+02  3.460057764E+02  2.981347799E+02  2.754712477E+02  7.127585849E-01 
       310  7.325557335E-02  1.653928843E-01  6.228962682E-02  1.150766907E+05  2.409435232E+02  3.475900571E+02  3.008706369E+02  2.656702675E+02  7.073281356E-01 
       311  7.526114685E-02  1.645964451E-01  6.493668120E-02  1.164775225E+05  2.400195885E+02  3.481493969E+02  3.018395977E+02  2.625976429E+02  7.090299129E-01 
       312  8.099008587E-02  1.620989224E-01  7.305121222E-02  1.191330303E+05  2.376641922E+02  3.491965065E+02  3.036569099E+02  2.551445656E+02  7.105343714E-01 
       313  8.281625202E-02  1.612441772E-01  7.580722199E-02  1.194583086E+05  2.369444962E+02  3.492730446E+02  3.037899055E+02  2.544075432E+02  7.133611441E-01 
       314  8.462318717E-02  1.604029889E-01  7.856519154E-02  1.196493318E+05  2.363331051E+02  3.493287687E+02  3.038867750E+02  2.543075953E+02  7.171898540E-01 
       315  8.638808364E-02  1.595156660E-01  8.135371941E-02  1.196727249E+05  2.360706391E+02  3.492973719E+02  3.038321261E+02  2.541446743E+02  7.188815773E-01 
       316  8.818531781E-02  1.586346563E-01  8.418846896E-02  1.195767423E+05  2.363752245E+02  3.491168875E+02  3.035183531E+02  2.536092052E+02  7.155557845E-01 
       317  9.153487112E-02  1.568453452E-01  8.985396979E-02  1.194459391E+05  2.361990716E+02  3.491328363E+02  3.035466042E+02  2.536407838E+02  7.169170408E-01 
       318  9.319079870E-02  1.559467714E-01  9.269883327E-02  1.194367461E+05  2.363476315E+02  3.491717453E+02  3.036144371E+02  2.534307156E+02  7.163179033E-01 
       319  9.639067810E-02  1.541493463E-01  9.845101971E-02  1.195144424E+05  2.371962986E+02  3.490564613E+02  3.034133587E+02  2.534947033E+02  7.140552513E-01 
       320  9.789700787E-02  1.532238030E-01  1.013752208E-01  1.194852675E+05  2.383166156E+02  3.489185424E+02  3.031735568E+02  2.534510298E+02  7.085474087E-01 
       321  9.939560036E-02  1.523575645E-01  1.043121280E-01  1.193753193E+05  2.390375156E+02  3.487549896E+02  3.028893528E+02  2.538453674E+02  7.066750973E-01 
       322  1.008373928E-01  1.515239935E-01  1.072922639E-01  1.191344258E+05  2.397062683E+02  3.485290871E+02  3.024970646E+02  2.548117218E+02  7.055669501E-01 
       323  1.021925752E-01  1.507164957E-01  1.103173974E-01  1.188545605E+05  2.409973969E+02  3.482654047E+02  3.020398946E+02  2.563954334E+02  7.016854901E-01 
       324  1.063175391E-01  1.486079647E-01  1.265700906E-01  1.183896289E+05  2.422765579E+02  3.489473801E+02  3.032274818E+02  2.547121086E+02  6.977843791E-01 
       325  1.064822206E-01  1.487022474E-01  1.299738775E-01  1.185590664E+05  2.380501099E+02  3.502870255E+02  3.055612297E+02  2.441496201E+02  7.072219998E-01 
       326  1.066476119E-01  1.488146338E-01  1.333799290E-01  1.185251914E+05  2.331874809E+02  3.514948807E+02  3.076698723E+02  2.339989319E+02  7.216060162E-01 
       327  1.068180965E-01  1.489318139E-01  1.367854531E-01  1.183605879E+05  2.300761871E+02  3.519816895E+02  3.085205765E+02  2.303433304E+02  7.337302491E-01 
       328  1.069979625E-01  1.490578552E-01  1.401905319E-01  1.181532471E+05  2.304709206E+02  3.514804420E+02  3.076430244E+02  2.344477177E+02  7.350251898E-01 
       329  1.071817424E-01  1.491887345E-01  1.435955648E-01  1.179297881E+05  2.339897261E+02  3.502925644E+02  3.053925304E+02  2.437538795E+02  7.264850400E-01 
       330  1.073851999E-01  1.493347905E-01  1.470000044E-01  1.178422891E+05  2.402238388E+02  3.487802200E+02  3.016881409E+02  2.559196091E+02  7.104486823E-01 
       331 -5.132010553E-03  2.399711247E-01 -4.600000034E-02  8.410709863E+04  1.734898872E+02  3.308944016E+02  2.732606583E+02  4.397694626E+02  1.165233321E+00 
       332 -5.128125210E-03  2.399809281E-01 -4.210430258E-02  8.373297363E+04  1.755937538E+02  3.304347515E+02  2.719042535E+02  4.415745230E+02  1.161876220E+00 
       333 -5.125201508E-03  2.399922328E-01 -3.820870464E-02  8.176376898E+04  1.789049559E+02  3.297343183E+02  2.707538748E+02  4.442393870E+02  1.156454551E+00 
       334 -5.121813889E-03  2.400095995E-01 -3.431329778E-02  8.015354343E+04  1.832947922E+02  3.288142002E+02  2.692441517E+02  4.477289557E+02  1.149255333E+00 
       335 -5.119016059E-03  2.400291916E-01 -3.041776666E-02  7.882070051E+04  1.864252140E+02  3.281333657E+02  2.681298006E+02  4.502314473E+02  1.144212488E+00 
       336 -5.114574788E-03  2.400538233E-01 -2.652182619E-02  7.788774109E+04  1.878023966E+02  3.279480490E+02  2.678266485E+02  4.511604743E+02  1.141802874E+00 
       337 -5.109553763E-03  2.400828758E-01 -2.262552630E-02  7.819554944E+04  1.865703714E+02  3.284160089E+02  2.685948505E+02  4.498270359E+02  1.143472543E+00 
       338 -5.103895973E-03  2.401152952E-01 -1.872899116E-02  8.163644965E+04  1.806634631E+02  3.300301740E+02  2.712455852E+02  4.435182691E+02  1.151608907E+00 
       339 -4.925504783E-03  2.402473149E-01 -7.056915668E-03  8.361616550E+04  1.744099701E+02  3.312136529E+02  2.731930452E+02  4.389658771E+02  1.162503520E+00 
       340 -3.715119829E-03  2.403023013E-01 -3.373311706E-03  8.056174426E+04  1.819758922E+02  3.296632943E+02  2.706376833E+02  4.455368197E+02  1.150167219E+00 
       341 -1.562012846E-03  2.403581740E-01 -1.360753051E-04  7.986733337E+04  1.851853909E+02  3.289565262E+02  2.694767485E+02  4.486138670E+02  1.145495137E+00 
       342  1.133764527E-03  2.404094608E-01  2.675248428E-03  7.993377246E+04  1.848052444E+02  3.289621677E+02  2.694864264E+02  4.479611168E+02  1.145954490E+00 
       343  4.137632423E-03  2.404197044E-01  5.149238455E-03  7.979507993E+04  1.847094925E+02  3.288381999E+02  2.692833034E+02  4.481141396E+02  1.146608296E+00 
       344  7.316400202E-03  2.403253331E-01  7.399564588E-03  7.944335377E+04  1.854054360E+02  3.285806172E+02  2.688610339E+02  4.492068072E+02  1.146465638E+00 
       345  1.395577155E-02  2.400667001E-01  1.148649181E-02  8.682871582E+04  1.715193081E+02  3.318831482E+02  2.743013163E+02  4.377590618E+02  1.169904910E+00 
       346  1.735065466E-02  2.397965962E-01  1.337576268E-02  9.010182910E+04  1.596942463E+02  3.337349281E+02  2.773668671E+02  4.288274612E+02  1.191151887E+00 
       347  2.419161170E-02  2.391929427E-01  1.704637434E-02  8.003235645E+04  1.847343559E+02  3.294038391E+02  2.702135353E+02  4.465296097E+02  1.145680055E+00 
       348  2.761839379E-02  2.387452844E-01  1.884103948E-02  8.036192871E+04  1.866644440E+02  3.293982582E+02  2.702012939E+02  4.474674644E+02  1.141592592E+00 
       349  3.105226563E-02  2.382885234E-01  2.062260888E-02  8.132518164E+04  1.848091240E+02  3.300611267E+02  2.712890635E+02  4.446108379E+02  1.143270753E+00 
       350  3.788868369E-02  2.371344800E-01  2.417075674E-02  8.019483936E+04  1.877012882E+02  3.293582630E+02  2.701354122E+02  4.464725800E+02  1.138532348E+00 
       351  4.468291751E-02  2.357525484E-01  2.771953789E-02  8.032734082E+04  1.896476822E+02  3.292769585E+02  2.700046024E+02  4.459259071E+02  1.135234043E+00 
       352  4.805699300E-02  2.349490393E-01  2.948953136E-02  8.112548865E+04  1.890042491E+02  3.297380786E+02  2.707614675E+02  4.437931070E+02  1.136651170E+00 
       353  5.140582287E-02  2.340778219E-01  3.127771149E-02  8.092750928E+04  1.904722500E+02  3.295647659E+02  2.704754505E+02  4.437942333E+02  1.134650804E+00 
       354  5.473006301E-02  2.331020583E-01  3.305777180E-02  7.970231738E+04  1.933524895E+02  3.288084297E+02  2.692352829E+02  4.458763351E+02  1.131105900E+00 
       355  5.803984836E-02  2.320923676E-01  3.484458617E-02  7.814484912E+04  1.976571732E+02  3.277457657E+02  2.674983044E+02  4.493558083E+02  1.125648342E+00 
       356  6.132921494E-02  2.310454118E-01  3.665150486E-02  7.644709427E+04  2.016337865E+02  3.267709467E+02  2.659089065E+02  4.527947288E+02  1.121401561E+00 
       357  6.777528194E-02  2.285846393E-01  4.027160278E-02  8.442084961E+04  2.154735184E+02  3.320495758E+02  2.746018791E+02  4.311764107E+02  1.065872669E+00 
       358  7.097972553E-02  2.273472007E-01  4.209367684E-02  9.128315820E+04  2.305270996E+02  3.356569557E+02  2.805735760E+02  4.152076416E+02  1.012345724E+00 
       359  7.412444428E-02  2.259565065E-01  4.393674079E-02  9.010164819E+04  2.362164207E+02  3.343852854E+02  2.784515495E+02  4.206730270E+02  1.003775531E+00 
       360  7.725834663E-02  2.245514312E-01  4.577102978E-02  8.567792627E+04  2.375432358E+02  3.325933170E+02  2.754689445E+02  4.306751842E+02  1.009816270E+00 
       361  8.037011026E-02  2.231435234E-01  4.763983740E-02  8.783955762E+04  2.381991234E+02  3.343930740E+02  2.784781914E+02  4.244036942E+02  1.004147828E+00 
       362  8.343109451E-02  2.215945322E-01  4.950276897E-02  1.016436735E+05  2.302382414E+02  3.411601288E+02  2.898942888E+02  3.946737669E+02  1.006128597E+00 
       363  8.646988642E-02  2.201046420E-01  5.141624103E-02  1.230989229E+05  2.185573697E+02  3.488303108E+02  3.030526924E+02  3.570035820E+02  1.022708159E+00 
       364  9.242245520E-02  2.169732682E-01  5.534503106E-02  1.179990061E+05  2.286803274E+02  3.485960512E+02  3.026351042E+02  3.578374224E+02  9.789888076E-01 
       365  9.533631835E-02  2.153857768E-01  5.738443174E-02  1.177047561E+05  2.264147367E+02  3.491710696E+02  3.036398864E+02  3.569701009E+02  9.816225907E-01 
       366  9.819952312E-02  2.138016843E-01  5.949569436E-02  1.190845352E+05  2.260722218E+02  3.501512222E+02  3.053459129E+02  3.523169327E+02  9.779224023E-01 
       367  1.009694591E-01  2.121295788E-01  6.167326851E-02  1.201649700E+05  2.273239884E+02  3.505991631E+02  3.061284819E+02  3.476001978E+02  9.699079115E-01 
       368  1.037116704E-01  2.105064985E-01  6.390540356E-02  1.205109614E+05  2.293447952E+02  3.508504763E+02  3.065703926E+02  3.441903105E+02  9.607216902E-01 
       369  1.064180189E-01  2.088777679E-01  6.618856681E-02  1.210673809E+05  2.307555990E+02  3.511118221E+02  3.070263023E+02  3.417699413E+02  9.538119584E-01 
       370  1.090480686E-01  2.071800512E-01  6.850700508E-02  1.217518101E+05  2.311183748E+02  3.514867363E+02  3.076827393E+02  3.391773186E+02  9.502672665E-01 
       371  1.116790455E-01  2.055210471E-01  7.084353951E-02  1.222611213E+05  2.312404370E+02  3.518991027E+02  3.084060616E+02  3.365862827E+02  9.482617620E-01 
       372  1.142974452E-01  2.038484190E-01  7.319785208E-02  1.225618896E+05  2.302199984E+02  3.520580807E+02  3.086816845E+02  3.355381727E+02  9.498193152E-01 
       373  1.168416696E-01  2.021295301E-01  7.558130371E-02  1.228162402E+05  2.292669210E+02  3.522478256E+02  3.090161476E+02  3.343526344E+02  9.516003169E-01 
       374  1.193277496E-01  2.004108846E-01  7.805168345E-02  1.229938231E+05  2.280079157E+02  3.523594952E+02  3.092138736E+02  3.336416879E+02  9.545197682E-01 
       375  1.217693779E-01  1.987784452E-01  8.060399866E-02  1.229920916E+05  2.266427088E+02  3.522895041E+02  3.090902576E+02  3.334429808E+02  9.580238685E-01 
       376  1.240793489E-01  1.970470446E-01  8.322373237E-02  1.228906108E+05  2.249500074E+02  3.521743870E+02  3.088885860E+02  3.334775972E+02  9.625000879E-01 
       377  1.263696524E-01  1.953872062E-01  8.590193330E-02  1.230371449E+05  2.225541915E+02  3.524321257E+02  3.093346347E+02  3.322239975E+02  9.686655253E-01 
       378  1.285811840E-01  1.937639536E-01  8.866989816E-02  1.232304971E+05  2.204770553E+02  3.516326909E+02  3.079270301E+02  3.359758048E+02  9.745227071E-01 
       379  1.378530526E-01  1.861918564E-01  1.119425893E-01  1.229768716E+05  2.193008146E+02  3.557212057E+02  3.151203318E+02  3.142289906E+02  9.746760949E-01 
       380  1.378280879E-01  1.861358471E-01  1.158380052E-01  1.230413428E+05  2.216945610E+02  3.570390882E+02  3.174585066E+02  3.028068047E+02  9.681062568E-01 
       381  1.378172244E-01  1.861105784E-01  1.197328496E-01  1.225219670E+05  2.258466115E+02  3.572088480E+02  3.177623482E+02  3.006367850E+02  9.550286569E-01 
       382  1.378137064E-01  1.861013403E-01  1.236281983E-01  1.225390801E+05  2.286704831E+02  3.563957782E+02  3.163218551E+02  3.073070278E+02  9.444585033E-01 
       383  1.378232998E-01  1.861207539E-01  1.275238734E-01  1.226658589E+05  2.286826557E+02  3.550922737E+02  3.140148736E+02  3.174834012E+02  9.441245798E-01 
       384  1.378388478E-01  1.861485149E-01  1.314192119E-01  1.228470124E+05  2.266255089E+02  3.539072545E+02  3.119207396E+02  3.253089916E+02  9.510267649E-01 
       385  1.378667705E-01  1.861922064E-01  1.353144338E-01  1.230317498E+05  2.241693004E+02  3.534055994E+02  3.110363429E+02  3.277815053E+02  9.595210031E-01 
       386  1.378917792E-01  1.862393165E-01  1.392095884E-01  1.231855975E+05  2.227310100E+02  3.530114350E+02  3.103399773E+02  3.289413046E+02  9.639613917E-01 
       387  1.379128913E-01  1.862912877E-01  1.431056120E-01  1.232907564E+05  2.219138209E+02  3.529567329E+02  3.100843562E+02  3.276616214E+02  9.659676080E-01 
       388  1.379274402E-01  1.863453723E-01  1.469999959E-01  1.233359128E+05  2.209831371E+02  3.536205873E+02  3.107774096E+02  3.219154673E+02  9.686697442E-01 
       389 -3.389247132E-02  1.007789921E-01 -4.300551245E-02  8.754754443E+04  1.539472599E+02  3.330580578E+02  2.762375698E+02  2.358006916E+02  8.594914973E-01 
       390 -3.372456358E-02  1.010433636E-01 -4.002223516E-02  8.745375383E+04  1.544693262E+02  3.330171152E+02  2.761697718E+02  2.363996656E+02  8.589229914E-01 
       391 -3.329024078E-02  1.014074167E-01 -3.707963811E-02  8.733731329E+04  1.551576501E+02  3.329552261E+02  2.760670155E+02  2.371211005E+02  8.579795505E-01 
       392 -3.255620303E-02  1.018883264E-01 -3.421559131E-02  8.722255275E+04  1.558766661E+02  3.328833053E+02  2.759477761E+02  2.378706850E+02  8.570447527E-01 
       393 -3.153373485E-02  1.024554568E-01 -3.145384174E-02  8.711029552E+04  1.566046237E+02  3.328084907E+02  2.758237942E+02  2.386165556E+02  8.561128234E-01 
       394 -3.028950121E-02  1.031058036E-01 -2.880322264E-02  8.700502623E+04  1.573203923E+02  3.327441345E+02  2.757170880E+02  2.393624379E+02  8.552911304E-01 
       395 -2.888173412E-02  1.037838005E-01 -2.624318977E-02  8.691722607E+04  1.579559857E+02  3.326956756E+02  2.756368210E+02  2.400104040E+02  8.545877216E-01 
       396 -2.733119538E-02  1.044792183E-01 -2.377110822E-02  8.683636040E+04  1.585019556E+02  3.326552484E+02  2.755697716E+02  2.406493290E+02  8.543654469E-01 
       397 -2.568342124E-02  1.052055751E-01 -2.135968630E-02  8.671586089E+04  1.590415257E+02  3.325944135E+02  2.754690048E+02  2.414647258E+02  8.548099565E-01 
       398 -2.397735570E-02  1.059146334E-01 -1.899049647E-02  8.652412247E+04  1.596526775E+02  3.324917454E+02  2.752989420E+02  2.425591161E+02  8.558616342E-01 
       399 -2.220871387E-02  1.066063154E-01 -1.667396516E-02  8.617485669E+04  1.606519279E+02  3.323026034E+02  2.749858851E+02  2.442677091E+02  8.570024048E-01 
       400 -2.041003203E-02  1.073389070E-01 -1.437512078E-02  8.565390866E+04  1.622931381E+02  3.320169463E+02  2.745133602E+02  2.467398092E+02  8.574395711E-01 
       401 -1.856976066E-02  1.079715131E-01 -1.211630566E-02  8.498314982E+04  1.649064317E+02  3.316514605E+02  2.739093073E+02  2.496500090E+02  8.543210575E-01 
       402 -1.670953655E-02  1.086522831E-01 -9.860640570E-03  8.436464398E+04  1.683726702E+02  3.313176300E+02  2.733581620E+02  2.523525231E+02  8.459810855E-01 
       403 -1.482329113E-02  1.093026603E-01 -7.620995183E-03  8.438663338E+04  1.710345798E+02  3.313409601E+02  2.733967068E+02  2.526736192E+02  8.335436179E-01 
       404 -1.292306254E-02  1.099268373E-01 -5.385291055E-03  8.532838257E+04  1.715509915E+02  3.318694878E+02  2.742698126E+02  2.497970219E+02  8.214536104E-01 
       405 -1.101845801E-02  1.105590611E-01 -3.137660868E-03  8.689327982E+04  1.705733373E+02  3.327247459E+02  2.756854101E+02  2.444163959E+02  8.090852192E-01 
       406 -9.120841472E-03  1.111701815E-01 -8.914052251E-04  8.917248145E+04  1.678116726E+02  3.339527072E+02  2.777243093E+02  2.361369967E+02  7.977949961E-01 
       407 -7.240675928E-03  1.117476218E-01  1.353994698E-03  9.285998394E+04  1.635860289E+02  3.358406581E+02  2.808741331E+02  2.224843872E+02  7.804998965E-01 
       408 -5.370549944E-03  1.123083196E-01  3.627204146E-03  9.637035315E+04  1.642224383E+02  3.376000357E+02  2.838234773E+02  2.091629550E+02  7.397743734E-01 
       409 -3.530590186E-03  1.128981262E-01  5.933484609E-03  9.834853174E+04  1.736569058E+02  3.386113790E+02  2.855268142E+02  2.015657359E+02  6.653095641E-01 
       410 -1.726912218E-03  1.134387153E-01  8.259926622E-03  9.801354224E+04  1.850309868E+02  3.385045648E+02  2.853463073E+02  2.046789765E+02  6.090164836E-01 
       411  3.734044288E-05  1.140039107E-01  1.062617763E-02  9.714013574E+04  1.942831683E+02  3.380563326E+02  2.845911283E+02  2.088337517E+02  5.697485134E-01 
       412  1.740848712E-03  1.145879687E-01  1.302702968E-02  9.632219608E+04  2.019815552E+02  3.376389778E+02  2.838887046E+02  2.130072559E+02  5.407273458E-01 
       413  3.387617433E-03  1.151172021E-01  1.547343878E-02  9.584989688E+04  2.085045102E+02  3.374191145E+02  2.835190846E+02  2.158193167E+02  5.147487267E-01 
       414  4.957112811E-03  1.157081541E-01  1.796238578E-02  9.536327588E+04  2.154855003E+02  3.371487918E+02  2.830651383E+02  2.188437371E+02  4.877356691E-01 
       415  6.462677552E-03  1.163151534E-01  2.048609031E-02  9.456607568E+04  2.224556651E+02  3.367293959E+02  2.823613777E+02  2.229754252E+02  4.650808750E-01 
       416  7.926557233E-03  1.168909271E-01  2.304605918E-02  9.386251587E+04  2.283491945E+02  3.363684971E+02  2.817562840E+02  2.268042569E+02  4.477478601E-01 
       417  9.338612782E-03  1.175119790E-01  2.562398907E-02  9.356313850E+04  2.332922233E+02  3.361939720E+02  2.814639685E+02  2.291196265E+02  4.310566419E-01 
       418  1.068984297E-02  1.181121478E-01  2.822455248E-02  9.345517569E+04  2.379244140E+02  3.361255610E+02  2.813494223E+02  2.305872354E+02  4.132244739E-01 
       419  1.198650266E-02  1.187330819E-01  3.085849659E-02  9.339143263E+04  2.424780865E+02  3.360903249E+02  2.812904239E+02  2.318693371E+02  3.953534666E-01 
       420  1.322982934E-02  1.193430432E-01  3.352159396E-02  9.342439412E+04  2.466880776E+02  3.361028132E+02  2.813113293E+02  2.327415836E+02  3.778676079E-01 
       421  1.439865389E-02  1.199672983E-01  3.621509854E-02  9.363382457E+04  2.503255478E+02  3.362153838E+02  2.814998013E+02  2.330326540E+02  3.615135901E-01 
       422  1.553995729E-02  1.205631245E-01  3.892438234E-02  9.408886835E+04  2.534521528E+02  3.364508628E+02  2.818943233E+02  2.323863336E+02  3.444809302E-01 
       423  1.662952250E-02  1.211745408E-01  4.165332372E-02  9.462701300E+04  2.562023523E+02  3.367135403E+02  2.823346432E+02  2.314404349E+02  3.285591652E-01 
       424  1.764894372E-02  1.217373945E-01  4.441857664E-02  9.533221454E+04  2.583065078E+02  3.370699631E+02  2.829328452E+02  2.298564319E+02  3.136451010E-01 
       425  1.861873940E-02  1.222791769E-01  4.720617614E-02  9.632208418E+04  2.599647415E+02  3.375667752E+02  2.837675187E+02  2.271457014E+02  2.971200417E-01 
       426  1.950820179E-02  1.228336643E-01  5.001741530E-02  9.728586713E+04  2.617845831E+02  3.380378070E+02  2.845600288E+02  2.245712829E+02  2.801660720E-01 
       427  2.036944420E-02  1.233245632E-01  5.285072558E-02  9.821977798E+04  2.635146170E+02  3.385042754E+02  2.853459767E+02  2.220205171E+02  2.635301558E-01 
       428  2.117157025E-02  1.238295963E-01  5.569831964E-02  9.919950586E+04  2.651027255E+02  3.389861870E+02  2.861590662E+02  2.193179982E+02  2.472642201E-01 
       429  2.190592593E-02  1.242947792E-01  5.857026217E-02  1.001339304E+05  2.667579184E+02  3.394391527E+02  2.869242754E+02  2.166824055E+02  2.305596294E-01 
       430  2.257248913E-02  1.247551336E-01  6.145961794E-02  1.010021011E+05  2.685314312E+02  3.398578587E+02  2.876325464E+02  2.142773981E+02  2.140117176E-01 
       431  2.314781749E-02  1.251835029E-01  6.437124902E-02  1.017648345E+05  2.705529876E+02  3.402208376E+02  2.882472277E+02  2.122148213E+02  1.968813743E-01 
       432  2.363318974E-02  1.255957621E-01  6.730774801E-02  1.024071825E+05  2.727942193E+02  3.405328648E+02  2.887761035E+02  2.105738232E+02  1.798513369E-01 
       433  2.402789138E-02  1.260195069E-01  7.025072331E-02  1.029133110E+05  2.753289528E+02  3.407806015E+02  2.891963844E+02  2.095067225E+02  1.631442029E-01 
       434  2.431727977E-02  1.264030352E-01  7.321094069E-02  1.032562275E+05  2.781089401E+02  3.409618378E+02  2.895040493E+02  2.089350014E+02  1.464637807E-01 
       435  2.453016930E-02  1.268032789E-01  7.617447467E-02  1.034550576E+05  2.812061534E+02  3.410671377E+02  2.896828866E+02  2.090615392E+02  1.305302088E-01 
       436  2.462079541E-02  1.271795605E-01  7.915094878E-02  1.033830490E+05  2.846950014E+02  3.410516000E+02  2.896564686E+02  2.099324389E+02  1.148572138E-01 
       437  2.463902970E-02  1.275610820E-01  8.212637731E-02  1.029158809E+05  2.887756214E+02  3.408322253E+02  2.892840190E+02  2.124499884E+02  1.022190062E-01 
       438  2.457492051E-02  1.279220853E-01  8.510260082E-02  1.020996178E+05  2.932408179E+02  3.404433314E+02  2.886241643E+02  2.161194535E+02  9.192267299E-02 
       439  2.441429013E-02  1.282749863E-01  8.807550525E-02  1.013816695E+05  2.962685469E+02  3.400847521E+02  2.880165040E+02  2.201025258E+02  9.186933356E-02 
       440  2.420234297E-02  1.286273229E-01  9.105186832E-02  1.004802953E+05  2.970403849E+02  3.396675111E+02  2.873101945E+02  2.237598590E+02  1.042853114E-01 
       441  2.388558350E-02  1.289647853E-01  9.401845916E-02  1.003995106E+05  2.948735027E+02  3.396189183E+02  2.872279439E+02  2.242307010E+02  1.209440068E-01 
       442  2.351928731E-02  1.293134864E-01  9.696958543E-02  1.011892870E+05  2.908653064E+02  3.399959596E+02  2.878661392E+02  2.215972836E+02  1.362640136E-01 
       443  2.306449285E-02  1.296327241E-01  9.991680403E-02  1.023781636E+05  2.869332304E+02  3.405556593E+02  2.888147125E+02  2.173270631E+02  1.446305700E-01 
       444  2.257188759E-02  1.299515661E-01  1.028605699E-01  1.035587676E+05  2.835687914E+02  3.411302061E+02  2.897899818E+02  2.129759960E+02  1.495605963E-01 
       445  2.201092100E-02  1.302726916E-01  1.057899135E-01  1.045839323E+05  2.812616147E+02  3.416423897E+02  2.906608093E+02  2.093057620E+02  1.510537899E-01 
       446  2.143382683E-02  1.305960230E-01  1.087107054E-01  1.055096208E+05  2.799055042E+02  3.421335272E+02  2.914971071E+02  2.064893355E+02  1.502391167E-01 
       447  2.076802587E-02  1.309307408E-01  1.116221513E-01  1.062752544E+05  2.790787888E+02  3.426070633E+02  2.923045712E+02  2.043417511E+02  1.487801652E-01 
       448  2.010215597E-02  1.312657467E-01  1.145293522E-01  1.068007563E+05  2.784386044E+02  3.429790468E+02  2.929396296E+02  2.026670065E+02  1.480761832E-01 
       449  1.945135245E-02  1.316056955E-01  1.174374795E-01  1.071184723E+05  2.780422685E+02  3.432532618E+02  2.934081912E+02  2.015752330E+02  1.482506215E-01 
       450  1.885387307E-02  1.319548677E-01  1.203553293E-01  1.073072739E+05  2.779465346E+02  3.434228361E+02  2.936981299E+02  2.011432383E+02  1.491874657E-01 
       451  1.837479322E-02  1.322913677E-01  1.233018373E-01  1.073982725E+05  2.780264826E+02  3.434929476E+02  2.938180857E+02  2.012470813E+02  1.511440543E-01 
       452  1.811263581E-02  1.325954541E-01  1.262715907E-01  1.073926714E+05  2.782030382E+02  3.434955454E+02  2.938225431E+02  2.017651806E+02  1.539693410E-01 
       453  1.805653049E-02  1.328847135E-01  1.292554963E-01  1.073364878E+05  2.784377351E+02  3.434674797E+02  2.937745380E+02  2.025387673E+02  1.575308871E-01 
       454  1.819877737E-02  1.331672438E-01  1.322380588E-01  1.072506559E+05  2.787193757E+02  3.434194999E+02  2.936924938E+02  2.034963069E+02  1.615326283E-01 
       455  1.852494771E-02  1.334510277E-01  1.352129826E-01  1.071248159E+05  2.790850319E+02  3.433421887E+02  2.935602563E+02  2.046553774E+02  1.659615450E-01 
       456  1.890761882E-02  1.337081709E-01  1.381756048E-01  1.069622151E+05  2.794846798E+02  3.432450738E+02  2.933941836E+02  2.058448815E+02  1.701094598E-01 
       457  1.937808835E-02  1.339540030E-01  1.411279949E-01  1.067598839E+05  2.800315616E+02  3.431310611E+02  2.931993368E+02  2.072371075E+02  1.740634618E-01 
       458  1.989552602E-02  1.341916383E-01  1.440726902E-01  1.065655236E+05  2.806162232E+02  3.430248316E+02  2.930178047E+02  2.087267091E+02  1.781169482E-01 
       459  2.048114376E-02  1.344526817E-01  1.469999956E-01  1.063236353E+05  2.813017263E+02  3.428835192E+02  2.927743082E+02  2.103909483E+02  1.818216331E-01 
       460 -4.772920012E-02  1.664853148E-01 -4.258181757E-02  8.252987978E+04  1.813447575E+02  3.302767661E+02  2.716432469E+02  3.429066632E+02  1.013426207E+00 
       461 -4.770031945E-02  1.666117663E-01 -3.916302660E-02  8.229822644E+04  1.818643149E+02  3.301407580E+02  2.714196228E+02  3.437032726E+02  1.013091452E+00 
       462 -4.768621633E-02  1.667606858E-01 -3.574527808E-02  8.186239624E+04  1.830194800E+02  3.298766003E+02  2.709854469E+02  3.451435041E+02  1.011762815E+00 
       463 -4.773671611E-02  1.669008759E-01 -3.232563070E-02  8.125645947E+04  1.845844741E+02  3.295237293E+02  2.704061127E+02  3.469948645E+02  1.009815898E+00 
       464 -4.779814392E-02  1.670685917E-01 -2.890641835E-02  8.053293555E+04  1.866985273E+02  3.290870667E+02  2.696899586E+02  3.493387804E+02  1.006945409E+00 
       465 -4.772832030E-02  1.672854950E-01 -2.549705171E-02  7.975040503E+04  1.890966387E+02  3.286299038E+02  2.689411702E+02  3.517271810E+02  1.003237898E+00 
       466 -4.733274936E-02  1.676197526E-01 -2.211766833E-02  7.915354529E+04  1.917228568E+02  3.282976718E+02  2.683976188E+02  3.539603558E+02  9.985041656E-01 
       467 -4.646629434E-02  1.680852894E-01 -1.884685997E-02  7.943844623E+04  1.930961179E+02  3.285158633E+02  2.687549715E+02  3.531911283E+02  9.923753375E-01 
       468 -4.497458874E-02  1.687177674E-01 -1.583913045E-02  8.196623511E+04  1.899381247E+02  3.299872122E+02  2.711700945E+02  3.467430487E+02  9.913336784E-01 
       469 -4.311049959E-02  1.694263862E-01 -1.306511329E-02  8.548888696E+04  1.836220398E+02  3.319016552E+02  2.743247972E+02  3.369216557E+02  9.959360231E-01 
       470 -4.101650432E-02  1.701661907E-01 -1.047820325E-02  8.762012549E+04  1.787810621E+02  3.329730644E+02  2.760967426E+02  3.311539478E+02  1.003055543E+00 
       471 -3.872443978E-02  1.709287414E-01 -8.043812788E-03  8.732517407E+04  1.774207411E+02  3.327810440E+02  2.757786880E+02  3.326444187E+02  1.010161245E+00 
       472 -3.634257562E-02  1.716543837E-01 -5.706210795E-03  8.538551074E+04  1.793064356E+02  3.317329426E+02  2.740449009E+02  3.383045292E+02  1.013024427E+00 
       473 -3.384972842E-02  1.724025179E-01 -3.469956820E-03  8.159273138E+04  1.859963784E+02  3.296736813E+02  2.706555572E+02  3.491130500E+02  1.009185208E+00 
       474 -3.133060076E-02  1.731099844E-01 -1.271304633E-03  7.659770630E+04  1.974111873E+02  3.268434532E+02  2.660282869E+02  3.631462352E+02  9.969346519E-01 
       475 -2.873453975E-02  1.737912906E-01  8.535856133E-04  7.256607422E+04  2.085275192E+02  3.243941851E+02  2.620547047E+02  3.747395172E+02  9.825951457E-01 
       476 -2.611690126E-02  1.744247281E-01  2.958268427E-03  7.104008850E+04  2.128084245E+02  3.234024968E+02  2.604537034E+02  3.786878347E+02  9.762765579E-01 
       477 -2.348835128E-02  1.750433393E-01  5.058280838E-03  7.047412616E+04  2.142621374E+02  3.229806266E+02  2.597746382E+02  3.802109914E+02  9.745723056E-01 
       478 -2.083113736E-02  1.756162102E-01  7.133742148E-03  6.947159668E+04  2.183449068E+02  3.222388945E+02  2.585828514E+02  3.836014156E+02  9.680463783E-01 
       479 -1.816607045E-02  1.761555279E-01  9.209141426E-03  6.929416919E+04  2.226007690E+02  3.220688086E+02  2.583106718E+02  3.849236202E+02  9.564279616E-01 
       480 -1.549262448E-02  1.766467189E-01  1.128626304E-02  7.245406079E+04  2.220593557E+02  3.242017403E+02  2.617517090E+02  3.767846642E+02  9.412309229E-01 
       481 -1.281959455E-02  1.771087169E-01  1.337222607E-02  8.373294281E+04  2.127587709E+02  3.309853287E+02  2.728325818E+02  3.462768264E+02  9.156061122E-01 
       482 -1.015361520E-02  1.775059034E-01  1.547159933E-02  9.893574220E+04  2.071971746E+02  3.386554552E+02  2.856042442E+02  3.049562377E+02  8.726922726E-01 
       483 -7.491200012E-03  1.778633735E-01  1.757589553E-02  9.703915723E+04  2.194706254E+02  3.380538025E+02  2.845893497E+02  3.110318737E+02  8.368333355E-01 
       484 -4.837064878E-03  1.782590199E-01  1.971143984E-02  8.955830420E+04  2.297784815E+02  3.340794220E+02  2.779363451E+02  3.319339066E+02  8.332412727E-01 
       485 -2.188499166E-03  1.785530451E-01  2.185094162E-02  8.828357748E+04  2.312196596E+02  3.336320302E+02  2.771913707E+02  3.354523783E+02  8.345248895E-01 
       486  4.329096806E-04  1.787998193E-01  2.404680664E-02  8.870645215E+04  2.349055824E+02  3.338376579E+02  2.775324726E+02  3.344630642E+02  8.206335828E-01 
       487  3.027224691E-03  1.790317150E-01  2.627094405E-02  8.844596521E+04  2.375626163E+02  3.337147253E+02  2.773279526E+02  3.352798641E+02  8.132432173E-01 
       488  5.626976121E-03  1.792222402E-01  2.847807669E-02  8.941977515E+04  2.386969378E+02  3.343032479E+02  2.783078876E+02  3.332206478E+02  8.063555239E-01 
       489  8.191038637E-03  1.793338257E-01  3.074695743E-02  9.212871936E+04  2.382735770E+02  3.357439296E+02  2.807139986E+02  3.263147380E+02  7.970895031E-01 
       490  1.074058355E-02  1.794129340E-01  3.303046409E-02  9.604414676E+04  2.363974088E+02  3.376439920E+02  2.839012196E+02  3.161075907E+02  7.882673973E-01 
       491  1.325979491E-02  1.793970135E-01  3.532576038E-02  1.000057474E+05  2.341064332E+02  3.394543762E+02  2.869530334E+02  3.054899137E+02  7.810440483E-01 
       492  1.577166567E-02  1.793535417E-01  3.765132951E-02  1.030958475E+05  2.325681887E+02  3.409230261E+02  2.894402199E+02  2.972019973E+02  7.752538705E-01 
       493  1.825553626E-02  1.792503646E-01  4.000403552E-02  1.053880981E+05  2.320850234E+02  3.420899968E+02  2.914244094E+02  2.912000194E+02  7.692766162E-01 
       494  2.071273564E-02  1.790845686E-01  4.238164633E-02  1.074504453E+05  2.318642710E+02  3.431042033E+02  2.931545428E+02  2.857158024E+02  7.633316412E-01 
       495  2.315348782E-02  1.789033294E-01  4.476881837E-02  1.094737756E+05  2.313628302E+02  3.440068111E+02  2.946988964E+02  2.801583061E+02  7.587439455E-01 
       496  2.554611962E-02  1.786610662E-01  4.720294885E-02  1.113489941E+05  2.307883062E+02  3.448078642E+02  2.960728846E+02  2.749523144E+02  7.551285159E-01 
       497  2.790553153E-02  1.783591187E-01  4.966367300E-02  1.130683145E+05  2.304012985E+02  3.455441542E+02  2.973385572E+02  2.702764263E+02  7.515781596E-01 
       498  3.023553076E-02  1.780531658E-01  5.215009418E-02  1.146109556E+05  2.302518299E+02  3.462022655E+02  2.984720526E+02  2.662498775E+02  7.481147703E-01 
       499  3.255140683E-02  1.777481834E-01  5.464573084E-02  1.159301176E+05  2.301325990E+02  3.467728560E+02  2.994565676E+02  2.628602332E+02  7.454961082E-01 
       500  3.480321611E-02  1.773622653E-01  5.719033452E-02  1.169954021E+05  2.302207927E+02  3.472254319E+02  3.002386415E+02  2.599616029E+02  7.424688460E-01 
       501  3.704366447E-02  1.769956776E-01  5.978074099E-02  1.178628538E+05  2.303449912E+02  3.475919869E+02  3.008727663E+02  2.576679294E+02  7.401515623E-01 
       502  3.923116288E-02  1.766153691E-01  6.237867612E-02  1.185532775E+05  2.305594280E+02  3.478817711E+02  3.013745475E+02  2.558191333E+02  7.379079005E-01 
       503  4.136429871E-02  1.761773997E-01  6.501205622E-02  1.190333895E+05  2.310251874E+02  3.480691794E+02  3.016993039E+02  2.546260749E+02  7.351402107E-01 
       504  4.348069858E-02  1.757484529E-01  6.766046190E-02  1.193119060E+05  2.313742161E+02  3.481979618E+02  3.019225531E+02  2.539404111E+02  7.334570251E-01 
       505  4.554226392E-02  1.753162813E-01  7.034950997E-02  1.194604512E+05  2.319183645E+02  3.482534208E+02  3.020187483E+02  2.537482510E+02  7.314461283E-01 
       506  4.756665315E-02  1.748560179E-01  7.306168772E-02  1.194759772E+05  2.323737093E+02  3.482710888E+02  3.020493567E+02  2.539047409E+02  7.300451221E-01 
       507  4.956604909E-02  1.743615796E-01  7.580968578E-02  1.193388797E+05  2.329428760E+02  3.481957822E+02  3.019187372E+02  2.544123868E+02  7.284734636E-01 
       508  5.152654947E-02  1.738670862E-01  7.855886540E-02  1.190933942E+05  2.330875558E+02  3.480998671E+02  3.017523773E+02  2.553619595E+02  7.290716872E-01 
       509  5.347325952E-02  1.733659220E-01  8.131742073E-02  1.189716533E+05  2.327575025E+02  3.480344063E+02  3.016388952E+02  2.558714017E+02  7.312877240E-01 
       510  5.541917190E-02  1.728212690E-01  8.412523757E-02  1.194699689E+05  2.321459941E+02  3.482370500E+02  3.019903488E+02  2.548968371E+02  7.330937806E-01 
       511  5.731737707E-02  1.722438844E-01  8.698058411E-02  1.203372515E+05  2.324578308E+02  3.485620780E+02  3.025544438E+02  2.528442699E+02  7.301537970E-01 
       512  5.917186437E-02  1.716911252E-01  8.979478553E-02  1.205456835E+05  2.331682364E+02  3.486504479E+02  3.027079957E+02  2.521593413E+02  7.269503755E-01 
       513  6.096387184E-02  1.711643945E-01  9.255110888E-02  1.204532754E+05  2.344401289E+02  3.486171651E+02  3.026502303E+02  2.522334185E+02  7.221274700E-01 
       514  6.270700241E-02  1.705757992E-01  9.544380808E-02  1.202767849E+05  2.358563328E+02  3.485526371E+02  3.025382195E+02  2.524294081E+02  7.166199628E-01 
       515  6.442263795E-02  1.699823167E-01  9.834544530E-02  1.198268617E+05  2.369664537E+02  3.483513354E+02  3.021887105E+02  2.530295557E+02  7.128287972E-01 
       516  6.612271722E-02  1.694054111E-01  1.012510921E-01  1.193863835E+05  2.376841283E+02  3.481688528E+02  3.018720701E+02  2.539467669E+02  7.111267885E-01 
       517  6.776083839E-02  1.688452726E-01  1.042003507E-01  1.191649081E+05  2.385196632E+02  3.480895214E+02  3.017344636E+02  2.549657514E+02  7.090807506E-01 
       518  6.936215302E-02  1.682812898E-01  1.071729988E-01  1.190312539E+05  2.393404149E+02  3.480580251E+02  3.016799233E+02  2.559013754E+02  7.069624448E-01 
       519  7.082677073E-02  1.677321085E-01  1.102128146E-01  1.188964591E+05  2.400342262E+02  3.480523906E+02  3.016701167E+02  2.565986060E+02  7.049993174E-01 
       520  7.220712168E-02  1.672497044E-01  1.133584680E-01  1.187645754E+05  2.406221079E+02  3.480933117E+02  3.017411037E+02  2.571778967E+02  7.035407494E-01 
       521  7.342602904E-02  1.668557431E-01  1.165154693E-01  1.186605485E+05  2.411601582E+02  3.482017016E+02  3.019291523E+02  2.575731151E+02  7.021932937E-01 
       522  7.439926912E-02  1.665467988E-01  1.197652411E-01  1.186101986E+05  2.416608961E+02  3.483595324E+02  3.022029305E+02  2.577177200E+02  7.006946774E-01 
       523  7.498839543E-02  1.664581038E-01  1.231239650E-01  1.186074014E+05  2.420543842E+02  3.485150681E+02  3.024727383E+02  2.578031464E+02  6.998231784E-01 
       524  7.530423640E-02  1.665023734E-01  1.265249777E-01  1.185611399E+05  2.424352808E+02  3.485640774E+02  3.025577092E+02  2.579912724E+02  6.991323251E-01 
       525  7.543612494E-02  1.666233331E-01  1.299370256E-01  1.184528320E+05  2.431373825E+02  3.484614773E+02  3.023796921E+02  2.587895184E+02  6.977766342E-01 
       526  7.553122174E-02  1.667952118E-01  1.333496155E-01  1.183071165E+05  2.441720667E+02  3.482936392E+02  3.020884705E+02  2.601848769E+02  6.958892671E-01 
       527  7.566054780E-02  1.669469890E-01  1.367626796E-01  1.181710625E+05  2.446791220E+02  3.482768574E+02  3.020595942E+02  2.601798925E+02  6.947099362E-01 
       528  7.583993244E-02  1.671002891E-01  1.401745263E-01  1.180246823E+05  2.439327245E+02  3.485804887E+02  3.025875558E+02  2.574881278E+02  6.960957805E-01 
       529  7.600645069E-02  1.672586086E-01  1.435869327E-01  1.179148828E+05  2.415195546E+02  3.493226492E+02  3.038791227E+02  2.522666078E+02  7.022250500E-01 
       530  7.611546960E-02  1.674572299E-01  1.470000031E-01  1.179641605E+05  2.375731337E+02  3.502733347E+02  3.056069038E+02  2.454771421E+02  7.137219640E-01 
       531 -5.220359409E-02  2.342994603E-01 -4.210986580E-02  8.158848944E+04  1.838224348E+02  3.296843836E+02  2.707339238E+02  4.447646909E+02  1.144720166E+00 
       532 -5.220192467E-02  2.343108577E-01 -3.821952920E-02  8.102974265E+04  1.856580070E+02  3.294595734E+02  2.703008090E+02  4.456601543E+02  1.141115200E+00 
       533 -5.220302368E-02  2.343278434E-01 -3.432921672E-02  8.158733844E+04  1.853572402E+02  3.297336828E+02  2.707515545E+02  4.444890027E+02  1.140681040E+00 
       534 -5.220531674E-02  2.343446645E-01 -3.043898101E-02  8.335789217E+04  1.810188005E+02  3.307921497E+02  2.724945870E+02  4.408295177E+02  1.147816350E+00 
       535 -5.220735409E-02  2.343651870E-01 -2.654892396E-02  8.525642139E+04  1.759963417E+02  3.318467808E+02  2.742332706E+02  4.367566986E+02  1.156314358E+00 
       536 -5.221355576E-02  2.343966826E-01 -2.266385481E-02  8.582948090E+04  1.733207547E+02  3.320806150E+02  2.746188553E+02  4.348402057E+02  1.161111263E+00 
       537 -5.221196162E-02  2.344309954E-01 -1.877454498E-02  8.468923383E+04  1.746053644E+02  3.314317324E+02  2.735482834E+02  4.370190308E+02  1.160005781E+00 
       538 -5.222596507E-02  2.344687402E-01 -1.488167101E-02  8.287817186E+04  1.790194221E+02  3.304494720E+02  2.719290861E+02  4.417668555E+02  1.153679432E+00 
       539 -5.222923531E-02  2.345160018E-01 -1.099302079E-02  8.123795477E+04  1.831316993E+02  3.297285266E+02  2.707432810E+02  4.459793158E+02  1.147876594E+00 
       540 -5.210275326E-02  2.345957540E-01 -7.104134264E-03  8.023623239E+04  1.860856733E+02  3.291585320E+02  2.698076833E+02  4.479272041E+02  1.142708041E+00 
       541 -5.114101036E-02  2.348545508E-01 -3.375994418E-03  8.010145552E+04  1.858364078E+02  3.290004197E+02  2.695482424E+02  4.476457781E+02  1.143199555E+00 
       542 -4.917766965E-02  2.353023755E-01 -5.047413344E-05  8.031501587E+04  1.857771139E+02  3.290636024E+02  2.696517916E+02  4.475268726E+02  1.143439692E+00 
       543 -4.661414278E-02  2.358651253E-01  2.823323178E-03  8.161935229E+04  1.835859816E+02  3.298280659E+02  2.709073224E+02  4.446300936E+02  1.146110255E+00 
       544 -4.374488282E-02  2.364440537E-01  5.350106892E-03  8.526710339E+04  1.753399117E+02  3.319513729E+02  2.744080863E+02  4.366541371E+02  1.158758392E+00 
       545 -4.059796688E-02  2.370222596E-01  7.583171126E-03  8.878987366E+04  1.658704264E+02  3.337029948E+02  2.773094468E+02  4.290143073E+02  1.175008788E+00 
       546 -3.738701819E-02  2.375676250E-01  9.702642239E-03  8.682986121E+04  1.704086801E+02  3.325808287E+02  2.754502518E+02  4.335297017E+02  1.167744476E+00 
       547 -3.407522408E-02  2.380263225E-01  1.169481074E-02  8.209942285E+04  1.835990369E+02  3.302096229E+02  2.715351143E+02  4.440523181E+02  1.145098658E+00 
       548 -3.073065008E-02  2.384984497E-01  1.361793802E-02  8.092758533E+04  1.869177232E+02  3.297616379E+02  2.707968407E+02  4.464767375E+02  1.139245982E+00 
       549 -2.732884007E-02  2.388770261E-01  1.546643341E-02  8.167756433E+04  1.847238159E+02  3.302102504E+02  2.715342841E+02  4.444882135E+02  1.142650170E+00 
       550 -2.390908864E-02  2.392176502E-01  1.728468609E-02  8.131480714E+04  1.856538613E+02  3.298493795E+02  2.709415519E+02  4.451300832E+02  1.141244251E+00 
       551 -2.044822495E-02  2.394794424E-01  1.908927170E-02  8.056088898E+04  1.878041028E+02  3.292624929E+02  2.699786274E+02  4.465166492E+02  1.137860660E+00 
       552 -1.699643969E-02  2.397114515E-01  2.086461287E-02  8.064161108E+04  1.881317410E+02  3.292650018E+02  2.699837933E+02  4.462644920E+02  1.137638111E+00 
       553 -1.354033893E-02  2.398615604E-01  2.263394957E-02  8.125682617E+04  1.868074350E+02  3.296763649E+02  2.706591568E+02  4.449723129E+02  1.140746377E+00 
       554 -1.007792796E-02  2.399171479E-01  2.439846914E-02  8.152167163E+04  1.862422733E+02  3.298586316E+02  2.709576495E+02  4.441221766E+02  1.142539138E+00 
       555 -6.592279415E-03  2.399646350E-01  2.619220728E-02  8.063859375E+04  1.874353352E+02  3.293820906E+02  2.701745667E+02  4.453458672E+02  1.141949937E+00 
       556 -3.124907716E-03  2.398994093E-01  2.794309000E-02  7.916684033E+04  1.897079077E+02  3.284721680E+02  2.686868591E+02  4.485218410E+02  1.140602335E+00 
       557  3.338943067E-04  2.398017910E-01  2.968583889E-02  1.017823346E+05  2.080627084E+02  3.401422176E+02  2.881394254E+02  4.045108310E+02  1.054965144E+00 
       558  3.794068913E-03  2.396169640E-01  3.144821874E-02  9.933444873E+04  2.114384594E+02  3.395879636E+02  2.871829872E+02  4.057239180E+02  1.049300807E+00 
       559  7.248441593E-03  2.393064044E-01  3.320284907E-02  9.505213965E+04  2.106080389E+02  3.374998665E+02  2.836573124E+02  4.131060848E+02  1.057571493E+00 
       560  1.068879679E-02  2.389885178E-01  3.498866898E-02  9.216933179E+04  2.123470249E+02  3.360016823E+02  2.811435261E+02  4.189551945E+02  1.057409145E+00 
       561  1.412543948E-02  2.386075767E-01  3.676435012E-02  8.913812280E+04  2.142193613E+02  3.345893240E+02  2.787844677E+02  4.242419481E+02  1.056744613E+00 
       562  1.753589177E-02  2.380598424E-01  3.855175648E-02  8.771782861E+04  2.164627666E+02  3.340361404E+02  2.778633766E+02  4.274414711E+02  1.053805538E+00 
       563  2.093820079E-02  2.375000001E-01  4.035454522E-02  9.128350684E+04  2.144802799E+02  3.363072233E+02  2.816681223E+02  4.202638245E+02  1.053043544E+00 
       564  2.432947450E-02  2.368878370E-01  4.215773147E-02  1.055171136E+05  2.063387784E+02  3.434305388E+02  2.937541166E+02  3.882752780E+02  1.055650753E+00 
       565  2.770729830E-02  2.361795572E-01  4.394886350E-02  1.250354775E+05  1.984006684E+02  3.509789510E+02  3.067814827E+02  3.462858553E+02  1.064136848E+00 
       566  3.105826597E-02  2.354459967E-01  4.578622705E-02  1.273797654E+05  1.959364688E+02  3.519894385E+02  3.085361080E+02  3.410203700E+02  1.068445570E+00 
       567  3.438758923E-02  2.346372217E-01  4.762879820E-02  1.206684745E+05  1.983448935E+02  3.502422803E+02  3.054792868E+02  3.560917123E+02  1.059217200E+00 
       568  3.771502906E-02  2.337669833E-01  4.947240569E-02  1.195065699E+05  2.016977892E+02  3.500655644E+02  3.051703691E+02  3.580796664E+02  1.048507924E+00 
       569  4.101460083E-02  2.329246351E-01  5.135281935E-02  1.215169414E+05  2.026008446E+02  3.505327420E+02  3.059851284E+02  3.522077289E+02  1.044418696E+00 
       570  4.428347740E-02  2.319960665E-01  5.324515281E-02  1.225523308E+05  2.030374230E+02  3.505459437E+02  3.060080826E+02  3.482729416E+02  1.042005236E+00 
       571  4.749748393E-02  2.310181580E-01  5.520824782E-02  1.228533486E+05  2.040007281E+02  3.505822983E+02  3.060716481E+02  3.472768126E+02  1.038314572E+00 
       572  5.066691057E-02  2.300652086E-01  5.723980181E-02  1.237185427E+05  2.058526770E+02  3.509331717E+02  3.066846205E+02  3.458894521E+02  1.032348281E+00 
       573  5.379140778E-02  2.290521307E-01  5.932353399E-02  1.246278927E+05  2.084607055E+02  3.513068370E+02  3.073380692E+02  3.437747942E+02  1.023791271E+00 
       574  5.683956615E-02  2.279793322E-01  6.149869556E-02  1.249897607E+05  2.118434792E+02  3.514042721E+02  3.075086050E+02  3.424951305E+02  1.012873735E+00 
       575  5.985072913E-02  2.269370111E-01  6.373374277E-02  1.248823936E+05  2.154337959E+02  3.513058987E+02  3.073364620E+02  3.420052662E+02  1.001486346E+00 
       576  6.280959972E-02  2.258492183E-01  6.601505396E-02  1.244711430E+05  2.188492463E+02  3.511259878E+02  3.070217464E+02  3.421410910E+02  9.904780904E-01 
       577  6.573461678E-02  2.247295145E-01  6.832363097E-02  1.239973683E+05  2.221248782E+02  3.509294438E+02  3.066780124E+02  3.428581953E+02  9.798477469E-01 
       578  6.865501872E-02  2.236625994E-01  7.064894084E-02  1.232928394E+05  2.250062330E+02  3.506642540E+02  3.062147297E+02  3.434140835E+02  9.705948147E-01 
       579  7.151541969E-02  2.224865137E-01  7.302188293E-02  1.218741455E+05  2.273836231E+02  3.500944271E+02  3.052202706E+02  3.461239586E+02  9.632633068E-01 
       580  7.433322259E-02  2.213060150E-01  7.543149031E-02  1.208564868E+05  2.272332339E+02  3.497906208E+02  3.046910853E+02  3.465884476E+02  9.630498234E-01 
       581  7.711325138E-02  2.201536844E-01  7.789825066E-02  1.235684546E+05  2.284117730E+02  3.510932517E+02  3.069646396E+02  3.400780940E+02  9.567163053E-01 
       582  7.981655167E-02  2.189959972E-01  8.044372180E-02  1.243105674E+05  2.316621227E+02  3.516312537E+02  3.079069061E+02  3.369957285E+02  9.445548160E-01 
       583  8.242371870E-02  2.177951216E-01  8.306797326E-02  1.239384629E+05  2.334176903E+02  3.517446404E+02  3.081067848E+02  3.359280701E+02  9.373458587E-01 
       584  8.497819178E-02  2.166305248E-01  8.576177505E-02  1.233411468E+05  2.339595814E+02  3.517794356E+02  3.081692352E+02  3.353698252E+02  9.343150815E-01 
       585  8.747465708E-02  2.155008942E-01  8.852176985E-02  1.228802776E+05  2.335724831E+02  3.518441343E+02  3.082844663E+02  3.348021040E+02  9.344149716E-01 
       586  8.983863293E-02  2.143275504E-01  9.137087988E-02  1.226278994E+05  2.321732225E+02  3.519073734E+02  3.083969293E+02  3.345865006E+02  9.376250990E-01 
       587  9.211779941E-02  2.131724912E-01  9.430579148E-02  1.226347987E+05  2.302872541E+02  3.519796712E+02  3.085246050E+02  3.349603495E+02  9.425940361E-01 
       588  9.424446159E-02  2.121023496E-01  9.738772987E-02  1.228101567E+05  2.282945161E+02  3.519914747E+02  3.085453314E+02  3.354286377E+02  9.481818113E-01 
       589  9.610967173E-02  2.111612431E-01  1.006666829E-01  1.229565750E+05  2.258283285E+02  3.518831975E+02  3.083547202E+02  3.358087825E+02  9.552472961E-01 
       590  9.742401869E-02  2.103903297E-01  1.042235364E-01  1.230500213E+05  2.233158005E+02  3.515316378E+02  3.077372991E+02  3.364478286E+02  9.624900813E-01 
       591  9.764724840E-02  2.101688920E-01  1.080985861E-01  1.230811313E+05  2.213644989E+02  3.509582424E+02  3.067323494E+02  3.374764099E+02  9.683438241E-01 
       592  9.763062643E-02  2.101108570E-01  1.119846410E-01  1.229902523E+05  2.207639963E+02  3.506244136E+02  3.061477663E+02  3.379636074E+02  9.702661846E-01 
       593  9.759894170E-02  2.100363093E-01  1.158782398E-01  1.227995316E+05  2.215700821E+02  3.511911561E+02  3.071396468E+02  3.344008505E+02  9.669659487E-01 
       594  9.760335841E-02  2.100041055E-01  1.197683889E-01  1.226743599E+05  2.226154147E+02  3.526228628E+02  3.096517940E+02  3.265438673E+02  9.625456452E-01 
       595  9.760552297E-02  2.099886023E-01  1.236588659E-01  1.227187797E+05  2.236102842E+02  3.544052036E+02  3.127898717E+02  3.169513363E+02  9.589385961E-01 
       596  9.760989540E-02  2.100145164E-01  1.275491461E-01  1.228482777E+05  2.245052699E+02  3.556952425E+02  3.150696525E+02  3.102198388E+02  9.565930289E-01 
       597  9.760550437E-02  2.100148949E-01  1.314412195E-01  1.229883130E+05  2.251144633E+02  3.561477613E+02  3.158729315E+02  3.084752579E+02  9.549589790E-01 
       598  9.762031038E-02  2.101034915E-01  1.353312483E-01  1.231055708E+05  2.253758202E+02  3.559428729E+02  3.155143893E+02  3.111134938E+02  9.544556395E-01 
       599  9.762506170E-02  2.101609083E-01  1.392228176E-01  1.231653257E+05  2.249763503E+02  3.553704773E+02  3.145030780E+02  3.162328621E+02  9.557984455E-01 
       600  9.764671237E-02  2.102092269E-01  1.431110049E-01  1.232231506E+05  2.238582199E+02  3.546371751E+02  3.132070591E+02  3.211093581E+02  9.596376605E-01 
       601  9.766256924E-02  2.102587391E-01  1.469999989E-01  1.233034033E+05  2.223030205E+02  3.541667442E+02  3.120953865E+02  3.239828291E+02  9.648545086E-01 
