nodenumber     x-coordinate     y-coordinate     z-coordinate         pressure velocity-magnitude      sound-speed      temperature rel-velocity-magnitude relative-velocity-angle 
         1 -2.216901913E-02  1.039879580E-01 -4.300600202E-02  8.753871783E+04  1.538026631E+02  3.330624734E+02  2.762450133E+02  2.354579300E+02  8.591292133E-01 
         2 -2.197401757E-02  1.042260031E-01 -4.002397295E-02  8.745798615E+04  1.544460707E+02  3.330038218E+02  2.761476403E+02  2.363246421E+02  8.588187678E-01 
         3 -2.150271627E-02  1.045375264E-01 -3.708169353E-02  8.733070917E+04  1.551824014E+02  3.329279075E+02  2.760217731E+02  2.374575052E+02  8.591410089E-01 
         4 -2.072290556E-02  1.049359494E-01 -3.421635317E-02  8.719544202E+04  1.556030202E+02  3.328807726E+02  2.759435887E+02  2.373122287E+02  8.568280712E-01 
         5 -1.964621854E-02  1.053757771E-01 -3.145501365E-02  8.708994458E+04  1.563516951E+02  3.328222160E+02  2.758465819E+02  2.384406152E+02  8.570593577E-01 
         6 -1.833909717E-02  1.058829391E-01 -2.880182754E-02  8.698503174E+04  1.570878830E+02  3.327597466E+02  2.757431035E+02  2.394070783E+02  8.569999747E-01 
         7 -1.686396899E-02  1.064019756E-01 -2.624136390E-02  8.681309937E+04  1.581503620E+02  3.326449022E+02  2.755528288E+02  2.405269651E+02  8.555207606E-01 
         8 -1.524276490E-02  1.069101094E-01 -2.376908005E-02  8.663962793E+04  1.590604086E+02  3.325506439E+02  2.753966088E+02  2.416287556E+02  8.547462355E-01 
         9 -1.353040875E-02  1.074492491E-01 -2.136449246E-02  8.644070105E+04  1.602553256E+02  3.324350362E+02  2.752051351E+02  2.428624980E+02  8.532483969E-01 
        10 -1.175719847E-02  1.079385502E-01 -1.899452623E-02  8.623540521E+04  1.613850750E+02  3.323349495E+02  2.750394323E+02  2.439594791E+02  8.514416758E-01 
        11 -9.920451205E-03  1.084473482E-01 -1.667649769E-02  8.610046149E+04  1.625818310E+02  3.322648569E+02  2.749235543E+02  2.444638970E+02  8.473094967E-01 
        12 -8.053093039E-03  1.089314126E-01 -1.437870322E-02  8.627415894E+04  1.628233240E+02  3.323983369E+02  2.751444827E+02  2.442291815E+02  8.459479585E-01 
        13 -6.139911673E-03  1.093816015E-01 -1.211111235E-02  8.670968213E+04  1.622828517E+02  3.326283302E+02  2.755253568E+02  2.430712066E+02  8.453330826E-01 
        14 -4.213714023E-03  1.098625599E-01 -9.853315987E-03  8.756614844E+04  1.605177498E+02  3.330476284E+02  2.762205372E+02  2.404936113E+02  8.466180079E-01 
        15 -2.267252226E-03  1.102821410E-01 -7.616721013E-03  8.856265430E+04  1.563275928E+02  3.335795727E+02  2.771035986E+02  2.370214090E+02  8.586471230E-01 
        16 -3.058463972E-04  1.106716081E-01 -5.380345181E-03  8.927659790E+04  1.503523588E+02  3.339237661E+02  2.776759138E+02  2.351466665E+02  8.862602245E-01 
        17  1.649896870E-03  1.110991589E-01 -3.144821902E-03  8.752575977E+04  1.450554667E+02  3.330852909E+02  2.762844532E+02  2.405148518E+02  9.339557150E-01 
        18  3.605378217E-03  1.114680886E-01 -8.997268064E-04  7.568770544E+04  1.755019107E+02  3.262405810E+02  2.650457506E+02  2.866235819E+02  9.423823375E-01 
        19  5.548952344E-03  1.118349081E-01  1.356589372E-03  7.006861377E+04  2.120907750E+02  3.224994621E+02  2.590039539E+02  3.105135484E+02  8.426609868E-01 
        20  7.472030685E-03  1.121892539E-01  3.633809071E-03  7.297004001E+04  2.134304861E+02  3.245173465E+02  2.622601514E+02  2.985109528E+02  7.854609499E-01 
        21  9.366594022E-03  1.125505666E-01  5.932977735E-03  7.659079358E+04  2.072044541E+02  3.271357365E+02  2.665054746E+02  2.822813213E+02  7.544293771E-01 
        22  1.122147558E-02  1.129077905E-01  8.263617067E-03  7.898515907E+04  2.060011462E+02  3.287033965E+02  2.690645448E+02  2.717054733E+02  7.210374174E-01 
        23  1.303284284E-02  1.132507638E-01  1.062953057E-02  8.055026851E+04  2.084388197E+02  3.296108148E+02  2.705521468E+02  2.680579142E+02  6.955878342E-01 
        24  1.479928419E-02  1.136234762E-01  1.303021626E-02  8.174177927E+04  2.138805265E+02  3.301403159E+02  2.714221704E+02  2.659099224E+02  6.612622500E-01 
        25  1.649617427E-02  1.139938279E-01  1.547769530E-02  8.280858661E+04  2.192867970E+02  3.305857463E+02  2.721544743E+02  2.630347373E+02  6.239428218E-01 
        26  1.811807173E-02  1.143837002E-01  1.797032872E-02  8.353051001E+04  2.247656400E+02  3.308697972E+02  2.726214070E+02  2.614338613E+02  5.905047627E-01 
        27  1.968166241E-02  1.148013513E-01  2.049621310E-02  8.359821448E+04  2.316456027E+02  3.308664207E+02  2.726152778E+02  2.622512395E+02  5.585007672E-01 
        28  2.119101764E-02  1.152299366E-01  2.305322148E-02  8.304118754E+04  2.408130575E+02  3.304974467E+02  2.720076355E+02  2.657404860E+02  5.235912066E-01 
        29  2.266338778E-02  1.156643914E-01  2.563116057E-02  8.241513770E+04  2.495462503E+02  3.301586607E+02  2.714501255E+02  2.686242077E+02  4.892196429E-01 
        30  2.408077791E-02  1.161159634E-01  2.823658064E-02  8.187846509E+04  2.573052182E+02  3.299179251E+02  2.710543225E+02  2.704519739E+02  4.567138092E-01 
        31  2.544088325E-02  1.165921105E-01  3.086849856E-02  8.131034595E+04  2.658295627E+02  3.294827061E+02  2.703406544E+02  2.736124339E+02  4.254985843E-01 
        32  2.674433127E-02  1.170738851E-01  3.352942364E-02  8.071451709E+04  2.742183702E+02  3.290726485E+02  2.696684043E+02  2.772134066E+02  3.966235374E-01 
        33  2.797950643E-02  1.175445507E-01  3.622298897E-02  8.017575079E+04  2.815133598E+02  3.289019748E+02  2.693880100E+02  2.796358122E+02  3.689130736E-01 
        34  2.916313541E-02  1.180056499E-01  3.893937175E-02  7.988544980E+04  2.881125363E+02  3.288998550E+02  2.693836964E+02  2.807564662E+02  3.399308579E-01 
        35  3.031249539E-02  1.184785399E-01  4.167042727E-02  8.000939417E+04  2.949206816E+02  3.288519433E+02  2.693051314E+02  2.820976332E+02  3.109304472E-01 
        36  3.139929926E-02  1.189405785E-01  4.442941843E-02  8.026303860E+04  3.007415677E+02  3.290084209E+02  2.695618079E+02  2.823201669E+02  2.829100584E-01 
        37  3.242013936E-02  1.193808800E-01  4.721660669E-02  8.080857923E+04  3.057964988E+02  3.294126122E+02  2.702244759E+02  2.811378936E+02  2.529872175E-01 
        38  3.340677803E-02  1.198011670E-01  5.002067675E-02  8.214650494E+04  3.086561139E+02  3.302289708E+02  2.715665661E+02  2.773349811E+02  2.240805880E-01 
        39  3.430413654E-02  1.201853153E-01  5.285529857E-02  8.392201123E+04  3.098706160E+02  3.313182468E+02  2.733617868E+02  2.720354652E+02  1.979780053E-01 
        40  3.515433510E-02  1.205874318E-01  5.570324370E-02  8.608284473E+04  3.098281078E+02  3.325666809E+02  2.754259338E+02  2.656213570E+02  1.742575839E-01 
        41  3.592907297E-02  1.209644065E-01  5.857535950E-02  8.850093604E+04  3.084778390E+02  3.338781796E+02  2.776024561E+02  2.586083555E+02  1.554890387E-01 
        42  3.664355424E-02  1.213334730E-01  6.146049591E-02  9.096648999E+04  3.060573678E+02  3.350580401E+02  2.795673466E+02  2.517486916E+02  1.436249653E-01 
        43  3.727845098E-02  1.217084379E-01  6.437276718E-02  9.316848462E+04  3.027915230E+02  3.360289259E+02  2.811891241E+02  2.453021002E+02  1.387500549E-01 
        44  3.781448665E-02  1.220744111E-01  6.730672953E-02  9.482479712E+04  2.991817093E+02  3.367936134E+02  2.824698582E+02  2.402574849E+02  1.422698544E-01 
        45  3.826762164E-02  1.224563704E-01  7.025293559E-02  9.588202728E+04  2.958275418E+02  3.373574910E+02  2.834160023E+02  2.366571627E+02  1.506250543E-01 
        46  3.856443464E-02  1.228195695E-01  7.317567491E-02  9.647961719E+04  2.936013031E+02  3.376881561E+02  2.839718170E+02  2.343796616E+02  1.576259956E-01 
        47  3.882754171E-02  1.231963568E-01  7.616928387E-02  9.671544608E+04  2.914759735E+02  3.382013388E+02  2.848374854E+02  2.317455587E+02  1.632914806E-01 
        48  3.896508106E-02  1.235573809E-01  7.913505459E-02  9.665755664E+04  2.863211975E+02  3.393663101E+02  2.868186417E+02  2.234984550E+02  1.691136993E-01 
        49  3.903512947E-02  1.239238609E-01  8.213137167E-02  9.656894287E+04  2.746828227E+02  3.417149739E+02  2.908329523E+02  2.030207911E+02  1.818815824E-01 
        50  3.900153017E-02  1.243001337E-01  8.510504302E-02  9.641043509E+04  2.559542758E+02  3.454916289E+02  2.973048570E+02  1.672436774E+02  1.921756535E-01 
        51  3.889299026E-02  1.246700891E-01  8.806950082E-02  9.640089685E+04  2.398997436E+02  3.492965231E+02  3.038730137E+02  1.199339075E+02  1.539917587E-01 
        52  3.870303970E-02  1.250405990E-01  9.105247242E-02  9.644651831E+04  2.336057663E+02  3.520690155E+02  3.086864405E+02  7.830358839E+01  1.338567979E-02 
        53  3.847530202E-02  1.253810613E-01  9.402032493E-02  9.719880359E+04  2.339712462E+02  3.534002718E+02  3.110186101E+02  4.493943051E+01 -4.414311098E-01 
        54  3.809583015E-02  1.257752167E-01  9.695318516E-02  9.722580664E+04  2.273167686E+02  3.534300346E+02  3.110672112E+02  4.028102970E+01 -4.942089482E-01 
        55  3.767199372E-02  1.261489404E-01  9.992435767E-02  9.782909985E+04  2.381752958E+02  3.525861988E+02  3.095826058E+02  4.797751987E+01 -1.484420782E+00 
        56  3.723780727E-02  1.265196365E-01  1.028569506E-01  1.002963636E+05  2.491050708E+02  3.524476520E+02  3.093388256E+02  5.944973372E+01 -1.371678402E+00 
        57  3.672955052E-02  1.269046997E-01  1.057947981E-01  1.020520315E+05  2.493797781E+02  3.514132609E+02  3.075263844E+02  1.025893099E+02 -2.121336401E-01 
        58  3.615520807E-02  1.273091289E-01  1.087154776E-01  1.029585796E+05  2.407187366E+02  3.490284414E+02  3.033704138E+02  1.509483376E+02  2.230967786E-01 
        59  3.556812424E-02  1.277144368E-01  1.116309472E-01  1.043698159E+05  2.461046391E+02  3.453450825E+02  2.970023305E+02  1.851885403E+02  2.942599626E-01 
        60  3.495651588E-02  1.281329458E-01  1.145394580E-01  1.060161345E+05  2.545334668E+02  3.430570321E+02  2.930762110E+02  1.977915316E+02  2.808654848E-01 
        61  3.433795015E-02  1.285471243E-01  1.174457346E-01  1.073995177E+05  2.572521014E+02  3.426914549E+02  2.924495182E+02  1.953779435E+02  2.564599062E-01 
        62  3.376061330E-02  1.289460490E-01  1.203607660E-01  1.081209496E+05  2.589412220E+02  3.430785818E+02  2.931099541E+02  1.902744329E+02  2.292330719E-01 
        63  3.331803132E-02  1.293309423E-01  1.232882868E-01  1.082634922E+05  2.643670912E+02  3.432470063E+02  2.933976547E+02  1.923632562E+02  2.038865220E-01 
        64  3.310586596E-02  1.296649637E-01  1.262581306E-01  1.081346886E+05  2.691450584E+02  3.433114636E+02  2.935080249E+02  1.979567349E+02  1.957516812E-01 
        65  3.306639982E-02  1.299493947E-01  1.292495641E-01  1.079641928E+05  2.714902709E+02  3.432711054E+02  2.934390014E+02  2.011805397E+02  1.946328073E-01 
        66  3.322486525E-02  1.302097713E-01  1.322380794E-01  1.078396962E+05  2.738226234E+02  3.429103107E+02  2.928227686E+02  2.018325852E+02  1.848494067E-01 
        67  3.356462385E-02  1.304573038E-01  1.352130229E-01  1.076925931E+05  2.740080143E+02  3.428045838E+02  2.926421977E+02  2.029064006E+02  1.898183061E-01 
        68  3.400410102E-02  1.306751199E-01  1.381765647E-01  1.075484059E+05  2.745968623E+02  3.426881857E+02  2.924434373E+02  2.037215240E+02  1.912311788E-01 
        69  3.451963359E-02  1.308741206E-01  1.411278790E-01  1.072887825E+05  2.753503563E+02  3.426208649E+02  2.923284926E+02  2.041852005E+02  1.905410518E-01 
        70  3.508991352E-02  1.310576265E-01  1.440660380E-01  1.069124532E+05  2.760777228E+02  3.425905709E+02  2.922768307E+02  2.052797241E+02  1.923706725E-01 
        71  3.570211579E-02  1.312503676E-01  1.470000000E-01  1.063060605E+05  2.780145073E+02  3.423545990E+02  2.918713074E+02  2.077435932E+02  1.914835423E-01 
        72 -2.843361623E-02  1.708417341E-01 -4.258217492E-02  8.217115088E+04  1.832135887E+02  3.300750895E+02  2.713117542E+02  3.437789087E+02  1.008736115E+00 
        73 -2.838826984E-02  1.709653765E-01 -3.916427879E-02  8.216538495E+04  1.840383496E+02  3.299948359E+02  2.711799176E+02  3.448080163E+02  1.007872362E+00 
        74 -2.835908450E-02  1.711140563E-01 -3.574649433E-02  8.230547864E+04  1.838467406E+02  3.301249762E+02  2.713940361E+02  3.432788465E+02  1.005837036E+00 
        75 -2.838361088E-02  1.712589164E-01 -3.232950605E-02  8.269786133E+04  1.844684744E+02  3.302461910E+02  2.715935364E+02  3.447687578E+02  1.006868027E+00 
        76 -2.841360827E-02  1.714319125E-01 -2.891476756E-02  8.314710449E+04  1.823854260E+02  3.306538219E+02  2.722642961E+02  3.403567262E+02  1.006092634E+00 
        77 -2.833774301E-02  1.716334782E-01 -2.549995819E-02  8.365415662E+04  1.814741722E+02  3.309608912E+02  2.727702702E+02  3.386101038E+02  1.006221618E+00 
        78 -2.791452343E-02  1.719215161E-01 -2.212016887E-02  8.402755322E+04  1.817657833E+02  3.309978371E+02  2.728312349E+02  3.411213531E+02  1.009411853E+00 
        79 -2.700703325E-02  1.722886754E-01 -1.884820631E-02  8.405725415E+04  1.806095090E+02  3.310475864E+02  2.729132595E+02  3.408706961E+02  1.012978815E+00 
        80 -2.544395246E-02  1.727209334E-01 -1.584518523E-02  8.329676489E+04  1.810262842E+02  3.306984453E+02  2.723378882E+02  3.419650278E+02  1.013300906E+00 
        81 -2.351536464E-02  1.732363399E-01 -1.306823492E-02  8.140108763E+04  1.851429673E+02  3.295895841E+02  2.705147633E+02  3.474355252E+02  1.009170371E+00 
        82 -2.134527601E-02  1.737374909E-01 -1.047435973E-02  7.881719116E+04  1.908332189E+02  3.280696653E+02  2.680267355E+02  3.554118365E+02  1.004820063E+00 
        83 -1.897326710E-02  1.742189522E-01 -8.035177519E-03  7.613558618E+04  1.977369959E+02  3.265102323E+02  2.654851968E+02  3.640163158E+02  9.985084953E-01 
        84 -1.652827274E-02  1.746780172E-01 -5.688541800E-03  7.408421472E+04  2.043320022E+02  3.251530223E+02  2.632832210E+02  3.694103994E+02  9.872149639E-01 
        85 -1.397929867E-02  1.751251779E-01 -3.446989688E-03  7.296037793E+04  2.080214467E+02  3.245604596E+02  2.623245997E+02  3.723812242E+02  9.805626404E-01 
        86 -1.139011487E-02  1.755573757E-01 -1.256774906E-03  7.365628442E+04  2.112063932E+02  3.247792521E+02  2.626790400E+02  3.710484848E+02  9.668358844E-01 
        87 -8.734274343E-03  1.759085237E-01  8.667805443E-04  7.783930005E+04  2.046385590E+02  3.275529411E+02  2.671917548E+02  3.588702538E+02  9.655751791E-01 
        88 -6.073383534E-03  1.762548475E-01  2.984781313E-03  8.801344598E+04  1.913068548E+02  3.332071111E+02  2.764964253E+02  3.323754857E+02  9.659867194E-01 
        89 -3.359730182E-03  1.765819110E-01  5.053045394E-03  9.781679138E+04  1.758998265E+02  3.381918600E+02  2.848223871E+02  3.059162209E+02  9.826501929E-01 
        90 -6.741955509E-04  1.768270807E-01  7.130208361E-03  9.696194930E+04  1.678751067E+02  3.377346250E+02  2.840524632E+02  3.116040553E+02  1.018101072E+00 
        91  2.027043660E-03  1.770783858E-01  9.208570588E-03  7.917115138E+04  1.935857158E+02  3.281179346E+02  2.681084954E+02  3.581214202E+02  1.002157728E+00 
        92  4.731686997E-03  1.772422585E-01  1.127155269E-02  7.415217799E+04  2.090978599E+02  3.252157309E+02  2.633859609E+02  3.714168640E+02  9.744400197E-01 
        93  7.454465044E-03  1.773874983E-01  1.334309669E-02  7.405347957E+04  2.085279098E+02  3.250172877E+02  2.630657020E+02  3.713255733E+02  9.764479690E-01 
        94  1.015989937E-02  1.775222933E-01  1.545596277E-02  7.087125768E+04  2.173559755E+02  3.231093798E+02  2.599912807E+02  3.818901795E+02  9.684498622E-01 
        95  1.284858280E-02  1.775661421E-01  1.756817794E-02  6.727280069E+04  2.295078301E+02  3.205719118E+02  2.559252492E+02  3.939276364E+02  9.533999250E-01 
        96  1.551966693E-02  1.776138061E-01  1.970369132E-02  6.428674457E+04  2.392978613E+02  3.183989785E+02  2.524664006E+02  4.027978320E+02  9.402353298E-01 
        97  1.817410325E-02  1.776258069E-01  2.186017323E-02  6.169627563E+04  2.459337525E+02  3.168703594E+02  2.500450153E+02  4.083424182E+02  9.306068998E-01 
        98  2.080993586E-02  1.775631240E-01  2.403936301E-02  5.979805603E+04  2.541454759E+02  3.154488463E+02  2.478096776E+02  4.155308876E+02  9.201021194E-01 
        99  2.341570779E-02  1.774969016E-01  2.625394818E-02  5.931260144E+04  2.592355371E+02  3.151511497E+02  2.473475156E+02  4.177300749E+02  9.084247239E-01 
       100  2.600295182E-02  1.773818036E-01  2.848806157E-02  6.097139722E+04  2.596385231E+02  3.166904221E+02  2.497758741E+02  4.112596502E+02  8.920806721E-01 
       101  2.856627515E-02  1.771883875E-01  3.074502562E-02  6.625693921E+04  2.556420536E+02  3.203557138E+02  2.556365299E+02  3.957435436E+02  8.725723587E-01 
       102  3.110662233E-02  1.769811535E-01  3.302644514E-02  7.477166333E+04  2.454273453E+02  3.260067635E+02  2.647481403E+02  3.690844688E+02  8.524617068E-01 
       103  3.362247542E-02  1.767159818E-01  3.532849163E-02  8.165186292E+04  2.410430884E+02  3.301477547E+02  2.714548502E+02  3.502504339E+02  8.291495834E-01 
       104  3.610895472E-02  1.763647845E-01  3.765120331E-02  8.280010388E+04  2.464232395E+02  3.306400566E+02  2.722476993E+02  3.491408329E+02  8.087211410E-01 
       105  3.856497337E-02  1.759966372E-01  4.000321012E-02  8.018076465E+04  2.556867751E+02  3.290953871E+02  2.697103052E+02  3.563600113E+02  7.908961480E-01 
       106  4.103059304E-02  1.755360248E-01  4.234569910E-02  7.791862739E+04  2.646275343E+02  3.276545543E+02  2.673494511E+02  3.648251296E+02  7.763093495E-01 
       107  4.340106546E-02  1.750377176E-01  4.474435622E-02  7.839005978E+04  2.674905055E+02  3.281682116E+02  2.681898230E+02  3.631568096E+02  7.633359581E-01 
       108  4.575540032E-02  1.745445103E-01  4.717695363E-02  8.190694116E+04  2.669089186E+02  3.303050933E+02  2.716997898E+02  3.528314490E+02  7.458894141E-01 
       109  4.807037784E-02  1.739953488E-01  4.963532790E-02  8.827816260E+04  2.628007393E+02  3.337320890E+02  2.773733149E+02  3.361512661E+02  7.301957272E-01 
       110  5.034733117E-02  1.734133857E-01  5.212084081E-02  9.509473291E+04  2.585212574E+02  3.371646271E+02  2.831013699E+02  3.170817394E+02  7.129422203E-01 
       111  5.258765486E-02  1.728405975E-01  5.464144749E-02  9.965261914E+04  2.573831825E+02  3.394103222E+02  2.868785992E+02  3.052044220E+02  6.978815198E-01 
       112  5.479076840E-02  1.722430532E-01  5.718902978E-02  1.024964080E+05  2.574253311E+02  3.408715658E+02  2.893526583E+02  2.989011641E+02  6.879688017E-01 
       113  5.694737683E-02  1.716020731E-01  5.976586917E-02  1.054191536E+05  2.568874204E+02  3.423533871E+02  2.918743761E+02  2.903275959E+02  6.775726425E-01 
       114  5.911848447E-02  1.709340834E-01  6.233872565E-02  1.088951783E+05  2.562262547E+02  3.438992985E+02  2.945147557E+02  2.812132768E+02  6.671948222E-01 
       115  6.119351897E-02  1.703313828E-01  6.496775561E-02  1.117169949E+05  2.550280356E+02  3.451555738E+02  2.966706433E+02  2.745319910E+02  6.630891990E-01 
       116  6.319798910E-02  1.696485115E-01  6.765543605E-02  1.137775981E+05  2.544774070E+02  3.459541578E+02  2.980444703E+02  2.702407765E+02  6.595785059E-01 
       117  6.520189851E-02  1.689621155E-01  7.034628384E-02  1.157177798E+05  2.539552498E+02  3.466765594E+02  2.992904396E+02  2.655111790E+02  6.559141986E-01 
       118  6.717992039E-02  1.682884043E-01  7.305807409E-02  1.172654272E+05  2.520085392E+02  3.473805771E+02  3.005073328E+02  2.596986666E+02  6.571604107E-01 
       119  6.910755662E-02  1.675987334E-01  7.579818779E-02  1.184702255E+05  2.491809728E+02  3.480199735E+02  3.016141768E+02  2.561116080E+02  6.649155128E-01 
       120  7.101404689E-02  1.668389198E-01  7.852135391E-02  1.194511993E+05  2.465527511E+02  3.484509254E+02  3.023616753E+02  2.544279730E+02  6.737936651E-01 
       121  7.286652020E-02  1.661304029E-01  8.130170181E-02  1.196099921E+05  2.447790934E+02  3.485555424E+02  3.025432199E+02  2.548066344E+02  6.815494518E-01 
       122  7.473378469E-02  1.653966549E-01  8.408122010E-02  1.196538887E+05  2.438322868E+02  3.486673489E+02  3.027377071E+02  2.551040859E+02  6.858676113E-01 
       123  7.654776682E-02  1.646234676E-01  8.688218818E-02  1.196161313E+05  2.434215913E+02  3.487947578E+02  3.029591713E+02  2.537603045E+02  6.865291633E-01 
       124  7.830115451E-02  1.638494494E-01  8.971806956E-02  1.194917188E+05  2.425760555E+02  3.489409180E+02  3.032143269E+02  2.524079876E+02  6.889893077E-01 
       125  8.003223315E-02  1.630890187E-01  9.257063461E-02  1.192842439E+05  2.402492647E+02  3.494035292E+02  3.040226760E+02  2.521842031E+02  6.989381891E-01 
       126  8.174167210E-02  1.623344685E-01  9.543869445E-02  1.190024736E+05  2.392900875E+02  3.498953652E+02  3.048829901E+02  2.506865048E+02  7.023700480E-01 
       127  8.339566060E-02  1.615413001E-01  9.829620033E-02  1.187540062E+05  2.397627808E+02  3.502354717E+02  3.054779148E+02  2.477456884E+02  6.988042720E-01 
       128  8.500809507E-02  1.607572746E-01  1.012133408E-01  1.186675513E+05  2.395208426E+02  3.505135300E+02  3.059632304E+02  2.421745857E+02  6.966367629E-01 
       129  8.654116005E-02  1.600133249E-01  1.041766726E-01  1.186641563E+05  2.360997257E+02  3.514429359E+02  3.075882860E+02  2.349463199E+02  7.084818040E-01 
       130  8.807530659E-02  1.592883350E-01  1.071513815E-01  1.185569048E+05  2.324333820E+02  3.525248113E+02  3.094838309E+02  2.272782822E+02  7.225853866E-01 
       131  8.946870181E-02  1.585918917E-01  1.101955952E-01  1.183722669E+05  2.307157832E+02  3.532233162E+02  3.107083681E+02  2.191679575E+02  7.272793751E-01 
       132  9.078169785E-02  1.579398834E-01  1.132895212E-01  1.183622212E+05  2.332411727E+02  3.530948870E+02  3.104784529E+02  2.102897364E+02  7.128354870E-01 
       133  9.193376095E-02  1.573753789E-01  1.164622823E-01  1.184694387E+05  2.305774784E+02  3.530920601E+02  3.104712250E+02  2.085498960E+02  7.235429054E-01 
       134  9.287851211E-02  1.569754829E-01  1.197270904E-01  1.184690147E+05  2.250844429E+02  3.525754185E+02  3.095661241E+02  2.195417783E+02  7.509584301E-01 
       135  9.346963790E-02  1.567893278E-01  1.230899614E-01  1.185418658E+05  2.288658065E+02  3.508503579E+02  3.065496701E+02  2.369423656E+02  7.434041272E-01 
       136  9.376445592E-02  1.568076376E-01  1.265149706E-01  1.185274622E+05  2.381208296E+02  3.488276491E+02  3.030219259E+02  2.544435811E+02  7.153331265E-01 
       137  9.391306034E-02  1.569225935E-01  1.299303306E-01  1.182883047E+05  2.424807625E+02  3.477649946E+02  3.011737728E+02  2.606959009E+02  7.027335782E-01 
       138  9.402896493E-02  1.570765633E-01  1.333445553E-01  1.181006064E+05  2.423126402E+02  3.476019936E+02  3.008905220E+02  2.597389431E+02  7.032111865E-01 
       139  9.417960043E-02  1.572174564E-01  1.367593072E-01  1.180176069E+05  2.425761719E+02  3.476157179E+02  3.009142008E+02  2.604362817E+02  7.035473343E-01 
       140  9.437397158E-02  1.573466446E-01  1.401725853E-01  1.179447018E+05  2.430446494E+02  3.477245917E+02  3.011026249E+02  2.616490357E+02  7.035423433E-01 
       141  9.455826038E-02  1.574868932E-01  1.435861248E-01  1.178836991E+05  2.433932869E+02  3.479085115E+02  3.014208839E+02  2.620631248E+02  7.032707867E-01 
       142  9.468914447E-02  1.576724412E-01  1.470000022E-01  1.178191294E+05  2.437980900E+02  3.479801426E+02  3.015569458E+02  2.624358435E+02  7.029302791E-01 
       143 -2.515044289E-02  2.387134140E-01 -4.211006034E-02  8.299521732E+04  1.814777398E+02  3.305333831E+02  2.720658270E+02  4.416348218E+02  1.147410029E+00 
       144 -2.515073613E-02  2.387267259E-01 -3.821832766E-02  8.439455909E+04  1.784076238E+02  3.312826751E+02  2.733014314E+02  4.395046271E+02  1.152980875E+00 
       145 -2.514274647E-02  2.387409373E-01 -3.433018188E-02  8.581299850E+04  1.744501540E+02  3.321006737E+02  2.746527081E+02  4.342757954E+02  1.158239182E+00 
       146 -2.514933814E-02  2.387615668E-01 -3.043885368E-02  8.617338686E+04  1.739513514E+02  3.322353179E+02  2.748756376E+02  4.346895793E+02  1.160089599E+00 
       147 -2.514205174E-02  2.387863737E-01 -2.655197175E-02  8.500183492E+04  1.782906260E+02  3.314811898E+02  2.736295767E+02  4.381067821E+02  1.152678707E+00 
       148 -2.514801404E-02  2.388163633E-01 -2.268742808E-02  8.295481395E+04  1.811775028E+02  3.305585216E+02  2.721075836E+02  4.395484657E+02  1.147117972E+00 
       149 -2.514603624E-02  2.387984711E-01 -1.877579094E-02  8.050070117E+04  1.881451778E+02  3.291418114E+02  2.697806778E+02  4.462506447E+02  1.136266559E+00 
       150 -2.513833525E-02  2.388756875E-01 -1.487946342E-02  7.910938569E+04  1.929639542E+02  3.282683437E+02  2.683498880E+02  4.512901900E+02  1.129946294E+00 
       151 -2.514495058E-02  2.389300222E-01 -1.098752945E-02  7.912169452E+04  1.909422530E+02  3.283917204E+02  2.685517064E+02  4.486784697E+02  1.131823683E+00 
       152 -2.501801490E-02  2.389948317E-01 -7.101428526E-03  8.112660956E+04  1.868408594E+02  3.293498037E+02  2.701228523E+02  4.473005710E+02  1.140488309E+00 
       153 -2.403359079E-02  2.391541778E-01 -3.362202731E-03  8.580575282E+04  1.735426988E+02  3.321137199E+02  2.746756993E+02  4.342034949E+02  1.160533943E+00 
       154 -2.203079393E-02  2.393877231E-01 -4.501692070E-05  8.930526572E+04  1.654291741E+02  3.339260577E+02  2.776805298E+02  4.278814503E+02  1.174676343E+00 
       155 -1.942355624E-02  2.396357170E-01  2.825132604E-03  8.672974045E+04  1.726188401E+02  3.324672185E+02  2.752629909E+02  4.331095091E+02  1.161624080E+00 
       156 -1.648721574E-02  2.398964014E-01  5.342831758E-03  8.193377087E+04  1.827579298E+02  3.300357068E+02  2.712488248E+02  4.444444392E+02  1.147202491E+00 
       157 -1.330897545E-02  2.400801911E-01  7.594698846E-03  8.031067090E+04  1.891090331E+02  3.287153587E+02  2.690818992E+02  4.475446081E+02  1.134774962E+00 
       158 -1.004552185E-02  2.402353079E-01  9.709455816E-03  8.066867908E+04  1.861568632E+02  3.289910574E+02  2.695338306E+02  4.464188232E+02  1.141295195E+00 
       159 -6.714656287E-03  2.403804415E-01  1.171394437E-02  8.069800668E+04  1.850475916E+02  3.290106845E+02  2.695660499E+02  4.456584702E+02  1.143466779E+00 
       160 -3.322138608E-03  2.404066774E-01  1.362735999E-02  7.984894867E+04  1.847768188E+02  3.287689078E+02  2.691711508E+02  4.483726399E+02  1.147849419E+00 
       161  9.783589121E-05  2.404201762E-01  1.547870720E-02  7.974367786E+04  1.866524179E+02  3.285543284E+02  2.688217735E+02  4.467387686E+02  1.143060397E+00 
       162  3.534439975E-03  2.403949673E-01  1.730379042E-02  8.226731958E+04  1.790853882E+02  3.303948507E+02  2.718581219E+02  4.448797512E+02  1.161580265E+00 
       163  6.969024296E-03  2.402279751E-01  1.908412837E-02  9.194847827E+04  1.551713034E+02  3.357943702E+02  2.808302011E+02  4.187230923E+02  1.198570788E+00 
       164  1.043411823E-02  2.400800089E-01  2.085152946E-02  7.890424335E+04  1.878902203E+02  3.288670163E+02  2.693328630E+02  4.463245862E+02  1.140652865E+00 
       165  1.388371434E-02  2.398652026E-01  2.263181169E-02  7.939515118E+04  1.864774828E+02  3.289000437E+02  2.693871751E+02  4.468442111E+02  1.144321418E+00 
       166  1.734145131E-02  2.394992745E-01  2.440657916E-02  7.900009961E+04  1.899691761E+02  3.284392476E+02  2.686319985E+02  4.512775588E+02  1.140162123E+00 
       167  2.080043859E-02  2.391294908E-01  2.615375350E-02  7.883680356E+04  1.875451605E+02  3.288277808E+02  2.692670248E+02  4.433455672E+02  1.138355822E+00 
       168  2.424052770E-02  2.387186889E-01  2.792040504E-02  7.893839587E+04  1.895537477E+02  3.287919273E+02  2.692081633E+02  4.451409078E+02  1.135439397E+00 
       169  2.766624902E-02  2.381908713E-01  2.968394578E-02  7.876979871E+04  1.922908406E+02  3.286923923E+02  2.690445948E+02  4.476122208E+02  1.131055685E+00 
       170  3.108229850E-02  2.375970478E-01  3.144655572E-02  7.843945520E+04  1.943643285E+02  3.286618736E+02  2.689944601E+02  4.432896681E+02  1.121978172E+00 
       171  3.449726266E-02  2.369314331E-01  3.319569832E-02  7.845105026E+04  1.957175471E+02  3.287758830E+02  2.691821868E+02  4.421312046E+02  1.118272753E+00 
       172  3.787267708E-02  2.362004853E-01  3.498142333E-02  7.890642456E+04  1.991536474E+02  3.288389554E+02  2.692877316E+02  4.438397570E+02  1.113481915E+00 
       173  4.123744789E-02  2.354271843E-01  3.677379579E-02  7.917660889E+04  2.015034428E+02  3.289318357E+02  2.694405956E+02  4.430004787E+02  1.109209269E+00 
       174  4.456263149E-02  2.345133553E-01  3.856958315E-02  7.874092155E+04  2.037920086E+02  3.287118164E+02  2.690790917E+02  4.408594434E+02  1.103320214E+00 
       175  4.789152860E-02  2.335402793E-01  4.034492433E-02  7.712998535E+04  2.095402981E+02  3.276745939E+02  2.673862568E+02  4.457665024E+02  1.095008933E+00 
       176  5.119514426E-02  2.325727211E-01  4.215365701E-02  7.510375347E+04  2.133731641E+02  3.267200767E+02  2.658308015E+02  4.488142725E+02  1.090082735E+00 
       177  5.444737908E-02  2.314873556E-01  4.396264389E-02  7.327479671E+04  2.188113871E+02  3.256234829E+02  2.640469984E+02  4.524308369E+02  1.081239390E+00 
       178  5.771043354E-02  2.303389779E-01  4.576361213E-02  7.111591513E+04  2.235876548E+02  3.244129739E+02  2.620933299E+02  4.525180521E+02  1.071303714E+00 
       179  6.093363739E-02  2.292015055E-01  4.761570799E-02  6.852787329E+04  2.342455378E+02  3.223876877E+02  2.588284135E+02  4.614432468E+02  1.054913033E+00 
       180  6.411569228E-02  2.279427553E-01  4.946832252E-02  6.684181006E+04  2.450196829E+02  3.215418997E+02  2.574703484E+02  4.630436344E+02  1.029497668E+00 
       181  6.728438578E-02  2.267057043E-01  5.135068917E-02  6.940121289E+04  2.589598312E+02  3.232539816E+02  2.602316122E+02  4.637739668E+02  9.933079295E-01 
       182  7.045491472E-02  2.254566135E-01  5.324396322E-02  8.097920874E+04  2.669560184E+02  3.298711123E+02  2.710464244E+02  4.387100339E+02  9.410272846E-01 
       183  7.352398986E-02  2.240979077E-01  5.520813549E-02  9.657923364E+04  2.518514695E+02  3.378349080E+02  2.842607708E+02  4.041706648E+02  9.431587253E-01 
       184  7.654294831E-02  2.227589545E-01  5.724026033E-02  1.044430824E+05  2.381221167E+02  3.418993872E+02  2.911045174E+02  3.911468587E+02  9.666974705E-01 
       185  7.954929441E-02  2.214414527E-01  5.933596166E-02  1.086757783E+05  2.452702303E+02  3.439967928E+02  2.946928525E+02  3.778023596E+02  9.360222425E-01 
       186  8.244157493E-02  2.200232159E-01  6.149679439E-02  1.244415254E+05  2.419202271E+02  3.505603104E+02  3.060418777E+02  3.460524979E+02  9.262385070E-01 
       187  8.531452000E-02  2.186177542E-01  6.372436707E-02  1.192645361E+05  2.419242445E+02  3.487309411E+02  3.028505605E+02  3.556899483E+02  9.274588595E-01 
       188  8.816039266E-02  2.172472440E-01  6.601424901E-02  1.210755027E+05  2.323470273E+02  3.501352654E+02  3.052937717E+02  3.485023546E+02  9.507463071E-01 
       189  9.092008057E-02  2.157826082E-01  6.831794754E-02  1.215214872E+05  2.301828339E+02  3.494333662E+02  3.040701376E+02  3.504653756E+02  9.560269477E-01 
       190  9.367581728E-02  2.143255962E-01  7.064980943E-02  1.217725290E+05  2.234803788E+02  3.498448537E+02  3.047864607E+02  3.468343353E+02  9.722931731E-01 
       191  9.641114101E-02  2.128789625E-01  7.302159977E-02  1.222517650E+05  2.199026150E+02  3.501046448E+02  3.052388533E+02  3.447228580E+02  9.818299776E-01 
       192  9.907895187E-02  2.114028516E-01  7.542603674E-02  1.225627935E+05  2.192666802E+02  3.503771234E+02  3.057148523E+02  3.464136171E+02  9.835178256E-01 
       193  1.016896232E-01  2.099003163E-01  7.789626121E-02  1.226172319E+05  2.233261359E+02  3.501898394E+02  3.053875778E+02  3.450207982E+02  9.705577726E-01 
       194  1.042573666E-01  2.084682280E-01  8.044071344E-02  1.226051534E+05  2.206845754E+02  3.508284645E+02  3.065032952E+02  3.433640497E+02  9.772168035E-01 
       195  1.067132028E-01  2.069758083E-01  8.306726980E-02  1.226341379E+05  2.233618709E+02  3.510675703E+02  3.069240353E+02  3.423348320E+02  9.682887123E-01 
       196  1.091091693E-01  2.055182938E-01  8.576040538E-02  1.228517564E+05  2.225404771E+02  3.525201542E+02  3.094733117E+02  3.386842684E+02  9.697563543E-01 
       197  1.114533399E-01  2.040960959E-01  8.851719904E-02  1.228261362E+05  2.235745780E+02  3.540542918E+02  3.121789936E+02  3.327658583E+02  9.651439383E-01 
       198  1.136946430E-01  2.026973542E-01  9.137514269E-02  1.226478511E+05  2.254040467E+02  3.554790161E+02  3.146974141E+02  3.225530156E+02  9.584707114E-01 
       199  1.158224243E-01  2.012857480E-01  9.431046231E-02  1.225179915E+05  2.265673994E+02  3.570228239E+02  3.174324591E+02  3.083025989E+02  9.563472906E-01 
       200  1.177983438E-01  1.999614296E-01  9.738734661E-02  1.223488808E+05  2.289835451E+02  3.581067249E+02  3.193556091E+02  2.930537542E+02  9.526457645E-01 
       201  1.195376812E-01  1.988013159E-01  1.006637087E-01  1.222908021E+05  2.327067345E+02  3.581150558E+02  3.193684440E+02  2.834120011E+02  9.429764942E-01 
       202  1.207748534E-01  1.979244993E-01  1.042263433E-01  1.220665334E+05  2.344379662E+02  3.568713734E+02  3.171596930E+02  2.934773462E+02  9.348808904E-01 
       203  1.209766187E-01  1.976967879E-01  1.080979692E-01  1.221875215E+05  2.334900005E+02  3.542230404E+02  3.124743043E+02  3.260979683E+02  9.347920880E-01 
       204  1.209415894E-01  1.976147862E-01  1.119887176E-01  1.224430817E+05  2.292415222E+02  3.520152003E+02  3.085867395E+02  3.354781351E+02  9.457583020E-01 
       205  1.209136670E-01  1.975679793E-01  1.158784497E-01  1.225700787E+05  2.254262619E+02  3.510478476E+02  3.068877458E+02  3.407160687E+02  9.571742318E-01 
       206  1.209140530E-01  1.975343277E-01  1.197687765E-01  1.226023763E+05  2.216696727E+02  3.510448050E+02  3.068819604E+02  3.408678306E+02  9.681597354E-01 
       207  1.209033119E-01  1.974945510E-01  1.236620610E-01  1.225940973E+05  2.201450905E+02  3.513765256E+02  3.074637442E+02  3.352126892E+02  9.715060708E-01 
       208  1.208998844E-01  1.975608583E-01  1.275528569E-01  1.225030798E+05  2.209284377E+02  3.519097639E+02  3.084039744E+02  3.374335560E+02  9.707022737E-01 
       209  1.209086196E-01  1.975927695E-01  1.314428594E-01  1.224968911E+05  2.204364527E+02  3.526361461E+02  3.096817833E+02  3.364273837E+02  9.721518955E-01 
       210  1.209261261E-01  1.976437754E-01  1.353324952E-01  1.225245320E+05  2.221073138E+02  3.531142942E+02  3.105234824E+02  3.307855296E+02  9.667498202E-01 
       211  1.209477387E-01  1.976921952E-01  1.392217013E-01  1.224998108E+05  2.211310557E+02  3.537895650E+02  3.117120342E+02  3.223933340E+02  9.705202715E-01 
       212  1.209659901E-01  1.977439656E-01  1.431109690E-01  1.227779326E+05  2.191631566E+02  3.547920723E+02  3.134649594E+02  3.085996553E+02  9.774019688E-01 
       213  1.210017723E-01  1.977818072E-01  1.470000027E-01  1.231132490E+05  2.206177416E+02  3.552524958E+02  3.141033344E+02  3.018400202E+02  9.742481858E-01 
       214 -1.337431699E-02  1.053111530E-01 -4.600000000E-02  8.759838965E+04  1.547522545E+02  3.330320587E+02  2.763036919E+02  2.357308273E+02  8.546531200E-01 
       215 -1.336879354E-02  1.054912688E-01 -4.299898917E-02  8.745024585E+04  1.540180416E+02  3.330432796E+02  2.762130909E+02  2.358538027E+02  8.593042158E-01 
       216 -1.321272523E-02  1.057016208E-01 -4.000664894E-02  8.749149463E+04  1.540375566E+02  3.330286369E+02  2.761888008E+02  2.361286993E+02  8.603993654E-01 
       217 -1.269691607E-02  1.059729593E-01 -3.706120983E-02  8.739550035E+04  1.549106700E+02  3.329472296E+02  2.760537633E+02  2.369148694E+02  8.585961405E-01 
       218 -1.181263769E-02  1.063072321E-01 -3.420969757E-02  8.719611385E+04  1.562942729E+02  3.328253864E+02  2.758518373E+02  2.382340306E+02  8.560065235E-01 
       219 -1.066241908E-02  1.066659143E-01 -3.145726216E-02  8.711495403E+04  1.566922357E+02  3.328117310E+02  2.758292095E+02  2.390123150E+02  8.569422418E-01 
       220 -9.280794463E-03  1.070573859E-01 -2.881758489E-02  8.692381536E+04  1.572471795E+02  3.327508255E+02  2.757281616E+02  2.393690327E+02  8.555762708E-01 
       221 -7.735023178E-03  1.074435380E-01 -2.626912607E-02  8.678933698E+04  1.582307564E+02  3.326732421E+02  2.755995902E+02  2.402355694E+02  8.537858808E-01 
       222 -6.047350445E-03  1.078135440E-01 -2.381048416E-02  8.668805785E+04  1.589985452E+02  3.325794315E+02  2.754441945E+02  2.408973316E+02  8.525026956E-01 
       223 -4.299611852E-03  1.081916589E-01 -2.139379423E-02  8.663631164E+04  1.592401050E+02  3.326791071E+02  2.756093644E+02  2.409304513E+02  8.518485052E-01 
       224 -2.461870607E-03  1.085505379E-01 -1.904289133E-02  8.673928593E+04  1.595816896E+02  3.326081854E+02  2.754918759E+02  2.415682378E+02  8.528285771E-01 
       225 -5.886173328E-04  1.088780789E-01 -1.671486844E-02  8.682851813E+04  1.597345278E+02  3.327172734E+02  2.756726279E+02  2.418529384E+02  8.537222462E-01 
       226  1.337912187E-03  1.092215599E-01 -1.443302686E-02  8.690671180E+04  1.592529606E+02  3.326462074E+02  2.755548671E+02  2.418348780E+02  8.564378584E-01 
       227  3.290030235E-03  1.094941851E-01 -1.216353628E-02  8.678357882E+04  1.590637047E+02  3.325327695E+02  2.753670110E+02  2.436393859E+02  8.643609948E-01 
       228  5.262023684E-03  1.097864070E-01 -9.913643549E-03  8.613122981E+04  1.599232734E+02  3.321303005E+02  2.747011754E+02  2.466758733E+02  8.711593168E-01 
       229  7.256339014E-03  1.100495762E-01 -7.679258903E-03  8.416036459E+04  1.645735833E+02  3.310831280E+02  2.729721649E+02  2.539739250E+02  8.727723164E-01 
       230  9.250945095E-03  1.102792579E-01 -5.441700620E-03  8.176170458E+04  1.727327543E+02  3.298670272E+02  2.709701426E+02  2.619431612E+02  8.588648555E-01 
       231  1.125130268E-02  1.105297001E-01 -3.209862298E-03  8.063553125E+04  1.795659618E+02  3.294030581E+02  2.702082434E+02  2.658742790E+02  8.372639306E-01 
       232  1.324504242E-02  1.107259366E-01 -9.692227629E-04  8.145872754E+04  1.832057338E+02  3.298141937E+02  2.708833284E+02  2.638048344E+02  8.107939325E-01 
       233  1.522818012E-02  1.109344875E-01  1.280794701E-03  8.333152539E+04  1.842971840E+02  3.308025265E+02  2.725101395E+02  2.584381351E+02  7.867115326E-01 
       234  1.717717000E-02  1.111306516E-01  3.565314237E-03  8.540653125E+04  1.832034492E+02  3.320903053E+02  2.746357613E+02  2.500661411E+02  7.640021965E-01 
       235  2.098827574E-02  1.115152878E-01  8.199040730E-03  8.928748096E+04  1.864700632E+02  3.342200279E+02  2.781696606E+02  2.372424297E+02  7.062551454E-01 
       236  2.283804163E-02  1.116790561E-01  1.055952489E-02  9.052863843E+04  1.906844116E+02  3.352988632E+02  2.799672763E+02  2.299208287E+02  6.610235390E-01 
       237  2.632960383E-02  1.121198866E-01  1.543269692E-02  9.108793945E+04  2.052468376E+02  3.353235664E+02  2.800087681E+02  2.310135765E+02  5.875534154E-01 
       238  2.959379811E-02  1.126564718E-01  2.044933110E-02  9.033382996E+04  2.203865695E+02  3.350075288E+02  2.794809375E+02  2.361087685E+02  5.250685066E-01 
       239  3.114059063E-02  1.129278581E-01  2.301118304E-02  8.986790327E+04  2.281807588E+02  3.348946727E+02  2.792927978E+02  2.391400290E+02  4.947097898E-01 
       240  3.264987762E-02  1.132456905E-01  2.559358749E-02  8.928401324E+04  2.351864616E+02  3.345303473E+02  2.786856203E+02  2.417010880E+02  4.677562281E-01 
       241  3.807676132E-02  1.146676712E-01  3.621643154E-02  8.782168316E+04  2.607545949E+02  3.336768712E+02  2.772651006E+02  2.508167202E+02  3.707803179E-01 
       242  3.928374460E-02  1.150413043E-01  3.894926042E-02  8.793972638E+04  2.660352292E+02  3.340817857E+02  2.779394956E+02  2.520531261E+02  3.487070769E-01 
       243  4.044503934E-02  1.154301055E-01  4.169676193E-02  8.834982098E+04  2.695754085E+02  3.344822188E+02  2.786065948E+02  2.510370496E+02  3.280532456E-01 
       244  4.154949506E-02  1.158110833E-01  4.446441861E-02  8.902812988E+04  2.731501389E+02  3.348122921E+02  2.791573925E+02  2.495152264E+02  3.049912993E-01 
       245  4.259018966E-02  1.161595968E-01  4.726780086E-02  8.995291165E+04  2.761747884E+02  3.352265003E+02  2.798492355E+02  2.474837494E+02  2.828145383E-01 
       246  4.357921759E-02  1.165132208E-01  5.008364009E-02  9.111470996E+04  2.775433655E+02  3.359057007E+02  2.809835672E+02  2.441423960E+02  2.650258355E-01 
       247  4.448002582E-02  1.168267471E-01  5.293502673E-02  9.248203922E+04  2.796170199E+02  3.364956470E+02  2.819713238E+02  2.407098263E+02  2.422704787E-01 
       248  4.534234860E-02  1.171711221E-01  5.579536500E-02  9.388875488E+04  2.799291821E+02  3.372864494E+02  2.832984200E+02  2.359566555E+02  2.248346563E-01 
       249  4.612355051E-02  1.174912616E-01  5.867935283E-02  9.517136621E+04  2.811776848E+02  3.379133224E+02  2.843519897E+02  2.322012863E+02  2.054068372E-01 
       250  4.681688670E-02  1.178330389E-01  6.158342338E-02  9.630509570E+04  2.822716789E+02  3.384574776E+02  2.852682190E+02  2.293237839E+02  1.906700023E-01 
       251  4.742483443E-02  1.181684938E-01  6.451168194E-02  9.725730469E+04  2.831893311E+02  3.389531517E+02  2.861041069E+02  2.269558468E+02  1.789718792E-01 
       252  4.796175059E-02  1.184973583E-01  6.744925218E-02  9.802689941E+04  2.844567175E+02  3.393768826E+02  2.868192692E+02  2.248847971E+02  1.659950074E-01 
       253  4.839690646E-02  1.188449776E-01  7.040346354E-02  9.865358817E+04  2.861619210E+02  3.396103534E+02  2.872137717E+02  2.234056705E+02  1.527100345E-01 
       254  4.867844520E-02  1.192029192E-01  7.337369276E-02  9.903787315E+04  2.881175330E+02  3.397717074E+02  2.874869909E+02  2.230558043E+02  1.423016202E-01 
       255  4.889804354E-02  1.195863964E-01  7.634446821E-02  9.934317035E+04  2.904045307E+02  3.397017640E+02  2.873689348E+02  2.228278220E+02  1.301617760E-01 
       256  4.901527392E-02  1.199575346E-01  7.936475415E-02  9.939973984E+04  2.919287463E+02  3.398840059E+02  2.876777492E+02  2.227256256E+02  1.230411388E-01 
       257  4.897414798E-02  1.207471392E-01  8.530893469E-02  9.956854492E+04  2.965911293E+02  3.400479813E+02  2.879547234E+02  2.242811661E+02  1.056141034E-01 
       258  4.879835866E-02  1.211503063E-01  8.827262235E-02  9.964349707E+04  2.990967941E+02  3.398550797E+02  2.876279793E+02  2.251047554E+02  9.575986676E-02 
       259  4.854576088E-02  1.215647590E-01  9.126615169E-02  9.977231253E+04  2.998621621E+02  3.398085377E+02  2.875490963E+02  2.258693596E+02  9.628706765E-02 
       260  4.818457029E-02  1.219712360E-01  9.420996830E-02  1.001097717E+05  3.005277036E+02  3.399564683E+02  2.877994848E+02  2.247508685E+02  8.923042598E-02 
       261  4.782320061E-02  1.224212570E-01  9.713670139E-02  1.005118350E+05  3.008333435E+02  3.401271706E+02  2.880895309E+02  2.237551956E+02  8.514170675E-02 
       262  4.734997920E-02  1.228526278E-01  1.001180955E-01  1.013172363E+05  3.008666153E+02  3.405998802E+02  2.888899193E+02  2.216402473E+02  7.753641345E-02 
       263  4.683890011E-02  1.232935874E-01  1.030087938E-01  1.027249964E+05  2.988306793E+02  3.414456586E+02  2.903275505E+02  2.174686626E+02  7.447979371E-02 
       264  4.566507936E-02  1.242316696E-01  1.088390156E-01  1.050059571E+05  2.925811875E+02  3.419410103E+02  2.911698314E+02  2.097242235E+02  8.490085216E-02 
       265  4.352639189E-02  1.257122811E-01  1.174848542E-01  1.074407150E+05  2.685468203E+02  3.452865473E+02  2.969017265E+02  1.791402037E+02  1.315450044E-01 
       266  4.289440586E-02  1.261798267E-01  1.203730247E-01  1.076679690E+05  2.409629713E+02  3.478827993E+02  3.013860079E+02  1.454880853E+02  2.226674089E-01 
       267  4.242365191E-02  1.265975250E-01  1.232861776E-01  1.083178046E+05  2.225256110E+02  3.497876180E+02  3.046870574E+02  1.293004507E+02  3.110017538E-01 
       268  4.208270049E-02  1.270006734E-01  1.262530889E-01  1.087080430E+05  2.357671394E+02  3.495911789E+02  3.043446579E+02  1.362975330E+02  2.220503427E-01 
       269  4.202415066E-02  1.273246053E-01  1.292418903E-01  1.083195008E+05  2.547302603E+02  3.483935055E+02  3.022651044E+02  1.456293932E+02  1.063054796E-01 
       270  4.218523596E-02  1.275849052E-01  1.322314117E-01  1.072408188E+05  2.622428797E+02  3.473787302E+02  3.005042346E+02  1.468955602E+02  5.752334102E-02 
       271  4.252691668E-02  1.278080741E-01  1.352038484E-01  1.064145947E+05  2.562677605E+02  3.477128147E+02  3.010844986E+02  1.444935120E+02  9.799243191E-02 
       272  4.296344289E-02  1.279984053E-01  1.381664338E-01  1.062352057E+05  2.492859055E+02  3.477014394E+02  3.010698557E+02  1.508745372E+02  1.777137993E-01 
       273  4.347514252E-02  1.281630447E-01  1.411197974E-01  1.063172105E+05  2.494438234E+02  3.474375747E+02  3.006136665E+02  1.596511394E+02  2.091142885E-01 
       274  4.403358971E-02  1.283124551E-01  1.440677535E-01  1.063653352E+05  2.537214375E+02  3.475090376E+02  3.007326074E+02  1.659224827E+02  2.022385339E-01 
       275  4.466583781E-02  1.284644007E-01  1.470000034E-01  1.062880372E+05  2.580728320E+02  3.473445788E+02  2.937679263E+02  1.696387020E+02  1.870412323E-01 
       276 -1.390154712E-02  1.725232616E-01 -4.600000033E-02  8.232657451E+04  1.813433837E+02  3.303053254E+02  2.715143121E+02  3.412420281E+02  1.010433457E+00 
       277 -1.389524734E-02  1.726308379E-01 -4.258575940E-02  8.254265823E+04  1.817872354E+02  3.302571480E+02  2.716110067E+02  3.426929417E+02  1.011573231E+00 
       278 -1.388827040E-02  1.727470810E-01 -3.919459871E-02  8.273441675E+04  1.816534220E+02  3.302906120E+02  2.716661764E+02  3.435455631E+02  1.013644244E+00 
       279 -1.387976982E-02  1.728866868E-01 -3.575874102E-02  8.261905847E+04  1.817774096E+02  3.302950014E+02  2.716735494E+02  3.434782164E+02  1.013194811E+00 
       280 -1.386962822E-02  1.730354599E-01 -3.234598001E-02  8.296669125E+04  1.825596055E+02  3.301843880E+02  2.714916228E+02  3.437603040E+02  1.011788823E+00 
       281 -1.385715910E-02  1.732129765E-01 -2.893478341E-02  8.218618728E+04  1.831889944E+02  3.299759823E+02  2.711489248E+02  3.454310495E+02  1.014930580E+00 
       282 -1.381464856E-02  1.733989484E-01 -2.553958976E-02  8.196568567E+04  1.844075427E+02  3.296000203E+02  2.705320431E+02  3.462509289E+02  1.015185809E+00 
       283 -1.334927366E-02  1.736519924E-01 -2.216152427E-02  8.109575851E+04  1.884428852E+02  3.288862893E+02  2.693616159E+02  3.490252602E+02  1.006810736E+00 
       284 -1.220387625E-02  1.739549638E-01 -1.896956374E-02  7.978138525E+04  1.905515404E+02  3.282918777E+02  2.683884888E+02  3.538151417E+02  1.005689472E+00 
       285 -1.057589609E-02  1.742731966E-01 -1.599005111E-02  7.832673995E+04  1.924945802E+02  3.277562261E+02  2.675138620E+02  3.581640913E+02  1.005175473E+00 
       286 -8.586070527E-03  1.745821273E-01 -1.323108332E-02  7.677300638E+04  1.975528085E+02  3.270010427E+02  2.662834732E+02  3.606881951E+02  9.921249773E-01 
       287 -6.371188279E-03  1.748941133E-01 -1.065117603E-02  7.606798422E+04  2.003503703E+02  3.268018082E+02  2.659590896E+02  3.618769770E+02  9.851659411E-01 
       288 -3.959984913E-03  1.752012559E-01 -8.251810021E-03  7.770370146E+04  1.977308710E+02  3.279715444E+02  2.678680376E+02  3.551066068E+02  9.812428800E-01 
       289 -1.474621790E-03  1.754287438E-01 -5.921768022E-03  8.244733673E+04  1.920040435E+02  3.302884832E+02  2.716716271E+02  3.449980549E+02  9.823908527E-01 
       290  1.096342236E-03  1.756586641E-01 -3.684409899E-03  8.873383553E+04  1.810838051E+02  3.332143796E+02  2.765041794E+02  3.275346750E+02  9.932096477E-01 
       291  3.722457199E-03  1.758529720E-01 -1.512169024E-03  9.113813062E+04  1.745962563E+02  3.343937378E+02  2.784583998E+02  3.232738571E+02  1.007600565E+00 
       292  6.390497491E-03  1.759799744E-01  6.206893580E-04  8.852220605E+04  1.771663103E+02  3.330424099E+02  2.762188320E+02  3.342413273E+02  1.015519053E+00 
       293  1.179759467E-02  1.761809281E-01  4.808741428E-03  7.646429297E+04  2.001133995E+02  3.268004913E+02  2.659603233E+02  3.646404419E+02  9.909216166E-01 
       294  1.450804596E-02  1.762121176E-01  6.883706551E-03  7.291095703E+04  2.083743744E+02  3.244877872E+02  2.622081223E+02  3.754157963E+02  9.844090864E-01 
       295  1.722225861E-02  1.762495216E-01  8.953048646E-03  7.101261523E+04  2.121596222E+02  3.233036194E+02  2.602959442E+02  3.817294273E+02  9.845667183E-01 
       296  1.993233776E-02  1.761597577E-01  1.102855473E-02  6.941138477E+04  2.160767899E+02  3.223943901E+02  2.588350449E+02  3.852787666E+02  9.787520245E-01 
       297  2.263244469E-02  1.760920636E-01  1.311525345E-02  6.758179102E+04  2.228804474E+02  3.210362720E+02  2.566596127E+02  3.902598686E+02  9.667039290E-01 
       298  2.532249661E-02  1.759768902E-01  1.521525865E-02  6.597563647E+04  2.290193939E+02  3.199433861E+02  2.549133158E+02  3.945547447E+02  9.554927871E-01 
       299  2.800116021E-02  1.758008440E-01  1.732596334E-02  6.568492627E+04  2.331796598E+02  3.197435684E+02  2.545945826E+02  3.967112169E+02  9.464755133E-01 
       300  3.066011949E-02  1.756198651E-01  1.946182943E-02  6.794348657E+04  2.351986532E+02  3.209631906E+02  2.565470037E+02  3.918290048E+02  9.289337527E-01 
       301  3.850917716E-02  1.748410184E-01  2.602581626E-02  8.688178491E+04  2.357596884E+02  3.335131884E+02  2.769978905E+02  3.364649773E+02  8.220462706E-01 
       302  4.358739934E-02  1.740919978E-01  3.053362568E-02  8.628328564E+04  2.387730017E+02  3.329103670E+02  2.759934092E+02  3.431584139E+02  8.234843723E-01 
       303  4.609287257E-02  1.736863543E-01  3.281922705E-02  8.527384204E+04  2.406810284E+02  3.326114798E+02  2.754980488E+02  3.447493534E+02  8.200986944E-01 
       304  4.855845708E-02  1.731970535E-01  3.512834265E-02  8.478470728E+04  2.443041644E+02  3.324112606E+02  2.751662922E+02  3.452115822E+02  8.084822055E-01 
       305  5.100043215E-02  1.726458906E-01  3.745772352E-02  8.543942505E+04  2.473537436E+02  3.327958717E+02  2.758039737E+02  3.421443868E+02  7.930541374E-01 
       306  5.340036417E-02  1.720848619E-01  3.982071753E-02  8.838041980E+04  2.480620306E+02  3.344257960E+02  2.785171928E+02  3.347377353E+02  7.786002383E-01 
       307  5.576533568E-02  1.714326002E-01  4.220398857E-02  9.368351822E+04  2.463114638E+02  3.372392271E+02  2.832259861E+02  3.214246120E+02  7.634035260E-01 
       308  5.808130114E-02  1.707532671E-01  4.462162642E-02  9.954089968E+04  2.433962511E+02  3.403018123E+02  2.883930485E+02  3.063321097E+02  7.507592440E-01 
       309  6.913202621E-02  1.670049815E-01  5.708998555E-02  1.128616813E+05  2.423491874E+02  3.470803528E+02  2.999896903E+02  2.741921034E+02  7.115905248E-01 
       310  7.325557335E-02  1.653928843E-01  6.228962682E-02  1.154985188E+05  2.423527188E+02  3.481530955E+02  3.018462532E+02  2.658153956E+02  7.019359479E-01 
       311  7.526114685E-02  1.645964451E-01  6.493668120E-02  1.165407275E+05  2.408859463E+02  3.486786270E+02  3.027579021E+02  2.637204723E+02  7.069493942E-01 
       312  8.099008587E-02  1.620989224E-01  7.305121222E-02  1.186280566E+05  2.385594940E+02  3.493820877E+02  3.039799767E+02  2.570231228E+02  7.087907493E-01 
       313  8.281625202E-02  1.612441772E-01  7.580722199E-02  1.188044072E+05  2.376455727E+02  3.493440971E+02  3.039137115E+02  2.566653175E+02  7.127960548E-01 
       314  8.462318717E-02  1.604029889E-01  7.856519154E-02  1.190547083E+05  2.368562984E+02  3.493677425E+02  3.039547033E+02  2.572516346E+02  7.178401053E-01 
       315  8.638808364E-02  1.595156660E-01  8.135371941E-02  1.191746750E+05  2.370667963E+02  3.492775993E+02  3.037978950E+02  2.567154984E+02  7.171651609E-01 
       316  8.818531781E-02  1.586346563E-01  8.418846896E-02  1.191461516E+05  2.386695691E+02  3.489370819E+02  3.032058170E+02  2.553077097E+02  7.078145081E-01 
       317  9.153487112E-02  1.568453452E-01  8.985396979E-02  1.190961582E+05  2.391814814E+02  3.488426638E+02  3.030421391E+02  2.563696256E+02  7.075095251E-01 
       318  9.319079870E-02  1.559467714E-01  9.269883327E-02  1.190618770E+05  2.386738033E+02  3.488692474E+02  3.030886269E+02  2.567154045E+02  7.100849859E-01 
       319  9.639067810E-02  1.541493463E-01  9.845101971E-02  1.190064678E+05  2.389784641E+02  3.486822414E+02  3.027632389E+02  2.556982803E+02  7.088419870E-01 
       320  9.789700787E-02  1.532238030E-01  1.013752208E-01  1.189997437E+05  2.396479621E+02  3.485534134E+02  3.025394387E+02  2.547331710E+02  7.043441972E-01 
       321  9.939560036E-02  1.523575645E-01  1.043121280E-01  1.189696592E+05  2.402768536E+02  3.483480110E+02  3.021828213E+02  2.549682217E+02  7.027586773E-01 
       322  1.008373928E-01  1.515239935E-01  1.072922639E-01  1.188525352E+05  2.407473392E+02  3.481418648E+02  3.018252487E+02  2.558917809E+02  7.024570927E-01 
       323  1.021925752E-01  1.507164957E-01  1.103173974E-01  1.186943660E+05  2.418361406E+02  3.479348993E+02  3.014667883E+02  2.572398481E+02  6.991831046E-01 
       324  1.063175391E-01  1.486079647E-01  1.265700906E-01  1.181796816E+05  2.425128632E+02  3.486470032E+02  3.027048569E+02  2.555267067E+02  6.970607042E-01 
       325  1.064822206E-01  1.487022474E-01  1.299738775E-01  1.183559961E+05  2.390827293E+02  3.499271317E+02  3.049336624E+02  2.472080727E+02  7.052821070E-01 
       326  1.066476119E-01  1.488146338E-01  1.333799290E-01  1.183226602E+05  2.334292221E+02  3.514261360E+02  3.075510483E+02  2.330804253E+02  7.225255072E-01 
       327  1.068180965E-01  1.489318139E-01  1.367854531E-01  1.180817012E+05  2.297098541E+02  3.522959328E+02  3.090722389E+02  2.220256023E+02  7.363815680E-01 
       328  1.069979625E-01  1.490578552E-01  1.401905319E-01  1.179692139E+05  2.316433525E+02  3.518349609E+02  3.082646389E+02  2.260445938E+02  7.315064520E-01 
       329  1.071817424E-01  1.491887345E-01  1.435955648E-01  1.180679971E+05  2.361866455E+02  3.504868584E+02  3.057269802E+02  2.465857611E+02  7.223515809E-01 
       330  1.073851999E-01  1.493347905E-01  1.470000044E-01  1.179938672E+05  2.438880081E+02  3.484090424E+02  3.010182114E+02  2.671284103E+02  7.071758360E-01 
       331 -5.132010553E-03  2.399711247E-01 -4.600000034E-02  8.347887939E+04  1.733236179E+02  3.311585388E+02  2.725152664E+02  4.389242058E+02  1.164812334E+00 
       332 -5.128125210E-03  2.399809281E-01 -4.210430258E-02  8.443927466E+04  1.746496906E+02  3.308948326E+02  2.726612601E+02  4.395669317E+02  1.162194911E+00 
       333 -5.125201508E-03  2.399922328E-01 -3.820870464E-02  8.370063971E+04  1.770585945E+02  3.303939140E+02  2.718373883E+02  4.413455582E+02  1.158115880E+00 
       334 -5.121813889E-03  2.400095995E-01 -3.431329778E-02  8.196269980E+04  1.806344059E+02  3.296371560E+02  2.705938972E+02  4.444139037E+02  1.152518095E+00 
       335 -5.119016059E-03  2.400291916E-01 -3.041776666E-02  8.003899460E+04  1.850476138E+02  3.287363417E+02  2.691172698E+02  4.477973171E+02  1.145123723E+00 
       336 -5.114574788E-03  2.400538233E-01 -2.652182619E-02  7.833626758E+04  1.883754518E+02  3.281650684E+02  2.681816761E+02  4.502848068E+02  1.139489737E+00 
       337 -5.109553763E-03  2.400828758E-01 -2.262552630E-02  7.796428516E+04  1.893060510E+02  3.281589484E+02  2.681725631E+02  4.508618851E+02  1.137790663E+00 
       338 -5.103895973E-03  2.401152952E-01 -1.872899116E-02  7.995648492E+04  1.856345854E+02  3.292174132E+02  2.699080858E+02  4.472322080E+02  1.143114232E+00 
       339 -4.925504783E-03  2.402473149E-01 -7.056915668E-03  8.752548226E+04  1.713503598E+02  3.322163291E+02  2.748492743E+02  4.317038032E+02  1.168549657E+00 
       340 -3.715119829E-03  2.403023013E-01 -3.373311706E-03  8.202976117E+04  1.800172576E+02  3.302336805E+02  2.715842996E+02  4.446396515E+02  1.158734957E+00 
       341 -1.562012846E-03  2.403581740E-01 -1.360753051E-04  7.884702570E+04  1.908838910E+02  3.281734234E+02  2.681995627E+02  4.561513545E+02  1.140559288E+00 
       342  1.133764527E-03  2.404094608E-01  2.675248428E-03  7.864044409E+04  1.918020716E+02  3.278107033E+02  2.676048794E+02  4.531715393E+02  1.134595845E+00 
       343  4.137632423E-03  2.404197044E-01  5.149238455E-03  7.977549956E+04  1.852745359E+02  3.286387115E+02  2.689580265E+02  4.487190239E+02  1.146917525E+00 
       344  7.316400202E-03  2.403253331E-01  7.399564588E-03  8.027077828E+04  1.817355745E+02  3.291007108E+02  2.697136525E+02  4.415043521E+02  1.148781802E+00 
       345  1.395577155E-02  2.400667001E-01  1.148649181E-02  8.705427002E+04  1.697031260E+02  3.320262566E+02  2.745403261E+02  4.319850941E+02  1.169450305E+00 
       346  1.735065466E-02  2.397965962E-01  1.337576268E-02  9.019309180E+04  1.568155079E+02  3.340249214E+02  2.778493233E+02  4.245202026E+02  1.194634348E+00 
       347  2.419161170E-02  2.391929427E-01  1.704637434E-02  7.978272266E+04  1.842957268E+02  3.291788025E+02  2.698472137E+02  4.479572983E+02  1.148698360E+00 
       348  2.761839379E-02  2.387452844E-01  1.884103948E-02  7.986978906E+04  1.876799431E+02  3.287878075E+02  2.692019806E+02  4.523994980E+02  1.144846618E+00 
       349  3.105226563E-02  2.382885234E-01  2.062260888E-02  8.095501123E+04  1.841598387E+02  3.297230721E+02  2.707346544E+02  4.490669327E+02  1.149697006E+00 
       350  3.788868369E-02  2.371344800E-01  2.417075674E-02  8.070194141E+04  1.879106274E+02  3.295905590E+02  2.705165234E+02  4.477552338E+02  1.139718339E+00 
       351  4.468291751E-02  2.357525484E-01  2.771953789E-02  8.037584961E+04  1.898622856E+02  3.294208755E+02  2.702398987E+02  4.464882927E+02  1.135870755E+00 
       352  4.805699300E-02  2.349490393E-01  2.948953136E-02  8.100315918E+04  1.922595921E+02  3.292976165E+02  2.700404029E+02  4.455409327E+02  1.130442282E+00 
       353  5.140582287E-02  2.340778219E-01  3.127771149E-02  8.103282861E+04  1.899148865E+02  3.295618172E+02  2.704735222E+02  4.438252506E+02  1.136371858E+00 
       354  5.473006301E-02  2.331020583E-01  3.305777180E-02  8.017070898E+04  1.933618641E+02  3.289088593E+02  2.694014130E+02  4.465575256E+02  1.132199153E+00 
       355  5.803984836E-02  2.320923676E-01  3.484458617E-02  7.861566895E+04  1.966935997E+02  3.279942722E+02  2.679051361E+02  4.493051720E+02  1.128251418E+00 
       356  6.132921494E-02  2.310454118E-01  3.665150486E-02  7.669555035E+04  2.024767520E+02  3.266316990E+02  2.656851102E+02  4.564424890E+02  1.123925091E+00 
       357  6.777528194E-02  2.285846393E-01  4.027160278E-02  8.593088965E+04  2.163104401E+02  3.330686646E+02  2.762918587E+02  4.310832634E+02  1.063532084E+00 
       358  7.097972553E-02  2.273472007E-01  4.209367684E-02  9.263028809E+04  2.301855545E+02  3.364333992E+02  2.818769913E+02  4.148008919E+02  1.013824791E+00 
       359  7.412444428E-02  2.259565065E-01  4.393674079E-02  9.101990796E+04  2.347042437E+02  3.349724960E+02  2.794340191E+02  4.204923248E+02  1.009730708E+00 
       360  7.725834663E-02  2.245514312E-01  4.577102978E-02  8.728136914E+04  2.339347363E+02  3.335843773E+02  2.771142273E+02  4.275752983E+02  1.019158427E+00 
       361  8.037011026E-02  2.231435234E-01  4.763983740E-02  9.013400293E+04  2.325058174E+02  3.354039536E+02  2.801603317E+02  4.219033051E+02  1.019547015E+00 
       362  8.343109451E-02  2.215945322E-01  4.950276897E-02  1.032777821E+05  2.223067530E+02  3.411937780E+02  2.899327524E+02  3.930995812E+02  1.031408994E+00 
       363  8.646988642E-02  2.201046420E-01  5.141624103E-02  1.208570439E+05  2.097382145E+02  3.477123470E+02  3.011127501E+02  3.578195219E+02  1.054882305E+00 
       364  9.242245520E-02  2.169732682E-01  5.534503106E-02  1.188049326E+05  2.200971513E+02  3.496951847E+02  3.045467901E+02  3.543016577E+02  1.005112164E+00 
       365  9.533631835E-02  2.153857768E-01  5.738443174E-02  1.166666344E+05  2.251473374E+02  3.487826285E+02  3.029709401E+02  3.568675060E+02  9.879180146E-01 
       366  9.819952312E-02  2.138016843E-01  5.949569436E-02  1.165938760E+05  2.264609585E+02  3.495027351E+02  3.042276993E+02  3.535969791E+02  9.805570841E-01 
       367  1.009694591E-01  2.121295788E-01  6.167326851E-02  1.184167681E+05  2.278716321E+02  3.510655193E+02  3.069514675E+02  3.462218666E+02  9.715407081E-01 
       368  1.037116704E-01  2.105064985E-01  6.390540356E-02  1.201605566E+05  2.310423498E+02  3.523304176E+02  3.091673994E+02  3.402981520E+02  9.570032991E-01 
       369  1.064180189E-01  2.088777679E-01  6.618856681E-02  1.207641973E+05  2.363468437E+02  3.527221050E+02  3.098577518E+02  3.373388195E+02  9.363795742E-01 
       370  1.090480686E-01  2.071800512E-01  6.850700508E-02  1.209960298E+05  2.395786505E+02  3.526089058E+02  3.096580009E+02  3.366237183E+02  9.236160107E-01 
       371  1.116790455E-01  2.055210471E-01  7.084353951E-02  1.214001912E+05  2.391996186E+02  3.527926731E+02  3.099771290E+02  3.342837315E+02  9.226299971E-01 
       372  1.142974452E-01  2.038484190E-01  7.319785208E-02  1.219837156E+05  2.355202570E+02  3.529994793E+02  3.103367796E+02  3.337106886E+02  9.322568495E-01 
       373  1.168416696E-01  2.021295301E-01  7.558130371E-02  1.224517920E+05  2.334532337E+02  3.532457390E+02  3.107705593E+02  3.335047474E+02  9.374578185E-01 
       374  1.193277496E-01  2.004108846E-01  7.805168345E-02  1.226819885E+05  2.344485190E+02  3.533034158E+02  3.108779845E+02  3.321386275E+02  9.336165441E-01 
       375  1.217693779E-01  1.987784452E-01  8.060399866E-02  1.227613606E+05  2.345657535E+02  3.534200840E+02  3.110889530E+02  3.298945932E+02  9.323738869E-01 
       376  1.240793489E-01  1.970470446E-01  8.322373237E-02  1.228180391E+05  2.315332203E+02  3.536554527E+02  3.115113878E+02  3.300439043E+02  9.410000071E-01 
       377  1.263696524E-01  1.953872062E-01  8.590193330E-02  1.230730867E+05  2.278836770E+02  3.547101046E+02  3.133728083E+02  3.252754478E+02  9.513368178E-01 
       378  1.285811840E-01  1.937639536E-01  8.866989816E-02  1.231267682E+05  2.239309573E+02  3.537085619E+02  3.115996528E+02  3.300193515E+02  9.638518570E-01 
       379  1.378530526E-01  1.861918564E-01  1.119425893E-01  1.222765103E+05  2.232395430E+02  3.546579218E+02  3.132389088E+02  3.199661741E+02  9.637063555E-01 
       380  1.378280879E-01  1.861358471E-01  1.158380052E-01  1.220020083E+05  2.232274399E+02  3.555680428E+02  3.148489399E+02  3.054071941E+02  9.648536555E-01 
       381  1.378172244E-01  1.861105784E-01  1.197328496E-01  1.216548928E+05  2.261018353E+02  3.557348385E+02  3.151428103E+02  2.999161758E+02  9.569119718E-01 
       382  1.378137064E-01  1.861013403E-01  1.236281983E-01  1.221872567E+05  2.284018714E+02  3.551465492E+02  3.141002936E+02  3.117709153E+02  9.453148823E-01 
       383  1.378232998E-01  1.861207539E-01  1.275238734E-01  1.227864406E+05  2.265223915E+02  3.542323819E+02  3.124882235E+02  3.263905896E+02  9.518118840E-01 
       384  1.378388478E-01  1.861485149E-01  1.314192119E-01  1.229949451E+05  2.252143363E+02  3.529466317E+02  3.102264068E+02  3.383925354E+02  9.582173635E-01 
       385  1.378667705E-01  1.861922064E-01  1.353144338E-01  1.229743770E+05  2.220407407E+02  3.527487133E+02  3.098807939E+02  3.347670386E+02  9.668816547E-01 
       386  1.378917792E-01  1.862393165E-01  1.392095884E-01  1.230104200E+05  2.208910648E+02  3.528730072E+02  3.100982301E+02  3.312840863E+02  9.697180996E-01 
       387  1.379128913E-01  1.862912877E-01  1.431056120E-01  1.231142517E+05  2.208625569E+02  3.532566292E+02  3.105669618E+02  3.296237276E+02  9.696894590E-01 
       388  1.379274402E-01  1.863453723E-01  1.469999959E-01  1.232388518E+05  2.201334739E+02  3.539980354E+02  3.112509708E+02  3.283171701E+02  9.720452186E-01 
       389 -3.389247132E-02  1.007789921E-01 -4.300551245E-02  8.753023340E+04  1.540428362E+02  3.330498886E+02  2.762240334E+02  2.357806721E+02  8.589281663E-01 
       390 -3.372456358E-02  1.010433636E-01 -4.002223516E-02  8.745136277E+04  1.546397604E+02  3.329992477E+02  2.761400905E+02  2.364700832E+02  8.582579156E-01 
       391 -3.329024078E-02  1.014074167E-01 -3.707963811E-02  8.733085056E+04  1.546694680E+02  3.330020845E+02  2.761448488E+02  2.365611442E+02  8.587760592E-01 
       392 -3.255620303E-02  1.018883264E-01 -3.421559131E-02  8.722573837E+04  1.559426460E+02  3.328783858E+02  2.759396629E+02  2.379586106E+02  8.570674984E-01 
       393 -3.153373485E-02  1.024554568E-01 -3.145384174E-02  8.710672621E+04  1.568629212E+02  3.327828381E+02  2.757812898E+02  2.387141511E+02  8.551896351E-01 
       394 -3.028950121E-02  1.031058036E-01 -2.880322264E-02  8.699949809E+04  1.572536261E+02  3.327442390E+02  2.757173046E+02  2.394287615E+02  8.559009476E-01 
       395 -2.888173412E-02  1.037838005E-01 -2.624318977E-02  8.690653812E+04  1.583854621E+02  3.326450431E+02  2.755528984E+02  2.407464173E+02  8.548696556E-01 
       396 -2.733119538E-02  1.044792183E-01 -2.377110822E-02  8.686654100E+04  1.586315997E+02  3.326402785E+02  2.755450272E+02  2.414811777E+02  8.566349494E-01 
       397 -2.568342124E-02  1.052055751E-01 -2.135968630E-02  8.676420712E+04  1.589981655E+02  3.326010060E+02  2.754799946E+02  2.416715709E+02  8.558108263E-01 
       398 -2.397735570E-02  1.059146334E-01 -1.899049647E-02  8.655795929E+04  1.595965209E+02  3.324973339E+02  2.753083069E+02  2.425782064E+02  8.562667011E-01 
       399 -2.220871387E-02  1.066063154E-01 -1.667396516E-02  8.622148163E+04  1.606565581E+02  3.323058395E+02  2.749912840E+02  2.441461693E+02  8.567034460E-01 
       400 -2.041003203E-02  1.073389070E-01 -1.437512078E-02  8.566634338E+04  1.622680727E+02  3.320267256E+02  2.745295563E+02  2.467932813E+02  8.578382612E-01 
       401 -1.856976066E-02  1.079715131E-01 -1.211630566E-02  8.495834276E+04  1.652950871E+02  3.315968837E+02  2.738192908E+02  2.499507360E+02  8.532499341E-01 
       402 -1.670953655E-02  1.086522831E-01 -9.860640570E-03  8.443071213E+04  1.681085912E+02  3.313540640E+02  2.734183550E+02  2.521572032E+02  8.468113280E-01 
       403 -1.482329113E-02  1.093026603E-01 -7.620995183E-03  8.441727911E+04  1.708284245E+02  3.313688732E+02  2.734428564E+02  2.525085498E+02  8.339067056E-01 
       404 -1.292306254E-02  1.099268373E-01 -5.385291055E-03  8.530735498E+04  1.717031412E+02  3.318484201E+02  2.742349653E+02  2.498039684E+02  8.206504509E-01 
       405 -1.101845801E-02  1.105590611E-01 -3.137660868E-03  8.697415192E+04  1.702424673E+02  3.327808042E+02  2.757783211E+02  2.441670867E+02  8.100169455E-01 
       406 -9.120841472E-03  1.111701815E-01 -8.914052251E-04  8.935097830E+04  1.674804680E+02  3.340551785E+02  2.778950092E+02  2.353702220E+02  7.971930157E-01 
       407 -7.240675928E-03  1.117476218E-01  1.353994698E-03  9.285468393E+04  1.632970849E+02  3.358727863E+02  2.809279610E+02  2.226441893E+02  7.828432556E-01 
       408 -5.370549944E-03  1.123083196E-01  3.627204146E-03  9.659409106E+04  1.627525129E+02  3.378212824E+02  2.841961730E+02  2.076706729E+02  7.430432569E-01 
       409 -3.530590186E-03  1.128981262E-01  5.933484609E-03  9.842782782E+04  1.717860283E+02  3.389078852E+02  2.860269153E+02  1.973305376E+02  6.657943452E-01 
       410 -1.726912218E-03  1.134387153E-01  8.259926622E-03  9.812819067E+04  1.843170710E+02  3.386081376E+02  2.855209632E+02  2.054375205E+02  6.152645722E-01 
       411  3.734044288E-05  1.140039107E-01  1.062617763E-02  9.733341138E+04  1.943207068E+02  3.381376333E+02  2.847286158E+02  2.083244166E+02  5.682817856E-01 
       412  1.740848712E-03  1.145879687E-01  1.302702968E-02  9.650352370E+04  2.018423772E+02  3.377278568E+02  2.840392518E+02  2.126152608E+02  5.404513757E-01 
       413  3.387617433E-03  1.151172021E-01  1.547343878E-02  9.597836923E+04  2.079144412E+02  3.374981695E+02  2.836522549E+02  2.151553372E+02  5.155555567E-01 
       414  4.957112811E-03  1.157081541E-01  1.796238578E-02  9.540822815E+04  2.148028893E+02  3.372384152E+02  2.832158222E+02  2.187848289E+02  4.913860010E-01 
       415  6.462677552E-03  1.163151534E-01  2.048609031E-02  9.465331201E+04  2.220109768E+02  3.368189497E+02  2.825117865E+02  2.227379107E+02  4.667670140E-01 
       416  7.926557233E-03  1.168909271E-01  2.304605918E-02  9.397330255E+04  2.280523801E+02  3.364381232E+02  2.818731000E+02  2.261000624E+02  4.469555453E-01 
       417  9.338612782E-03  1.175119790E-01  2.562398907E-02  9.356728551E+04  2.331835076E+02  3.361930979E+02  2.814627880E+02  2.280865858E+02  4.280019419E-01 
       418  1.068984297E-02  1.181121478E-01  2.822455248E-02  9.337934579E+04  2.379779226E+02  3.360623862E+02  2.812439769E+02  2.302564415E+02  4.116491515E-01 
       419  1.198650266E-02  1.187330819E-01  3.085849659E-02  9.333086923E+04  2.423057914E+02  3.360418733E+02  2.812098446E+02  2.318390727E+02  3.962933498E-01 
       420  1.322982934E-02  1.193430432E-01  3.352159396E-02  9.340656436E+04  2.466102444E+02  3.360535277E+02  2.812292663E+02  2.333856823E+02  3.809622331E-01 
       421  1.439865389E-02  1.199672983E-01  3.621509854E-02  9.362537225E+04  2.506108800E+02  3.361337869E+02  2.813637782E+02  2.337489208E+02  3.625227850E-01 
       422  1.553995729E-02  1.205631245E-01  3.892438234E-02  9.408240115E+04  2.536643330E+02  3.363835477E+02  2.817822824E+02  2.323599955E+02  3.433041144E-01 
       423  1.662952250E-02  1.211745408E-01  4.165332372E-02  9.467163623E+04  2.564871498E+02  3.366538395E+02  2.822351861E+02  2.310289690E+02  3.256798092E-01 
       424  1.764894372E-02  1.217373945E-01  4.441857664E-02  9.551154819E+04  2.581509497E+02  3.371102686E+02  2.830011944E+02  2.288262826E+02  3.110861075E-01 
       425  1.861873940E-02  1.222791769E-01  4.720617614E-02  9.666114508E+04  2.593292414E+02  3.377131781E+02  2.840140151E+02  2.256729168E+02  2.955575367E-01 
       426  1.950820179E-02  1.228336643E-01  5.001741530E-02  9.775724515E+04  2.614392930E+02  3.381320622E+02  2.847189745E+02  2.231545180E+02  2.770372378E-01 
       427  2.036944420E-02  1.233245632E-01  5.285072558E-02  9.879468558E+04  2.626631603E+02  3.386715670E+02  2.856283059E+02  2.202978208E+02  2.623049471E-01 
       428  2.117157025E-02  1.238295963E-01  5.569831964E-02  9.979755212E+04  2.638530488E+02  3.391880288E+02  2.865003018E+02  2.173211689E+02  2.475170377E-01 
       429  2.190592593E-02  1.242947792E-01  5.857026217E-02  1.006690459E+05  2.653407726E+02  3.396350393E+02  2.872559824E+02  2.148220701E+02  2.322780602E-01 
       430  2.257248913E-02  1.247551336E-01  6.145961794E-02  1.014247803E+05  2.674097071E+02  3.399744959E+02  2.878304024E+02  2.127374105E+02  2.151439702E-01 
       431  2.314781749E-02  1.251835029E-01  6.437124902E-02  1.020497646E+05  2.700454946E+02  3.401834755E+02  2.881845012E+02  2.112198224E+02  1.963600772E-01 
       432  2.363318974E-02  1.255957621E-01  6.730774801E-02  1.025823508E+05  2.727411900E+02  3.403818548E+02  2.885206208E+02  2.105312898E+02  1.802059710E-01 
       433  2.402789138E-02  1.260195069E-01  7.025072331E-02  1.029998169E+05  2.753002481E+02  3.406436615E+02  2.889645195E+02  2.099724483E+02  1.653135940E-01 
       434  2.431727977E-02  1.264030352E-01  7.321094069E-02  1.032593057E+05  2.780157013E+02  3.408496170E+02  2.893138180E+02  2.093628044E+02  1.488840450E-01 
       435  2.453016930E-02  1.268032789E-01  7.617447467E-02  1.033219121E+05  2.812973261E+02  3.409316959E+02  2.894531002E+02  2.096788440E+02  1.326031424E-01 
       436  2.462079541E-02  1.271795605E-01  7.915094878E-02  1.031922390E+05  2.849420323E+02  3.408956800E+02  2.893918483E+02  2.107629272E+02  1.167912488E-01 
       437  2.463902970E-02  1.275610820E-01  8.212637731E-02  1.026441646E+05  2.890133877E+02  3.406642289E+02  2.889991727E+02  2.131425209E+02  1.037267835E-01 
       438  2.457492051E-02  1.279220853E-01  8.510260082E-02  1.018209675E+05  2.933188978E+02  3.403280662E+02  2.884289318E+02  2.168123263E+02  9.447514707E-02 
       439  2.441429013E-02  1.282749863E-01  8.807550525E-02  1.006883994E+05  2.972507854E+02  3.398053346E+02  2.875435596E+02  2.214718466E+02  9.159499669E-02 
       440  2.420234297E-02  1.286273229E-01  9.105186832E-02  9.968679050E+04  2.984560530E+02  3.393286670E+02  2.867373775E+02  2.258781747E+02  1.045311865E-01 
       441  2.388558350E-02  1.289647853E-01  9.401845916E-02  9.960088940E+04  2.966846231E+02  3.392964268E+02  2.866827213E+02  2.261039750E+02  1.177828434E-01 
       442  2.351928731E-02  1.293134864E-01  9.696958543E-02  1.002870457E+05  2.936001154E+02  3.395467341E+02  2.871060076E+02  2.243491805E+02  1.309702028E-01 
       443  2.306449285E-02  1.296327241E-01  9.991680403E-02  1.012785801E+05  2.905566530E+02  3.400133247E+02  2.878956776E+02  2.211572342E+02  1.380293281E-01 
       444  2.257188759E-02  1.299515661E-01  1.028605699E-01  1.022686069E+05  2.886142130E+02  3.404471292E+02  2.886307650E+02  2.182731571E+02  1.397879650E-01 
       445  2.201092100E-02  1.302726916E-01  1.057899135E-01  1.030880709E+05  2.867681968E+02  3.409133418E+02  2.894217314E+02  2.158191780E+02  1.428445050E-01 
       446  2.143382683E-02  1.305960230E-01  1.087107054E-01  1.039106412E+05  2.850705370E+02  3.412991267E+02  2.900772252E+02  2.134057931E+02  1.452605681E-01 
       447  2.076802587E-02  1.309307408E-01  1.116221513E-01  1.047391182E+05  2.828265457E+02  3.417540989E+02  2.908511505E+02  2.103286514E+02  1.485618381E-01 
       448  2.010215597E-02  1.312657467E-01  1.145293522E-01  1.055954966E+05  2.801363068E+02  3.423354206E+02  2.918414497E+02  2.057696815E+02  1.492413413E-01 
       449  1.945135245E-02  1.316056955E-01  1.174374795E-01  1.063736023E+05  2.781626289E+02  3.428658662E+02  2.927465501E+02  2.023295753E+02  1.502574502E-01 
       450  1.885387307E-02  1.319548677E-01  1.203553293E-01  1.069830168E+05  2.774629996E+02  3.431674967E+02  2.932616651E+02  2.007381172E+02  1.505556498E-01 
       451  1.837479322E-02  1.322913677E-01  1.233018373E-01  1.073850903E+05  2.768254595E+02  3.433806400E+02  2.936261015E+02  1.997179995E+02  1.527569224E-01 
       452  1.811263581E-02  1.325954541E-01  1.262715907E-01  1.076212676E+05  2.761218462E+02  3.435232058E+02  2.938700485E+02  1.987172718E+02  1.554433494E-01 
       453  1.805653049E-02  1.328847135E-01  1.292554963E-01  1.077004011E+05  2.755741963E+02  3.435979781E+02  2.939980040E+02  1.985731249E+02  1.605106387E-01 
       454  1.819877737E-02  1.331672438E-01  1.322380588E-01  1.076715035E+05  2.752711474E+02  3.436412464E+02  2.940722535E+02  1.987514422E+02  1.653946785E-01 
       455  1.852494771E-02  1.334510277E-01  1.352129826E-01  1.075415660E+05  2.756703501E+02  3.435588086E+02  2.939313254E+02  1.994952262E+02  1.681904423E-01 
       456  1.890761882E-02  1.337081709E-01  1.381756048E-01  1.073383367E+05  2.764546318E+02  3.434356838E+02  2.937206491E+02  2.008542684E+02  1.706541745E-01 
       457  1.937808835E-02  1.339540030E-01  1.411279949E-01  1.070750646E+05  2.775714636E+02  3.432661479E+02  2.934307072E+02  2.030329623E+02  1.739676092E-01 
       458  1.989552602E-02  1.341916383E-01  1.440726902E-01  1.067490855E+05  2.787324947E+02  3.430937625E+02  2.931358085E+02  2.055163587E+02  1.780537243E-01 
       459  2.048114376E-02  1.344526817E-01  1.469999956E-01  1.063086338E+05  2.795722160E+02  3.429436512E+02  2.928833694E+02  2.082338505E+02  1.845500628E-01 
       460 -4.772920012E-02  1.664853148E-01 -4.258181757E-02  8.250114780E+04  1.814131815E+02  3.302865591E+02  2.716593606E+02  3.426267494E+02  1.012801239E+00 
       461 -4.770031945E-02  1.666117663E-01 -3.916302660E-02  8.227140863E+04  1.813180418E+02  3.301870463E+02  2.714957922E+02  3.426956763E+02  1.013235621E+00 
       462 -4.768621633E-02  1.667606858E-01 -3.574527808E-02  8.188355664E+04  1.832195151E+02  3.298501072E+02  2.709421349E+02  3.454382882E+02  1.011771202E+00 
       463 -4.773671611E-02  1.669008759E-01 -3.232563070E-02  8.136374170E+04  1.844507861E+02  3.295732431E+02  2.704876833E+02  3.469522352E+02  1.010426175E+00 
       464 -4.779814392E-02  1.670685917E-01 -2.890641835E-02  8.077998804E+04  1.861302052E+02  3.292309151E+02  2.699265823E+02  3.478886557E+02  1.006774079E+00 
       465 -4.772832030E-02  1.672854950E-01 -2.549705171E-02  8.008235547E+04  1.885806503E+02  3.287681198E+02  2.691682315E+02  3.497805109E+02  1.003264111E+00 
       466 -4.733274936E-02  1.676197526E-01 -2.211766833E-02  7.927301392E+04  1.934025056E+02  3.280741186E+02  2.680347610E+02  3.549232302E+02  9.991435353E-01 
       467 -4.646629434E-02  1.680852894E-01 -1.884685997E-02  7.901613919E+04  1.993066782E+02  3.275231502E+02  2.671351612E+02  3.567255168E+02  9.899028586E-01 
       468 -4.497458874E-02  1.687177674E-01 -1.583913045E-02  8.076448071E+04  2.008990517E+02  3.281008568E+02  2.680819244E+02  3.546082153E+02  9.881898239E-01 
       469 -4.311049959E-02  1.694263862E-01 -1.306511329E-02  8.391895361E+04  1.951626606E+02  3.299681635E+02  2.711418343E+02  3.473460598E+02  9.945544396E-01 
       470 -4.101650432E-02  1.701661907E-01 -1.047820325E-02  8.691025488E+04  1.884348459E+02  3.315850964E+02  2.738043919E+02  3.399806404E+02  1.003283288E+00 
       471 -3.872443978E-02  1.709287414E-01 -8.043812788E-03  8.739945581E+04  1.819634879E+02  3.322411456E+02  2.748873746E+02  3.370639596E+02  1.014547479E+00 
       472 -3.634257562E-02  1.716543837E-01 -5.706210795E-03  8.532818115E+04  1.817497787E+02  3.313931293E+02  2.734867439E+02  3.407126236E+02  1.015683964E+00 
       473 -3.384972842E-02  1.724025179E-01 -3.469956820E-03  8.126683936E+04  1.889147787E+02  3.292413843E+02  2.699494622E+02  3.499717617E+02  1.005033780E+00 
       474 -3.133060076E-02  1.731099844E-01 -1.271304633E-03  7.706642950E+04  1.979420058E+02  3.269262536E+02  2.661656238E+02  3.619563401E+02  9.954272476E-01 
       475 -2.873453975E-02  1.737912906E-01  8.535856133E-04  7.374286646E+04  2.070625796E+02  3.247975359E+02  2.627114677E+02  3.732226305E+02  9.862919003E-01 
       476 -2.611690126E-02  1.744247281E-01  2.958268427E-03  7.146968494E+04  2.135747743E+02  3.233746910E+02  2.604128833E+02  3.773764420E+02  9.721644912E-01 
       477 -2.348835128E-02  1.750433393E-01  5.058280838E-03  7.017003958E+04  2.168634566E+02  3.225844605E+02  2.591424711E+02  3.830798252E+02  9.724034015E-01 
       478 -2.083113736E-02  1.756162102E-01  7.133742148E-03  6.977692896E+04  2.179349108E+02  3.224607067E+02  2.589430652E+02  3.823888578E+02  9.676182903E-01 
       479 -1.816607045E-02  1.761555279E-01  9.209141426E-03  6.979790771E+04  2.223790016E+02  3.221983213E+02  2.585217266E+02  3.833040981E+02  9.550533481E-01 
       480 -1.549262448E-02  1.766467189E-01  1.128626304E-02  7.203505298E+04  2.218802052E+02  3.239046965E+02  2.612735720E+02  3.788040018E+02  9.469280057E-01 
       481 -1.281959455E-02  1.771087169E-01  1.337222607E-02  8.175877405E+04  2.124378819E+02  3.301030259E+02  2.713810363E+02  3.510499225E+02  9.258892778E-01 
       482 -1.015361520E-02  1.775059034E-01  1.547159933E-02  9.749985070E+04  2.086010932E+02  3.379453138E+02  2.844168255E+02  3.038798678E+02  8.679206475E-01 
       483 -7.491200012E-03  1.778633735E-01  1.757589553E-02  9.560844458E+04  2.209717507E+02  3.371971807E+02  2.831533947E+02  3.128820219E+02  8.363763280E-01 
       484 -4.837064878E-03  1.782590199E-01  1.971143984E-02  9.041350635E+04  2.315134687E+02  3.345919838E+02  2.787905874E+02  3.281359015E+02  8.251129873E-01 
       485 -2.188499166E-03  1.785530451E-01  2.185094162E-02  8.901573715E+04  2.330594053E+02  3.338712445E+02  2.775908210E+02  3.344346805E+02  8.294791116E-01 
       486  4.329096806E-04  1.787998193E-01  2.404680664E-02  8.881774561E+04  2.359045486E+02  3.336143532E+02  2.771632175E+02  3.374731617E+02  8.244536519E-01 
       487  3.027224691E-03  1.790317150E-01  2.627094405E-02  8.872151099E+04  2.359232621E+02  3.338787901E+02  2.776040914E+02  3.372393768E+02  8.236381961E-01 
       488  5.626976121E-03  1.792222402E-01  2.847807669E-02  8.926048328E+04  2.397828422E+02  3.339701405E+02  2.777551684E+02  3.398702261E+02  8.147060340E-01 
       489  8.191038637E-03  1.793338257E-01  3.074695743E-02  9.103569165E+04  2.418469005E+02  3.346379726E+02  2.788669620E+02  3.368119662E+02  8.026053738E-01 
       490  1.074058355E-02  1.794129340E-01  3.303046409E-02  9.440653043E+04  2.402844036E+02  3.362600549E+02  2.815797928E+02  3.277857381E+02  7.931406087E-01 
       491  1.325979491E-02  1.793970135E-01  3.532576038E-02  9.886855750E+04  2.360659449E+02  3.385572109E+02  2.854420276E+02  3.143238645E+02  7.871241476E-01 
       492  1.577166567E-02  1.793535417E-01  3.765132951E-02  1.031841914E+05  2.328900151E+02  3.407164068E+02  2.890918598E+02  3.001299129E+02  7.779673850E-01 
       493  1.825553626E-02  1.792503646E-01  4.000403552E-02  1.061711729E+05  2.333016303E+02  3.421479454E+02  2.915235548E+02  2.903657970E+02  7.633704636E-01 
       494  2.071273564E-02  1.790845686E-01  4.238164633E-02  1.082537163E+05  2.354065242E+02  3.431459159E+02  2.932263989E+02  2.864951124E+02  7.508932007E-01 
       495  2.315348782E-02  1.789033294E-01  4.476881837E-02  1.106577914E+05  2.360731611E+02  3.442097363E+02  2.950468812E+02  2.815928926E+02  7.426707558E-01 
       496  2.554611962E-02  1.786610662E-01  4.720294885E-02  1.127900195E+05  2.360782757E+02  3.450785694E+02  2.965379610E+02  2.750944033E+02  7.352226637E-01 
       497  2.790553153E-02  1.783591187E-01  4.966367300E-02  1.141283677E+05  2.348143673E+02  3.457207346E+02  2.976424036E+02  2.719530592E+02  7.364990208E-01 
       498  3.023553076E-02  1.780531658E-01  5.215009418E-02  1.151056067E+05  2.328407638E+02  3.462221055E+02  2.985062263E+02  2.711004229E+02  7.433440136E-01 
       499  3.255140683E-02  1.777481834E-01  5.464573084E-02  1.161898264E+05  2.319010526E+02  3.466882622E+02  2.993105562E+02  2.667164477E+02  7.426504316E-01 
       500  3.480321611E-02  1.773622653E-01  5.719033452E-02  1.172994786E+05  2.313114178E+02  3.472472386E+02  3.002766728E+02  2.614931705E+02  7.398369792E-01 
       501  3.704366447E-02  1.769956776E-01  5.978074099E-02  1.181026324E+05  2.316976531E+02  3.476123135E+02  3.009084551E+02  2.595680301E+02  7.368568918E-01 
       502  3.923116288E-02  1.766153691E-01  6.237867612E-02  1.186994050E+05  2.322631903E+02  3.478337197E+02  3.012920179E+02  2.576345334E+02  7.332840497E-01 
       503  4.136429871E-02  1.761773997E-01  6.501205622E-02  1.190811398E+05  2.324051086E+02  3.480065242E+02  3.015909982E+02  2.568584989E+02  7.320556128E-01 
       504  4.348069858E-02  1.757484529E-01  6.766046190E-02  1.193430291E+05  2.328111038E+02  3.481478119E+02  3.018359737E+02  2.568964458E+02  7.305948306E-01 
       505  4.554226392E-02  1.753162813E-01  7.034950997E-02  1.194877256E+05  2.332277098E+02  3.482192135E+02  3.019597006E+02  2.555012484E+02  7.279491071E-01 
       506  4.756665315E-02  1.748560179E-01  7.306168772E-02  1.194863207E+05  2.336035495E+02  3.482113192E+02  3.019458692E+02  2.546060741E+02  7.258735513E-01 
       507  4.956604909E-02  1.743615796E-01  7.580968578E-02  1.194622784E+05  2.337261205E+02  3.482299780E+02  3.019782057E+02  2.551970531E+02  7.262769083E-01 
       508  5.152654947E-02  1.738670862E-01  7.855886540E-02  1.193498422E+05  2.340427747E+02  3.481964232E+02  3.019199616E+02  2.558886442E+02  7.259237184E-01 
       509  5.347325952E-02  1.733659220E-01  8.131742073E-02  1.191279621E+05  2.345542417E+02  3.481145727E+02  3.017780134E+02  2.563985898E+02  7.246767827E-01 
       510  5.541917190E-02  1.728212690E-01  8.412523757E-02  1.193000036E+05  2.341150027E+02  3.482450371E+02  3.020041727E+02  2.559036108E+02  7.261664355E-01 
       511  5.731737707E-02  1.722438844E-01  8.698058411E-02  1.195875888E+05  2.343781601E+02  3.483460827E+02  3.021796503E+02  2.547467041E+02  7.241878069E-01 
       512  5.917186437E-02  1.716911252E-01  8.979478553E-02  1.197474350E+05  2.351836585E+02  3.483508439E+02  3.021880558E+02  2.543082231E+02  7.207922617E-01 
       513  6.096387184E-02  1.711643945E-01  9.255110888E-02  1.197444214E+05  2.360215771E+02  3.483147582E+02  3.021255490E+02  2.545110022E+02  7.179472174E-01 
       514  6.270700241E-02  1.705757992E-01  9.544380808E-02  1.195555471E+05  2.370981846E+02  3.481966162E+02  3.019205899E+02  2.549141102E+02  7.140949406E-01 
       515  6.442263795E-02  1.699823167E-01  9.834544530E-02  1.193236373E+05  2.378678635E+02  3.481020944E+02  3.017566446E+02  2.556190566E+02  7.118301334E-01 
       516  6.612271722E-02  1.694054111E-01  1.012510921E-01  1.190855599E+05  2.383401999E+02  3.480325539E+02  3.016359875E+02  2.560776610E+02  7.107418785E-01 
       517  6.776083839E-02  1.688452726E-01  1.042003507E-01  1.189473041E+05  2.385921701E+02  3.480121727E+02  3.016006615E+02  2.564569027E+02  7.105536740E-01 
       518  6.936215302E-02  1.682812898E-01  1.071729988E-01  1.188438314E+05  2.392902383E+02  3.479565256E+02  3.015043570E+02  2.570478649E+02  7.087890226E-01 
       519  7.082677073E-02  1.677321085E-01  1.102128146E-01  1.187432535E+05  2.399760879E+02  3.479339821E+02  3.014652848E+02  2.579275663E+02  7.071796888E-01 
       520  7.220712168E-02  1.672497044E-01  1.133584680E-01  1.186956153E+05  2.406506439E+02  3.479598139E+02  3.015101714E+02  2.586176875E+02  7.055569515E-01 
       521  7.342602904E-02  1.668557431E-01  1.165154693E-01  1.186096353E+05  2.409376403E+02  3.480832036E+02  3.017241361E+02  2.583007109E+02  7.047231896E-01 
       522  7.439926912E-02  1.665467988E-01  1.197652411E-01  1.184760566E+05  2.410928862E+02  3.482257929E+02  3.019715285E+02  2.574352636E+02  7.038756944E-01 
       523  7.498839543E-02  1.664581038E-01  1.231239650E-01  1.183739023E+05  2.407355080E+02  3.484374943E+02  3.023388443E+02  2.559851627E+02  7.043850124E-01 
       524  7.530423640E-02  1.665023734E-01  1.265249777E-01  1.183980913E+05  2.402763467E+02  3.485599217E+02  3.025515027E+02  2.552997465E+02  7.060326412E-01 
       525  7.543612494E-02  1.666233331E-01  1.299370256E-01  1.181824619E+05  2.417528839E+02  3.483023624E+02  3.021040421E+02  2.588073463E+02  7.039833516E-01 
       526  7.553122174E-02  1.667952118E-01  1.333496155E-01  1.179706609E+05  2.436490293E+02  3.479285264E+02  3.014564133E+02  2.619904013E+02  7.010687096E-01 
       527  7.566054780E-02  1.669469890E-01  1.367626796E-01  1.179039529E+05  2.428626394E+02  3.481271248E+02  3.018004990E+02  2.592622089E+02  7.015495207E-01 
       528  7.583993244E-02  1.671002891E-01  1.401745263E-01  1.177964283E+05  2.426315740E+02  3.484411643E+02  3.023457061E+02  2.586949407E+02  7.026946666E-01 
       529  7.600645069E-02  1.672586086E-01  1.435869327E-01  1.176894988E+05  2.436311524E+02  3.487838519E+02  3.029448428E+02  2.596445322E+02  7.022927413E-01 
       530  7.611546960E-02  1.674572299E-01  1.470000031E-01  1.178474527E+05  2.372948227E+02  3.500963111E+02  3.053289294E+02  2.478409634E+02  7.192859342E-01 
       531 -5.220359409E-02  2.342994603E-01 -4.210986580E-02  8.181336847E+04  1.816826488E+02  3.297686001E+02  2.708771828E+02  4.441693255E+02  1.149432189E+00 
       532 -5.220192467E-02  2.343108577E-01 -3.821952920E-02  8.075237204E+04  1.849965751E+02  3.291868799E+02  2.698539988E+02  4.460752139E+02  1.143257523E+00 
       533 -5.220302368E-02  2.343278434E-01 -3.432921672E-02  8.046802887E+04  1.858451862E+02  3.291028944E+02  2.697162986E+02  4.463181386E+02  1.141445741E+00 
       534 -5.220531674E-02  2.343446645E-01 -3.043898101E-02  8.138035373E+04  1.839791104E+02  3.296498903E+02  2.706144174E+02  4.444580421E+02  1.144163233E+00 
       535 -5.220735409E-02  2.343651870E-01 -2.654892396E-02  8.324821484E+04  1.795876541E+02  3.307293148E+02  2.723908443E+02  4.415435638E+02  1.152156085E+00 
       536 -5.221355576E-02  2.343966826E-01 -2.266385481E-02  8.501367914E+04  1.741357419E+02  3.317620830E+02  2.740938693E+02  4.370277147E+02  1.161354777E+00 
       537 -5.221196162E-02  2.344309954E-01 -1.877454498E-02  8.544163148E+04  1.723450727E+02  3.318745461E+02  2.742792405E+02  4.346985162E+02  1.163670037E+00 
       538 -5.222596507E-02  2.344687402E-01 -1.488167101E-02  8.398343132E+04  1.752094167E+02  3.309917748E+02  2.728234708E+02  4.378342798E+02  1.159961681E+00 
       539 -5.222923531E-02  2.345160018E-01 -1.099302079E-02  8.145783411E+04  1.828776046E+02  3.293657286E+02  2.701514363E+02  4.472310560E+02  1.151300504E+00 
       540 -5.210275326E-02  2.345957540E-01 -7.104134264E-03  7.922337964E+04  1.898484155E+02  3.281752429E+02  2.681988827E+02  4.475299518E+02  1.136044154E+00 
       541 -5.114101036E-02  2.348545508E-01 -3.375994418E-03  7.869396982E+04  1.917498352E+02  3.280798749E+02  2.680434506E+02  4.492481976E+02  1.133939240E+00 
       542 -4.917766965E-02  2.353023755E-01 -5.047413344E-05  8.000018921E+04  1.878316264E+02  3.289875774E+02  2.695286112E+02  4.532228260E+02  1.145732727E+00 
       543 -4.661414278E-02  2.358651253E-01  2.823323178E-03  8.161585791E+04  1.853105619E+02  3.298027420E+02  2.708663230E+02  4.495396805E+02  1.148254851E+00 
       544 -4.374488282E-02  2.364440537E-01  5.350106892E-03  8.450411920E+04  1.770375984E+02  3.316656551E+02  2.739354532E+02  4.393465147E+02  1.158853538E+00 
       545 -4.059796688E-02  2.370222596E-01  7.583171126E-03  8.867531256E+04  1.653568125E+02  3.338155565E+02  2.774982953E+02  4.288536241E+02  1.177489897E+00 
       546 -3.738701819E-02  2.375676250E-01  9.702642239E-03  8.769170697E+04  1.682826346E+02  3.331994150E+02  2.764765530E+02  4.307389774E+02  1.171746730E+00 
       547 -3.407522408E-02  2.380263225E-01  1.169481074E-02  8.239847693E+04  1.841476150E+02  3.303577495E+02  2.717822766E+02  4.417598147E+02  1.141883612E+00 
       548 -3.073065008E-02  2.384984497E-01  1.361793802E-02  8.001355493E+04  1.914460402E+02  3.290399899E+02  2.696132736E+02  4.476120269E+02  1.129712859E+00 
       549 -2.732884007E-02  2.388770261E-01  1.546643341E-02  8.154070020E+04  1.854594779E+02  3.300040193E+02  2.711965261E+02  4.447277517E+02  1.141591934E+00 
       550 -2.390908864E-02  2.392176502E-01  1.728468609E-02  8.237444087E+04  1.837206690E+02  3.303504462E+02  2.717659547E+02  4.435378126E+02  1.144746902E+00 
       551 -2.044822495E-02  2.394794424E-01  1.908927170E-02  8.154206384E+04  1.867857735E+02  3.297937682E+02  2.708510746E+02  4.447274618E+02  1.138653855E+00 
       552 -1.699643969E-02  2.397114515E-01  2.086461287E-02  8.093387109E+04  1.877770405E+02  3.295172215E+02  2.703983765E+02  4.455744257E+02  1.138087634E+00 
       553 -1.354033893E-02  2.398615604E-01  2.263394957E-02  8.083890820E+04  1.883679924E+02  3.294265366E+02  2.702506294E+02  4.432585354E+02  1.134658016E+00 
       554 -1.007792796E-02  2.399171479E-01  2.439846914E-02  8.118507678E+04  1.875069399E+02  3.296022153E+02  2.705393877E+02  4.435994482E+02  1.139121708E+00 
       555 -6.592279415E-03  2.399646350E-01  2.619220728E-02  8.085667139E+04  1.890791402E+02  3.291500225E+02  2.697973957E+02  4.454170427E+02  1.138766296E+00 
       556 -3.124907716E-03  2.398994093E-01  2.794309000E-02  7.964277979E+04  1.866113768E+02  3.288506660E+02  2.693070850E+02  4.456920319E+02  1.147492662E+00 
       557  3.338943067E-04  2.398017910E-01  2.968583889E-02  1.054445806E+05  2.098437934E+02  3.420377554E+02  2.913445706E+02  3.911528845E+02  1.041346690E+00 
       558  3.794068913E-03  2.396169640E-01  3.144821874E-02  1.003359463E+05  2.124620008E+02  3.398497663E+02  2.876244931E+02  4.018883867E+02  1.043222181E+00 
       559  7.248441593E-03  2.393064044E-01  3.320284907E-02  9.577247119E+04  2.112363901E+02  3.380695648E+02  2.846178341E+02  4.092590275E+02  1.052630816E+00 
       560  1.068879679E-02  2.389885178E-01  3.498866898E-02  9.279749292E+04  2.155627937E+02  3.363362417E+02  2.817074547E+02  4.201902609E+02  1.050901070E+00 
       561  1.412543948E-02  2.386075767E-01  3.676435012E-02  9.025939600E+04  2.165858541E+02  3.351347113E+02  2.796961145E+02  4.230146503E+02  1.050404772E+00 
       562  1.753589177E-02  2.380598424E-01  3.855175648E-02  8.905413330E+04  2.185962410E+02  3.347074547E+02  2.789839478E+02  4.251101837E+02  1.047918059E+00 
       563  2.093820079E-02  2.375000001E-01  4.035454522E-02  9.168346729E+04  2.193814545E+02  3.361579294E+02  2.814145575E+02  4.237063484E+02  1.046448469E+00 
       564  2.432947450E-02  2.368878370E-01  4.215773147E-02  1.037832916E+05  2.083996282E+02  3.425115734E+02  2.921922413E+02  3.945767605E+02  1.057960886E+00 
       565  2.770729830E-02  2.361795572E-01  4.394886350E-02  1.247059688E+05  2.001794045E+02  3.510886092E+02  3.069845366E+02  3.457094703E+02  1.063899046E+00 
       566  3.105826597E-02  2.354459967E-01  4.578622705E-02  1.314069532E+05  2.004407828E+02  3.532878757E+02  3.108158011E+02  3.304733834E+02  1.059912461E+00 
       567  3.438758923E-02  2.346372217E-01  4.762879820E-02  1.239321890E+05  1.994324233E+02  3.510259004E+02  3.068516916E+02  3.476942573E+02  1.059054775E+00 
       568  3.771502906E-02  2.337669833E-01  4.947240569E-02  1.174701819E+05  2.034292698E+02  3.486488645E+02  3.027081494E+02  3.663134325E+02  1.049886902E+00 
       569  4.101460083E-02  2.329246351E-01  5.135281935E-02  1.182347806E+05  2.068146594E+02  3.486643200E+02  3.027339783E+02  3.637339101E+02  1.038256936E+00 
       570  4.428347740E-02  2.319960665E-01  5.324515281E-02  1.227541479E+05  2.062208148E+02  3.502950175E+02  3.055721338E+02  3.520206354E+02  1.037829417E+00 
       571  4.749748393E-02  2.310181580E-01  5.520824782E-02  1.250808853E+05  2.040243864E+02  3.514105396E+02  3.075204349E+02  3.435053229E+02  1.042108886E+00 
       572  5.066691057E-02  2.300652086E-01  5.723980181E-02  1.249362304E+05  2.046573826E+02  3.514149061E+02  3.075278107E+02  3.442376367E+02  1.038037223E+00 
       573  5.379140778E-02  2.290521307E-01  5.932353399E-02  1.246053510E+05  2.087912734E+02  3.510415158E+02  3.068744684E+02  3.458815291E+02  1.025756543E+00 
       574  5.683956615E-02  2.279793322E-01  6.149869556E-02  1.249879517E+05  2.108759785E+02  3.512897377E+02  3.073090048E+02  3.428418579E+02  1.018071137E+00 
       575  5.985072913E-02  2.269370111E-01  6.373374277E-02  1.253117139E+05  2.142641010E+02  3.514867153E+02  3.076535053E+02  3.406447945E+02  1.006368488E+00 
       576  6.280959972E-02  2.258492183E-01  6.601505396E-02  1.251375611E+05  2.192538877E+02  3.513274633E+02  3.073749646E+02  3.408284846E+02  9.907095216E-01 
       577  6.573461678E-02  2.247295145E-01  6.832363097E-02  1.246956305E+05  2.213215070E+02  3.513032017E+02  3.073319292E+02  3.409105029E+02  9.848435940E-01 
       578  6.865501872E-02  2.236625994E-01  7.064894084E-02  1.243656496E+05  2.236320360E+02  3.512777910E+02  3.072877333E+02  3.390017880E+02  9.759627744E-01 
       579  7.151541969E-02  2.224865137E-01  7.302188293E-02  1.230535806E+05  2.270611572E+02  3.506917639E+02  3.062630386E+02  3.381863008E+02  9.646827802E-01 
       580  7.433322259E-02  2.213060150E-01  7.543149031E-02  1.214620713E+05  2.282892733E+02  3.506222086E+02  3.061437836E+02  3.441027365E+02  9.628496971E-01 
       581  7.711325138E-02  2.201536844E-01  7.789825066E-02  1.224765449E+05  2.330948322E+02  3.515804080E+02  3.078229283E+02  3.465644152E+02  9.487254478E-01 
       582  7.981655167E-02  2.189959972E-01  8.044372180E-02  1.228592606E+05  2.378521483E+02  3.520139456E+02  3.085834823E+02  3.452604513E+02  9.308039555E-01 
       583  8.242371870E-02  2.177951216E-01  8.306797326E-02  1.223700190E+05  2.388104906E+02  3.519065914E+02  3.083968410E+02  3.410492210E+02  9.231998883E-01 
       584  8.497819178E-02  2.166305248E-01  8.576177505E-02  1.219660356E+05  2.396249183E+02  3.516069862E+02  3.078712399E+02  3.394418477E+02  9.180982816E-01 
       585  8.747465708E-02  2.155008942E-01  8.852176985E-02  1.217064143E+05  2.388504171E+02  3.514649963E+02  3.076212974E+02  3.394288507E+02  9.192980081E-01 
       586  8.983863293E-02  2.143275504E-01  9.137087988E-02  1.217830488E+05  2.355856469E+02  3.513945560E+02  3.074962001E+02  3.398757753E+02  9.283352569E-01 
       587  9.211779941E-02  2.131724912E-01  9.430579148E-02  1.222089705E+05  2.323637860E+02  3.511391127E+02  3.070467952E+02  3.399654015E+02  9.375466652E-01 
       588  9.424446159E-02  2.121023496E-01  9.738772987E-02  1.226643852E+05  2.276504550E+02  3.511209931E+02  3.070144130E+02  3.397618346E+02  9.515518002E-01 
       589  9.610967173E-02  2.111612431E-01  1.006666829E-01  1.230354798E+05  2.234562328E+02  3.511160212E+02  3.070060391E+02  3.395323341E+02  9.636756622E-01 
       590  9.742401869E-02  2.103903297E-01  1.042235364E-01  1.231742658E+05  2.199730839E+02  3.509981122E+02  3.067999195E+02  3.396234226E+02  9.734501622E-01 
       591  9.764724840E-02  2.101688920E-01  1.080985861E-01  1.232030520E+05  2.192681515E+02  3.507454300E+02  3.063586793E+02  3.399566102E+02  9.755218383E-01 
       592  9.763062643E-02  2.101108570E-01  1.119846410E-01  1.230662335E+05  2.206834904E+02  3.507281126E+02  3.063297178E+02  3.386381691E+02  9.713309751E-01 
       593  9.759894170E-02  2.100363093E-01  1.158782398E-01  1.227890114E+05  2.234916502E+02  3.513015354E+02  3.073340223E+02  3.370840812E+02  9.626247375E-01 
       594  9.760335841E-02  2.100041055E-01  1.197683889E-01  1.226830090E+05  2.251974220E+02  3.525046339E+02  3.094441857E+02  3.307602840E+02  9.563082883E-01 
       595  9.760552297E-02  2.099886023E-01  1.236588659E-01  1.226475201E+05  2.259354017E+02  3.539140988E+02  3.119215198E+02  3.186878476E+02  9.536953396E-01 
       596  9.760989540E-02  2.100145164E-01  1.275491461E-01  1.228001646E+05  2.259969489E+02  3.550125119E+02  3.138583315E+02  3.064579431E+02  9.551952156E-01 
       597  9.760550437E-02  2.100148949E-01  1.314412195E-01  1.228665566E+05  2.269434633E+02  3.554464731E+02  3.146262817E+02  3.036276302E+02  9.523539729E-01 
       598  9.762031038E-02  2.101034915E-01  1.353312483E-01  1.229413451E+05  2.278843243E+02  3.555518364E+02  3.148175232E+02  3.130165646E+02  9.473987296E-01 
       599  9.762506170E-02  2.101609083E-01  1.392228176E-01  1.229802326E+05  2.281957279E+02  3.551429582E+02  3.140993706E+02  3.205832637E+02  9.460216134E-01 
       600  9.764671237E-02  2.102092269E-01  1.431110049E-01  1.230063385E+05  2.262014356E+02  3.542848921E+02  3.125855913E+02  3.249658763E+02  9.528000001E-01 
       601  9.766256924E-02  2.102587391E-01  1.469999989E-01  1.231054668E+05  2.225359325E+02  3.538113632E+02  3.114761524E+02  3.304296770E+02  9.646854736E-01 
