nodenumber     x-coordinate     y-coordinate     z-coordinate         pressure velocity-magnitude      sound-speed      temperature rel-velocity-magnitude relative-velocity-angle 
         1 -2.216901913E-02  1.039879580E-01 -4.300600202E-02  8.756848456E+04  1.537504414E+02  3.330607375E+02  2.762420152E+02  2.357826607E+02  8.605618178E-01 
         2 -2.197401757E-02  1.042260031E-01 -4.002397295E-02  8.746018588E+04  1.544825771E+02  3.329922438E+02  2.761284347E+02  2.363972176E+02  8.588831425E-01 
         3 -2.150271627E-02  1.045375264E-01 -3.708169353E-02  8.736433417E+04  1.550545627E+02  3.329452119E+02  2.760504801E+02  2.370477335E+02  8.583117006E-01 
         4 -2.072290556E-02  1.049359494E-01 -3.421635317E-02  8.726913489E+04  1.556391428E+02  3.329015040E+02  2.759780307E+02  2.376967549E+02  8.577847956E-01 
         5 -1.964621854E-02  1.053757771E-01 -3.145501365E-02  8.715543604E+04  1.562960491E+02  3.328464603E+02  2.758867908E+02  2.383179927E+02  8.568535335E-01 
         6 -1.833909717E-02  1.058829391E-01 -2.880182754E-02  8.699881714E+04  1.571110992E+02  3.327579145E+02  2.757401719E+02  2.393047271E+02  8.563306928E-01 
         7 -1.686396899E-02  1.064019756E-01 -2.624136390E-02  8.681087988E+04  1.579936862E+02  3.326598196E+02  2.755775394E+02  2.404672852E+02  8.560548685E-01 
         8 -1.524276490E-02  1.069101094E-01 -2.376908005E-02  8.657855273E+04  1.590900538E+02  3.325292807E+02  2.753612504E+02  2.416562843E+02  8.547487408E-01 
         9 -1.353040875E-02  1.074492491E-01 -2.136449246E-02  8.629846399E+04  1.604653535E+02  3.323688412E+02  2.750955338E+02  2.429687302E+02  8.524424145E-01 
        10 -1.175719847E-02  1.079385502E-01 -1.899452623E-02  8.610297705E+04  1.617233833E+02  3.322684457E+02  2.749294093E+02  2.440814669E+02  8.501574602E-01 
        11 -9.920451205E-03  1.084473482E-01 -1.667649769E-02  8.603228149E+04  1.626996632E+02  3.322377857E+02  2.748786505E+02  2.446800212E+02  8.474784929E-01 
        12 -8.053093039E-03  1.089314126E-01 -1.437870322E-02  8.622133902E+04  1.634219527E+02  3.323318579E+02  2.750343082E+02  2.446824719E+02  8.441026639E-01 
        13 -6.139911673E-03  1.093816015E-01 -1.211111235E-02  8.669026221E+04  1.625554585E+02  3.326075592E+02  2.754908223E+02  2.432175694E+02  8.442951422E-01 
        14 -4.213714023E-03  1.098625599E-01 -9.853315987E-03  8.753255615E+04  1.606237783E+02  3.330484810E+02  2.762218304E+02  2.405234690E+02  8.461981528E-01 
        15 -2.267252226E-03  1.102821410E-01 -7.616721013E-03  8.855595996E+04  1.564745979E+02  3.335842781E+02  2.771113586E+02  2.370281782E+02  8.576085530E-01 
        16 -3.058463972E-04  1.106716081E-01 -5.380345181E-03  8.938060693E+04  1.498657517E+02  3.339902763E+02  2.777864008E+02  2.344211965E+02  8.860984612E-01 
        17  1.649896870E-03  1.110991589E-01 -3.144821902E-03  8.730829932E+04  1.471019318E+02  3.328149781E+02  2.758377097E+02  2.425192103E+02  9.300670009E-01 
        18  3.605378217E-03  1.114680886E-01 -8.997268064E-04  7.548256958E+04  1.779532614E+02  3.260806990E+02  2.647862349E+02  2.899430776E+02  9.434161875E-01 
        19  5.548952344E-03  1.118349081E-01  1.356589372E-03  6.982673755E+04  2.104168411E+02  3.225081940E+02  2.590184631E+02  3.082249579E+02  8.422862259E-01 
        20  7.472030685E-03  1.121892539E-01  3.633809071E-03  7.296453029E+04  2.116454566E+02  3.248100060E+02  2.627314086E+02  2.974503536E+02  7.904505550E-01 
        21  9.366594022E-03  1.125505666E-01  5.932977735E-03  7.669537048E+04  2.099518042E+02  3.269292316E+02  2.661685908E+02  2.871697638E+02  7.588062510E-01 
        22  1.122147558E-02  1.129077905E-01  8.263617067E-03  7.901941453E+04  2.093329153E+02  3.283269114E+02  2.684484359E+02  2.777239578E+02  7.263812456E-01 
        23  1.303284284E-02  1.132507638E-01  1.062953057E-02  8.049355240E+04  2.117935482E+02  3.291502555E+02  2.697955188E+02  2.726208138E+02  6.956339024E-01 
        24  1.479928419E-02  1.136234762E-01  1.303021626E-02  8.165920027E+04  2.158399273E+02  3.298460563E+02  2.709373677E+02  2.684963947E+02  6.606335852E-01 
        25  1.649617427E-02  1.139938279E-01  1.547769530E-02  8.273424475E+04  2.202197163E+02  3.304566064E+02  2.719408534E+02  2.643411105E+02  6.234402922E-01 
        26  1.811807173E-02  1.143837002E-01  1.797032872E-02  8.346871094E+04  2.255233583E+02  3.308042564E+02  2.725126357E+02  2.624367495E+02  5.895114616E-01 
        27  1.968166241E-02  1.148013513E-01  2.049621310E-02  8.352490198E+04  2.326636364E+02  3.307759380E+02  2.724657896E+02  2.637986913E+02  5.579290572E-01 
        28  2.119101764E-02  1.152299366E-01  2.305322148E-02  8.297584567E+04  2.415633078E+02  3.304371168E+02  2.719077556E+02  2.672491644E+02  5.250069895E-01 
        29  2.266338778E-02  1.156643914E-01  2.563116057E-02  8.235933392E+04  2.504160548E+02  3.300979686E+02  2.713500940E+02  2.699678752E+02  4.895563652E-01 
        30  2.408077791E-02  1.161159634E-01  2.823658064E-02  8.183751575E+04  2.588958545E+02  3.298064477E+02  2.708710518E+02  2.720459661E+02  4.541177433E-01 
        31  2.544088325E-02  1.165921105E-01  3.086849856E-02  8.132283289E+04  2.673420804E+02  3.294685135E+02  2.703165390E+02  2.746113439E+02  4.208352850E-01 
        32  2.674433127E-02  1.170738851E-01  3.352942364E-02  8.077696216E+04  2.754353778E+02  3.291250868E+02  2.697533400E+02  2.774904366E+02  3.907691063E-01 
        33  2.797950643E-02  1.175445507E-01  3.622298897E-02  8.025245627E+04  2.830229261E+02  3.288335080E+02  2.692753494E+02  2.800040938E+02  3.621998517E-01 
        34  2.916313541E-02  1.180056499E-01  3.893937175E-02  7.995962238E+04  2.899665368E+02  3.286814518E+02  2.690261251E+02  2.815893718E+02  3.335279340E-01 
        35  3.031249539E-02  1.184785399E-01  4.167042727E-02  8.008078424E+04  2.956827629E+02  3.287764368E+02  2.691816394E+02  2.821147186E+02  3.070542050E-01 
        36  3.139929926E-02  1.189405785E-01  4.442941843E-02  8.033240283E+04  3.010996207E+02  3.289509674E+02  2.694676035E+02  2.822869322E+02  2.807876099E-01 
        37  3.242013936E-02  1.193808800E-01  4.721660669E-02  8.084743724E+04  3.063859864E+02  3.292314215E+02  2.699272004E+02  2.817473870E+02  2.521744051E-01 
        38  3.340677803E-02  1.198011670E-01  5.002067675E-02  8.205417255E+04  3.092587403E+02  3.299343492E+02  2.710814674E+02  2.784845053E+02  2.254705569E-01 
        39  3.430413654E-02  1.201853153E-01  5.285529857E-02  8.370350220E+04  3.105855579E+02  3.308971548E+02  2.726664858E+02  2.735992804E+02  2.003962090E-01 
        40  3.515433510E-02  1.205874318E-01  5.570324370E-02  8.576648340E+04  3.105610199E+02  3.320666714E+02  2.745979481E+02  2.675237064E+02  1.779637234E-01 
        41  3.592907297E-02  1.209644065E-01  5.857535950E-02  8.813252490E+04  3.090035453E+02  3.333749685E+02  2.767664485E+02  2.603508782E+02  1.597013478E-01 
        42  3.664355424E-02  1.213334730E-01  6.146049591E-02  9.061708337E+04  3.060461102E+02  3.346539650E+02  2.788938875E+02  2.525830297E+02  1.471859093E-01 
        43  3.727845098E-02  1.217084379E-01  6.437276718E-02  9.293039014E+04  3.023730326E+02  3.357819643E+02  2.807763538E+02  2.453206387E+02  1.413356955E-01 
        44  3.781448665E-02  1.220744111E-01  6.730672953E-02  9.477148779E+04  2.987229223E+02  3.367191153E+02  2.823451509E+02  2.395419831E+02  1.420125370E-01 
        45  3.826762164E-02  1.224563704E-01  7.025293559E-02  9.599388544E+04  2.959274862E+02  3.373923342E+02  2.834747894E+02  2.358056693E+02  1.463963103E-01 
        46  3.856443464E-02  1.228195695E-01  7.317567491E-02  9.662665625E+04  2.943738174E+02  3.377997131E+02  2.841599197E+02  2.341234207E+02  1.517799459E-01 
        47  3.882754171E-02  1.231963568E-01  7.616928387E-02  9.684525406E+04  2.929963986E+02  3.383945721E+02  2.851629999E+02  2.324743755E+02  1.567262808E-01 
        48  3.896508106E-02  1.235573809E-01  7.913505459E-02  9.679694531E+04  2.894588127E+02  3.394114532E+02  2.868912849E+02  2.267888222E+02  1.610097475E-01 
        49  3.903512947E-02  1.239238609E-01  8.213137167E-02  9.664611133E+04  2.808532364E+02  3.412739916E+02  2.900716503E+02  2.113171605E+02  1.665731424E-01 
        50  3.900153017E-02  1.243001337E-01  8.510504302E-02  9.642103693E+04  2.657157292E+02  3.442801960E+02  2.952177871E+02  1.830532606E+02  1.707027893E-01 
        51  3.889299026E-02  1.246700891E-01  8.806950082E-02  9.623211639E+04  2.483878398E+02  3.478778820E+02  3.014192584E+02  1.381295307E+02  1.451494592E-01 
        52  3.870303970E-02  1.250405990E-01  9.105247242E-02  9.648539014E+04  2.413252745E+02  3.505407882E+02  3.060230837E+02  9.473317969E+01 -1.827648107E-02 
        53  3.847530202E-02  1.253810613E-01  9.402032493E-02  9.731552881E+04  2.374095432E+02  3.527358934E+02  3.098601345E+02  5.646456209E+01 -3.621998029E-01 
        54  3.809583015E-02  1.257752167E-01  9.695318516E-02  9.782587012E+04  2.302077217E+02  3.537284813E+02  3.115946159E+02  3.533704209E+01 -1.532466814E+00 
        55  3.767199372E-02  1.261489404E-01  9.992435767E-02  9.862276855E+04  2.399971061E+02  3.526033192E+02  3.096144781E+02  4.263549113E+01 -1.493284315E+00 
        56  3.723780727E-02  1.265196365E-01  1.028569506E-01  1.009365768E+05  2.442459900E+02  3.514302845E+02  3.075591910E+02  5.769076680E+01 -1.169941712E+00 
        57  3.672955052E-02  1.269046997E-01  1.057947981E-01  1.039030272E+05  2.414429653E+02  3.506336412E+02  3.061673546E+02  9.287143970E+01 -2.225491761E-01 
        58  3.615520807E-02  1.273091289E-01  1.087154776E-01  1.059275972E+05  2.495762329E+02  3.488971500E+02  3.031446495E+02  1.397738233E+02  7.806225677E-02 
        59  3.556812424E-02  1.277144368E-01  1.116309472E-01  1.066531494E+05  2.588134115E+02  3.463136687E+02  2.986712663E+02  1.786904782E+02  1.867998405E-01 
        60  3.495651588E-02  1.281329458E-01  1.145394580E-01  1.072655334E+05  2.629404902E+02  3.441635218E+02  2.949686346E+02  1.944706063E+02  2.164503951E-01 
        61  3.433795015E-02  1.285471243E-01  1.174457346E-01  1.079190846E+05  2.620019410E+02  3.435124011E+02  2.938517885E+02  1.922294323E+02  2.151875177E-01 
        62  3.376061330E-02  1.289460490E-01  1.203607660E-01  1.083078934E+05  2.625270853E+02  3.435133245E+02  2.938531272E+02  1.907757270E+02  2.081239757E-01 
        63  3.331803132E-02  1.293309423E-01  1.232882868E-01  1.083854389E+05  2.662423950E+02  3.433831085E+02  2.936304817E+02  1.941154385E+02  1.983177588E-01 
        64  3.310586596E-02  1.296649637E-01  1.262581306E-01  1.082485379E+05  2.701632714E+02  3.431641715E+02  2.932561779E+02  1.981880774E+02  1.902411269E-01 
        65  3.306639982E-02  1.299493947E-01  1.292495641E-01  1.079948787E+05  2.729650078E+02  3.429808496E+02  2.929429006E+02  2.014015495E+02  1.863114109E-01 
        66  3.322486525E-02  1.302097713E-01  1.322380794E-01  1.077137733E+05  2.745287135E+02  3.428742833E+02  2.927608888E+02  2.032680887E+02  1.854655010E-01 
        67  3.356462385E-02  1.304573038E-01  1.352130229E-01  1.074441766E+05  2.755340243E+02  3.428110433E+02  2.926528552E+02  2.044863973E+02  1.860460009E-01 
        68  3.400410102E-02  1.306751199E-01  1.381765647E-01  1.071736473E+05  2.765268152E+02  3.427306371E+02  2.925155392E+02  2.057674475E+02  1.868327644E-01 
        69  3.451963359E-02  1.308741206E-01  1.411278790E-01  1.068973085E+05  2.776147721E+02  3.426333437E+02  2.923494294E+02  2.070897055E+02  1.872356685E-01 
        70  3.508991352E-02  1.310576265E-01  1.440660380E-01  1.066301674E+05  2.786929209E+02  3.425330148E+02  2.921782334E+02  2.085462167E+02  1.882073069E-01 
        71  3.570211579E-02  1.312503676E-01  1.470000000E-01  1.063101914E+05  2.799072227E+02  3.424062996E+02  2.919617119E+02  2.103362637E+02  1.892946754E-01 
        72 -2.843361623E-02  1.708417341E-01 -4.258217492E-02  8.204487183E+04  1.838754706E+02  3.299670715E+02  2.711341448E+02  3.446479645E+02  1.008027744E+00 
        73 -2.838826984E-02  1.709653765E-01 -3.916427879E-02  8.208195618E+04  1.841810551E+02  3.299721560E+02  2.711427891E+02  3.448250141E+02  1.007386434E+00 
        74 -2.835908450E-02  1.711140563E-01 -3.574649433E-02  8.234844739E+04  1.836203002E+02  3.301563098E+02  2.714455473E+02  3.432503037E+02  1.006534660E+00 
        75 -2.838361088E-02  1.712589164E-01 -3.232950605E-02  8.284755981E+04  1.831255860E+02  3.304361620E+02  2.719061289E+02  3.428600550E+02  1.007602621E+00 
        76 -2.841360827E-02  1.714319125E-01 -2.891476756E-02  8.345891956E+04  1.825594544E+02  3.307375178E+02  2.724023037E+02  3.415014486E+02  1.007231807E+00 
        77 -2.833774301E-02  1.716334782E-01 -2.549995819E-02  8.408940808E+04  1.805141087E+02  3.311812495E+02  2.731333774E+02  3.390725698E+02  1.009912333E+00 
        78 -2.791452343E-02  1.719215161E-01 -2.212016887E-02  8.440454834E+04  1.800376215E+02  3.313201485E+02  2.733624353E+02  3.393925209E+02  1.012009431E+00 
        79 -2.700703325E-02  1.722886754E-01 -1.884820631E-02  8.422678101E+04  1.800988779E+02  3.311480494E+02  2.730785084E+02  3.404605036E+02  1.013707694E+00 
        80 -2.544395246E-02  1.727209334E-01 -1.584518523E-02  8.326013562E+04  1.812908903E+02  3.306281974E+02  2.722221084E+02  3.429663866E+02  1.013978851E+00 
        81 -2.351536464E-02  1.732363399E-01 -1.306823492E-02  8.138778038E+04  1.849207436E+02  3.295811868E+02  2.705011162E+02  3.485754328E+02  1.011820814E+00 
        82 -2.134527601E-02  1.737374909E-01 -1.047435973E-02  7.864055615E+04  1.907652428E+02  3.279866635E+02  2.678910156E+02  3.561179358E+02  1.006127875E+00 
        83 -1.897326710E-02  1.742189522E-01 -8.035177519E-03  7.565596655E+04  1.988828038E+02  3.261819392E+02  2.649508501E+02  3.643440566E+02  9.946405166E-01 
        84 -1.652827274E-02  1.746780172E-01 -5.688541800E-03  7.350589246E+04  2.054003875E+02  3.248514667E+02  2.627933977E+02  3.715956545E+02  9.871255718E-01 
        85 -1.397929867E-02  1.751251779E-01 -3.446989688E-03  7.262326428E+04  2.100750251E+02  3.242594676E+02  2.618367858E+02  3.730966702E+02  9.745303392E-01 
        86 -1.139011487E-02  1.755573757E-01 -1.256774906E-03  7.363797571E+04  2.102605050E+02  3.249454126E+02  2.629469395E+02  3.721347270E+02  9.721060973E-01 
        87 -8.734274343E-03  1.759085237E-01  8.667805443E-04  7.865019562E+04  2.040854930E+02  3.279546280E+02  2.678473277E+02  3.585583558E+02  9.662506310E-01 
        88 -6.073383534E-03  1.762548475E-01  2.984781313E-03  8.857240656E+04  1.910239887E+02  3.334630013E+02  2.769204593E+02  3.309459708E+02  9.633040549E-01 
        89 -3.359730182E-03  1.765819110E-01  5.053045394E-03  9.819913715E+04  1.761521850E+02  3.382322598E+02  2.848908598E+02  3.052688391E+02  9.802666903E-01 
        90 -6.741955509E-04  1.768270807E-01  7.130208361E-03  9.777204179E+04  1.665109503E+02  3.379944633E+02  2.844909087E+02  3.115830379E+02  1.021195489E+00 
        91  2.027043660E-03  1.770783858E-01  9.208570588E-03  7.871758945E+04  1.936374582E+02  3.278207715E+02  2.676247045E+02  3.584680076E+02  1.001368224E+00 
        92  4.731686997E-03  1.772422585E-01  1.127155269E-02  7.289000951E+04  2.135689110E+02  3.244181933E+02  2.620957693E+02  3.752080742E+02  9.666622248E-01 
        93  7.454465044E-03  1.773874983E-01  1.334309669E-02  7.344061729E+04  2.106327109E+02  3.246634579E+02  2.624905021E+02  3.741809184E+02  9.742795820E-01 
        94  1.015989937E-02  1.775222933E-01  1.545596277E-02  7.079024030E+04  2.178150827E+02  3.229782061E+02  2.597768679E+02  3.815666194E+02  9.655919519E-01 
        95  1.284858280E-02  1.775661421E-01  1.756817794E-02  6.739034192E+04  2.276155879E+02  3.208241277E+02  2.563234451E+02  3.912125959E+02  9.532625391E-01 
        96  1.551966693E-02  1.776138061E-01  1.970369132E-02  6.437340869E+04  2.369241173E+02  3.187521393E+02  2.530250440E+02  4.012733660E+02  9.445136683E-01 
        97  1.817410325E-02  1.776258069E-01  2.186017323E-02  6.175019604E+04  2.456966653E+02  3.169229012E+02  2.501278863E+02  4.090587182E+02  9.329862213E-01 
        98  2.080993586E-02  1.775631240E-01  2.403936301E-02  5.991524390E+04  2.536779075E+02  3.155895576E+02  2.480250926E+02  4.142123022E+02  9.181787055E-01 
        99  2.341570779E-02  1.774969016E-01  2.625394818E-02  5.950722180E+04  2.587111092E+02  3.153265667E+02  2.476112823E+02  4.162081614E+02  9.056997541E-01 
       100  2.600295182E-02  1.773818036E-01  2.848806157E-02  6.133870923E+04  2.592197905E+02  3.167839622E+02  2.499216232E+02  4.099147825E+02  8.896798007E-01 
       101  2.856627515E-02  1.771883875E-01  3.074502562E-02  6.672261914E+04  2.540849762E+02  3.206477270E+02  2.561014128E+02  3.932588835E+02  8.710645176E-01 
       102  3.110662233E-02  1.769811535E-01  3.302644514E-02  7.491722144E+04  2.453167658E+02  3.261941843E+02  2.650395508E+02  3.688014193E+02  8.507178593E-01 
       103  3.362247542E-02  1.767159818E-01  3.532849163E-02  8.167165149E+04  2.414450464E+02  3.303130932E+02  2.717259750E+02  3.496414251E+02  8.268197700E-01 
       104  3.610895472E-02  1.763647845E-01  3.765120331E-02  8.312157080E+04  2.462784677E+02  3.308962474E+02  2.726708241E+02  3.479092679E+02  8.071814831E-01 
       105  3.856497337E-02  1.759966372E-01  4.000321012E-02  8.063345749E+04  2.560966449E+02  3.293203355E+02  2.700789384E+02  3.568193042E+02  7.900862321E-01 
       106  4.103059304E-02  1.755360248E-01  4.234569910E-02  7.838202745E+04  2.647764125E+02  3.280301721E+02  2.679623581E+02  3.634890141E+02  7.730834352E-01 
       107  4.340106546E-02  1.750377176E-01  4.474435622E-02  7.893094402E+04  2.673725049E+02  3.285677242E+02  2.688425148E+02  3.613178672E+02  7.601337659E-01 
       108  4.575540032E-02  1.745445103E-01  4.717695363E-02  8.268561304E+04  2.664886808E+02  3.307048979E+02  2.723571575E+02  3.512927790E+02  7.444470786E-01 
       109  4.807037784E-02  1.739953488E-01  4.963532790E-02  8.879255151E+04  2.620016136E+02  3.340144348E+02  2.778404694E+02  3.349728384E+02  7.305969223E-01 
       110  5.034733117E-02  1.734133857E-01  5.212084081E-02  9.480569922E+04  2.576326771E+02  3.371844711E+02  2.831325302E+02  3.190265789E+02  7.188259028E-01 
       111  5.258765486E-02  1.728405975E-01  5.464144749E-02  9.893562891E+04  2.570426064E+02  3.392079926E+02  2.865357952E+02  3.077720108E+02  7.028414495E-01 
       112  5.479076840E-02  1.722430532E-01  5.718902978E-02  1.018556467E+05  2.575352936E+02  3.405799122E+02  2.888574142E+02  3.002892056E+02  6.895777918E-01 
       113  5.694737683E-02  1.716020731E-01  5.976586917E-02  1.049228616E+05  2.566107018E+02  3.420322020E+02  2.913262050E+02  2.926219049E+02  6.817881339E-01 
       114  5.911848447E-02  1.709340834E-01  6.233872565E-02  1.082261341E+05  2.553066819E+02  3.435458105E+02  2.939093020E+02  2.832241778E+02  6.731647574E-01 
       115  6.119351897E-02  1.703313828E-01  6.496775561E-02  1.108807583E+05  2.544469414E+02  3.446734514E+02  2.958420944E+02  2.758655105E+02  6.669948902E-01 
       116  6.319798910E-02  1.696485115E-01  6.765543605E-02  1.130447893E+05  2.534350572E+02  3.455270667E+02  2.973088608E+02  2.703647079E+02  6.638657032E-01 
       117  6.520189851E-02  1.689621155E-01  7.034628384E-02  1.151621128E+05  2.517685623E+02  3.464276457E+02  2.988607244E+02  2.642444077E+02  6.629639398E-01 
       118  6.717992039E-02  1.682884043E-01  7.305807409E-02  1.170592666E+05  2.502655458E+02  3.471743221E+02  3.001501360E+02  2.600591402E+02  6.644294355E-01 
       119  6.910755662E-02  1.675987334E-01  7.579818779E-02  1.184987649E+05  2.499478881E+02  3.477178519E+02  3.010905693E+02  2.580602028E+02  6.639020308E-01 
       120  7.101404689E-02  1.668389198E-01  7.852135391E-02  1.196001958E+05  2.477814457E+02  3.483056300E+02  3.021093500E+02  2.558001835E+02  6.700809086E-01 
       121  7.286652020E-02  1.661304029E-01  8.130170181E-02  1.198259950E+05  2.457841829E+02  3.485058846E+02  3.024568925E+02  2.544426240E+02  6.770017130E-01 
       122  7.473378469E-02  1.653966549E-01  8.408122010E-02  1.198992466E+05  2.446133366E+02  3.486059361E+02  3.026308174E+02  2.538863182E+02  6.815441661E-01 
       123  7.654776682E-02  1.646234676E-01  8.688218818E-02  1.198376335E+05  2.439127822E+02  3.487177095E+02  3.028252602E+02  2.536986170E+02  6.844755001E-01 
       124  7.830115451E-02  1.638494494E-01  8.971806956E-02  1.197010405E+05  2.438433819E+02  3.488428249E+02  3.030432663E+02  2.535453472E+02  6.847379841E-01 
       125  8.003223315E-02  1.630890187E-01  9.257063461E-02  1.196037139E+05  2.429383626E+02  3.490752163E+02  3.034484329E+02  2.519840837E+02  6.873559449E-01 
       126  8.174167210E-02  1.623344685E-01  9.543869445E-02  1.194487118E+05  2.404114320E+02  3.497414348E+02  3.046121454E+02  2.502670057E+02  6.969988653E-01 
       127  8.339566060E-02  1.615413001E-01  9.829620033E-02  1.191896961E+05  2.407651842E+02  3.502249044E+02  3.054577576E+02  2.494327359E+02  6.954484050E-01 
       128  8.500809507E-02  1.607572746E-01  1.012133408E-01  1.191034660E+05  2.424228926E+02  3.502958398E+02  3.055800459E+02  2.454590871E+02  6.853637015E-01 
       129  8.654116005E-02  1.600133249E-01  1.041766726E-01  1.192606956E+05  2.399026747E+02  3.509933875E+02  3.067990601E+02  2.374260885E+02  6.908037618E-01 
       130  8.807530659E-02  1.592883350E-01  1.071513815E-01  1.192341089E+05  2.350764222E+02  3.522397122E+02  3.089825706E+02  2.298996634E+02  7.086371593E-01 
       131  8.946870181E-02  1.585918917E-01  1.101955952E-01  1.190432970E+05  2.323636371E+02  3.532609758E+02  3.107737653E+02  2.214258541E+02  7.177430254E-01 
       132  9.078169785E-02  1.579398834E-01  1.132895212E-01  1.188902720E+05  2.300213227E+02  3.540502131E+02  3.121598127E+02  2.134045726E+02  7.264485317E-01 
       133  9.193376095E-02  1.573753789E-01  1.164622823E-01  1.187665289E+05  2.274576888E+02  3.542336144E+02  3.124816487E+02  2.115748930E+02  7.380532548E-01 
       134  9.287851211E-02  1.569754829E-01  1.197270904E-01  1.186338383E+05  2.280245494E+02  3.533081853E+02  3.108545896E+02  2.204560198E+02  7.393041581E-01 
       135  9.346963790E-02  1.567893278E-01  1.230899614E-01  1.185378476E+05  2.334058862E+02  3.512117416E+02  3.071823418E+02  2.401123506E+02  7.259045290E-01 
       136  9.376445592E-02  1.568076376E-01  1.265149706E-01  1.184679979E+05  2.404270151E+02  3.489117241E+02  3.031683016E+02  2.571472411E+02  7.078653146E-01 
       137  9.391306034E-02  1.569225935E-01  1.299303306E-01  1.183724404E+05  2.430929394E+02  3.478217239E+02  3.012715864E+02  2.615466089E+02  7.009540051E-01 
       138  9.402896493E-02  1.570765633E-01  1.333445553E-01  1.182216035E+05  2.425691900E+02  3.476825676E+02  3.010296297E+02  2.602576504E+02  7.022991814E-01 
       139  9.417960043E-02  1.572174564E-01  1.367593072E-01  1.180989397E+05  2.428151817E+02  3.477169085E+02  3.010890198E+02  2.605739384E+02  7.023794930E-01 
       140  9.437397158E-02  1.573466446E-01  1.401725853E-01  1.180073885E+05  2.437200968E+02  3.477737808E+02  3.011875377E+02  2.619943213E+02  7.010567831E-01 
       141  9.455826038E-02  1.574868932E-01  1.435861248E-01  1.179504558E+05  2.439347308E+02  3.479902575E+02  3.015625896E+02  2.619832469E+02  7.009746174E-01 
       142  9.468914447E-02  1.576724412E-01  1.470000022E-01  1.179085825E+05  2.440511341E+02  3.481203003E+02  3.017984486E+02  2.619483871E+02  7.013465613E-01 
       143 -2.515044289E-02  2.387134140E-01 -4.211006034E-02  8.324116129E+04  1.809417800E+02  3.306442352E+02  2.722483923E+02  4.408142217E+02  1.147850132E+00 
       144 -2.515073613E-02  2.387267259E-01 -3.821832766E-02  8.474123311E+04  1.774428872E+02  3.314466901E+02  2.735718819E+02  4.375780435E+02  1.153406407E+00 
       145 -2.514274647E-02  2.387409373E-01 -3.433018188E-02  8.592391823E+04  1.741621648E+02  3.321392162E+02  2.747163619E+02  4.353358628E+02  1.159553692E+00 
       146 -2.514933814E-02  2.387615668E-01 -3.043885368E-02  8.588327980E+04  1.745914835E+02  3.321084076E+02  2.746651448E+02  4.344613484E+02  1.157915401E+00 
       147 -2.514205174E-02  2.387863737E-01 -2.655197175E-02  8.447974165E+04  1.780877867E+02  3.313965219E+02  2.734889426E+02  4.375028828E+02  1.152317158E+00 
       148 -2.514801404E-02  2.388163633E-01 -2.268742808E-02  8.246911890E+04  1.830499387E+02  3.302917659E+02  2.716685585E+02  4.430273849E+02  1.145498112E+00 
       149 -2.514603624E-02  2.387984711E-01 -1.877579094E-02  8.046045898E+04  1.883541946E+02  3.291017647E+02  2.697147675E+02  4.472574120E+02  1.136697918E+00 
       150 -2.513833525E-02  2.388756875E-01 -1.487946342E-02  7.925978875E+04  1.910065559E+02  3.284388647E+02  2.686286726E+02  4.496941352E+02  1.132747862E+00 
       151 -2.514495058E-02  2.389300222E-01 -1.098752945E-02  7.940859079E+04  1.897511030E+02  3.285044498E+02  2.687362012E+02  4.483057334E+02  1.134263251E+00 
       152 -2.501801490E-02  2.389948317E-01 -7.101428526E-03  8.106974927E+04  1.848883992E+02  3.294992756E+02  2.703674661E+02  4.465930778E+02  1.144577819E+00 
       153 -2.403359079E-02  2.391541778E-01 -3.362202731E-03  8.577551904E+04  1.741441047E+02  3.319848269E+02  2.744626818E+02  4.355419640E+02  1.160128617E+00 
       154 -2.203079393E-02  2.393877231E-01 -4.501692070E-05  8.976402847E+04  1.633066460E+02  3.342271807E+02  2.781815571E+02  4.263013901E+02  1.178580066E+00 
       155 -1.942355624E-02  2.396357170E-01  2.825132604E-03  8.668884421E+04  1.732960639E+02  3.324247639E+02  2.751925787E+02  4.323932359E+02  1.159102520E+00 
       156 -1.648721574E-02  2.398964014E-01  5.342831758E-03  8.117198602E+04  1.862299863E+02  3.294743624E+02  2.703285923E+02  4.458084464E+02  1.139989465E+00 
       157 -1.330897545E-02  2.400801911E-01  7.594698846E-03  7.955158447E+04  1.907499638E+02  3.283995667E+02  2.685651917E+02  4.494967227E+02  1.132855147E+00 
       158 -1.004552185E-02  2.402353079E-01  9.709455816E-03  8.020184326E+04  1.853126702E+02  3.289929242E+02  2.695382490E+02  4.485146894E+02  1.145622766E+00 
       159 -6.714656287E-03  2.403804415E-01  1.171394437E-02  8.062713431E+04  1.849287336E+02  3.290374347E+02  2.696099564E+02  4.457806858E+02  1.144109853E+00 
       160 -3.322138608E-03  2.404066774E-01  1.362735999E-02  7.994343704E+04  1.859735709E+02  3.287543437E+02  2.691458060E+02  4.488646235E+02  1.145294871E+00 
       161  9.783589121E-05  2.404201762E-01  1.547870720E-02  7.982550183E+04  1.878511980E+02  3.285060358E+02  2.687409368E+02  4.495790672E+02  1.142454889E+00 
       162  3.534439975E-03  2.403949673E-01  1.730379042E-02  8.102814575E+04  1.847244463E+02  3.294576387E+02  2.703103266E+02  4.430967674E+02  1.145579364E+00 
       163  6.969024296E-03  2.402279751E-01  1.908412837E-02  9.149954913E+04  1.550805509E+02  3.354831200E+02  2.803012040E+02  4.250805631E+02  1.203260946E+00 
       164  1.043411823E-02  2.400800089E-01  2.085152946E-02  7.973405753E+04  1.859237290E+02  3.295442922E+02  2.704434087E+02  4.489182198E+02  1.148675483E+00 
       165  1.388371434E-02  2.398652026E-01  2.263181169E-02  7.936738269E+04  1.880749938E+02  3.288707654E+02  2.693379965E+02  4.506380525E+02  1.144308936E+00 
       166  1.734145131E-02  2.394992745E-01  2.440657916E-02  7.874689990E+04  1.879365904E+02  3.285619307E+02  2.688315597E+02  4.472861953E+02  1.140699891E+00 
       167  2.080043859E-02  2.391294908E-01  2.615375350E-02  7.868858167E+04  1.869214710E+02  3.287313604E+02  2.691097000E+02  4.429546660E+02  1.139496788E+00 
       168  2.424052770E-02  2.387186889E-01  2.792040504E-02  7.876107874E+04  1.895213070E+02  3.286203289E+02  2.689282873E+02  4.429871078E+02  1.133581160E+00 
       169  2.766624902E-02  2.381908713E-01  2.968394578E-02  7.872287842E+04  1.926705029E+02  3.284665556E+02  2.686761146E+02  4.441011744E+02  1.126575150E+00 
       170  3.108229850E-02  2.375970478E-01  3.144655572E-02  7.857281836E+04  1.943569827E+02  3.285497239E+02  2.688115721E+02  4.434035828E+02  1.121756518E+00 
       171  3.449726266E-02  2.369314331E-01  3.319569832E-02  7.859710648E+04  1.972164401E+02  3.286055890E+02  2.689034163E+02  4.432847800E+02  1.115888214E+00 
       172  3.787267708E-02  2.362004853E-01  3.498142333E-02  7.904525049E+04  2.009354284E+02  3.286459436E+02  2.689704390E+02  4.454404402E+02  1.109952152E+00 
       173  4.123744789E-02  2.354271843E-01  3.677379579E-02  7.931653687E+04  2.028816235E+02  3.287317190E+02  2.691116796E+02  4.474945316E+02  1.109238466E+00 
       174  4.456263149E-02  2.345133553E-01  3.856958315E-02  7.874913556E+04  2.052488241E+02  3.285272110E+02  2.687772930E+02  4.481244241E+02  1.106527609E+00 
       175  4.789152860E-02  2.335402793E-01  4.034492433E-02  7.707357281E+04  2.087479666E+02  3.277561246E+02  2.675161655E+02  4.480309622E+02  1.099080819E+00 
       176  5.119514426E-02  2.325727211E-01  4.215365701E-02  7.507659352E+04  2.132848511E+02  3.266862974E+02  2.657714952E+02  4.472538082E+02  1.087610976E+00 
       177  5.444737908E-02  2.314873556E-01  4.396264389E-02  7.319764835E+04  2.181942301E+02  3.254781573E+02  2.638098846E+02  4.478411160E+02  1.076410014E+00 
       178  5.771043354E-02  2.303389779E-01  4.576361213E-02  7.122008627E+04  2.245666735E+02  3.241119922E+02  2.615999955E+02  4.529407761E+02  1.067155939E+00 
       179  6.093363739E-02  2.292015055E-01  4.761570799E-02  6.876256799E+04  2.342287722E+02  3.224103613E+02  2.588629766E+02  4.627393789E+02  1.055685025E+00 
       180  6.411569228E-02  2.279427553E-01  4.946832252E-02  6.689214331E+04  2.462587051E+02  3.212474432E+02  2.569987774E+02  4.689116211E+02  1.033319719E+00 
       181  6.728438578E-02  2.267057043E-01  5.135068917E-02  6.884354456E+04  2.587672138E+02  3.228814640E+02  2.596320381E+02  4.657970448E+02  9.957363345E-01 
       182  7.045491472E-02  2.254566135E-01  5.324396322E-02  7.973717407E+04  2.670639091E+02  3.291104226E+02  2.697929292E+02  4.403774977E+02  9.420302222E-01 
       183  7.352398986E-02  2.240979077E-01  5.520813549E-02  9.551548145E+04  2.492883286E+02  3.377384129E+02  2.841063056E+02  4.030059671E+02  9.476630464E-01 
       184  7.654294831E-02  2.227589545E-01  5.724026033E-02  1.042635885E+05  2.357131177E+02  3.417231724E+02  2.908030440E+02  3.889743408E+02  9.698520082E-01 
       185  7.954929441E-02  2.214414527E-01  5.933596166E-02  1.084213625E+05  2.413525805E+02  3.439109478E+02  2.945465012E+02  3.785060186E+02  9.463163670E-01 
       186  8.244157493E-02  2.200232159E-01  6.149679439E-02  1.256678945E+05  2.359964180E+02  3.517720718E+02  3.081631927E+02  3.405095978E+02  9.405722171E-01 
       187  8.531452000E-02  2.186177542E-01  6.372436707E-02  1.203742448E+05  2.423683113E+02  3.486974022E+02  3.027930529E+02  3.543093145E+02  9.244499309E-01 
       188  8.816039266E-02  2.172472440E-01  6.601424901E-02  1.221297524E+05  2.340968056E+02  3.499043503E+02  3.048905473E+02  3.477113957E+02  9.439627696E-01 
       189  9.092008057E-02  2.157826082E-01  6.831794754E-02  1.219435604E+05  2.279157022E+02  3.499023814E+02  3.048873242E+02  3.482518710E+02  9.609842565E-01 
       190  9.367581728E-02  2.143255962E-01  7.064980943E-02  1.218322784E+05  2.242100673E+02  3.497398937E+02  3.046026533E+02  3.481169670E+02  9.705511357E-01 
       191  9.641114101E-02  2.128789625E-01  7.302159977E-02  1.221141208E+05  2.205893362E+02  3.499700544E+02  3.050036385E+02  3.471497695E+02  9.799449341E-01 
       192  9.907895187E-02  2.114028516E-01  7.542603674E-02  1.219692909E+05  2.197456851E+02  3.500300713E+02  3.051083648E+02  3.469395683E+02  9.815799808E-01 
       193  1.016896232E-01  2.099003163E-01  7.789626121E-02  1.221271270E+05  2.192391052E+02  3.503185101E+02  3.056119020E+02  3.444429321E+02  9.818492103E-01 
       194  1.042573666E-01  2.084682280E-01  8.044071344E-02  1.223424996E+05  2.191321049E+02  3.510271192E+02  3.068511107E+02  3.440395169E+02  9.816443212E-01 
       195  1.067132028E-01  2.069758083E-01  8.306726980E-02  1.225089495E+05  2.224029436E+02  3.514569465E+02  3.076049753E+02  3.424351786E+02  9.708027578E-01 
       196  1.091091693E-01  2.055182938E-01  8.576040538E-02  1.227406606E+05  2.221816069E+02  3.525146530E+02  3.094637849E+02  3.360817973E+02  9.695765690E-01 
       197  1.114533399E-01  2.040960959E-01  8.851719904E-02  1.227539936E+05  2.214600222E+02  3.542774089E+02  3.125732981E+02  3.279235920E+02  9.708398636E-01 
       198  1.136946430E-01  2.026973542E-01  9.137514269E-02  1.225109129E+05  2.231763880E+02  3.557756733E+02  3.152242067E+02  3.176539666E+02  9.658926279E-01 
       199  1.158224243E-01  2.012857480E-01  9.431046231E-02  1.224427477E+05  2.255157055E+02  3.568152684E+02  3.170642162E+02  3.047814079E+02  9.600320233E-01 
       200  1.177983438E-01  1.999614296E-01  9.738734661E-02  1.224046008E+05  2.274225153E+02  3.577540267E+02  3.187286781E+02  2.939727612E+02  9.556139482E-01 
       201  1.195376812E-01  1.988013159E-01  1.006637087E-01  1.225039087E+05  2.302678621E+02  3.580382252E+02  3.192325313E+02  2.889419851E+02  9.468784899E-01 
       202  1.207748534E-01  1.979244993E-01  1.042263433E-01  1.224410629E+05  2.327365081E+02  3.569503548E+02  3.173024230E+02  3.006576922E+02  9.374814783E-01 
       203  1.209766187E-01  1.976967879E-01  1.080979692E-01  1.225919379E+05  2.340243532E+02  3.542025740E+02  3.124402681E+02  3.298627264E+02  9.320943605E-01 
       204  1.209415894E-01  1.976147862E-01  1.119887176E-01  1.227719535E+05  2.324441139E+02  3.522589096E+02  3.090143322E+02  3.342005368E+02  9.351656532E-01 
       205  1.209136670E-01  1.975679793E-01  1.158784497E-01  1.228108049E+05  2.294449337E+02  3.515796711E+02  3.078202946E+02  3.346022797E+02  9.433804299E-01 
       206  1.209140530E-01  1.975343277E-01  1.197687765E-01  1.229108679E+05  2.253351722E+02  3.515242575E+02  3.077228770E+02  3.368299207E+02  9.560856015E-01 
       207  1.209033119E-01  1.974945510E-01  1.236620610E-01  1.229356867E+05  2.216987411E+02  3.516273409E+02  3.079034855E+02  3.357569555E+02  9.665998504E-01 
       208  1.208998844E-01  1.975608583E-01  1.275528569E-01  1.229316443E+05  2.214199824E+02  3.517893885E+02  3.081900244E+02  3.359159407E+02  9.680126436E-01 
       209  1.209086196E-01  1.975927695E-01  1.314428594E-01  1.228826529E+05  2.214281281E+02  3.522474319E+02  3.089955950E+02  3.359883119E+02  9.683715369E-01 
       210  1.209261261E-01  1.976437754E-01  1.353324952E-01  1.229309415E+05  2.218759555E+02  3.529671226E+02  3.102616323E+02  3.310783352E+02  9.665836690E-01 
       211  1.209477387E-01  1.976921952E-01  1.392217013E-01  1.229114844E+05  2.212037656E+02  3.539436367E+02  3.119817827E+02  3.222996798E+02  9.685910691E-01 
       212  1.209659901E-01  1.977439656E-01  1.431109690E-01  1.230721820E+05  2.204229602E+02  3.550596380E+02  3.139371997E+02  3.109285951E+02  9.716362187E-01 
       213  1.210017723E-01  1.977818072E-01  1.470000027E-01  1.232613091E+05  2.214117861E+02  3.556005869E+02  3.147008581E+02  3.054631853E+02  9.696139693E-01 
       214 -1.337431699E-02  1.053111530E-01 -4.600000000E-02  8.759990527E+04  1.543964081E+02  3.330706406E+02  2.763626633E+02  2.358316154E+02  8.570351228E-01 
       215 -1.336879354E-02  1.054912688E-01 -4.299898917E-02  8.748901245E+04  1.538086214E+02  3.330733461E+02  2.762629938E+02  2.357472796E+02  8.600780535E-01 
       216 -1.321272523E-02  1.057016208E-01 -4.000664894E-02  8.751461621E+04  1.542948093E+02  3.330137615E+02  2.761641445E+02  2.365329027E+02  8.603910804E-01 
       217 -1.269691607E-02  1.059729593E-01 -3.706120983E-02  8.741129224E+04  1.550467229E+02  3.329328216E+02  2.760299132E+02  2.370423716E+02  8.583237406E-01 
       218 -1.181263769E-02  1.063072321E-01 -3.420969757E-02  8.722026963E+04  1.557104380E+02  3.328762267E+02  2.759360706E+02  2.376278115E+02  8.570646062E-01 
       219 -1.066241908E-02  1.066659143E-01 -3.145726216E-02  8.707871883E+04  1.565454809E+02  3.328159313E+02  2.758361355E+02  2.386545561E+02  8.564881502E-01 
       220 -9.280794463E-03  1.070573859E-01 -2.881758489E-02  8.690532196E+04  1.573838895E+02  3.327322438E+02  2.756974588E+02  2.395564838E+02  8.555674135E-01 
       221 -7.735023178E-03  1.074435380E-01 -2.626912607E-02  8.676057239E+04  1.581921834E+02  3.326710559E+02  2.755959585E+02  2.404690613E+02  8.548824559E-01 
       222 -6.047350445E-03  1.078135440E-01 -2.381048416E-02  8.665315709E+04  1.594610984E+02  3.325267555E+02  2.753569595E+02  2.414312675E+02  8.518696973E-01 
       223 -4.299611852E-03  1.081916589E-01 -2.139379423E-02  8.658789979E+04  1.598574994E+02  3.326168617E+02  2.755062564E+02  2.417997485E+02  8.515445407E-01 
       224 -2.461870607E-03  1.085505379E-01 -1.904289133E-02  8.665369557E+04  1.603853456E+02  3.325220075E+02  2.753491182E+02  2.421447523E+02  8.503589248E-01 
       225 -5.886173328E-04  1.088780789E-01 -1.671486844E-02  8.675521720E+04  1.600751703E+02  3.326771091E+02  2.756060924E+02  2.420345190E+02  8.522320421E-01 
       226  1.337912187E-03  1.092215599E-01 -1.443302686E-02  8.685925233E+04  1.597409474E+02  3.325900673E+02  2.754618577E+02  2.424363193E+02  8.559387599E-01 
       227  3.290030235E-03  1.094941851E-01 -1.216353628E-02  8.666080607E+04  1.595539885E+02  3.324595978E+02  2.752458130E+02  2.437253018E+02  8.619351931E-01 
       228  5.262023684E-03  1.097864070E-01 -9.913643549E-03  8.594556280E+04  1.604172477E+02  3.320260981E+02  2.745288211E+02  2.470471830E+02  8.697895116E-01 
       229  7.256339014E-03  1.100495762E-01 -7.679258903E-03  8.401968264E+04  1.651281347E+02  3.309821966E+02  2.728055823E+02  2.543747487E+02  8.710984672E-01 
       230  9.250945095E-03  1.102792579E-01 -5.441700620E-03  8.178025446E+04  1.729442042E+02  3.298311842E+02  2.709113493E+02  2.621673343E+02  8.584634615E-01 
       231  1.125130268E-02  1.105297001E-01 -3.209862298E-03  8.048030371E+04  1.800801821E+02  3.292973557E+02  2.700349245E+02  2.661205821E+02  8.354057055E-01 
       232  1.324504242E-02  1.107259366E-01 -9.692227629E-04  8.128079590E+04  1.835899448E+02  3.297233925E+02  2.707344103E+02  2.638764420E+02  8.091019522E-01 
       233  1.522818012E-02  1.109344875E-01  1.280794701E-03  8.318328076E+04  1.845376167E+02  3.307186089E+02  2.723719454E+02  2.584693203E+02  7.855322547E-01 
       234  1.717717000E-02  1.111306516E-01  3.565314237E-03  8.538514063E+04  1.831332569E+02  3.320892105E+02  2.746342850E+02  2.496033554E+02  7.629604414E-01 
       235  2.098827574E-02  1.115152878E-01  8.199040730E-03  8.924681885E+04  1.871701632E+02  3.341415443E+02  2.780391102E+02  2.373201885E+02  7.028453946E-01 
       236  2.283804163E-02  1.116790561E-01  1.055952489E-02  9.052641669E+04  1.908790735E+02  3.352539473E+02  2.798923297E+02  2.304664477E+02  6.617332967E-01 
       237  2.632960383E-02  1.121198866E-01  1.543269692E-02  9.123562549E+04  2.045902233E+02  3.355292892E+02  2.803525238E+02  2.306103668E+02  5.898293480E-01 
       238  2.959379811E-02  1.126564718E-01  2.044933110E-02  9.031922437E+04  2.213736806E+02  3.349635401E+02  2.794076881E+02  2.369252710E+02  5.222921837E-01 
       239  3.114059063E-02  1.129278581E-01  2.301118304E-02  8.978001210E+04  2.284346075E+02  3.349073968E+02  2.793139540E+02  2.389518238E+02  4.925704451E-01 
       240  3.264987762E-02  1.132456905E-01  2.559358749E-02  8.919091196E+04  2.351942167E+02  3.345675645E+02  2.787475890E+02  2.418982248E+02  4.682629508E-01 
       241  3.807676132E-02  1.146676712E-01  3.621643154E-02  8.790340232E+04  2.603374012E+02  3.337042025E+02  2.773105181E+02  2.513615240E+02  3.747928410E-01 
       242  3.928374460E-02  1.150413043E-01  3.894926042E-02  8.800607141E+04  2.659113255E+02  3.340609639E+02  2.779046359E+02  2.521978834E+02  3.496142440E-01 
       243  4.044503934E-02  1.154301055E-01  4.169676193E-02  8.838741289E+04  2.702114210E+02  3.343418955E+02  2.783721344E+02  2.516859350E+02  3.266614375E-01 
       244  4.154949506E-02  1.158110833E-01  4.446441861E-02  8.901019824E+04  2.736760349E+02  3.346938686E+02  2.789590282E+02  2.504300041E+02  3.053213228E-01 
       245  4.259018966E-02  1.161595968E-01  4.726780086E-02  8.981856713E+04  2.767061220E+02  3.350969138E+02  2.796316601E+02  2.486187061E+02  2.839965716E-01 
       246  4.357921759E-02  1.165132208E-01  5.008364009E-02  9.079877246E+04  2.792379560E+02  3.355457850E+02  2.803808670E+02  2.461086626E+02  2.627930315E-01 
       247  4.448002582E-02  1.168267471E-01  5.293502673E-02  9.198413809E+04  2.812216079E+02  3.360903134E+02  2.812912509E+02  2.430247206E+02  2.419618259E-01 
       248  4.534234860E-02  1.171711221E-01  5.579536500E-02  9.333660596E+04  2.822103195E+02  3.367396812E+02  2.823797112E+02  2.391415253E+02  2.239794210E-01 
       249  4.612355051E-02  1.174912616E-01  5.867935283E-02  9.468488965E+04  2.832576942E+02  3.374043503E+02  2.834954910E+02  2.353900452E+02  2.057781927E-01 
       250  4.681688670E-02  1.178330389E-01  6.158342338E-02  9.597988867E+04  2.838386841E+02  3.380437241E+02  2.845707664E+02  2.318234406E+02  1.912899874E-01 
       251  4.742483443E-02  1.181684938E-01  6.451168194E-02  9.715946582E+04  2.842801018E+02  3.386426964E+02  2.855799599E+02  2.285201187E+02  1.786658317E-01 
       252  4.796175059E-02  1.184973583E-01  6.744925218E-02  9.817109766E+04  2.850661020E+02  3.392041798E+02  2.865274372E+02  2.256786528E+02  1.655812226E-01 
       253  4.839690646E-02  1.188449776E-01  7.040346354E-02  9.895182758E+04  2.859057328E+02  3.396621525E+02  2.873013623E+02  2.236776848E+02  1.554146096E-01 
       254  4.867844520E-02  1.192029192E-01  7.337369276E-02  9.944047781E+04  2.882972617E+02  3.397728994E+02  2.874888137E+02  2.228964725E+02  1.404868719E-01 
       255  4.889804354E-02  1.195863964E-01  7.634446821E-02  9.986106780E+04  2.900031319E+02  3.399149696E+02  2.877295855E+02  2.221205113E+02  1.297847078E-01 
       256  4.901527392E-02  1.199575346E-01  7.936475415E-02  9.995150211E+04  2.921689500E+02  3.400318004E+02  2.879275896E+02  2.226567693E+02  1.212822889E-01 
       257  4.897414798E-02  1.207471392E-01  8.530893469E-02  9.991492188E+04  2.971817970E+02  3.400861206E+02  2.880192986E+02  2.237109070E+02  9.955730103E-02 
       258  4.879835866E-02  1.211503063E-01  8.827262235E-02  9.991874316E+04  2.990683365E+02  3.399679756E+02  2.878190460E+02  2.243968544E+02  9.284607787E-02 
       259  4.854576088E-02  1.215647590E-01  9.126615169E-02  9.995889610E+04  3.002975113E+02  3.398196373E+02  2.875678511E+02  2.245865416E+02  8.819064152E-02 
       260  4.818457029E-02  1.219712360E-01  9.420996830E-02  1.003377368E+05  3.001864516E+02  3.400211373E+02  2.879089345E+02  2.233008768E+02  8.516690155E-02 
       261  4.782320061E-02  1.224212570E-01  9.713670139E-02  1.008375039E+05  3.000738850E+02  3.402153816E+02  2.882392006E+02  2.222405100E+02  8.338350710E-02 
       262  4.734997920E-02  1.228526278E-01  1.001180955E-01  1.017809531E+05  2.993267097E+02  3.407561302E+02  2.891554642E+02  2.192803955E+02  7.709499449E-02 
       263  4.683890011E-02  1.232935874E-01  1.030087938E-01  1.031798954E+05  2.968449961E+02  3.416332304E+02  2.906468946E+02  2.148278345E+02  7.570239647E-02 
       264  4.566507936E-02  1.242316696E-01  1.088390156E-01  1.057570084E+05  2.906166031E+02  3.423559550E+02  2.918772511E+02  2.052007067E+02  7.850509964E-02 
       265  4.352639189E-02  1.257122811E-01  1.174848542E-01  1.084248324E+05  2.670777096E+02  3.449992261E+02  2.964071087E+02  1.837634715E+02  1.562031089E-01 
       266  4.289440586E-02  1.261798267E-01  1.203730247E-01  1.081247735E+05  2.544019735E+02  3.473555347E+02  3.004743229E+02  1.585532654E+02  1.574609374E-01 
       267  4.242365191E-02  1.265975250E-01  1.232861776E-01  1.079252980E+05  2.460688868E+02  3.494304212E+02  3.040679120E+02  1.333817459E+02  1.320149404E-01 
       268  4.208270049E-02  1.270006734E-01  1.262530889E-01  1.078574414E+05  2.418770332E+02  3.501626129E+02  3.053410683E+02  1.265457993E+02  1.457731277E-01 
       269  4.202415066E-02  1.273246053E-01  1.292418903E-01  1.077528634E+05  2.411897943E+02  3.500469079E+02  3.051392840E+02  1.299504089E+02  1.640043256E-01 
       270  4.218523596E-02  1.275849052E-01  1.322314117E-01  1.075709310E+05  2.425980970E+02  3.495342615E+02  3.042478480E+02  1.377441676E+02  1.810622382E-01 
       271  4.252691668E-02  1.278080741E-01  1.352038484E-01  1.074081548E+05  2.458880755E+02  3.491306856E+02  3.035466906E+02  1.468426357E+02  1.881554149E-01 
       272  4.296344289E-02  1.279984053E-01  1.381664338E-01  1.072659495E+05  2.491174854E+02  3.486175421E+02  3.026569389E+02  1.536640897E+02  1.895701513E-01 
       273  4.347514252E-02  1.281630447E-01  1.411197974E-01  1.069855412E+05  2.520943095E+02  3.481587757E+02  3.018602280E+02  1.591734287E+02  1.887532742E-01 
       274  4.403358971E-02  1.283124551E-01  1.440677535E-01  1.066395439E+05  2.548042862E+02  3.479586589E+02  3.015097054E+02  1.633360887E+02  1.856931538E-01 
       275  4.466583781E-02  1.284644007E-01  1.470000034E-01  1.063544424E+05  2.578343989E+02  3.475274782E+02  2.951270390E+02  1.673403314E+02  1.802291447E-01 
       276 -1.390154712E-02  1.725232616E-01 -4.600000033E-02  8.220168535E+04  1.812394393E+02  3.303936287E+02  2.709496641E+02  3.409423350E+02  1.010235515E+00 
       277 -1.389524734E-02  1.726308379E-01 -4.258575940E-02  8.272603719E+04  1.815302068E+02  3.303493987E+02  2.717627534E+02  3.422070131E+02  1.011535298E+00 
       278 -1.388827040E-02  1.727470810E-01 -3.919459871E-02  8.283348720E+04  1.814346283E+02  3.303558896E+02  2.717734501E+02  3.428341650E+02  1.012991091E+00 
       279 -1.387976982E-02  1.728866868E-01 -3.575874102E-02  8.285709260E+04  1.811847990E+02  3.303796657E+02  2.718125909E+02  3.427471985E+02  1.013700432E+00 
       280 -1.386962822E-02  1.730354599E-01 -3.234598001E-02  8.283245432E+04  1.810474677E+02  3.303596274E+02  2.717796521E+02  3.427084751E+02  1.014142687E+00 
       281 -1.385715910E-02  1.732129765E-01 -2.893478341E-02  8.252740176E+04  1.814026462E+02  3.302155694E+02  2.715427944E+02  3.442019210E+02  1.015650159E+00 
       282 -1.381464856E-02  1.733989484E-01 -2.553958976E-02  8.206085936E+04  1.825436713E+02  3.298989334E+02  2.710223609E+02  3.462535303E+02  1.015441711E+00 
       283 -1.334927366E-02  1.736519924E-01 -2.216152427E-02  8.122153842E+04  1.844166262E+02  3.294487856E+02  2.702832235E+02  3.478126883E+02  1.011900023E+00 
       284 -1.220387625E-02  1.739549638E-01 -1.896956374E-02  8.002695703E+04  1.872246113E+02  3.287599640E+02  2.691548328E+02  3.511717300E+02  1.008608691E+00 
       285 -1.057589609E-02  1.742731966E-01 -1.599005111E-02  7.829273022E+04  1.916817161E+02  3.278690658E+02  2.676982280E+02  3.553317564E+02  1.001255773E+00 
       286 -8.586070527E-03  1.745821273E-01 -1.323108332E-02  7.645180873E+04  1.976099483E+02  3.269582292E+02  2.662127571E+02  3.611894021E+02  9.925397069E-01 
       287 -6.371188279E-03  1.748941133E-01 -1.065117603E-02  7.582241324E+04  2.012135935E+02  3.267592694E+02  2.658888048E+02  3.627388319E+02  9.835612488E-01 
       288 -3.959984913E-03  1.752012559E-01 -8.251810021E-03  7.819251150E+04  1.989541097E+02  3.280239517E+02  2.679546043E+02  3.568298284E+02  9.798263587E-01 
       289 -1.474621790E-03  1.754287438E-01 -5.921768022E-03  8.302260724E+04  1.910080794E+02  3.305920694E+02  2.721715570E+02  3.422511203E+02  9.812219466E-01 
       290  1.096342236E-03  1.756586641E-01 -3.684409899E-03  8.902653402E+04  1.814472657E+02  3.332354532E+02  2.765368325E+02  3.289622749E+02  9.916660048E-01 
       291  3.722457199E-03  1.758529720E-01 -1.512169024E-03  9.161713989E+04  1.743335567E+02  3.344442835E+02  2.785428505E+02  3.241806965E+02  1.009327110E+00 
       292  6.390497491E-03  1.759799744E-01  6.206893580E-04  8.811279639E+04  1.766460466E+02  3.332519073E+02  2.765644474E+02  3.321535072E+02  1.013359576E+00 
       293  1.179759467E-02  1.761809281E-01  4.808741428E-03  7.655061328E+04  1.991139641E+02  3.270548172E+02  2.663757439E+02  3.633541489E+02  9.915073663E-01 
       294  1.450804596E-02  1.762121176E-01  6.883706551E-03  7.268582471E+04  2.088737583E+02  3.244975395E+02  2.622240219E+02  3.757196426E+02  9.831559509E-01 
       295  1.722225861E-02  1.762495216E-01  8.953048646E-03  7.056266211E+04  2.144308281E+02  3.230494614E+02  2.598868256E+02  3.821603012E+02  9.777920395E-01 
       296  1.993233776E-02  1.761597577E-01  1.102855473E-02  6.917062793E+04  2.176550350E+02  3.221623688E+02  2.584611320E+02  3.857112541E+02  9.744091332E-01 
       297  2.263244469E-02  1.760920636E-01  1.311525345E-02  6.751550781E+04  2.226864471E+02  3.210516834E+02  2.566828938E+02  3.911406975E+02  9.692452103E-01 
       298  2.532249661E-02  1.759768902E-01  1.521525865E-02  6.594986450E+04  2.293898659E+02  3.198816566E+02  2.548146791E+02  3.965140743E+02  9.584874213E-01 
       299  2.800116021E-02  1.758008440E-01  1.732596334E-02  6.567951294E+04  2.337678089E+02  3.196356926E+02  2.544232550E+02  3.974436083E+02  9.457609206E-01 
       300  3.066011949E-02  1.756198651E-01  1.946182943E-02  6.812399353E+04  2.348416986E+02  3.210715809E+02  2.567243290E+02  3.926670041E+02  9.317470975E-01 
       301  3.850917716E-02  1.748410184E-01  2.602581626E-02  8.706106299E+04  2.349911127E+02  3.338625069E+02  2.775774240E+02  3.356656761E+02  8.229826894E-01 
       302  4.358739934E-02  1.740919978E-01  3.053362568E-02  8.640362451E+04  2.390274296E+02  3.331855173E+02  2.764499693E+02  3.425866795E+02  8.214542046E-01 
       303  4.609287257E-02  1.736863543E-01  3.281922705E-02  8.539432983E+04  2.414187994E+02  3.327482204E+02  2.757242441E+02  3.452456589E+02  8.183087744E-01 
       304  4.855845708E-02  1.731970535E-01  3.512834265E-02  8.502532373E+04  2.453263564E+02  3.325617275E+02  2.754154396E+02  3.447243013E+02  8.040821142E-01 
       305  5.100043215E-02  1.726458906E-01  3.745772352E-02  8.591588391E+04  2.494492950E+02  3.329530940E+02  2.760644622E+02  3.432271514E+02  7.876388021E-01 
       306  5.340036417E-02  1.720848619E-01  3.982071753E-02  8.890146912E+04  2.505507090E+02  3.345695314E+02  2.787571235E+02  3.359908214E+02  7.719586184E-01 
       307  5.576533568E-02  1.714326002E-01  4.220398857E-02  9.394511972E+04  2.481878606E+02  3.373470546E+02  2.834072636E+02  3.233249731E+02  7.594836303E-01 
       308  5.808130114E-02  1.707532671E-01  4.462162642E-02  9.934554681E+04  2.446709590E+02  3.403233038E+02  2.884288143E+02  3.090379192E+02  7.499920340E-01 
       309  6.913202621E-02  1.670049815E-01  5.708998555E-02  1.122739999E+05  2.418126717E+02  3.467749043E+02  2.994623938E+02  2.750294781E+02  7.145738238E-01 
       310  7.325557335E-02  1.653928843E-01  6.228962682E-02  1.151244589E+05  2.418205309E+02  3.481443341E+02  3.018315620E+02  2.664755521E+02  7.046971871E-01 
       311  7.526114685E-02  1.645964451E-01  6.493668120E-02  1.164275117E+05  2.411129475E+02  3.486539040E+02  3.027155571E+02  2.634987030E+02  7.056974322E-01 
       312  8.099008587E-02  1.620989224E-01  7.305121222E-02  1.188771709E+05  2.385944004E+02  3.495233231E+02  3.042257652E+02  2.568718567E+02  7.084625661E-01 
       313  8.281625202E-02  1.612441772E-01  7.580722199E-02  1.191348945E+05  2.385651855E+02  3.494391785E+02  3.040792427E+02  2.557059212E+02  7.080560103E-01 
       314  8.462318717E-02  1.604029889E-01  7.856519154E-02  1.193441067E+05  2.382024689E+02  3.494079704E+02  3.040247536E+02  2.552689400E+02  7.105536573E-01 
       315  8.638808364E-02  1.595156660E-01  8.135371941E-02  1.194590703E+05  2.375985570E+02  3.493773651E+02  3.039713774E+02  2.547413144E+02  7.132900022E-01 
       316  8.818531781E-02  1.586346563E-01  8.418846896E-02  1.194029660E+05  2.373161914E+02  3.492034202E+02  3.036688849E+02  2.542923151E+02  7.124206644E-01 
       317  9.153487112E-02  1.568453452E-01  8.985396979E-02  1.192149154E+05  2.369161367E+02  3.491627126E+02  3.035985370E+02  2.541420393E+02  7.145641064E-01 
       318  9.319079870E-02  1.559467714E-01  9.269883327E-02  1.192051670E+05  2.372415867E+02  3.491837273E+02  3.036352806E+02  2.535982742E+02  7.128778324E-01 
       319  9.639067810E-02  1.541493463E-01  9.845101971E-02  1.192718301E+05  2.375981255E+02  3.490190125E+02  3.033484077E+02  2.532109375E+02  7.122063302E-01 
       320  9.789700787E-02  1.532238030E-01  1.013752208E-01  1.192352488E+05  2.381073534E+02  3.488567758E+02  3.030662951E+02  2.531014223E+02  7.090998534E-01 
       321  9.939560036E-02  1.523575645E-01  1.043121280E-01  1.191315488E+05  2.386025429E+02  3.486418915E+02  3.026929550E+02  2.536738434E+02  7.083071172E-01 
       322  1.008373928E-01  1.515239935E-01  1.072922639E-01  1.189199814E+05  2.391947880E+02  3.483895130E+02  3.022548370E+02  2.548294888E+02  7.076777965E-01 
       323  1.021925752E-01  1.507164957E-01  1.103173974E-01  1.187481338E+05  2.403461933E+02  3.481325483E+02  3.018093634E+02  2.565559831E+02  7.044924553E-01 
       324  1.063175391E-01  1.486079647E-01  1.265700906E-01  1.181682051E+05  2.426806679E+02  3.486300812E+02  3.026761055E+02  2.564563904E+02  6.976069063E-01 
       325  1.064822206E-01  1.487022474E-01  1.299738775E-01  1.183068652E+05  2.386047897E+02  3.499614639E+02  3.049945221E+02  2.453383064E+02  7.064986825E-01 
       326  1.066476119E-01  1.488146338E-01  1.333799290E-01  1.182798691E+05  2.321168098E+02  3.514734764E+02  3.076338997E+02  2.299113235E+02  7.265832573E-01 
       327  1.068180965E-01  1.489318139E-01  1.367854531E-01  1.181067539E+05  2.277018089E+02  3.522893410E+02  3.090606613E+02  2.211685848E+02  7.442938089E-01 
       328  1.069979625E-01  1.490578552E-01  1.401905319E-01  1.179224639E+05  2.287240372E+02  3.518394356E+02  3.082726383E+02  2.274101505E+02  7.435199171E-01 
       329  1.071817424E-01  1.491887345E-01  1.435955648E-01  1.178680313E+05  2.347953453E+02  3.503958817E+02  3.055778561E+02  2.452960930E+02  7.262598090E-01 
       330  1.073851999E-01  1.493347905E-01  1.470000044E-01  1.179359023E+05  2.427003326E+02  3.485181503E+02  3.012748032E+02  2.621908798E+02  7.067052126E-01 
       331 -5.132010553E-03  2.399711247E-01 -4.600000034E-02  8.403314648E+04  1.735105705E+02  3.310264072E+02  2.730789909E+02  4.391301727E+02  1.164541446E+00 
       332 -5.128125210E-03  2.399809281E-01 -4.210430258E-02  8.414572437E+04  1.746879563E+02  3.307460794E+02  2.724162068E+02  4.405159950E+02  1.163074329E+00 
       333 -5.125201508E-03  2.399922328E-01 -3.820870464E-02  8.294218646E+04  1.772963705E+02  3.301589754E+02  2.714514508E+02  4.428356676E+02  1.159051838E+00 
       334 -5.121813889E-03  2.400095995E-01 -3.431329778E-02  8.095794818E+04  1.814364060E+02  3.292554640E+02  2.699680924E+02  4.462462540E+02  1.152394022E+00 
       335 -5.119016059E-03  2.400291916E-01 -3.041776666E-02  7.917539625E+04  1.866437658E+02  3.282954401E+02  2.683957583E+02  4.500118706E+02  1.143526734E+00 
       336 -5.114574788E-03  2.400538233E-01 -2.652182619E-02  7.810481601E+04  1.890957568E+02  3.279442695E+02  2.678206586E+02  4.517750925E+02  1.139322607E+00 
       337 -5.109553763E-03  2.400828758E-01 -2.262552630E-02  7.828714832E+04  1.885764256E+02  3.282471590E+02  2.683172135E+02  4.509733496E+02  1.139734793E+00 
       338 -5.103895973E-03  2.401152952E-01 -1.872899116E-02  8.070261859E+04  1.840585600E+02  3.294987757E+02  2.703695238E+02  4.453219755E+02  1.144965750E+00 
       339 -4.925504783E-03  2.402473149E-01 -7.056915668E-03  8.740657415E+04  1.697814752E+02  3.323037923E+02  2.749934706E+02  4.346949332E+02  1.169955447E+00 
       340 -3.715119829E-03  2.403023013E-01 -3.373311706E-03  8.159642743E+04  1.790813791E+02  3.303234897E+02  2.717296143E+02  4.432214134E+02  1.155358245E+00 
       341 -1.562012846E-03  2.403581740E-01 -1.360753051E-04  7.843122490E+04  1.888513431E+02  3.283436821E+02  2.684778135E+02  4.521306025E+02  1.140623346E+00 
       342  1.133764527E-03  2.404094608E-01  2.675248428E-03  7.834315381E+04  1.909337254E+02  3.278473339E+02  2.676637487E+02  4.532123299E+02  1.136898089E+00 
       343  4.137632423E-03  2.404197044E-01  5.149238455E-03  7.978976677E+04  1.857688062E+02  3.284849602E+02  2.687052153E+02  4.492847894E+02  1.145632325E+00 
       344  7.316400202E-03  2.403253331E-01  7.399564588E-03  8.027348280E+04  1.829493541E+02  3.288666465E+02  2.693291799E+02  4.458784460E+02  1.149422686E+00 
       345  1.395577155E-02  2.400667001E-01  1.148649181E-02  8.614480664E+04  1.718400612E+02  3.316949768E+02  2.739918785E+02  4.351517315E+02  1.166659642E+00 
       346  1.735065466E-02  2.397965962E-01  1.337576268E-02  8.977423438E+04  1.600863991E+02  3.336826134E+02  2.772795639E+02  4.277903099E+02  1.189348355E+00 
       347  2.419161170E-02  2.391929427E-01  1.704637434E-02  7.980009863E+04  1.852061920E+02  3.292726898E+02  2.699994507E+02  4.470295334E+02  1.145279810E+00 
       348  2.761839379E-02  2.387452844E-01  1.884103948E-02  7.985049902E+04  1.872200832E+02  3.290302963E+02  2.695985641E+02  4.486535530E+02  1.141734198E+00 
       349  3.105226563E-02  2.382885234E-01  2.062260888E-02  8.099725586E+04  1.845870504E+02  3.298149891E+02  2.708851500E+02  4.458903141E+02  1.145299830E+00 
       350  3.788868369E-02  2.371344800E-01  2.417075674E-02  8.069326709E+04  1.865915985E+02  3.297571621E+02  2.707901001E+02  4.461158981E+02  1.141076446E+00 
       351  4.468291751E-02  2.357525484E-01  2.771953789E-02  8.025089355E+04  1.891035881E+02  3.292963219E+02  2.700367374E+02  4.450530815E+02  1.135733388E+00 
       352  4.805699300E-02  2.349490393E-01  2.948953136E-02  8.056695227E+04  1.882802920E+02  3.295059142E+02  2.703809524E+02  4.441069098E+02  1.138731290E+00 
       353  5.140582287E-02  2.340778219E-01  3.127771149E-02  8.058242529E+04  1.911534109E+02  3.292983150E+02  2.700399990E+02  4.448745403E+02  1.134083368E+00 
       354  5.473006301E-02  2.331020583E-01  3.305777180E-02  7.974610547E+04  1.933832474E+02  3.288567543E+02  2.693153801E+02  4.466271896E+02  1.131894797E+00 
       355  5.803984836E-02  2.320923676E-01  3.484458617E-02  7.833682910E+04  1.974675598E+02  3.279429855E+02  2.678209400E+02  4.492294922E+02  1.126331143E+00 
       356  6.132921494E-02  2.310454118E-01  3.665150486E-02  7.659757782E+04  2.001567989E+02  3.270699600E+02  2.663961021E+02  4.512116169E+02  1.123883088E+00 
       357  6.777528194E-02  2.285846393E-01  4.027160278E-02  8.489307910E+04  2.135918846E+02  3.324466438E+02  2.752613487E+02  4.295675697E+02  1.069521680E+00 
       358  7.097972553E-02  2.273472007E-01  4.209367684E-02  9.174766699E+04  2.272814465E+02  3.359489517E+02  2.810635166E+02  4.149873734E+02  1.020975329E+00 
       359  7.412444428E-02  2.259565065E-01  4.393674079E-02  9.064371631E+04  2.339700246E+02  3.344835358E+02  2.786186485E+02  4.204545298E+02  1.010276619E+00 
       360  7.725834663E-02  2.245514312E-01  4.577102978E-02  8.670182178E+04  2.360299139E+02  3.326995850E+02  2.756458721E+02  4.268406048E+02  1.011366695E+00 
       361  8.037011026E-02  2.231435234E-01  4.763983740E-02  8.892076953E+04  2.324096222E+02  3.347588310E+02  2.790865517E+02  4.201163483E+02  1.016749918E+00 
       362  8.343109451E-02  2.215945322E-01  4.950276897E-02  1.020729613E+05  2.220279542E+02  3.410448203E+02  2.896875489E+02  3.937809463E+02  1.030050897E+00 
       363  8.646988642E-02  2.201046420E-01  5.141624103E-02  1.218070439E+05  2.096654649E+02  3.483521328E+02  3.022291303E+02  3.579418840E+02  1.053404467E+00 
       364  9.242245520E-02  2.169732682E-01  5.534503106E-02  1.186127385E+05  2.208769217E+02  3.499197159E+02  3.049465590E+02  3.511769972E+02  1.002045356E+00 
       365  9.533631835E-02  2.153857768E-01  5.738443174E-02  1.166254583E+05  2.238745947E+02  3.493297997E+02  3.039338794E+02  3.514140830E+02  9.899602775E-01 
       366  9.819952312E-02  2.138016843E-01  5.949569436E-02  1.173441670E+05  2.226377296E+02  3.505478058E+02  3.060616379E+02  3.467462788E+02  9.893782064E-01 
       367  1.009694591E-01  2.121295788E-01  6.167326851E-02  1.189447292E+05  2.240167756E+02  3.520694656E+02  3.087245779E+02  3.406226635E+02  9.803408496E-01 
       368  1.037116704E-01  2.105064985E-01  6.390540356E-02  1.197729048E+05  2.297151604E+02  3.534457645E+02  3.111516285E+02  3.345559540E+02  9.594050422E-01 
       369  1.064180189E-01  2.088777679E-01  6.618856681E-02  1.199211602E+05  2.357941875E+02  3.542863159E+02  3.126392784E+02  3.308515816E+02  9.368251376E-01 
       370  1.090480686E-01  2.071800512E-01  6.850700508E-02  1.204315371E+05  2.377594051E+02  3.545611877E+02  3.131312580E+02  3.289018364E+02  9.273774400E-01 
       371  1.116790455E-01  2.055210471E-01  7.084353951E-02  1.210419854E+05  2.381032474E+02  3.545767179E+02  3.131522822E+02  3.289195628E+02  9.244579878E-01 
       372  1.142974452E-01  2.038484190E-01  7.319785208E-02  1.217658716E+05  2.360780625E+02  3.540529099E+02  3.122108669E+02  3.309253416E+02  9.292808119E-01 
       373  1.168416696E-01  2.021295301E-01  7.558130371E-02  1.223213877E+05  2.346741982E+02  3.534219971E+02  3.110893402E+02  3.326353493E+02  9.331350103E-01 
       374  1.193277496E-01  2.004108846E-01  7.805168345E-02  1.227125009E+05  2.311558836E+02  3.528512535E+02  3.100776522E+02  3.342220221E+02  9.436190836E-01 
       375  1.217693779E-01  1.987784452E-01  8.060399866E-02  1.229289958E+05  2.270199990E+02  3.522023439E+02  3.089309626E+02  3.359765797E+02  9.559457935E-01 
       376  1.240793489E-01  1.970470446E-01  8.322373237E-02  1.230729922E+05  2.238838692E+02  3.515518675E+02  3.077856770E+02  3.367731123E+02  9.647686556E-01 
       377  1.263696524E-01  1.953872062E-01  8.590193330E-02  1.234741357E+05  2.207852429E+02  3.517473602E+02  3.081235563E+02  3.354144571E+02  9.730248693E-01 
       378  1.285811840E-01  1.937639536E-01  8.866989816E-02  1.234699957E+05  2.187986822E+02  3.506797729E+02  3.062538362E+02  3.412489700E+02  9.797774442E-01 
       379  1.378530526E-01  1.861918564E-01  1.119425893E-01  1.226260767E+05  2.178892965E+02  3.552653341E+02  3.143127317E+02  3.153487720E+02  9.812295213E-01 
       380  1.378280879E-01  1.861358471E-01  1.158380052E-01  1.222255552E+05  2.198709502E+02  3.563479300E+02  3.162310705E+02  3.014487829E+02  9.767736830E-01 
       381  1.378172244E-01  1.861105784E-01  1.197328496E-01  1.216412859E+05  2.270039706E+02  3.565832877E+02  3.166501298E+02  2.975370998E+02  9.542427678E-01 
       382  1.378137064E-01  1.861013403E-01  1.236281983E-01  1.220799131E+05  2.318506281E+02  3.561056280E+02  3.158059022E+02  3.090654688E+02  9.346970189E-01 
       383  1.378232998E-01  1.861207539E-01  1.275238734E-01  1.227879559E+05  2.317720885E+02  3.550327190E+02  3.139110282E+02  3.229198418E+02  9.362662084E-01 
       384  1.378388478E-01  1.861485149E-01  1.314192119E-01  1.231995183E+05  2.269149649E+02  3.538504220E+02  3.118230564E+02  3.327957538E+02  9.521178345E-01 
       385  1.378667705E-01  1.861922064E-01  1.353144338E-01  1.232445905E+05  2.232403903E+02  3.531071396E+02  3.105123867E+02  3.322554750E+02  9.628738915E-01 
       386  1.378917792E-01  1.862393165E-01  1.392095884E-01  1.232212614E+05  2.215514714E+02  3.527358803E+02  3.098556482E+02  3.317307509E+02  9.677053429E-01 
       387  1.379128913E-01  1.862912877E-01  1.431056120E-01  1.232249233E+05  2.210522893E+02  3.528575229E+02  3.098839670E+02  3.293333642E+02  9.690095646E-01 
       388  1.379274402E-01  1.863453723E-01  1.469999959E-01  1.232965020E+05  2.206840219E+02  3.536230774E+02  3.106736221E+02  3.210965905E+02  9.699185826E-01 
       389 -3.389247132E-02  1.007789921E-01 -4.300551245E-02  8.755364258E+04  1.538916645E+02  3.330646400E+02  2.762485085E+02  2.357085857E+02  8.594849072E-01 
       390 -3.372456358E-02  1.010433636E-01 -4.002223516E-02  8.745474425E+04  1.544722319E+02  3.330173415E+02  2.761700227E+02  2.364581196E+02  8.591261598E-01 
       391 -3.329024078E-02  1.014074167E-01 -3.707963811E-02  8.733992004E+04  1.550449566E+02  3.329602741E+02  2.760754667E+02  2.370330769E+02  8.583079188E-01 
       392 -3.255620303E-02  1.018883264E-01 -3.421559131E-02  8.723351263E+04  1.557678192E+02  3.328872532E+02  2.759543589E+02  2.378052347E+02  8.574656438E-01 
       393 -3.153373485E-02  1.024554568E-01 -3.145384174E-02  8.710470634E+04  1.565815894E+02  3.327992579E+02  2.758085188E+02  2.386690536E+02  8.564594217E-01 
       394 -3.028950121E-02  1.031058036E-01 -2.880322264E-02  8.699455138E+04  1.573362652E+02  3.327308853E+02  2.756951622E+02  2.394212879E+02  8.554139961E-01 
       395 -2.888173412E-02  1.037838005E-01 -2.624318977E-02  8.688511926E+04  1.581158560E+02  3.326674695E+02  2.755900405E+02  2.402212368E+02  8.545044200E-01 
       396 -2.733119538E-02  1.044792183E-01 -2.377110822E-02  8.680516081E+04  1.585818537E+02  3.326358087E+02  2.755375913E+02  2.406000040E+02  8.537848897E-01 
       397 -2.568342124E-02  1.052055751E-01 -2.135968630E-02  8.669987624E+04  1.589915938E+02  3.325951643E+02  2.754702689E+02  2.414526106E+02  8.550895987E-01 
       398 -2.397735570E-02  1.059146334E-01 -1.899049647E-02  8.654785217E+04  1.596965567E+02  3.324974672E+02  2.753085110E+02  2.424992040E+02  8.554107696E-01 
       399 -2.220871387E-02  1.066063154E-01 -1.667396516E-02  8.621074792E+04  1.604219291E+02  3.323391513E+02  2.750463344E+02  2.441032213E+02  8.576992950E-01 
       400 -2.041003203E-02  1.073389070E-01 -1.437512078E-02  8.562818396E+04  1.623544523E+02  3.320038313E+02  2.744916497E+02  2.467247426E+02  8.569694823E-01 
       401 -1.856976066E-02  1.079715131E-01 -1.211630566E-02  8.485697915E+04  1.653817146E+02  3.315739152E+02  2.737813609E+02  2.502120815E+02  8.538092467E-01 
       402 -1.670953655E-02  1.086522831E-01 -9.860640570E-03  8.428584512E+04  1.686167580E+02  3.312634167E+02  2.732687773E+02  2.526371673E+02  8.456961723E-01 
       403 -1.482329113E-02  1.093026603E-01 -7.620995183E-03  8.427691330E+04  1.712670287E+02  3.312724552E+02  2.732836891E+02  2.528577188E+02  8.330498599E-01 
       404 -1.292306254E-02  1.099268373E-01 -5.385291055E-03  8.517794067E+04  1.720214562E+02  3.317779007E+02  2.741184769E+02  2.502419786E+02  8.202826250E-01 
       405 -1.101845801E-02  1.105590611E-01 -3.137660868E-03  8.693660529E+04  1.708148398E+02  3.327237160E+02  2.756837884E+02  2.441906184E+02  8.071557370E-01 
       406 -9.120841472E-03  1.111701815E-01 -8.914052251E-04  8.935530334E+04  1.671463590E+02  3.340856724E+02  2.779456056E+02  2.355312675E+02  7.995560172E-01 
       407 -7.240675928E-03  1.117476218E-01  1.353994698E-03  9.293719708E+04  1.646471234E+02  3.357939077E+02  2.807955393E+02  2.224996790E+02  7.747588492E-01 
       408 -5.370549944E-03  1.123083196E-01  3.627204146E-03  9.660695398E+04  1.637344263E+02  3.377085171E+02  2.840060592E+02  2.105859847E+02  7.468453161E-01 
       409 -3.530590186E-03  1.128981262E-01  5.933484609E-03  9.849337970E+04  1.708318865E+02  3.389399627E+02  2.860818251E+02  2.001862040E+02  6.788321497E-01 
       410 -1.726912218E-03  1.134387153E-01  8.259926622E-03  9.824437695E+04  1.855801511E+02  3.385260768E+02  2.853828573E+02  2.062908769E+02  6.109964279E-01 
       411  3.734044288E-05  1.140039107E-01  1.062617763E-02  9.733126636E+04  1.942264142E+02  3.381477690E+02  2.847458477E+02  2.083287015E+02  5.691754883E-01 
       412  1.740848712E-03  1.145879687E-01  1.302702968E-02  9.650276647E+04  2.016820948E+02  3.377412474E+02  2.840611814E+02  2.123533293E+02  5.407306981E-01 
       413  3.387617433E-03  1.151172021E-01  1.547343878E-02  9.596993893E+04  2.090909610E+02  3.373832852E+02  2.834592729E+02  2.168462234E+02  5.149023194E-01 
       414  4.957112811E-03  1.157081541E-01  1.796238578E-02  9.541160986E+04  2.157187238E+02  3.371287932E+02  2.830318589E+02  2.194175644E+02  4.883716507E-01 
       415  6.462677552E-03  1.163151534E-01  2.048609031E-02  9.460581226E+04  2.222674537E+02  3.367548580E+02  2.824043679E+02  2.226620560E+02  4.650759408E-01 
       416  7.926557233E-03  1.168909271E-01  2.304605918E-02  9.392868158E+04  2.280857124E+02  3.364193137E+02  2.818416147E+02  2.256257672E+02  4.451265596E-01 
       417  9.338612782E-03  1.175119790E-01  2.562398907E-02  9.360848386E+04  2.330369784E+02  3.362356464E+02  2.815340018E+02  2.279594282E+02  4.284511089E-01 
       418  1.068984297E-02  1.181121478E-01  2.822455248E-02  9.345643491E+04  2.379094049E+02  3.360821676E+02  2.812770151E+02  2.302306419E+02  4.119696217E-01 
       419  1.198650266E-02  1.187330819E-01  3.085849659E-02  9.339688799E+04  2.424271306E+02  3.360190828E+02  2.811714292E+02  2.318375092E+02  3.955324690E-01 
       420  1.322982934E-02  1.193430432E-01  3.352159396E-02  9.343906851E+04  2.464886111E+02  3.360453659E+02  2.812153131E+02  2.324097871E+02  3.778872853E-01 
       421  1.439865389E-02  1.199672983E-01  3.621509854E-02  9.363857030E+04  2.500658919E+02  3.361587511E+02  2.814050885E+02  2.322290109E+02  3.602682065E-01 
       422  1.553995729E-02  1.205631245E-01  3.892438234E-02  9.407043127E+04  2.530574525E+02  3.363989254E+02  2.818074451E+02  2.318353085E+02  3.449010612E-01 
       423  1.662952250E-02  1.211745408E-01  4.165332372E-02  9.459964139E+04  2.560266331E+02  3.366361959E+02  2.822051334E+02  2.312007220E+02  3.288385376E-01 
       424  1.764894372E-02  1.217373945E-01  4.441857664E-02  9.528068054E+04  2.582724928E+02  3.369817553E+02  2.827850474E+02  2.300048334E+02  3.144305188E-01 
       425  1.861873940E-02  1.222791769E-01  4.720617614E-02  9.622059261E+04  2.603208517E+02  3.374230471E+02  2.835260186E+02  2.277919488E+02  2.974853511E-01 
       426  1.950820179E-02  1.228336643E-01  5.001741530E-02  9.716122107E+04  2.622444004E+02  3.378730471E+02  2.842829908E+02  2.252668520E+02  2.801178528E-01 
       427  2.036944420E-02  1.233245632E-01  5.285072558E-02  9.814005917E+04  2.639028527E+02  3.383736513E+02  2.851258777E+02  2.227186826E+02  2.638854703E-01 
       428  2.117157025E-02  1.238295963E-01  5.569831964E-02  9.917961804E+04  2.655388112E+02  3.388715067E+02  2.859657674E+02  2.199308832E+02  2.470422904E-01 
       429  2.190592593E-02  1.242947792E-01  5.857026217E-02  1.001905735E+05  2.669103899E+02  3.393819838E+02  2.868279266E+02  2.169470510E+02  2.307065027E-01 
       430  2.257248913E-02  1.247551336E-01  6.145961794E-02  1.011843271E+05  2.684328098E+02  3.398526087E+02  2.876238270E+02  2.142823992E+02  2.146826070E-01 
       431  2.314781749E-02  1.251835029E-01  6.437124902E-02  1.021037300E+05  2.702252407E+02  3.402649937E+02  2.883222580E+02  2.118053522E+02  1.973540443E-01 
       432  2.363318974E-02  1.255957621E-01  6.730774801E-02  1.029027527E+05  2.722056665E+02  3.406394811E+02  2.889570193E+02  2.098282855E+02  1.806297333E-01 
       433  2.402789138E-02  1.260195069E-01  7.025072331E-02  1.034729556E+05  2.745828543E+02  3.409354877E+02  2.894593849E+02  2.084680910E+02  1.637450466E-01 
       434  2.431727977E-02  1.264030352E-01  7.321094069E-02  1.037682139E+05  2.773706741E+02  3.411076870E+02  2.897517815E+02  2.079172497E+02  1.470885631E-01 
       435  2.453016930E-02  1.268032789E-01  7.617447467E-02  1.037793618E+05  2.807124629E+02  3.411371269E+02  2.898018551E+02  2.085079813E+02  1.314830331E-01 
       436  2.462079541E-02  1.271795605E-01  7.915094878E-02  1.036101071E+05  2.843871145E+02  3.410883143E+02  2.897189245E+02  2.097738955E+02  1.162207199E-01 
       437  2.463902970E-02  1.275610820E-01  8.212637731E-02  1.031931292E+05  2.884105759E+02  3.409232082E+02  2.894385190E+02  2.120840449E+02  1.030629483E-01 
       438  2.457492051E-02  1.279220853E-01  8.510260082E-02  1.024882911E+05  2.928773946E+02  3.406084704E+02  2.889043522E+02  2.155571771E+02  9.191057766E-02 
       439  2.441429013E-02  1.282749863E-01  8.807550525E-02  1.012033027E+05  2.968773159E+02  3.400142827E+02  2.878972772E+02  2.207550010E+02  9.088567665E-02 
       440  2.420234297E-02  1.286273229E-01  9.105186832E-02  1.002059851E+05  2.980416161E+02  3.395342431E+02  2.870848641E+02  2.245255515E+02  1.014476904E-01 
       441  2.388558350E-02  1.289647853E-01  9.401845916E-02  1.001626899E+05  2.963091238E+02  3.395446458E+02  2.871024294E+02  2.246308085E+02  1.140346652E-01 
       442  2.351928731E-02  1.293134864E-01  9.696958543E-02  1.005578742E+05  2.934847727E+02  3.397276508E+02  2.874120016E+02  2.234027087E+02  1.278489524E-01 
       443  2.306449285E-02  1.296327241E-01  9.991680403E-02  1.014194673E+05  2.903564291E+02  3.401083498E+02  2.880566635E+02  2.205741658E+02  1.368453442E-01 
       444  2.257188759E-02  1.299515661E-01  1.028605699E-01  1.024410757E+05  2.873497267E+02  3.405994549E+02  2.888891010E+02  2.168862696E+02  1.418846878E-01 
       445  2.201092100E-02  1.302726916E-01  1.057899135E-01  1.034551028E+05  2.848667834E+02  3.411020778E+02  2.897422252E+02  2.131111634E+02  1.437099012E-01 
       446  2.143382683E-02  1.305960230E-01  1.087107054E-01  1.043691199E+05  2.825182538E+02  3.415965383E+02  2.905829265E+02  2.096665184E+02  1.463119920E-01 
       447  2.076802587E-02  1.309307408E-01  1.116221513E-01  1.053150928E+05  2.799579601E+02  3.421237774E+02  2.914807415E+02  2.054144783E+02  1.473872047E-01 
       448  2.010215597E-02  1.312657467E-01  1.145293522E-01  1.062319380E+05  2.772545710E+02  3.427189322E+02  2.924957581E+02  2.013335948E+02  1.503844145E-01 
       449  1.945135245E-02  1.316056955E-01  1.174374795E-01  1.069707562E+05  2.755669870E+02  3.431923378E+02  2.933042750E+02  1.990758712E+02  1.543216276E-01 
       450  1.885387307E-02  1.319548677E-01  1.203553293E-01  1.074555715E+05  2.754790888E+02  3.433968718E+02  2.936538458E+02  1.987705183E+02  1.557157689E-01 
       451  1.837479322E-02  1.322913677E-01  1.233018373E-01  1.076956855E+05  2.756986723E+02  3.435004330E+02  2.938309765E+02  1.987926927E+02  1.565120989E-01 
       452  1.811263581E-02  1.325954541E-01  1.262715907E-01  1.077795205E+05  2.756929932E+02  3.435941591E+02  2.939913425E+02  1.990789461E+02  1.596356612E-01 
       453  1.805653049E-02  1.328847135E-01  1.292554963E-01  1.077412173E+05  2.759062800E+02  3.436263304E+02  2.940464511E+02  2.000303130E+02  1.639923775E-01 
       454  1.819877737E-02  1.331672438E-01  1.322380588E-01  1.076065168E+05  2.766373596E+02  3.435713392E+02  2.939523439E+02  2.017396007E+02  1.679665286E-01 
       455  1.852494771E-02  1.334510277E-01  1.352129826E-01  1.074200864E+05  2.775956642E+02  3.434659522E+02  2.937720015E+02  2.034543919E+02  1.707313925E-01 
       456  1.890761882E-02  1.337081709E-01  1.381756048E-01  1.071959434E+05  2.786046910E+02  3.433386719E+02  2.935542837E+02  2.052591451E+02  1.733594512E-01 
       457  1.937808835E-02  1.339540030E-01  1.411279949E-01  1.069548575E+05  2.795077708E+02  3.432194424E+02  2.933504577E+02  2.068788302E+02  1.759491514E-01 
       458  1.989552602E-02  1.341916383E-01  1.440726902E-01  1.066611216E+05  2.805196064E+02  3.430671639E+02  2.930901394E+02  2.085893364E+02  1.782161536E-01 
       459  2.048114376E-02  1.344526817E-01  1.469999956E-01  1.063127876E+05  2.815920238E+02  3.428820953E+02  2.927744684E+02  2.105920944E+02  1.808107421E-01 
       460 -4.772920012E-02  1.664853148E-01 -4.258181757E-02  8.246364650E+04  1.815908059E+02  3.302290154E+02  2.715647020E+02  3.429850467E+02  1.012751805E+00 
       461 -4.770031945E-02  1.666117663E-01 -3.916302660E-02  8.222498914E+04  1.818589715E+02  3.301107509E+02  2.713703848E+02  3.436214986E+02  1.013029093E+00 
       462 -4.768621633E-02  1.667606858E-01 -3.574527808E-02  8.181457251E+04  1.829495399E+02  3.298787403E+02  2.709891443E+02  3.448183517E+02  1.011532482E+00 
       463 -4.773671611E-02  1.669008759E-01 -3.232563070E-02  8.133960156E+04  1.847769079E+02  3.295426683E+02  2.704373236E+02  3.473973732E+02  1.010088000E+00 
       464 -4.779814392E-02  1.670685917E-01 -2.890641835E-02  8.081959717E+04  1.858514566E+02  3.292808437E+02  2.700077362E+02  3.485441504E+02  1.008519284E+00 
       465 -4.772832030E-02  1.672854950E-01 -2.549705171E-02  8.016201929E+04  1.877400515E+02  3.288966475E+02  2.693782630E+02  3.496428490E+02  1.004134173E+00 
       466 -4.733274936E-02  1.676197526E-01 -2.211766833E-02  7.954614111E+04  1.910929220E+02  3.284361353E+02  2.686244287E+02  3.534792571E+02  9.999015983E-01 
       467 -4.646629434E-02  1.680852894E-01 -1.884685997E-02  7.941496347E+04  1.930498452E+02  3.284455589E+02  2.686396800E+02  3.548585902E+02  9.957857062E-01 
       468 -4.497458874E-02  1.687177674E-01 -1.583913045E-02  8.117591675E+04  1.911127529E+02  3.294933863E+02  2.703581743E+02  3.482401514E+02  9.901533052E-01 
       469 -4.311049959E-02  1.694263862E-01 -1.306511329E-02  8.448349390E+04  1.851524653E+02  3.314150934E+02  2.735222144E+02  3.389411840E+02  9.942401219E-01 
       470 -4.101650432E-02  1.701661907E-01 -1.047820325E-02  8.763378857E+04  1.786493597E+02  3.331007824E+02  2.763090172E+02  3.303481560E+02  1.002529398E+00 
       471 -3.872443978E-02  1.709287414E-01 -8.043812788E-03  8.777358606E+04  1.764839888E+02  3.331230187E+02  2.763458357E+02  3.307572622E+02  1.010718232E+00 
       472 -3.634257562E-02  1.716543837E-01 -5.706210795E-03  8.550406348E+04  1.789110174E+02  3.319038925E+02  2.743282413E+02  3.388763218E+02  1.015514582E+00 
       473 -3.384972842E-02  1.724025179E-01 -3.469956820E-03  8.147376953E+04  1.865466986E+02  3.295990865E+02  2.705329268E+02  3.497920551E+02  1.008733504E+00 
       474 -3.133060076E-02  1.731099844E-01 -1.271304633E-03  7.701861725E+04  1.967325333E+02  3.269936175E+02  2.662731968E+02  3.616177740E+02  9.967106278E-01 
       475 -2.873453975E-02  1.737912906E-01  8.535856133E-04  7.333270728E+04  2.060274792E+02  3.247709951E+02  2.626638565E+02  3.714630804E+02  9.845176488E-01 
       476 -2.611690126E-02  1.744247281E-01  2.958268427E-03  7.089673108E+04  2.129870586E+02  3.232415695E+02  2.601960115E+02  3.793265018E+02  9.773103185E-01 
       477 -2.348835128E-02  1.750433393E-01  5.058280838E-03  6.982632843E+04  2.177212765E+02  3.223787481E+02  2.588079979E+02  3.830604931E+02  9.692867883E-01 
       478 -2.083113736E-02  1.756162102E-01  7.133742148E-03  6.962820239E+04  2.183072572E+02  3.223717022E+02  2.587965069E+02  3.835645580E+02  9.682364315E-01 
       479 -1.816607045E-02  1.761555279E-01  9.209141426E-03  7.005027808E+04  2.208438454E+02  3.225558739E+02  2.590933208E+02  3.822247353E+02  9.570569992E-01 
       480 -1.549262448E-02  1.766467189E-01  1.128626304E-02  7.268817993E+04  2.205157061E+02  3.244073181E+02  2.620818777E+02  3.758446112E+02  9.448933825E-01 
       481 -1.281959455E-02  1.771087169E-01  1.337222607E-02  8.269929083E+04  2.133905098E+02  3.303465645E+02  2.717817104E+02  3.485898852E+02  9.182070605E-01 
       482 -1.015361520E-02  1.775059034E-01  1.547159933E-02  9.826352318E+04  2.062214073E+02  3.385182623E+02  2.853754350E+02  3.053402994E+02  8.775491560E-01 
       483 -7.491200012E-03  1.778633735E-01  1.757589553E-02  9.650646216E+04  2.183676162E+02  3.379119873E+02  2.843535500E+02  3.088695498E+02  8.386384305E-01 
       484 -4.837064878E-03  1.782590199E-01  1.971143984E-02  8.938497070E+04  2.300400467E+02  3.341370773E+02  2.780321321E+02  3.303039646E+02  8.302328475E-01 
       485 -2.188499166E-03  1.785530451E-01  2.185094162E-02  8.851065286E+04  2.318859541E+02  3.336177138E+02  2.771675823E+02  3.347394629E+02  8.310557781E-01 
       486  4.329096806E-04  1.787998193E-01  2.404680664E-02  8.908194824E+04  2.344363499E+02  3.338787041E+02  2.776009197E+02  3.336835308E+02  8.212938532E-01 
       487  3.027224691E-03  1.790317150E-01  2.627094405E-02  8.896220062E+04  2.372409270E+02  3.337789450E+02  2.774351680E+02  3.358388934E+02  8.156210803E-01 
       488  5.626976121E-03  1.792222402E-01  2.847807669E-02  8.961120947E+04  2.387675872E+02  3.341587334E+02  2.780677059E+02  3.336465199E+02  8.071803842E-01 
       489  8.191038637E-03  1.793338257E-01  3.074695743E-02  9.161228418E+04  2.391057720E+02  3.352582879E+02  2.799028015E+02  3.280070927E+02  7.973426264E-01 
       490  1.074058355E-02  1.794129340E-01  3.303046409E-02  9.496806578E+04  2.386560184E+02  3.369299439E+02  2.827028149E+02  3.188448341E+02  7.850822790E-01 
       491  1.325979491E-02  1.793970135E-01  3.532576038E-02  9.911026941E+04  2.363061008E+02  3.389785380E+02  2.861515701E+02  3.078240230E+02  7.772587622E-01 
       492  1.577166567E-02  1.793535417E-01  3.765132951E-02  1.029054830E+05  2.340671496E+02  3.407444010E+02  2.891382422E+02  2.985680809E+02  7.723907912E-01 
       493  1.825553626E-02  1.792503646E-01  4.000403552E-02  1.054953654E+05  2.326709034E+02  3.419557638E+02  2.911958847E+02  2.913697610E+02  7.680446701E-01 
       494  2.071273564E-02  1.790845686E-01  4.238164633E-02  1.073157428E+05  2.321726918E+02  3.428914021E+02  2.927916775E+02  2.863443919E+02  7.634843159E-01 
       495  2.315348782E-02  1.789033294E-01  4.476881837E-02  1.093344343E+05  2.320663102E+02  3.437913065E+02  2.943301024E+02  2.818718028E+02  7.584836828E-01 
       496  2.554611962E-02  1.786610662E-01  4.720294885E-02  1.115329248E+05  2.315386515E+02  3.446622105E+02  2.958236656E+02  2.760559998E+02  7.538867109E-01 
       497  2.790553153E-02  1.783591187E-01  4.966367300E-02  1.135717188E+05  2.304060879E+02  3.455452499E+02  2.973411579E+02  2.699383411E+02  7.515975572E-01 
       498  3.023553076E-02  1.780531658E-01  5.215009418E-02  1.152309602E+05  2.297751596E+02  3.462701364E+02  2.985893879E+02  2.653434634E+02  7.492991183E-01 
       499  3.255140683E-02  1.777481834E-01  5.464573084E-02  1.164326064E+05  2.299557917E+02  3.467952876E+02  2.994956222E+02  2.630369334E+02  7.465350209E-01 
       500  3.480321611E-02  1.773622653E-01  5.719033452E-02  1.173114031E+05  2.302708399E+02  3.472620401E+02  3.003019791E+02  2.602690353E+02  7.426437875E-01 
       501  3.704366447E-02  1.769956776E-01  5.978074099E-02  1.180324277E+05  2.306390438E+02  3.476461937E+02  3.009667301E+02  2.579202957E+02  7.392566456E-01 
       502  3.923116288E-02  1.766153691E-01  6.237867612E-02  1.186682971E+05  2.307811596E+02  3.479573793E+02  3.015057335E+02  2.561850185E+02  7.373780720E-01 
       503  4.136429871E-02  1.761773997E-01  6.501205622E-02  1.191434567E+05  2.312599913E+02  3.481285950E+02  3.018024768E+02  2.547497665E+02  7.343387492E-01 
       504  4.348069858E-02  1.757484529E-01  6.766046190E-02  1.194506113E+05  2.317764935E+02  3.482308817E+02  3.019797077E+02  2.544250078E+02  7.322941553E-01 
       505  4.554226392E-02  1.753162813E-01  7.034950997E-02  1.196264126E+05  2.322732229E+02  3.483156586E+02  3.021267385E+02  2.537052164E+02  7.300163414E-01 
       506  4.756665315E-02  1.748560179E-01  7.306168772E-02  1.196328805E+05  2.328863887E+02  3.483402598E+02  3.021693947E+02  2.536170480E+02  7.277557133E-01 
       507  4.956604909E-02  1.743615796E-01  7.580968578E-02  1.194624601E+05  2.333662841E+02  3.482866538E+02  3.020763935E+02  2.542035717E+02  7.266275387E-01 
       508  5.152654947E-02  1.738670862E-01  7.855886540E-02  1.191929752E+05  2.337946253E+02  3.481780626E+02  3.018880060E+02  2.548405431E+02  7.258090836E-01 
       509  5.347325952E-02  1.733659220E-01  8.131742073E-02  1.190389779E+05  2.340187707E+02  3.480805987E+02  3.017190553E+02  2.554596766E+02  7.258700501E-01 
       510  5.541917190E-02  1.728212690E-01  8.412523757E-02  1.190784032E+05  2.334637573E+02  3.480832331E+02  3.017235677E+02  2.553514650E+02  7.282111857E-01 
       511  5.731737707E-02  1.722438844E-01  8.698058411E-02  1.194240777E+05  2.333162298E+02  3.482101851E+02  3.019438093E+02  2.540409843E+02  7.277686941E-01 
       512  5.917186437E-02  1.716911252E-01  8.979478553E-02  1.196652979E+05  2.337750736E+02  3.483175800E+02  3.021301517E+02  2.536151588E+02  7.258108116E-01 
       513  6.096387184E-02  1.711643945E-01  9.255110888E-02  1.197805927E+05  2.346030424E+02  3.483629841E+02  3.022089729E+02  2.535188919E+02  7.226660193E-01 
       514  6.270700241E-02  1.705757992E-01  9.544380808E-02  1.197441494E+05  2.357285810E+02  3.483328061E+02  3.021566482E+02  2.538962412E+02  7.185401190E-01 
       515  6.442263795E-02  1.699823167E-01  9.834544530E-02  1.196143204E+05  2.368652205E+02  3.482496625E+02  3.020122885E+02  2.545525388E+02  7.147452826E-01 
       516  6.612271722E-02  1.694054111E-01  1.012510921E-01  1.194640065E+05  2.374080756E+02  3.482013285E+02  3.019284945E+02  2.552897859E+02  7.136433930E-01 
       517  6.776083839E-02  1.688452726E-01  1.042003507E-01  1.193826741E+05  2.377662331E+02  3.481700476E+02  3.018742408E+02  2.559045153E+02  7.132617524E-01 
       518  6.936215302E-02  1.682812898E-01  1.071729988E-01  1.193099573E+05  2.384095563E+02  3.481361157E+02  3.018155346E+02  2.564384373E+02  7.117136680E-01 
       519  7.082677073E-02  1.677321085E-01  1.102128146E-01  1.191683815E+05  2.395469792E+02  3.480688396E+02  3.016993430E+02  2.574068601E+02  7.084826673E-01 
       520  7.220712168E-02  1.672497044E-01  1.133584680E-01  1.189420675E+05  2.405433969E+02  3.480314622E+02  3.016345534E+02  2.586057878E+02  7.060353407E-01 
       521  7.342602904E-02  1.668557431E-01  1.165154693E-01  1.186740159E+05  2.411038008E+02  3.480829923E+02  3.017236521E+02  2.584768558E+02  7.040744773E-01 
       522  7.439926912E-02  1.665467988E-01  1.197652411E-01  1.185299438E+05  2.412983289E+02  3.482473736E+02  3.020088453E+02  2.574076729E+02  7.026360640E-01 
       523  7.498839543E-02  1.664581038E-01  1.231239650E-01  1.184760732E+05  2.412275505E+02  3.484807377E+02  3.024138451E+02  2.563817005E+02  7.023489475E-01 
       524  7.530423640E-02  1.665023734E-01  1.265249777E-01  1.184438127E+05  2.412025981E+02  3.486119461E+02  3.026414895E+02  2.562962790E+02  7.027440416E-01 
       525  7.543612494E-02  1.666233331E-01  1.299370256E-01  1.183053164E+05  2.425761108E+02  3.484174480E+02  3.023036137E+02  2.583838863E+02  6.998652257E-01 
       526  7.553122174E-02  1.667952118E-01  1.333496155E-01  1.181343770E+05  2.444622250E+02  3.481018004E+02  3.017561293E+02  2.611581707E+02  6.960610235E-01 
       527  7.566054780E-02  1.669469890E-01  1.367626796E-01  1.180110190E+05  2.449957318E+02  3.480977669E+02  3.017491016E+02  2.608576040E+02  6.942202263E-01 
       528  7.583993244E-02  1.671002891E-01  1.401745263E-01  1.178993444E+05  2.449147573E+02  3.483701596E+02  3.022223432E+02  2.595899307E+02  6.942192186E-01 
       529  7.600645069E-02  1.672586086E-01  1.435869327E-01  1.178295794E+05  2.438349330E+02  3.489728255E+02  3.032713912E+02  2.567171407E+02  6.975616566E-01 
       530  7.611546960E-02  1.674572299E-01  1.470000031E-01  1.179371725E+05  2.383735225E+02  3.501168745E+02  3.053518248E+02  2.466585557E+02  7.125886804E-01 
       531 -5.220359409E-02  2.342994603E-01 -4.210986580E-02  8.163966391E+04  1.831698405E+02  3.296378063E+02  2.706752706E+02  4.445198110E+02  1.146105009E+00 
       532 -5.220192467E-02  2.343108577E-01 -3.821952920E-02  8.083928473E+04  1.858141529E+02  3.292655065E+02  2.699827306E+02  4.461431606E+02  1.141271283E+00 
       533 -5.220302368E-02  2.343278434E-01 -3.432921672E-02  8.097696512E+04  1.859900923E+02  3.293736390E+02  2.701601329E+02  4.460812767E+02  1.140827619E+00 
       534 -5.220531674E-02  2.343446645E-01 -3.043898101E-02  8.228074033E+04  1.825734091E+02  3.301665142E+02  2.714641205E+02  4.425247619E+02  1.145742464E+00 
       535 -5.220735409E-02  2.343651870E-01 -2.654892396E-02  8.416212891E+04  1.776311569E+02  3.312869434E+02  2.733094463E+02  4.381247406E+02  1.153616913E+00 
       536 -5.221355576E-02  2.343966826E-01 -2.266385481E-02  8.549143783E+04  1.741109701E+02  3.320095602E+02  2.745017880E+02  4.358069741E+02  1.160082991E+00 
       537 -5.221196162E-02  2.344309954E-01 -1.877454498E-02  8.553046021E+04  1.732923675E+02  3.319084709E+02  2.743352470E+02  4.363335061E+02  1.162602859E+00 
       538 -5.222596507E-02  2.344687402E-01 -1.488167101E-02  8.420109474E+04  1.759277740E+02  3.310664219E+02  2.729456995E+02  4.395573922E+02  1.159195585E+00 
       539 -5.222923531E-02  2.345160018E-01 -1.099302079E-02  8.193839008E+04  1.809152319E+02  3.299050949E+02  2.710346434E+02  4.435372562E+02  1.150895938E+00 
       540 -5.210275326E-02  2.345957540E-01 -7.104134264E-03  7.979737869E+04  1.874832223E+02  3.287469403E+02  2.691343153E+02  4.488292941E+02  1.140356958E+00 
       541 -5.114101036E-02  2.348545508E-01 -3.375994418E-03  7.932211267E+04  1.895105318E+02  3.285495058E+02  2.688104201E+02  4.492449704E+02  1.136035456E+00 
       542 -4.917766965E-02  2.353023755E-01 -5.047413344E-05  8.018891357E+04  1.874465528E+02  3.290938997E+02  2.697018375E+02  4.492076206E+02  1.141775575E+00 
       543 -4.661414278E-02  2.358651253E-01  2.823323178E-03  8.146081042E+04  1.850473907E+02  3.297776747E+02  2.708241363E+02  4.464381342E+02  1.144901147E+00 
       544 -4.374488282E-02  2.364440537E-01  5.350106892E-03  8.433342719E+04  1.771117232E+02  3.315436957E+02  2.737342560E+02  4.402060628E+02  1.158204576E+00 
       545 -4.059796688E-02  2.370222596E-01  7.583171126E-03  8.855444574E+04  1.655071615E+02  3.337200131E+02  2.773390243E+02  4.298557992E+02  1.177165750E+00 
       546 -3.738701819E-02  2.375676250E-01  9.702642239E-03  8.750146576E+04  1.682839013E+02  3.330889139E+02  2.762932513E+02  4.307156096E+02  1.170987507E+00 
       547 -3.407522408E-02  2.380263225E-01  1.169481074E-02  8.209317090E+04  1.831985931E+02  3.302604976E+02  2.716207833E+02  4.431357985E+02  1.145706436E+00 
       548 -3.073065008E-02  2.384984497E-01  1.361793802E-02  7.979199408E+04  1.905531893E+02  3.288660374E+02  2.693284094E+02  4.474640241E+02  1.131465055E+00 
       549 -2.732884007E-02  2.388770261E-01  1.546643341E-02  8.121024219E+04  1.865889411E+02  3.296082907E+02  2.705462027E+02  4.448728037E+02  1.138761714E+00 
       550 -2.390908864E-02  2.392176502E-01  1.728468609E-02  8.186180138E+04  1.840280758E+02  3.299551659E+02  2.711157905E+02  4.441662022E+02  1.144705120E+00 
       551 -2.044822495E-02  2.394794424E-01  1.908927170E-02  8.111736740E+04  1.860091020E+02  3.295332243E+02  2.704227141E+02  4.454985843E+02  1.141511582E+00 
       552 -1.699643969E-02  2.397114515E-01  2.086461287E-02  8.070662488E+04  1.886101058E+02  3.291960583E+02  2.698715711E+02  4.451548510E+02  1.135846529E+00 
       553 -1.354033893E-02  2.398615604E-01  2.263394957E-02  8.067276709E+04  1.885783195E+02  3.291377735E+02  2.697773819E+02  4.470723438E+02  1.138429053E+00 
       554 -1.007792796E-02  2.399171479E-01  2.439846914E-02  8.077206982E+04  1.874090321E+02  3.293506966E+02  2.701256468E+02  4.468193984E+02  1.142728085E+00 
       555 -6.592279415E-03  2.399646350E-01  2.619220728E-02  8.023786621E+04  1.896483974E+02  3.288456612E+02  2.692969790E+02  4.478442602E+02  1.140283767E+00 
       556 -3.124907716E-03  2.398994093E-01  2.794309000E-02  7.953959766E+04  1.888832512E+02  3.287436676E+02  2.691311245E+02  4.465997791E+02  1.141819917E+00 
       557  3.338943067E-04  2.398017910E-01  2.968583889E-02  1.022326554E+05  2.071266557E+02  3.408339335E+02  2.893082020E+02  3.900924783E+02  1.049151144E+00 
       558  3.794068913E-03  2.396169640E-01  3.144821874E-02  9.946695361E+04  2.115088534E+02  3.397288356E+02  2.874220810E+02  3.997455778E+02  1.045612432E+00 
       559  7.248441593E-03  2.393064044E-01  3.320284907E-02  9.472649658E+04  2.112101145E+02  3.372663765E+02  2.832692976E+02  4.147327747E+02  1.058296762E+00 
       560  1.068879679E-02  2.389885178E-01  3.498866898E-02  9.195918164E+04  2.112506661E+02  3.359668579E+02  2.810876551E+02  4.204206972E+02  1.063414916E+00 
       561  1.412543948E-02  2.386075767E-01  3.676435012E-02  8.982526855E+04  2.141186085E+02  3.347998552E+02  2.791363907E+02  4.239103966E+02  1.058361165E+00 
       562  1.753589177E-02  2.380598424E-01  3.855175648E-02  8.896771191E+04  2.174071636E+02  3.342266541E+02  2.781820812E+02  4.266462708E+02  1.052409455E+00 
       563  2.093820079E-02  2.375000001E-01  4.035454522E-02  9.155862646E+04  2.153325491E+02  3.359195480E+02  2.810131474E+02  4.216050129E+02  1.053706497E+00 
       564  2.432947450E-02  2.368878370E-01  4.215773147E-02  1.028869924E+05  2.062248389E+02  3.419035950E+02  2.911451023E+02  3.957973126E+02  1.061365230E+00 
       565  2.770729830E-02  2.361795572E-01  4.394886350E-02  1.231617505E+05  1.975479338E+02  3.504101214E+02  3.058027830E+02  3.497169042E+02  1.067224367E+00 
       566  3.105826597E-02  2.354459967E-01  4.578622705E-02  1.306019080E+05  1.964897740E+02  3.531145587E+02  3.105118418E+02  3.362308493E+02  1.068218457E+00 
       567  3.438758923E-02  2.346372217E-01  4.762879820E-02  1.238152359E+05  1.969132169E+02  3.508754651E+02  3.065889141E+02  3.506538107E+02  1.063490240E+00 
       568  3.771502906E-02  2.337669833E-01  4.947240569E-02  1.179885630E+05  2.007154305E+02  3.487695484E+02  3.029164441E+02  3.576670318E+02  1.050429733E+00 
       569  4.101460083E-02  2.329246351E-01  5.135281935E-02  1.192498456E+05  2.037153399E+02  3.491183758E+02  3.035224400E+02  3.544653306E+02  1.042480703E+00 
       570  4.428347740E-02  2.319960665E-01  5.324515281E-02  1.229705511E+05  2.044799557E+02  3.504227083E+02  3.057946692E+02  3.473921182E+02  1.041619822E+00 
       571  4.749748393E-02  2.310181580E-01  5.520824782E-02  1.241747380E+05  2.035439863E+02  3.508865242E+02  3.066049204E+02  3.462852573E+02  1.044500479E+00 
       572  5.066691057E-02  2.300652086E-01  5.723980181E-02  1.240622135E+05  2.027146559E+02  3.510219363E+02  3.068412083E+02  3.475936564E+02  1.044527671E+00 
       573  5.379140778E-02  2.290521307E-01  5.932353399E-02  1.243734350E+05  2.059332656E+02  3.512028379E+02  3.071562949E+02  3.445933073E+02  1.031814822E+00 
       574  5.683956615E-02  2.279793322E-01  6.149869556E-02  1.249563247E+05  2.113701868E+02  3.513997669E+02  3.075008545E+02  3.412073784E+02  1.014729146E+00 
       575  5.985072913E-02  2.269370111E-01  6.373374277E-02  1.250648545E+05  2.161272507E+02  3.514676647E+02  3.076196842E+02  3.411154652E+02  1.000300810E+00 
       576  6.280959972E-02  2.258492183E-01  6.601505396E-02  1.246132827E+05  2.202928073E+02  3.513307207E+02  3.073799585E+02  3.427609547E+02  9.877113439E-01 
       577  6.573461678E-02  2.247295145E-01  6.832363097E-02  1.239971693E+05  2.239149373E+02  3.511356621E+02  3.070386295E+02  3.435011864E+02  9.758355524E-01 
       578  6.865501872E-02  2.236625994E-01  7.064894084E-02  1.233068695E+05  2.271965306E+02  3.509274019E+02  3.066746761E+02  3.441727873E+02  9.655387911E-01 
       579  7.151541969E-02  2.224865137E-01  7.302188293E-02  1.218955981E+05  2.305110345E+02  3.503095064E+02  3.055956192E+02  3.461055870E+02  9.540403914E-01 
       580  7.433322259E-02  2.213060150E-01  7.543149031E-02  1.215611934E+05  2.289433460E+02  3.506413298E+02  3.061747074E+02  3.445381041E+02  9.571905602E-01 
       581  7.711325138E-02  2.201536844E-01  7.789825066E-02  1.233560848E+05  2.308879000E+02  3.516460794E+02  3.079326007E+02  3.398806490E+02  9.489894336E-01 
       582  7.981655167E-02  2.189959972E-01  8.044372180E-02  1.239504778E+05  2.336207042E+02  3.521848664E+02  3.088775172E+02  3.388280377E+02  9.387346972E-01 
       583  8.242371870E-02  2.177951216E-01  8.306797326E-02  1.233611934E+05  2.346682634E+02  3.519848080E+02  3.085284882E+02  3.385039787E+02  9.335870333E-01 
       584  8.497819178E-02  2.166305248E-01  8.576177505E-02  1.227868513E+05  2.342196429E+02  3.516057720E+02  3.078649231E+02  3.386896378E+02  9.336476219E-01 
       585  8.747465708E-02  2.155008942E-01  8.852176985E-02  1.224401313E+05  2.329418182E+02  3.512981281E+02  3.073257799E+02  3.395874152E+02  9.368989207E-01 
       586  8.983863293E-02  2.143275504E-01  9.137087988E-02  1.223186873E+05  2.308951714E+02  3.510745564E+02  3.069341359E+02  3.398210306E+02  9.422911778E-01 
       587  9.211779941E-02  2.131724912E-01  9.430579148E-02  1.224196234E+05  2.286313687E+02  3.509793178E+02  3.067668065E+02  3.396739214E+02  9.484740129E-01 
       588  9.424446159E-02  2.121023496E-01  9.738772987E-02  1.226602115E+05  2.268314390E+02  3.509760758E+02  3.067612101E+02  3.394045970E+02  9.537713131E-01 
       589  9.610967173E-02  2.111612431E-01  1.006666829E-01  1.228184495E+05  2.246857707E+02  3.510379485E+02  3.068700732E+02  3.388997470E+02  9.598585686E-01 
       590  9.742401869E-02  2.103903297E-01  1.042235364E-01  1.228871610E+05  2.223079352E+02  3.510809811E+02  3.069463159E+02  3.385988272E+02  9.664387840E-01 
       591  9.764724840E-02  2.101688920E-01  1.080985861E-01  1.228316772E+05  2.197146850E+02  3.509566641E+02  3.067299814E+02  3.399825964E+02  9.741030391E-01 
       592  9.763062643E-02  2.101108570E-01  1.119846410E-01  1.226660980E+05  2.191960966E+02  3.508050355E+02  3.064647167E+02  3.410382266E+02  9.755888343E-01 
       593  9.759894170E-02  2.100363093E-01  1.158782398E-01  1.225124739E+05  2.208753070E+02  3.512342565E+02  3.072153256E+02  3.405909591E+02  9.705994632E-01 
       594  9.760335841E-02  2.100041055E-01  1.197683889E-01  1.225058014E+05  2.223431404E+02  3.524559451E+02  3.093579303E+02  3.326473389E+02  9.654698242E-01 
       595  9.760552297E-02  2.099886023E-01  1.236588659E-01  1.225478876E+05  2.233239900E+02  3.540970062E+02  3.122451904E+02  3.150340648E+02  9.628240216E-01 
       596  9.760989540E-02  2.100145164E-01  1.275491461E-01  1.226310636E+05  2.252394083E+02  3.553447296E+02  3.144478087E+02  2.990124461E+02  9.588217143E-01 
       597  9.760550437E-02  2.100148949E-01  1.314412195E-01  1.228050332E+05  2.268979473E+02  3.559942045E+02  3.155999737E+02  2.975307608E+02  9.532404765E-01 
       598  9.762031038E-02  2.101034915E-01  1.353312483E-01  1.229379235E+05  2.277220649E+02  3.560285513E+02  3.156670437E+02  3.088126650E+02  9.479607716E-01 
       599  9.762506170E-02  2.101609083E-01  1.392228176E-01  1.230303147E+05  2.273472573E+02  3.554155231E+02  3.145853716E+02  3.185139588E+02  9.488631696E-01 
       600  9.764671237E-02  2.102092269E-01  1.431110049E-01  1.231460154E+05  2.246807256E+02  3.544067168E+02  3.128018813E+02  3.246891634E+02  9.574586963E-01 
       601  9.766256924E-02  2.102587391E-01  1.469999989E-01  1.232534536E+05  2.216483564E+02  3.537622938E+02  3.113890619E+02  3.290717840E+02  9.671434797E-01 
