nodenumber     x-coordinate     y-coordinate     z-coordinate         pressure velocity-magnitude      sound-speed      temperature rel-velocity-magnitude relative-velocity-angle 
         1 -2.216901913E-02  1.039879580E-01 -4.300600202E-02  8.755133382E+04  1.539161250E+02  3.330510030E+02  2.762258399E+02  2.357680508E+02  8.595397791E-01 
         2 -2.197401757E-02  1.042260031E-01 -4.002397295E-02  8.746303030E+04  1.544110108E+02  3.330061296E+02  2.761514392E+02  2.363287749E+02  8.590036430E-01 
         3 -2.150271627E-02  1.045375264E-01 -3.708169353E-02  8.737928772E+04  1.549996603E+02  3.329590342E+02  2.760734093E+02  2.369852725E+02  8.583877948E-01 
         4 -2.072290556E-02  1.049359494E-01 -3.421635317E-02  8.727517529E+04  1.556488943E+02  3.329046712E+02  2.759832239E+02  2.377118959E+02  8.577688746E-01 
         5 -1.964621854E-02  1.053757771E-01 -3.145501365E-02  8.713462061E+04  1.563766332E+02  3.328318558E+02  2.758625216E+02  2.384893537E+02  8.569424637E-01 
         6 -1.833909717E-02  1.058829391E-01 -2.880182754E-02  8.698032617E+04  1.571681991E+02  3.327503710E+02  2.757275262E+02  2.393804784E+02  8.562092427E-01 
         7 -1.686396899E-02  1.064019756E-01 -2.624136390E-02  8.683536938E+04  1.579255738E+02  3.326767740E+02  2.756055479E+02  2.403084373E+02  8.558404911E-01 
         8 -1.524276490E-02  1.069101094E-01 -2.376908005E-02  8.664367310E+04  1.588727515E+02  3.325723925E+02  2.754326181E+02  2.414041677E+02  8.550596442E-01 
         9 -1.353040875E-02  1.074492491E-01 -2.136449246E-02  8.640257605E+04  1.601029601E+02  3.324388852E+02  2.752115123E+02  2.427325432E+02  8.536047135E-01 
        10 -1.175719847E-02  1.079385502E-01 -1.899452623E-02  8.619481989E+04  1.614533141E+02  3.323186016E+02  2.750124223E+02  2.439668102E+02  8.511943622E-01 
        11 -9.920451205E-03  1.084473482E-01 -1.667649769E-02  8.605614600E+04  1.628027778E+02  3.322307764E+02  2.748671771E+02  2.449844518E+02  8.479996636E-01 
        12 -8.053093039E-03  1.089314126E-01 -1.437870322E-02  8.613042505E+04  1.636838195E+02  3.322643273E+02  2.749227557E+02  2.449435679E+02  8.436304792E-01 
        13 -6.139911673E-03  1.093816015E-01 -1.211111235E-02  8.663306299E+04  1.627602730E+02  3.325722466E+02  2.754323959E+02  2.432944961E+02  8.434166778E-01 
        14 -4.213714023E-03  1.098625599E-01 -9.853315987E-03  8.746164307E+04  1.606080103E+02  3.330157738E+02  2.761675377E+02  2.405739012E+02  8.463630192E-01 
        15 -2.267252226E-03  1.102821410E-01 -7.616721013E-03  8.856234863E+04  1.565157709E+02  3.335904446E+02  2.771216154E+02  2.371022739E+02  8.578068689E-01 
        16 -3.058463972E-04  1.106716081E-01 -5.380345181E-03  8.947404517E+04  1.498159280E+02  3.340331516E+02  2.778578176E+02  2.340926738E+02  8.851936907E-01 
        17  1.649896870E-03  1.110991589E-01 -3.144821902E-03  8.730186536E+04  1.459708486E+02  3.329272070E+02  2.760219123E+02  2.415983491E+02  9.328493932E-01 
        18  3.605378217E-03  1.114680886E-01 -8.997268064E-04  7.566072766E+04  1.755862744E+02  3.262884521E+02  2.651231632E+02  2.857247086E+02  9.383587036E-01 
        19  5.548952344E-03  1.118349081E-01  1.356589372E-03  6.986795758E+04  2.085220871E+02  3.227930958E+02  2.594747553E+02  3.074553111E+02  8.492167238E-01 
        20  7.472030685E-03  1.121892539E-01  3.633809071E-03  7.285084204E+04  2.134892911E+02  3.245178159E+02  2.622583868E+02  2.988702115E+02  7.867087054E-01 
        21  9.366594022E-03  1.125505666E-01  5.932977735E-03  7.658156824E+04  2.084926593E+02  3.269178841E+02  2.661508837E+02  2.842334025E+02  7.550497162E-01 
        22  1.122147558E-02  1.129077905E-01  8.263617067E-03  7.897601565E+04  2.084300726E+02  3.283310894E+02  2.684545040E+02  2.775938973E+02  7.306365070E-01 
        23  1.303284284E-02  1.132507638E-01  1.062953057E-02  8.048944720E+04  2.115487763E+02  3.291632072E+02  2.698157213E+02  2.738318525E+02  7.012253871E-01 
        24  1.479928419E-02  1.136234762E-01  1.303021626E-02  8.161269630E+04  2.159534144E+02  3.298295807E+02  2.709092319E+02  2.695879529E+02  6.633015533E-01 
        25  1.649617427E-02  1.139938279E-01  1.547769530E-02  8.263215387E+04  2.207581704E+02  3.304065893E+02  2.718579917E+02  2.655108256E+02  6.241271668E-01 
        26  1.811807173E-02  1.143837002E-01  1.797032872E-02  8.336815466E+04  2.261713502E+02  3.307685976E+02  2.724537253E+02  2.629792728E+02  5.876297373E-01 
        27  1.968166241E-02  1.148013513E-01  2.049621310E-02  8.349445319E+04  2.331052532E+02  3.307690487E+02  2.724541929E+02  2.631583800E+02  5.531297247E-01 
        28  2.119101764E-02  1.152299366E-01  2.305322148E-02  8.297825328E+04  2.416074784E+02  3.304368527E+02  2.719071349E+02  2.655302980E+02  5.183907659E-01 
        29  2.266338778E-02  1.156643914E-01  2.563116057E-02  8.236410162E+04  2.502428211E+02  3.300453825E+02  2.712633876E+02  2.684179138E+02  4.848276249E-01 
        30  2.408077791E-02  1.161159634E-01  2.823658064E-02  8.184946851E+04  2.585407758E+02  3.297087262E+02  2.707101605E+02  2.712843850E+02  4.531492065E-01 
        31  2.544088325E-02  1.165921105E-01  3.086849856E-02  8.131852380E+04  2.668200989E+02  3.293467841E+02  2.701163564E+02  2.743169641E+02  4.224985982E-01 
        32  2.674433127E-02  1.170738851E-01  3.352942364E-02  8.075258765E+04  2.748544276E+02  3.290164809E+02  2.695748110E+02  2.772486744E+02  3.929851213E-01 
        33  2.797950643E-02  1.175445507E-01  3.622298897E-02  8.021311557E+04  2.825500058E+02  3.287665566E+02  2.691652408E+02  2.798082365E+02  3.639594101E-01 
        34  2.916313541E-02  1.180056499E-01  3.893937175E-02  7.990725208E+04  2.895926196E+02  3.286697129E+02  2.690067416E+02  2.815776238E+02  3.354068921E-01 
        35  3.031249539E-02  1.184785399E-01  4.167042727E-02  8.004125580E+04  2.952672217E+02  3.288080978E+02  2.692332530E+02  2.820851865E+02  3.091971066E-01 
        36  3.139929926E-02  1.189405785E-01  4.442941843E-02  8.032291086E+04  3.005871937E+02  3.290176903E+02  2.695765083E+02  2.820328242E+02  2.825749837E-01 
        37  3.242013936E-02  1.193808800E-01  4.721660669E-02  8.080361821E+04  3.057132985E+02  3.292913441E+02  2.700253281E+02  2.812589958E+02  2.538803534E-01 
        38  3.340677803E-02  1.198011670E-01  5.002067675E-02  8.197267532E+04  3.086821623E+02  3.299280460E+02  2.710708454E+02  2.782401665E+02  2.276147038E-01 
        39  3.430413654E-02  1.201853153E-01  5.285529857E-02  8.353137622E+04  3.104658175E+02  3.308099194E+02  2.725223484E+02  2.738068523E+02  2.018715693E-01 
        40  3.515433510E-02  1.205874318E-01  5.570324370E-02  8.546126855E+04  3.109186573E+02  3.318873138E+02  2.743009224E+02  2.681290855E+02  1.783981323E-01 
        41  3.592907297E-02  1.209644065E-01  5.857535950E-02  8.771259473E+04  3.098684411E+02  3.331127195E+02  2.763307829E+02  2.613647041E+02  1.588995741E-01 
        42  3.664355424E-02  1.213334730E-01  6.146049591E-02  9.013337671E+04  3.073230362E+02  3.343607383E+02  2.784052167E+02  2.539892035E+02  1.455690467E-01 
        43  3.727845098E-02  1.217084379E-01  6.437276718E-02  9.244546313E+04  3.038126411E+02  3.355394897E+02  2.803710833E+02  2.468626471E+02  1.392232813E-01 
        44  3.781448665E-02  1.220744111E-01  6.730672953E-02  9.435458032E+04  3.001323595E+02  3.365466795E+02  2.820562410E+02  2.408390198E+02  1.389237051E-01 
        45  3.826762164E-02  1.224563704E-01  7.025293559E-02  9.568634125E+04  2.971318946E+02  3.372913523E+02  2.833052826E+02  2.366916817E+02  1.427257600E-01 
        46  3.856443464E-02  1.228195695E-01  7.317567491E-02  9.642839453E+04  2.953522873E+02  3.377531128E+02  2.840814972E+02  2.347222290E+02  1.481986530E-01 
        47  3.882754171E-02  1.231963568E-01  7.616928387E-02  9.676357678E+04  2.935433228E+02  3.384162750E+02  2.851992788E+02  2.326658744E+02  1.539121461E-01 
        48  3.896508106E-02  1.235573809E-01  7.913505459E-02  9.686414453E+04  2.899526978E+02  3.393721542E+02  2.868220329E+02  2.268576355E+02  1.571441218E-01 
        49  3.903512947E-02  1.239238609E-01  8.213137167E-02  9.691350830E+04  2.812242165E+02  3.411679971E+02  2.898884313E+02  2.121622161E+02  1.648960386E-01 
        50  3.900153017E-02  1.243001337E-01  8.510504302E-02  9.688218201E+04  2.648079006E+02  3.444055518E+02  2.954335521E+02  1.837875024E+02  1.774973116E-01 
        51  3.889299026E-02  1.246700891E-01  8.806950082E-02  9.661363519E+04  2.471202414E+02  3.481982958E+02  3.019798241E+02  1.394927766E+02  1.683190577E-01 
        52  3.870303970E-02  1.250405990E-01  9.105247242E-02  9.647901733E+04  2.382851396E+02  3.510751295E+02  3.069579606E+02  9.871409297E+01  6.854120911E-02 
        53  3.847530202E-02  1.253810613E-01  9.402032493E-02  9.672553177E+04  2.353057297E+02  3.524788414E+02  3.094121902E+02  6.468241065E+01 -1.490404986E-01 
        54  3.809583015E-02  1.257752167E-01  9.695318516E-02  9.790142188E+04  2.345107841E+02  3.531930656E+02  3.106569290E+02  4.304512787E+01 -1.085416853E+00 
        55  3.767199372E-02  1.261489404E-01  9.992435767E-02  9.962781226E+04  2.440210466E+02  3.528202095E+02  3.099944487E+02  4.181093967E+01 -1.444061935E+00 
        56  3.723780727E-02  1.265196365E-01  1.028569506E-01  1.018169757E+05  2.490893562E+02  3.519149051E+02  3.084061742E+02  5.626143609E+01 -9.468015558E-01 
        57  3.672955052E-02  1.269046997E-01  1.057947981E-01  1.042383837E+05  2.388783355E+02  3.505604200E+02  3.060401616E+02  9.443078923E+01 -5.642900954E-02 
        58  3.615520807E-02  1.273091289E-01  1.087154776E-01  1.065554788E+05  2.401319642E+02  3.478664484E+02  3.013620653E+02  1.450416613E+02  2.073562429E-01 
        59  3.556812424E-02  1.277144368E-01  1.116309472E-01  1.076702911E+05  2.523634784E+02  3.452753005E+02  2.968839402E+02  1.767557319E+02  2.239340732E-01 
        60  3.495651588E-02  1.281329458E-01  1.145394580E-01  1.079380750E+05  2.616342564E+02  3.438878908E+02  2.944962740E+02  1.885928297E+02  2.030836274E-01 
        61  3.433795015E-02  1.285471243E-01  1.174457346E-01  1.079484695E+05  2.665175478E+02  3.433146529E+02  2.935133786E+02  1.934235096E+02  1.903974141E-01 
        62  3.376061330E-02  1.289460490E-01  1.203607660E-01  1.079506117E+05  2.690382874E+02  3.431294291E+02  2.931966190E+02  1.964289401E+02  1.869317840E-01 
        63  3.331803132E-02  1.293309423E-01  1.232882868E-01  1.079558483E+05  2.706126723E+02  3.431109468E+02  2.931649255E+02  1.981727412E+02  1.852862117E-01 
        64  3.310586596E-02  1.296649637E-01  1.262581306E-01  1.078654945E+05  2.719016690E+02  3.430994434E+02  2.931453333E+02  1.993853675E+02  1.836016086E-01 
        65  3.306639982E-02  1.299493947E-01  1.292495641E-01  1.077082452E+05  2.730052414E+02  3.430482634E+02  2.930579322E+02  2.004237512E+02  1.824356553E-01 
        66  3.322486525E-02  1.302097713E-01  1.322380794E-01  1.075534118E+05  2.740924231E+02  3.429776421E+02  2.929372584E+02  2.015807224E+02  1.819764854E-01 
        67  3.356462385E-02  1.304573038E-01  1.352130229E-01  1.074385152E+05  2.751335638E+02  3.429319752E+02  2.928592421E+02  2.030282668E+02  1.831761213E-01 
        68  3.400410102E-02  1.306751199E-01  1.381765647E-01  1.072788629E+05  2.763225794E+02  3.428537240E+02  2.927256398E+02  2.047086523E+02  1.842113165E-01 
        69  3.451963359E-02  1.308741206E-01  1.411278790E-01  1.070325925E+05  2.775563874E+02  3.427359972E+02  2.925246334E+02  2.063858237E+02  1.850236638E-01 
        70  3.508991352E-02  1.310576265E-01  1.440660380E-01  1.066935518E+05  2.787372165E+02  3.425854158E+02  2.922676287E+02  2.081455247E+02  1.864756963E-01 
        71  3.570211579E-02  1.312503676E-01  1.470000000E-01  1.063191084E+05  2.801050797E+02  3.424068718E+02  2.919631271E+02  2.102041626E+02  1.876204070E-01 
        72 -2.843361623E-02  1.708417341E-01 -4.258217492E-02  8.204663062E+04  1.835982161E+02  3.300045290E+02  2.711956644E+02  3.441571646E+02  1.007994559E+00 
        73 -2.838826984E-02  1.709653765E-01 -3.916427879E-02  8.203652985E+04  1.843847587E+02  3.299433167E+02  2.710951066E+02  3.449415803E+02  1.006769866E+00 
        74 -2.835908450E-02  1.711140563E-01 -3.574649433E-02  8.237611682E+04  1.837958032E+02  3.301595500E+02  2.714505847E+02  3.438446567E+02  1.006784037E+00 
        75 -2.838361088E-02  1.712589164E-01 -3.232950605E-02  8.299318701E+04  1.827228251E+02  3.305371027E+02  2.720718803E+02  3.420480766E+02  1.007290754E+00 
        76 -2.841360827E-02  1.714319125E-01 -2.891476756E-02  8.364760779E+04  1.818921304E+02  3.308930702E+02  2.726582751E+02  3.409054871E+02  1.008136006E+00 
        77 -2.833774301E-02  1.716334782E-01 -2.549995819E-02  8.416719897E+04  1.809175076E+02  3.311700271E+02  2.731148871E+02  3.396023812E+02  1.009287552E+00 
        78 -2.791452343E-02  1.719215161E-01 -2.212016887E-02  8.444879395E+04  1.801441860E+02  3.313206463E+02  2.733633184E+02  3.389616089E+02  1.010885514E+00 
        79 -2.700703325E-02  1.722886754E-01 -1.884820631E-02  8.429625220E+04  1.795601087E+02  3.312557993E+02  2.732564573E+02  3.395751953E+02  1.013977595E+00 
        80 -2.544395246E-02  1.727209334E-01 -1.584518523E-02  8.320781824E+04  1.809379529E+02  3.306534402E+02  2.722637522E+02  3.427267575E+02  1.014865392E+00 
        81 -2.351536464E-02  1.732363399E-01 -1.306823492E-02  8.131518813E+04  1.845513044E+02  3.295588387E+02  2.704642649E+02  3.482866348E+02  1.012644974E+00 
        82 -2.134527601E-02  1.737374909E-01 -1.047435973E-02  7.866769658E+04  1.909505303E+02  3.279823668E+02  2.678841580E+02  3.558209728E+02  1.005090190E+00 
        83 -1.897326710E-02  1.742189522E-01 -8.035177519E-03  7.535169955E+04  1.998569098E+02  3.259492121E+02  2.645735494E+02  3.659584497E+02  9.948482299E-01 
        84 -1.652827274E-02  1.746780172E-01 -5.688541800E-03  7.302286365E+04  2.072999234E+02  3.245235038E+02  2.622629232E+02  3.731291728E+02  9.839943489E-01 
        85 -1.397929867E-02  1.751251779E-01 -3.446989688E-03  7.250621094E+04  2.102044115E+02  3.242330422E+02  2.617931128E+02  3.745277300E+02  9.767263494E-01 
        86 -1.139011487E-02  1.755573757E-01 -1.256774906E-03  7.406664270E+04  2.100318596E+02  3.251368146E+02  2.632556357E+02  3.700109625E+02  9.679059219E-01 
        87 -8.734274343E-03  1.759085237E-01  8.667805443E-04  7.933043866E+04  2.022535137E+02  3.284027095E+02  2.685745625E+02  3.563855281E+02  9.677877286E-01 
        88 -6.073383534E-03  1.762548475E-01  2.984781313E-03  8.868429413E+04  1.898081820E+02  3.336389103E+02  2.772101681E+02  3.310511465E+02  9.669692512E-01 
        89 -3.359730182E-03  1.765819110E-01  5.053045394E-03  9.849904803E+04  1.764615771E+02  3.383267109E+02  2.850493814E+02  3.023501122E+02  9.758807784E-01 
        90 -6.741955509E-04  1.768270807E-01  7.130208361E-03  9.765712775E+04  1.645360729E+02  3.381788038E+02  2.847998702E+02  3.078234718E+02  1.023789221E+00 
        91  2.027043660E-03  1.770783858E-01  9.208570588E-03  7.896169665E+04  1.919859404E+02  3.279635733E+02  2.678596047E+02  3.568429944E+02  1.004299587E+00 
        92  4.731686997E-03  1.772422585E-01  1.127155269E-02  7.261350214E+04  2.130253438E+02  3.242200512E+02  2.617756416E+02  3.741111310E+02  9.663832437E-01 
        93  7.454465044E-03  1.773874983E-01  1.334309669E-02  7.315880153E+04  2.092097557E+02  3.246246894E+02  2.624271842E+02  3.728365588E+02  9.763886537E-01 
        94  1.015989937E-02  1.775222933E-01  1.545596277E-02  7.068741202E+04  2.181572902E+02  3.229491291E+02  2.597292904E+02  3.834375767E+02  9.680894779E-01 
        95  1.284858280E-02  1.775661421E-01  1.756817794E-02  6.723953986E+04  2.277165276E+02  3.208168044E+02  2.563115790E+02  3.919814742E+02  9.545598952E-01 
        96  1.551966693E-02  1.776138061E-01  1.970369132E-02  6.426429462E+04  2.364702764E+02  3.188059735E+02  2.531097696E+02  3.999237986E+02  9.429218341E-01 
        97  1.817410325E-02  1.776258069E-01  2.186017323E-02  6.185343066E+04  2.451271958E+02  3.170421624E+02  2.503153415E+02  4.072621574E+02  9.305464830E-01 
        98  2.080993586E-02  1.775631240E-01  2.403936301E-02  6.015916296E+04  2.529535060E+02  3.157956686E+02  2.483480139E+02  4.131911516E+02  9.179808628E-01 
        99  2.341570779E-02  1.774969016E-01  2.625394818E-02  5.972599219E+04  2.577730699E+02  3.155703936E+02  2.479941330E+02  4.145458221E+02  9.050237574E-01 
       100  2.600295182E-02  1.773818036E-01  2.848806157E-02  6.148540234E+04  2.592352619E+02  3.168610134E+02  2.500402861E+02  4.100796137E+02  8.899241984E-01 
       101  2.856627515E-02  1.771883875E-01  3.074502562E-02  6.683905151E+04  2.549982882E+02  3.205856190E+02  2.559990597E+02  3.951968918E+02  8.720854186E-01 
       102  3.110662233E-02  1.769811535E-01  3.302644514E-02  7.500234009E+04  2.466472416E+02  3.260636854E+02  2.648269148E+02  3.713686562E+02  8.507331386E-01 
       103  3.362247542E-02  1.767159818E-01  3.532849163E-02  8.159713538E+04  2.433621097E+02  3.300483932E+02  2.712892151E+02  3.536276731E+02  8.266301602E-01 
       104  3.610895472E-02  1.763647845E-01  3.765120331E-02  8.286370239E+04  2.477062359E+02  3.306566334E+02  2.722732129E+02  3.504348707E+02  8.061149335E-01 
       105  3.856497337E-02  1.759966372E-01  4.000321012E-02  8.033554187E+04  2.562515925E+02  3.291995184E+02  2.698790387E+02  3.583144397E+02  7.919801851E-01 
       106  4.103059304E-02  1.755360248E-01  4.234569910E-02  7.825339327E+04  2.640806075E+02  3.279767562E+02  2.678741016E+02  3.642370964E+02  7.764394721E-01 
       107  4.340106546E-02  1.750377176E-01  4.474435622E-02  7.913959717E+04  2.667570071E+02  3.286243328E+02  2.689356746E+02  3.613170609E+02  7.618907092E-01 
       108  4.575540032E-02  1.745445103E-01  4.717695363E-02  8.324229871E+04  2.649794147E+02  3.310378466E+02  2.729067721E+02  3.500104876E+02  7.470862875E-01 
       109  4.807037784E-02  1.739953488E-01  4.963532790E-02  8.937530591E+04  2.607485456E+02  3.342760773E+02  2.782725668E+02  3.332762175E+02  7.318742648E-01 
       110  5.034733117E-02  1.734133857E-01  5.212084081E-02  9.492277539E+04  2.580790348E+02  3.369730453E+02  2.827749081E+02  3.186228218E+02  7.164388224E-01 
       111  5.258765486E-02  1.728405975E-01  5.464144749E-02  9.850769482E+04  2.580246563E+02  3.386836815E+02  2.856501255E+02  3.088574276E+02  7.008834146E-01 
       112  5.479076840E-02  1.722430532E-01  5.718902978E-02  1.012956333E+05  2.581749296E+02  3.400651035E+02  2.879849873E+02  3.014478264E+02  6.889765374E-01 
       113  5.694737683E-02  1.716020731E-01  5.976586917E-02  1.044812905E+05  2.575166671E+02  3.416001678E+02  2.905906487E+02  2.936537364E+02  6.799483774E-01 
       114  5.911848447E-02  1.709340834E-01  6.233872565E-02  1.080193900E+05  2.563756256E+02  3.432825657E+02  2.934596440E+02  2.853932626E+02  6.722233790E-01 
       115  6.119351897E-02  1.703313828E-01  6.496775561E-02  1.110242502E+05  2.555420175E+02  3.446778831E+02  2.958496885E+02  2.775858550E+02  6.649725456E-01 
       116  6.319798910E-02  1.696485115E-01  6.765543605E-02  1.134235173E+05  2.545832033E+02  3.457950954E+02  2.977703471E+02  2.704719400E+02  6.594409244E-01 
       117  6.520189851E-02  1.689621155E-01  7.034628384E-02  1.153800640E+05  2.535984488E+02  3.465687551E+02  2.991040230E+02  2.646802416E+02  6.562932227E-01 
       118  6.717992039E-02  1.682884043E-01  7.305807409E-02  1.171819458E+05  2.518510342E+02  3.473093042E+02  3.003835220E+02  2.598365316E+02  6.577797160E-01 
       119  6.910755662E-02  1.675987334E-01  7.579818779E-02  1.186442062E+05  2.507363234E+02  3.478276808E+02  3.012807360E+02  2.566769996E+02  6.590454741E-01 
       120  7.101404689E-02  1.668389198E-01  7.852135391E-02  1.197120345E+05  2.478039285E+02  3.484081199E+02  3.022871199E+02  2.541410844E+02  6.681920476E-01 
       121  7.286652020E-02  1.661304029E-01  8.130170181E-02  1.199459561E+05  2.458073746E+02  3.485907956E+02  3.026042310E+02  2.533613652E+02  6.758275644E-01 
       122  7.473378469E-02  1.653966549E-01  8.408122010E-02  1.199568589E+05  2.445726852E+02  3.486690292E+02  3.027402191E+02  2.533413639E+02  6.811728887E-01 
       123  7.654776682E-02  1.646234676E-01  8.688218818E-02  1.198178069E+05  2.445569110E+02  3.487742519E+02  3.029232368E+02  2.538466907E+02  6.818988770E-01 
       124  7.830115451E-02  1.638494494E-01  8.971806956E-02  1.197237061E+05  2.442615871E+02  3.488370152E+02  3.030326195E+02  2.521750088E+02  6.816133037E-01 
       125  8.003223315E-02  1.630890187E-01  9.257063461E-02  1.196395647E+05  2.420376396E+02  3.491710644E+02  3.036149106E+02  2.502550297E+02  6.893929373E-01 
       126  8.174167210E-02  1.623344685E-01  9.543869445E-02  1.195122197E+05  2.403032227E+02  3.496048183E+02  3.043720744E+02  2.488476605E+02  6.958744801E-01 
       127  8.339566060E-02  1.615413001E-01  9.829620033E-02  1.194106505E+05  2.388448116E+02  3.501245620E+02  3.052800886E+02  2.458831589E+02  7.000695786E-01 
       128  8.500809507E-02  1.607572746E-01  1.012133408E-01  1.192901042E+05  2.360996583E+02  3.510225420E+02  3.068511703E+02  2.406962556E+02  7.088504727E-01 
       129  8.654116005E-02  1.600133249E-01  1.041766726E-01  1.191161879E+05  2.340305198E+02  3.519137744E+02  3.084129441E+02  2.325118814E+02  7.141682142E-01 
       130  8.807530659E-02  1.592883350E-01  1.071513815E-01  1.189849248E+05  2.328681774E+02  3.525831475E+02  3.095863562E+02  2.237349353E+02  7.160064066E-01 
       131  8.946870181E-02  1.585918917E-01  1.101955952E-01  1.188961736E+05  2.308029655E+02  3.534468083E+02  3.111016011E+02  2.145629330E+02  7.225401017E-01 
       132  9.078169785E-02  1.579398834E-01  1.132895212E-01  1.188638747E+05  2.282011346E+02  3.541673129E+02  3.123671113E+02  2.087635453E+02  7.336352188E-01 
       133  9.193376095E-02  1.573753789E-01  1.164622823E-01  1.188094152E+05  2.264338820E+02  3.542014666E+02  3.124253249E+02  2.097479653E+02  7.421201011E-01 
       134  9.287851211E-02  1.569754829E-01  1.197270904E-01  1.187651930E+05  2.274424014E+02  3.532526114E+02  3.107563843E+02  2.190356022E+02  7.406536574E-01 
       135  9.346963790E-02  1.567893278E-01  1.230899614E-01  1.186566036E+05  2.320317235E+02  3.513035932E+02  3.073416934E+02  2.370804851E+02  7.287472500E-01 
       136  9.376445592E-02  1.568076376E-01  1.265149706E-01  1.184558276E+05  2.389051099E+02  3.490706830E+02  3.034444885E+02  2.544646778E+02  7.116984967E-01 
       137  9.391306034E-02  1.569225935E-01  1.299303306E-01  1.183228301E+05  2.424308224E+02  3.479229765E+02  3.014470139E+02  2.613056631E+02  7.033469696E-01 
       138  9.402896493E-02  1.570765633E-01  1.333445553E-01  1.182295391E+05  2.424332342E+02  3.477426586E+02  3.011335955E+02  2.607116547E+02  7.032483071E-01 
       139  9.417960043E-02  1.572174564E-01  1.367593072E-01  1.181409512E+05  2.426439490E+02  3.477822504E+02  3.012021475E+02  2.604478059E+02  7.028606031E-01 
       140  9.437397158E-02  1.573466446E-01  1.401725853E-01  1.180345623E+05  2.436170900E+02  3.478266921E+02  3.012791696E+02  2.616998510E+02  7.010916462E-01 
       141  9.455826038E-02  1.574868932E-01  1.435861248E-01  1.179434255E+05  2.440229555E+02  3.480068929E+02  3.015913823E+02  2.620224668E+02  7.006544645E-01 
       142  9.468914447E-02  1.576724412E-01  1.470000022E-01  1.179280640E+05  2.441973534E+02  3.481218700E+02  3.018035545E+02  2.621154346E+02  7.009492181E-01 
       143 -2.515044289E-02  2.387134140E-01 -4.211006034E-02  8.347090057E+04  1.802594713E+02  3.307565179E+02  2.724335728E+02  4.404523409E+02  1.149160342E+00 
       144 -2.515073613E-02  2.387267259E-01 -3.821832766E-02  8.510283427E+04  1.761656857E+02  3.316548853E+02  2.739156150E+02  4.374180322E+02  1.156383592E+00 
       145 -2.514274647E-02  2.387409373E-01 -3.433018188E-02  8.597864648E+04  1.745367793E+02  3.321161253E+02  2.746780079E+02  4.342911040E+02  1.157591200E+00 
       146 -2.514933814E-02  2.387615668E-01 -3.043885368E-02  8.563960158E+04  1.749561392E+02  3.320240062E+02  2.745255128E+02  4.356125759E+02  1.157957260E+00 
       147 -2.514205174E-02  2.387863737E-01 -2.655197175E-02  8.405268767E+04  1.787372172E+02  3.311573039E+02  2.730945318E+02  4.382673551E+02  1.151246896E+00 
       148 -2.514801404E-02  2.388163633E-01 -2.268742808E-02  8.204138681E+04  1.842513374E+02  3.299567183E+02  2.711176260E+02  4.434218412E+02  1.142853101E+00 
       149 -2.514603624E-02  2.387984711E-01 -1.877579094E-02  8.022925977E+04  1.883104973E+02  3.290177155E+02  2.695767746E+02  4.478605232E+02  1.137336224E+00 
       150 -2.513833525E-02  2.388756875E-01 -1.487946342E-02  7.935740879E+04  1.901055347E+02  3.285732003E+02  2.688484719E+02  4.486621160E+02  1.133713288E+00 
       151 -2.514495058E-02  2.389300222E-01 -1.098752945E-02  7.965148517E+04  1.889712096E+02  3.287339633E+02  2.691115361E+02  4.484062319E+02  1.136266857E+00 
       152 -2.501801490E-02  2.389948317E-01 -7.101428526E-03  8.148811237E+04  1.841092997E+02  3.297368740E+02  2.707570797E+02  4.443189237E+02  1.143961139E+00 
       153 -2.403359079E-02  2.391541778E-01 -3.362202731E-03  8.620420981E+04  1.738121700E+02  3.321201836E+02  2.746858444E+02  4.345857458E+02  1.159804144E+00 
       154 -2.203079393E-02  2.393877231E-01 -4.501692070E-05  8.989744563E+04  1.644993598E+02  3.341540209E+02  2.780596168E+02  4.270006071E+02  1.176280256E+00 
       155 -1.942355624E-02  2.396357170E-01  2.825132604E-03  8.667716220E+04  1.727339638E+02  3.325702633E+02  2.754324210E+02  4.330483544E+02  1.161212622E+00 
       156 -1.648721574E-02  2.398964014E-01  5.342831758E-03  8.115276794E+04  1.863213738E+02  3.296405785E+02  2.706000304E+02  4.460274787E+02  1.140067922E+00 
       157 -1.330897545E-02  2.400801911E-01  7.594698846E-03  7.939310901E+04  1.899852312E+02  3.284888563E+02  2.687113352E+02  4.494453673E+02  1.134744443E+00 
       158 -1.004552185E-02  2.402353079E-01  9.709455816E-03  8.029601831E+04  1.861523843E+02  3.289111996E+02  2.694038262E+02  4.468019285E+02  1.141686657E+00 
       159 -6.714656287E-03  2.403804415E-01  1.171394437E-02  8.067841599E+04  1.849953918E+02  3.290694610E+02  2.696623077E+02  4.468370075E+02  1.144993618E+00 
       160 -3.322138608E-03  2.404066774E-01  1.362735999E-02  8.002979565E+04  1.860241839E+02  3.286882267E+02  2.690375121E+02  4.477793109E+02  1.143923224E+00 
       161  9.783589121E-05  2.404201762E-01  1.547870720E-02  8.017376147E+04  1.863841043E+02  3.287389698E+02  2.691217947E+02  4.484238343E+02  1.144641064E+00 
       162  3.534439975E-03  2.403949673E-01  1.730379042E-02  8.179691553E+04  1.847273598E+02  3.293260775E+02  2.700912838E+02  4.453473797E+02  1.145841338E+00 
       163  6.969024296E-03  2.402279751E-01  1.908412837E-02  9.212678564E+04  1.522709825E+02  3.355832007E+02  2.804697034E+02  4.211413946E+02  1.205130810E+00 
       164  1.043411823E-02  2.400800089E-01  2.085152946E-02  7.816081857E+04  1.951316369E+02  3.279199456E+02  2.677834530E+02  4.543463415E+02  1.132016533E+00 
       165  1.388371434E-02  2.398652026E-01  2.263181169E-02  7.897976483E+04  1.866043098E+02  3.285402782E+02  2.687965884E+02  4.468987417E+02  1.143337251E+00 
       166  1.734145131E-02  2.394992745E-01  2.440657916E-02  7.875774377E+04  1.859767859E+02  3.286092758E+02  2.689081492E+02  4.475534987E+02  1.145081902E+00 
       167  2.080043859E-02  2.391294908E-01  2.615375350E-02  7.866324228E+04  1.877136242E+02  3.286672624E+02  2.690031788E+02  4.471447960E+02  1.141679151E+00 
       168  2.424052770E-02  2.387186889E-01  2.792040504E-02  7.883802466E+04  1.883870585E+02  3.288967938E+02  2.693788557E+02  4.427750263E+02  1.136096906E+00 
       169  2.766624902E-02  2.381908713E-01  2.968394578E-02  7.876372510E+04  1.905518382E+02  3.288187852E+02  2.692515430E+02  4.391702843E+02  1.127082730E+00 
       170  3.108229850E-02  2.375970478E-01  3.144655572E-02  7.861951855E+04  1.934121915E+02  3.286639667E+02  2.689989719E+02  4.394090261E+02  1.120357065E+00 
       171  3.449726266E-02  2.369314331E-01  3.319569832E-02  7.871519208E+04  1.961504605E+02  3.286664603E+02  2.690033696E+02  4.417555306E+02  1.116472681E+00 
       172  3.787267708E-02  2.362004853E-01  3.498142333E-02  7.900434851E+04  1.987346754E+02  3.287536888E+02  2.691472950E+02  4.439283142E+02  1.113995366E+00 
       173  4.123744789E-02  2.354271843E-01  3.677379579E-02  7.908863989E+04  2.013920920E+02  3.287285724E+02  2.691056867E+02  4.447398586E+02  1.109968999E+00 
       174  4.456263149E-02  2.345133553E-01  3.856958315E-02  7.839476057E+04  2.053470824E+02  3.282763688E+02  2.683650889E+02  4.466163836E+02  1.103729316E+00 
       175  4.789152860E-02  2.335402793E-01  4.034492433E-02  7.679688690E+04  2.100829703E+02  3.274066067E+02  2.669445736E+02  4.492635512E+02  1.096096139E+00 
       176  5.119514426E-02  2.325727211E-01  4.215365701E-02  7.497054401E+04  2.156333672E+02  3.262731134E+02  2.650996262E+02  4.532855065E+02  1.088064267E+00 
       177  5.444737908E-02  2.314873556E-01  4.396264389E-02  7.320327470E+04  2.206937377E+02  3.251430061E+02  2.632660450E+02  4.567095269E+02  1.080340185E+00 
       178  5.771043354E-02  2.303389779E-01  4.576361213E-02  7.119652347E+04  2.275382258E+02  3.236860117E+02  2.609137540E+02  4.612766068E+02  1.069682981E+00 
       179  6.093363739E-02  2.292015055E-01  4.761570799E-02  6.864615820E+04  2.359551110E+02  3.220448465E+02  2.582756424E+02  4.667259388E+02  1.056002086E+00 
       180  6.411569228E-02  2.279427553E-01  4.946832252E-02  6.662089185E+04  2.470829887E+02  3.208646412E+02  2.563868608E+02  4.709234619E+02  1.033379737E+00 
       181  6.728438578E-02  2.267057043E-01  5.135068917E-02  6.860997180E+04  2.584771261E+02  3.226479549E+02  2.592587471E+02  4.667406673E+02  9.974152539E-01 
       182  7.045491472E-02  2.254566135E-01  5.324396322E-02  7.909233325E+04  2.662346616E+02  3.289889159E+02  2.695923591E+02  4.427798271E+02  9.463389525E-01 
       183  7.352398986E-02  2.240979077E-01  5.520813549E-02  9.415961084E+04  2.522134018E+02  3.369449978E+02  2.827672825E+02  4.080800695E+02  9.436824191E-01 
       184  7.654294831E-02  2.227589545E-01  5.724026033E-02  1.036779631E+05  2.356012955E+02  3.414712065E+02  2.903750210E+02  3.885498803E+02  9.694338978E-01 
       185  7.954929441E-02  2.214414527E-01  5.933596166E-02  1.092513687E+05  2.388668208E+02  3.445480824E+02  2.956380820E+02  3.773489628E+02  9.517654963E-01 
       186  8.244157493E-02  2.200232159E-01  6.149679439E-02  1.235377813E+05  2.386474762E+02  3.506471329E+02  3.061905746E+02  3.467866898E+02  9.331366122E-01 
       187  8.531452000E-02  2.186177542E-01  6.372436707E-02  1.208331904E+05  2.389334052E+02  3.496432514E+02  3.044348891E+02  3.511062715E+02  9.322194280E-01 
       188  8.816039266E-02  2.172472440E-01  6.601424901E-02  1.230575850E+05  2.336385040E+02  3.504772511E+02  3.058889732E+02  3.474932427E+02  9.451505151E-01 
       189  9.092008057E-02  2.157826082E-01  6.831794754E-02  1.226779585E+05  2.284742166E+02  3.501411252E+02  3.053020383E+02  3.473469724E+02  9.586552017E-01 
       190  9.367581728E-02  2.143255962E-01  7.064980943E-02  1.220535118E+05  2.240392719E+02  3.498712275E+02  3.048315003E+02  3.474228833E+02  9.705740982E-01 
       191  9.641114101E-02  2.128789625E-01  7.302159977E-02  1.221871797E+05  2.210759594E+02  3.499028962E+02  3.048866379E+02  3.454303401E+02  9.779940080E-01 
       192  9.907895187E-02  2.114028516E-01  7.542603674E-02  1.223771500E+05  2.193294563E+02  3.500806458E+02  3.051965663E+02  3.453991706E+02  9.823981905E-01 
       193  1.016896232E-01  2.099003163E-01  7.789626121E-02  1.225633287E+05  2.204625998E+02  3.500737190E+02  3.051849301E+02  3.438403955E+02  9.783070721E-01 
       194  1.042573666E-01  2.084682280E-01  8.044071344E-02  1.227050794E+05  2.209365710E+02  3.506195047E+02  3.061389501E+02  3.433499672E+02  9.761406900E-01 
       195  1.067132028E-01  2.069758083E-01  8.306726980E-02  1.228223659E+05  2.209682207E+02  3.516396986E+02  3.079252973E+02  3.407694136E+02  9.748319260E-01 
       196  1.091091693E-01  2.055182938E-01  8.576040538E-02  1.228793309E+05  2.225611991E+02  3.525438194E+02  3.095142898E+02  3.352802836E+02  9.684524455E-01 
       197  1.114533399E-01  2.040960959E-01  8.851719904E-02  1.228573930E+05  2.224187199E+02  3.541833153E+02  3.124060052E+02  3.270415893E+02  9.678911222E-01 
       198  1.136946430E-01  2.026973542E-01  9.137514269E-02  1.227236408E+05  2.216153846E+02  3.563978319E+02  3.163273399E+02  3.136050964E+02  9.711292800E-01 
       199  1.158224243E-01  2.012857480E-01  9.431046231E-02  1.226575298E+05  2.230815991E+02  3.579952737E+02  3.191649593E+02  2.984946937E+02  9.696787571E-01 
       200  1.177983438E-01  1.999614296E-01  9.738734661E-02  1.226331378E+05  2.258019414E+02  3.588913114E+02  3.207592107E+02  2.868564417E+02  9.640435099E-01 
       201  1.195376812E-01  1.988013159E-01  1.006637087E-01  1.225889954E+05  2.284723071E+02  3.589764839E+02  3.209094314E+02  2.850005483E+02  9.554578573E-01 
       202  1.207748534E-01  1.979244993E-01  1.042263433E-01  1.225293924E+05  2.308179550E+02  3.575503869E+02  3.183733120E+02  2.998743632E+02  9.437949103E-01 
       203  1.209766187E-01  1.976967879E-01  1.080979692E-01  1.225843530E+05  2.340294352E+02  3.546121798E+02  3.131668783E+02  3.253864370E+02  9.305218487E-01 
       204  1.209415894E-01  1.976147862E-01  1.119887176E-01  1.227531570E+05  2.332166300E+02  3.527176819E+02  3.098246012E+02  3.325160753E+02  9.323351979E-01 
       205  1.209136670E-01  1.975679793E-01  1.158784497E-01  1.228587802E+05  2.291892488E+02  3.520241883E+02  3.086028959E+02  3.344407474E+02  9.440820507E-01 
       206  1.209140530E-01  1.975343277E-01  1.197687765E-01  1.229291073E+05  2.252297152E+02  3.517145896E+02  3.080575520E+02  3.361900263E+02  9.561478401E-01 
       207  1.209033119E-01  1.974945510E-01  1.236620610E-01  1.229723516E+05  2.224761753E+02  3.515613972E+02  3.077875950E+02  3.359738070E+02  9.643324995E-01 
       208  1.208998844E-01  1.975608583E-01  1.275528569E-01  1.230136755E+05  2.217639307E+02  3.516810776E+02  3.079992498E+02  3.349473468E+02  9.667262008E-01 
       209  1.209086196E-01  1.975927695E-01  1.314428594E-01  1.229435891E+05  2.218904405E+02  3.520917230E+02  3.087219338E+02  3.330844882E+02  9.663705667E-01 
       210  1.209261261E-01  1.976437754E-01  1.353324952E-01  1.229247461E+05  2.220265608E+02  3.529057308E+02  3.101542304E+02  3.271642040E+02  9.655140894E-01 
       211  1.209477387E-01  1.976921952E-01  1.392217013E-01  1.229570673E+05  2.215257798E+02  3.540236558E+02  3.121238596E+02  3.197680284E+02  9.670502259E-01 
       212  1.209659901E-01  1.977439656E-01  1.431109690E-01  1.231382238E+05  2.209441348E+02  3.551988310E+02  3.141834495E+02  3.124367568E+02  9.693632894E-01 
       213  1.210017723E-01  1.977818072E-01  1.470000027E-01  1.232923198E+05  2.213252478E+02  3.557790575E+02  3.149954052E+02  3.090470200E+02  9.688769951E-01 
       214 -1.337431699E-02  1.053111530E-01 -4.600000000E-02  8.758116992E+04  1.539094505E+02  3.331051788E+02  2.763089523E+02  2.356114025E+02  8.589464799E-01 
       215 -1.336879354E-02  1.054912688E-01 -4.299898917E-02  8.749541431E+04  1.540385871E+02  3.330473270E+02  2.762197685E+02  2.359762993E+02  8.596275598E-01 
       216 -1.321272523E-02  1.057016208E-01 -4.000664894E-02  8.749395996E+04  1.542539444E+02  3.330119610E+02  2.761611233E+02  2.362758036E+02  8.596833758E-01 
       217 -1.269691607E-02  1.059729593E-01 -3.706120983E-02  8.739325146E+04  1.549456717E+02  3.329509610E+02  2.760599501E+02  2.368887426E+02  8.583049915E-01 
       218 -1.181263769E-02  1.063072321E-01 -3.420969757E-02  8.725409436E+04  1.559153218E+02  3.328634990E+02  2.759149734E+02  2.378808066E+02  8.568552783E-01 
       219 -1.066241908E-02  1.066659143E-01 -3.145726216E-02  8.707853189E+04  1.565246188E+02  3.328228866E+02  2.758476330E+02  2.386128930E+02  8.565016662E-01 
       220 -9.280794463E-03  1.070573859E-01 -2.881758489E-02  8.690439071E+04  1.573231011E+02  3.327419958E+02  2.757135566E+02  2.395761787E+02  8.559730928E-01 
       221 -7.735023178E-03  1.074435380E-01 -2.626912607E-02  8.681313345E+04  1.581453266E+02  3.326817129E+02  2.756136913E+02  2.403629239E+02  8.547552051E-01 
       222 -6.047350445E-03  1.078135440E-01 -2.381048416E-02  8.669079652E+04  1.591755170E+02  3.325607741E+02  2.754133459E+02  2.412259761E+02  8.527497073E-01 
       223 -4.299611852E-03  1.081916589E-01 -2.139379423E-02  8.660100181E+04  1.596438187E+02  3.326354314E+02  2.755370553E+02  2.416310889E+02  8.521631836E-01 
       224 -2.461870607E-03  1.085505379E-01 -1.904289133E-02  8.665495544E+04  1.600891649E+02  3.325506671E+02  2.753965991E+02  2.420283024E+02  8.515822840E-01 
       225 -5.886173328E-04  1.088780789E-01 -1.671486844E-02  8.675472753E+04  1.599985349E+02  3.326822650E+02  2.756146131E+02  2.419430815E+02  8.523748155E-01 
       226  1.337912187E-03  1.092215599E-01 -1.443302686E-02  8.686197964E+04  1.597710183E+02  3.325832919E+02  2.754506188E+02  2.424796025E+02  8.559343759E-01 
       227  3.290030235E-03  1.094941851E-01 -1.216353628E-02  8.670593377E+04  1.594315431E+02  3.324908782E+02  2.752975513E+02  2.436069828E+02  8.622444441E-01 
       228  5.262023684E-03  1.097864070E-01 -9.913643549E-03  8.605032518E+04  1.603359326E+02  3.320752852E+02  2.746101091E+02  2.469118373E+02  8.696241490E-01 
       229  7.256339014E-03  1.100495762E-01 -7.679258903E-03  8.412253602E+04  1.648386973E+02  3.310398892E+02  2.729006979E+02  2.540313561E+02  8.714280015E-01 
       230  9.250945095E-03  1.102792579E-01 -5.441700620E-03  8.169216825E+04  1.728504426E+02  3.298344528E+02  2.709165603E+02  2.621156438E+02  8.585232304E-01 
       231  1.125130268E-02  1.105297001E-01 -3.209862298E-03  8.024581934E+04  1.805706234E+02  3.291797800E+02  2.698420844E+02  2.667059174E+02  8.349769581E-01 
       232  1.324504242E-02  1.107259366E-01 -9.692227629E-04  8.111133594E+04  1.842266870E+02  3.295928011E+02  2.705202179E+02  2.646637259E+02  8.085714430E-01 
       233  1.522818012E-02  1.109344875E-01  1.280794701E-03  8.317183887E+04  1.843117571E+02  3.307550068E+02  2.724320459E+02  2.581318645E+02  7.854673602E-01 
       234  1.717717000E-02  1.111306516E-01  3.565314237E-03  8.535894922E+04  1.832887020E+02  3.320518913E+02  2.745726128E+02  2.497639942E+02  7.625839934E-01 
       235  2.098827574E-02  1.115152878E-01  8.199040730E-03  8.916896777E+04  1.872183695E+02  3.340876274E+02  2.779495792E+02  2.378997822E+02  7.043889426E-01 
       236  2.283804163E-02  1.116790561E-01  1.055952489E-02  9.047169672E+04  1.897128950E+02  3.354207993E+02  2.801710708E+02  2.293121121E+02  6.641562306E-01 
       237  2.632960383E-02  1.121198866E-01  1.543269692E-02  9.112993652E+04  2.049498081E+02  3.354653645E+02  2.802456875E+02  2.309022179E+02  5.886664949E-01 
       238  2.959379811E-02  1.126564718E-01  2.044933110E-02  9.025787744E+04  2.217146010E+02  3.348572087E+02  2.792302904E+02  2.368047600E+02  5.199650703E-01 
       239  3.114059063E-02  1.129278581E-01  2.301118304E-02  8.971797214E+04  2.290151627E+02  3.347356073E+02  2.790278832E+02  2.397332522E+02  4.921698489E-01 
       240  3.264987762E-02  1.132456905E-01  2.559358749E-02  8.914835602E+04  2.368060109E+02  3.342191161E+02  2.781673477E+02  2.435363790E+02  4.651409826E-01 
       241  3.807676132E-02  1.146676712E-01  3.621643154E-02  8.784171042E+04  2.611894792E+02  3.335430568E+02  2.770427550E+02  2.516491760E+02  3.711775147E-01 
       242  3.928374460E-02  1.150413043E-01  3.894926042E-02  8.800830402E+04  2.669824481E+02  3.338734915E+02  2.775927348E+02  2.529148231E+02  3.465772285E-01 
       243  4.044503934E-02  1.154301055E-01  4.169676193E-02  8.842357791E+04  2.707318240E+02  3.342171448E+02  2.781643589E+02  2.520580981E+02  3.252648628E-01 
       244  4.154949506E-02  1.158110833E-01  4.446441861E-02  8.903447363E+04  2.743124294E+02  3.345159454E+02  2.786617661E+02  2.509496222E+02  3.038191684E-01 
       245  4.259018966E-02  1.161595968E-01  4.726780086E-02  8.983272637E+04  2.775099174E+02  3.348629207E+02  2.792403490E+02  2.492480229E+02  2.819674271E-01 
       246  4.357921759E-02  1.165132208E-01  5.008364009E-02  9.082569727E+04  2.796140051E+02  3.353657112E+02  2.800795660E+02  2.463486242E+02  2.615347793E-01 
       247  4.448002582E-02  1.168267471E-01  5.293502673E-02  9.195236082E+04  2.819165965E+02  3.358744335E+02  2.809300527E+02  2.436956282E+02  2.406398263E-01 
       248  4.534234860E-02  1.171711221E-01  5.579536500E-02  9.321971582E+04  2.829082661E+02  3.365503082E+02  2.820618439E+02  2.396899414E+02  2.221355690E-01 
       249  4.612355051E-02  1.174912616E-01  5.867935283E-02  9.447250000E+04  2.839433365E+02  3.372347527E+02  2.832105522E+02  2.357465057E+02  2.031521350E-01 
       250  4.681688670E-02  1.178330389E-01  6.158342338E-02  9.566127344E+04  2.848100967E+02  3.378356400E+02  2.842205505E+02  2.325097694E+02  1.882505566E-01 
       251  4.742483443E-02  1.181684938E-01  6.451168194E-02  9.674486914E+04  2.855331345E+02  3.384030876E+02  2.851760406E+02  2.296441631E+02  1.757026315E-01 
       252  4.796175059E-02  1.184973583E-01  6.744925218E-02  9.771119434E+04  2.863476162E+02  3.389850159E+02  2.861572304E+02  2.267234163E+02  1.620664513E-01 
       253  4.839690646E-02  1.188449776E-01  7.040346354E-02  9.854879764E+04  2.878542423E+02  3.393184296E+02  2.867200695E+02  2.246792475E+02  1.475928521E-01 
       254  4.867844520E-02  1.192029192E-01  7.337369276E-02  9.915882459E+04  2.890768328E+02  3.396635589E+02  2.873038894E+02  2.236180558E+02  1.386839397E-01 
       255  4.889804354E-02  1.195863964E-01  7.634446821E-02  9.971648331E+04  2.906104314E+02  3.398419788E+02  2.876058893E+02  2.223090737E+02  1.267318389E-01 
       256  4.901527392E-02  1.199575346E-01  7.936475415E-02  9.999563321E+04  2.924272207E+02  3.400012068E+02  2.878756095E+02  2.221978958E+02  1.177639677E-01 
       257  4.897414798E-02  1.207471392E-01  8.530893469E-02  1.000321465E+05  2.971379166E+02  3.401366806E+02  2.881046562E+02  2.232845840E+02  9.798503481E-02 
       258  4.879835866E-02  1.211503063E-01  8.827262235E-02  1.001090703E+05  2.987369041E+02  3.400814095E+02  2.880111427E+02  2.234347057E+02  9.083198849E-02 
       259  4.854576088E-02  1.215647590E-01  9.126615169E-02  1.003252553E+05  2.997054159E+02  3.400210800E+02  2.879088617E+02  2.233887134E+02  8.675427021E-02 
       260  4.818457029E-02  1.219712360E-01  9.420996830E-02  1.007874987E+05  2.996475662E+02  3.402298785E+02  2.882625853E+02  2.218471742E+02  8.233295697E-02 
       261  4.782320061E-02  1.224212570E-01  9.713670139E-02  1.014434658E+05  2.989136276E+02  3.405035019E+02  2.887274837E+02  2.199362411E+02  8.082962548E-02 
       262  4.734997920E-02  1.228526278E-01  1.001180955E-01  1.025498750E+05  2.968363342E+02  3.411671829E+02  2.898534203E+02  2.160146408E+02  7.884938829E-02 
       263  4.683890011E-02  1.232935874E-01  1.030087938E-01  1.040131333E+05  2.933350664E+02  3.420703160E+02  2.913907209E+02  2.108520414E+02  8.114896266E-02 
       264  4.566507936E-02  1.242316696E-01  1.088390156E-01  1.060731573E+05  2.861364644E+02  3.424008027E+02  2.919532885E+02  2.031182299E+02  9.877981816E-02 
       265  4.352639189E-02  1.257122811E-01  1.174848542E-01  1.079158406E+05  2.622037851E+02  3.460799625E+02  2.982676810E+02  1.751355434E+02  1.570602854E-01 
       266  4.289440586E-02  1.261798267E-01  1.203730247E-01  1.077597588E+05  2.511225202E+02  3.483384945E+02  3.021737371E+02  1.479875463E+02  1.424607182E-01 
       267  4.242365191E-02  1.265975250E-01  1.232861776E-01  1.076729641E+05  2.432323915E+02  3.499374720E+02  3.049485311E+02  1.282425615E+02  1.364392341E-01 
       268  4.208270049E-02  1.270006734E-01  1.262530889E-01  1.076534531E+05  2.408011169E+02  3.500952454E+02  3.052223587E+02  1.274776592E+02  1.563888807E-01 
       269  4.202415066E-02  1.273246053E-01  1.292418903E-01  1.076156008E+05  2.415724761E+02  3.497573600E+02  3.046341403E+02  1.326863006E+02  1.690361781E-01 
       270  4.218523596E-02  1.275849052E-01  1.322314117E-01  1.075200752E+05  2.437226972E+02  3.492907824E+02  3.038223995E+02  1.393914118E+02  1.765174036E-01 
       271  4.252691668E-02  1.278080741E-01  1.352038484E-01  1.074221894E+05  2.471158291E+02  3.489682900E+02  3.032621034E+02  1.468773182E+02  1.777869540E-01 
       272  4.296344289E-02  1.279984053E-01  1.381664338E-01  1.073173168E+05  2.501941973E+02  3.485161444E+02  3.024781773E+02  1.530199036E+02  1.783108891E-01 
       273  4.347514252E-02  1.281630447E-01  1.411197974E-01  1.070525479E+05  2.529087473E+02  3.480842179E+02  3.017286537E+02  1.582420748E+02  1.788299598E-01 
       274  4.403358971E-02  1.283124551E-01  1.440677535E-01  1.066902693E+05  2.552699594E+02  3.478599419E+02  3.013378979E+02  1.623732061E+02  1.786603236E-01 
       275  4.466583781E-02  1.284644007E-01  1.470000034E-01  1.063737084E+05  2.580024261E+02  3.474091195E+02  2.960273148E+02  1.667263486E+02  1.767130065E-01 
       276 -1.390154712E-02  1.725232616E-01 -4.600000033E-02  8.231702618E+04  1.818367043E+02  3.303328318E+02  2.713252333E+02  3.423290213E+02  1.010685683E+00 
       277 -1.389524734E-02  1.726308379E-01 -4.258575940E-02  8.270422746E+04  1.814080302E+02  3.303770682E+02  2.718082670E+02  3.423025630E+02  1.012115182E+00 
       278 -1.388827040E-02  1.727470810E-01 -3.919459871E-02  8.296835004E+04  1.809855420E+02  3.304359533E+02  2.719051840E+02  3.422404742E+02  1.013452611E+00 
       279 -1.387976982E-02  1.728866868E-01 -3.575874102E-02  8.303758115E+04  1.809316794E+02  3.304402006E+02  2.719121959E+02  3.424407919E+02  1.013998928E+00 
       280 -1.386962822E-02  1.730354599E-01 -3.234598001E-02  8.285188483E+04  1.812242760E+02  3.303523658E+02  2.717676696E+02  3.430551104E+02  1.014117043E+00 
       281 -1.385715910E-02  1.732129765E-01 -2.893478341E-02  8.239704210E+04  1.816757384E+02  3.301594314E+02  2.714503333E+02  3.442857642E+02  1.014804512E+00 
       282 -1.381464856E-02  1.733989484E-01 -2.553958976E-02  8.186959297E+04  1.831142139E+02  3.297849476E+02  2.708351657E+02  3.462534930E+02  1.013447730E+00 
       283 -1.334927366E-02  1.736519924E-01 -2.216152427E-02  8.099705051E+04  1.852454003E+02  3.292990449E+02  2.700375519E+02  3.486415733E+02  1.010565222E+00 
       284 -1.220387625E-02  1.739549638E-01 -1.896956374E-02  7.990339063E+04  1.880402794E+02  3.286352291E+02  2.689504642E+02  3.519999599E+02  1.007338174E+00 
       285 -1.057589609E-02  1.742731966E-01 -1.599005111E-02  7.826705142E+04  1.926896275E+02  3.277403451E+02  2.674880902E+02  3.565335784E+02  1.000136185E+00 
       286 -8.586070527E-03  1.745821273E-01 -1.323108332E-02  7.638238197E+04  1.977684599E+02  3.269558631E+02  2.662084700E+02  3.611428658E+02  9.918180635E-01 
       287 -6.371188279E-03  1.748941133E-01 -1.065117603E-02  7.592768699E+04  2.000889432E+02  3.269182177E+02  2.661472571E+02  3.621781327E+02  9.859736912E-01 
       288 -3.959984913E-03  1.752012559E-01 -8.251810021E-03  7.828870970E+04  1.986036003E+02  3.281376368E+02  2.681403813E+02  3.560589748E+02  9.794720692E-01 
       289 -1.474621790E-03  1.754287438E-01 -5.921768022E-03  8.354381386E+04  1.902094776E+02  3.308466515E+02  2.725926797E+02  3.420177284E+02  9.832809896E-01 
       290  1.096342236E-03  1.756586641E-01 -3.684409899E-03  8.929139259E+04  1.808569362E+02  3.334701306E+02  2.769257147E+02  3.296102904E+02  9.947523936E-01 
       291  3.722457199E-03  1.758529720E-01 -1.512169024E-03  9.172915820E+04  1.752086525E+02  3.344131927E+02  2.784911547E+02  3.249903040E+02  1.007138629E+00 
       292  6.390497491E-03  1.759799744E-01  6.206893580E-04  8.806037061E+04  1.774563389E+02  3.331243286E+02  2.763528576E+02  3.328918648E+02  1.011492521E+00 
       293  1.179759467E-02  1.761809281E-01  4.808741428E-03  7.634041016E+04  1.998198471E+02  3.268519211E+02  2.660451889E+02  3.644448242E+02  9.912287295E-01 
       294  1.450804596E-02  1.762121176E-01  6.883706551E-03  7.232915430E+04  2.099100170E+02  3.242478676E+02  2.618204117E+02  3.765206470E+02  9.813322574E-01 
       295  1.722225861E-02  1.762495216E-01  8.953048646E-03  7.036263574E+04  2.156998405E+02  3.228390732E+02  2.595482178E+02  3.828127403E+02  9.748400748E-01 
       296  1.993233776E-02  1.761597577E-01  1.102855473E-02  6.918565527E+04  2.178783283E+02  3.221724014E+02  2.584769669E+02  3.856668854E+02  9.736363962E-01 
       297  2.263244469E-02  1.760920636E-01  1.311525345E-02  6.760216211E+04  2.223069725E+02  3.211770668E+02  2.568833656E+02  3.898119507E+02  9.678348675E-01 
       298  2.532249661E-02  1.759768902E-01  1.521525865E-02  6.595769751E+04  2.291376638E+02  3.199673309E+02  2.549517708E+02  3.955278225E+02  9.573778547E-01 
       299  2.800116021E-02  1.758008440E-01  1.732596334E-02  6.567106104E+04  2.337749329E+02  3.196355238E+02  2.544237957E+02  3.971195021E+02  9.452446699E-01 
       300  3.066011949E-02  1.756198651E-01  1.946182943E-02  6.817638245E+04  2.347150931E+02  3.210474138E+02  2.566888719E+02  3.913126612E+02  9.296953287E-01 
       301  3.850917716E-02  1.748410184E-01  2.602581626E-02  8.732581226E+04  2.348519783E+02  3.338848028E+02  2.776143265E+02  3.356986761E+02  8.234828562E-01 
       302  4.358739934E-02  1.740919978E-01  3.053362568E-02  8.586291553E+04  2.385754271E+02  3.329323902E+02  2.760296488E+02  3.428485413E+02  8.234668039E-01 
       303  4.609287257E-02  1.736863543E-01  3.281922705E-02  8.492862939E+04  2.417748613E+02  3.324123983E+02  2.751679430E+02  3.452674160E+02  8.170492910E-01 
       304  4.855845708E-02  1.731970535E-01  3.512834265E-02  8.485375464E+04  2.472695532E+02  3.321292715E+02  2.746992674E+02  3.466690578E+02  8.008183856E-01 
       305  5.100043215E-02  1.726458906E-01  3.745772352E-02  8.616727844E+04  2.506708527E+02  3.329165425E+02  2.760047021E+02  3.442882552E+02  7.853705976E-01 
       306  5.340036417E-02  1.720848619E-01  3.982071753E-02  8.951745923E+04  2.502474136E+02  3.349261189E+02  2.793518391E+02  3.354124575E+02  7.719858475E-01 
       307  5.576533568E-02  1.714326002E-01  4.220398857E-02  9.450998560E+04  2.477594112E+02  3.377302880E+02  2.840506090E+02  3.217277330E+02  7.584821973E-01 
       308  5.808130114E-02  1.707532671E-01  4.462162642E-02  9.956280030E+04  2.456654617E+02  3.403629668E+02  2.884942798E+02  3.080131382E+02  7.446010685E-01 
       309  6.913202621E-02  1.670049815E-01  5.708998555E-02  1.116435979E+05  2.422818356E+02  3.465475941E+02  2.990699525E+02  2.759448252E+02  7.139069671E-01 
       310  7.325557335E-02  1.653928843E-01  6.228962682E-02  1.155356602E+05  2.409521787E+02  3.481168647E+02  3.017836032E+02  2.655455985E+02  7.071100892E-01 
       311  7.526114685E-02  1.645964451E-01  6.493668120E-02  1.164203613E+05  2.404959164E+02  3.484965057E+02  3.024419403E+02  2.628723755E+02  7.074256800E-01 
       312  8.099008587E-02  1.620989224E-01  7.305121222E-02  1.187139375E+05  2.383258038E+02  3.492763748E+02  3.037958374E+02  2.562091961E+02  7.089216411E-01 
       313  8.281625202E-02  1.612441772E-01  7.580722199E-02  1.189898701E+05  2.379503326E+02  3.492645226E+02  3.037751503E+02  2.553430977E+02  7.102080956E-01 
       314  8.462318717E-02  1.604029889E-01  7.856519154E-02  1.192138691E+05  2.373898315E+02  3.492808895E+02  3.038035488E+02  2.549383988E+02  7.135300655E-01 
       315  8.638808364E-02  1.595156660E-01  8.135371941E-02  1.192535635E+05  2.367879977E+02  3.492434282E+02  3.037382793E+02  2.543276176E+02  7.161562853E-01 
       316  8.818531781E-02  1.586346563E-01  8.418846896E-02  1.192154306E+05  2.366865968E+02  3.490675089E+02  3.034324893E+02  2.534152141E+02  7.141398204E-01 
       317  9.153487112E-02  1.568453452E-01  8.985396979E-02  1.194913461E+05  2.361916139E+02  3.492532620E+02  3.037560863E+02  2.528080430E+02  7.162317652E-01 
       318  9.319079870E-02  1.559467714E-01  9.269883327E-02  1.194321377E+05  2.359213676E+02  3.492272263E+02  3.037109413E+02  2.529881172E+02  7.176939398E-01 
       319  9.639067810E-02  1.541493463E-01  9.845101971E-02  1.191911836E+05  2.363305225E+02  3.489506874E+02  3.032296543E+02  2.537873440E+02  7.178269178E-01 
       320  9.789700787E-02  1.532238030E-01  1.013752208E-01  1.191227401E+05  2.373905773E+02  3.488118730E+02  3.029882712E+02  2.537983122E+02  7.126154955E-01 
       321  9.939560036E-02  1.523575645E-01  1.043121280E-01  1.190615420E+05  2.383711147E+02  3.486545830E+02  3.027149982E+02  2.543020191E+02  7.097906172E-01 
       322  1.008373928E-01  1.515239935E-01  1.072922639E-01  1.189569395E+05  2.393994675E+02  3.484356842E+02  3.023349380E+02  2.553104668E+02  7.072562799E-01 
       323  1.021925752E-01  1.507164957E-01  1.103173974E-01  1.188341772E+05  2.411331615E+02  3.481838512E+02  3.018984027E+02  2.567998219E+02  7.015113886E-01 
       324  1.063175391E-01  1.486079647E-01  1.265700906E-01  1.183159141E+05  2.434377899E+02  3.487425003E+02  3.028711395E+02  2.555140266E+02  6.937646270E-01 
       325  1.064822206E-01  1.487022474E-01  1.299738775E-01  1.183987930E+05  2.386633224E+02  3.500799255E+02  3.052003136E+02  2.453430672E+02  7.060409486E-01 
       326  1.066476119E-01  1.488146338E-01  1.333799290E-01  1.182627168E+05  2.328420525E+02  3.513900261E+02  3.074870796E+02  2.322950592E+02  7.235068381E-01 
       327  1.068180965E-01  1.489318139E-01  1.367854531E-01  1.180787480E+05  2.290777779E+02  3.520531921E+02  3.086463013E+02  2.253704262E+02  7.375220284E-01 
       328  1.069979625E-01  1.490578552E-01  1.401905319E-01  1.179880479E+05  2.294853477E+02  3.516841660E+02  3.080002060E+02  2.309611645E+02  7.391917780E-01 
       329  1.071817424E-01  1.491887345E-01  1.435955648E-01  1.179187534E+05  2.342681255E+02  3.503595142E+02  3.054988728E+02  2.452694387E+02  7.272797786E-01 
       330  1.073851999E-01  1.493347905E-01  1.470000044E-01  1.178953555E+05  2.412706451E+02  3.486510391E+02  3.013946304E+02  2.598876572E+02  7.100514174E-01 
       331 -5.132010553E-03  2.399711247E-01 -4.600000034E-02  8.398566602E+04  1.731974659E+02  3.310332661E+02  2.729855881E+02  4.390156631E+02  1.165205859E+00 
       332 -5.128125210E-03  2.399809281E-01 -4.210430258E-02  8.409920483E+04  1.751634064E+02  3.305983210E+02  2.721733723E+02  4.407532253E+02  1.162126578E+00 
       333 -5.125201508E-03  2.399922328E-01 -3.820870464E-02  8.231796777E+04  1.782209080E+02  3.299236610E+02  2.710647948E+02  4.433469524E+02  1.157249379E+00 
       334 -5.121813889E-03  2.400095995E-01 -3.431329778E-02  8.043949728E+04  1.823250842E+02  3.290226883E+02  2.695856807E+02  4.468218038E+02  1.150720173E+00 
       335 -5.119016059E-03  2.400291916E-01 -3.041776666E-02  7.894037502E+04  1.860786319E+02  3.282785454E+02  2.683673189E+02  4.498689315E+02  1.144703721E+00 
       336 -5.114574788E-03  2.400538233E-01 -2.652182619E-02  7.808900563E+04  1.880020389E+02  3.280138622E+02  2.679341122E+02  4.513115932E+02  1.141491471E+00 
       337 -5.109553763E-03  2.400828758E-01 -2.262552630E-02  7.853123132E+04  1.872241907E+02  3.283599544E+02  2.685021653E+02  4.502924147E+02  1.142367216E+00 
       338 -5.103895973E-03  2.401152952E-01 -1.872899116E-02  8.105470233E+04  1.819456278E+02  3.297229815E+02  2.707388706E+02  4.440366302E+02  1.148960910E+00 
       339 -4.925504783E-03  2.402473149E-01 -7.056915668E-03  8.554688396E+04  1.717639574E+02  3.317464148E+02  2.740719075E+02  4.366081969E+02  1.166855821E+00 
       340 -3.715119829E-03  2.403023013E-01 -3.373311706E-03  8.091718927E+04  1.800092947E+02  3.299786158E+02  2.711597055E+02  4.438894939E+02  1.153608034E+00 
       341 -1.562012846E-03  2.403581740E-01 -1.360753051E-04  7.899538676E+04  1.866550574E+02  3.286086476E+02  2.689080763E+02  4.497061411E+02  1.143050649E+00 
       342  1.133764527E-03  2.404094608E-01  2.675248428E-03  7.938848193E+04  1.863111401E+02  3.285526772E+02  2.688162355E+02  4.491340256E+02  1.143550701E+00 
       343  4.137632423E-03  2.404197044E-01  5.149238455E-03  7.992866549E+04  1.841071674E+02  3.288581255E+02  2.693158911E+02  4.477122795E+02  1.147651511E+00 
       344  7.316400202E-03  2.403253331E-01  7.399564588E-03  7.961092624E+04  1.843817137E+02  3.287608676E+02  2.691561791E+02  4.477301999E+02  1.147448415E+00 
       345  1.395577155E-02  2.400667001E-01  1.148649181E-02  8.615796191E+04  1.718090353E+02  3.317911396E+02  2.741496735E+02  4.384612160E+02  1.170007460E+00 
       346  1.735065466E-02  2.397965962E-01  1.337576268E-02  9.000684863E+04  1.600288296E+02  3.337624855E+02  2.774122276E+02  4.286774254E+02  1.190412372E+00 
       347  2.419161170E-02  2.391929427E-01  1.704637434E-02  7.967829395E+04  1.855485649E+02  3.291092529E+02  2.697335434E+02  4.485656662E+02  1.146069199E+00 
       348  2.761839379E-02  2.387452844E-01  1.884103948E-02  7.965920996E+04  1.891278496E+02  3.288173790E+02  2.692500229E+02  4.497360420E+02  1.138012677E+00 
       349  3.105226563E-02  2.382885234E-01  2.062260888E-02  8.082632910E+04  1.858667984E+02  3.297243710E+02  2.707364416E+02  4.457659473E+02  1.141978830E+00 
       350  3.788868369E-02  2.371344800E-01  2.417075674E-02  8.070791113E+04  1.871561146E+02  3.296676540E+02  2.706430893E+02  4.463498611E+02  1.139913738E+00 
       351  4.468291751E-02  2.357525484E-01  2.771953789E-02  8.032949902E+04  1.895899372E+02  3.293106270E+02  2.700594349E+02  4.462111549E+02  1.135739341E+00 
       352  4.805699300E-02  2.349490393E-01  2.948953136E-02  8.073904761E+04  1.891642146E+02  3.295364923E+02  2.704308610E+02  4.448132353E+02  1.137055201E+00 
       353  5.140582287E-02  2.340778219E-01  3.127771149E-02  8.075811914E+04  1.907603312E+02  3.294599342E+02  2.703043594E+02  4.443190155E+02  1.134733260E+00 
       354  5.473006301E-02  2.331020583E-01  3.305777180E-02  7.986095508E+04  1.939700069E+02  3.288631859E+02  2.693252716E+02  4.455075378E+02  1.129574209E+00 
       355  5.803984836E-02  2.320923676E-01  3.484458617E-02  7.828351563E+04  1.974050179E+02  3.279227524E+02  2.677873478E+02  4.501616287E+02  1.127482861E+00 
       356  6.132921494E-02  2.310454118E-01  3.665150486E-02  7.656660617E+04  2.007742847E+02  3.270761684E+02  2.664062363E+02  4.527633955E+02  1.123574570E+00 
       357  6.777528194E-02  2.285846393E-01  4.027160278E-02  8.468970605E+04  2.159766426E+02  3.321358795E+02  2.747442398E+02  4.310084229E+02  1.064783961E+00 
       358  7.097972553E-02  2.273472007E-01  4.209367684E-02  9.163466699E+04  2.307930908E+02  3.356645851E+02  2.805873566E+02  4.155783234E+02  1.012400813E+00 
       359  7.412444428E-02  2.259565065E-01  4.393674079E-02  9.068662891E+04  2.352367501E+02  3.345313587E+02  2.786956339E+02  4.187883482E+02  1.005684571E+00 
       360  7.725834663E-02  2.245514312E-01  4.577102978E-02  8.660534180E+04  2.357663927E+02  3.327486420E+02  2.757269688E+02  4.279202766E+02  1.013401821E+00 
       361  8.037011026E-02  2.231435234E-01  4.763983740E-02  8.846407422E+04  2.345246773E+02  3.345237885E+02  2.786937065E+02  4.215333900E+02  1.013238609E+00 
       362  8.343109451E-02  2.215945322E-01  4.950276897E-02  1.014849252E+05  2.255641832E+02  3.407697403E+02  2.892217691E+02  3.936131346E+02  1.021906160E+00 
       363  8.646988642E-02  2.201046420E-01  5.141624103E-02  1.222724714E+05  2.117881680E+02  3.486397676E+02  3.027357621E+02  3.563793945E+02  1.047547542E+00 
       364  9.242245520E-02  2.169732682E-01  5.534503106E-02  1.188569907E+05  2.227870841E+02  3.505110540E+02  3.059877844E+02  3.474909477E+02  9.991856739E-01 
       365  9.533631835E-02  2.153857768E-01  5.738443174E-02  1.162564376E+05  2.235625916E+02  3.503034096E+02  3.056452065E+02  3.502774072E+02  9.945072364E-01 
       366  9.819952312E-02  2.138016843E-01  5.949569436E-02  1.167963027E+05  2.251257343E+02  3.513296547E+02  3.074354153E+02  3.471740131E+02  9.842935577E-01 
       367  1.009694591E-01  2.121295788E-01  6.167326851E-02  1.187147695E+05  2.287183356E+02  3.523375721E+02  3.091891451E+02  3.420386992E+02  9.657188300E-01 
       368  1.037116704E-01  2.105064985E-01  6.390540356E-02  1.194096421E+05  2.335994453E+02  3.526669340E+02  3.097678404E+02  3.391783714E+02  9.462261088E-01 
       369  1.064180189E-01  2.088777679E-01  6.618856681E-02  1.199077734E+05  2.347817745E+02  3.524928303E+02  3.094554462E+02  3.397480068E+02  9.396805167E-01 
       370  1.090480686E-01  2.071800512E-01  6.850700508E-02  1.208307334E+05  2.348082466E+02  3.520074310E+02  3.085960445E+02  3.397707787E+02  9.375944249E-01 
       371  1.116790455E-01  2.055210471E-01  7.084353951E-02  1.216896265E+05  2.339621415E+02  3.517199373E+02  3.080878592E+02  3.389237900E+02  9.389977697E-01 
       372  1.142974452E-01  2.038484190E-01  7.319785208E-02  1.223440991E+05  2.304224882E+02  3.516337309E+02  3.079290962E+02  3.396172504E+02  9.486625995E-01 
       373  1.168416696E-01  2.021295301E-01  7.558130371E-02  1.226995479E+05  2.280333900E+02  3.516837311E+02  3.080158424E+02  3.395216866E+02  9.550263360E-01 
       374  1.193277496E-01  2.004108846E-01  7.805168345E-02  1.228958751E+05  2.264734757E+02  3.516766710E+02  3.080051420E+02  3.388106723E+02  9.589250032E-01 
       375  1.217693779E-01  1.987784452E-01  8.060399866E-02  1.228897446E+05  2.255058894E+02  3.515720787E+02  3.078230839E+02  3.377676678E+02  9.613277204E-01 
       376  1.240793489E-01  1.970470446E-01  8.322373237E-02  1.228867563E+05  2.245478888E+02  3.515591993E+02  3.078032274E+02  3.361216402E+02  9.635736234E-01 
       377  1.263696524E-01  1.953872062E-01  8.590193330E-02  1.232105315E+05  2.232498179E+02  3.521827986E+02  3.088945326E+02  3.324482008E+02  9.665058833E-01 
       378  1.285811840E-01  1.937639536E-01  8.866989816E-02  1.234160360E+05  2.216950161E+02  3.512684498E+02  3.072893052E+02  3.375700445E+02  9.713544324E-01 
       379  1.378530526E-01  1.861918564E-01  1.119425893E-01  1.230952275E+05  2.190522699E+02  3.555273638E+02  3.147769623E+02  3.146475029E+02  9.767263606E-01 
       380  1.378280879E-01  1.861358471E-01  1.158380052E-01  1.227098562E+05  2.216658516E+02  3.567709990E+02  3.169828176E+02  2.996444597E+02  9.700530991E-01 
       381  1.378172244E-01  1.861105784E-01  1.197328496E-01  1.219064702E+05  2.279088011E+02  3.569727945E+02  3.173434129E+02  2.965807018E+02  9.502872825E-01 
       382  1.378137064E-01  1.861013403E-01  1.236281983E-01  1.221273202E+05  2.317553451E+02  3.562958343E+02  3.161449263E+02  3.076153560E+02  9.347684132E-01 
       383  1.378232998E-01  1.861207539E-01  1.275238734E-01  1.226425123E+05  2.302028042E+02  3.551412495E+02  3.141029612E+02  3.210306190E+02  9.402280058E-01 
       384  1.378388478E-01  1.861485149E-01  1.314192119E-01  1.229978102E+05  2.261985348E+02  3.538946697E+02  3.118997869E+02  3.290670033E+02  9.531811419E-01 
       385  1.378667705E-01  1.861922064E-01  1.353144338E-01  1.231316227E+05  2.225449259E+02  3.532832646E+02  3.108200058E+02  3.299791944E+02  9.645918282E-01 
       386  1.378917792E-01  1.862393165E-01  1.392095884E-01  1.231849791E+05  2.213013856E+02  3.528727847E+02  3.100950054E+02  3.304944872E+02  9.683640976E-01 
       387  1.379128913E-01  1.862912877E-01  1.431056120E-01  1.232256891E+05  2.212527638E+02  3.528907512E+02  3.099240345E+02  3.288887120E+02  9.682402341E-01 
       388  1.379274402E-01  1.863453723E-01  1.469999959E-01  1.232963220E+05  2.206656313E+02  3.536736951E+02  3.106937323E+02  3.220617990E+02  9.697359651E-01 
       389 -3.389247132E-02  1.007789921E-01 -4.300551245E-02  8.754096143E+04  1.539734678E+02  3.330565643E+02  2.762350616E+02  2.358069134E+02  8.593681380E-01 
       390 -3.372456358E-02  1.010433636E-01 -4.002223516E-02  8.745359505E+04  1.545519753E+02  3.330125236E+02  2.761620745E+02  2.364831315E+02  8.587567855E-01 
       391 -3.329024078E-02  1.014074167E-01 -3.707963811E-02  8.735924298E+04  1.551028925E+02  3.329666970E+02  2.760860991E+02  2.370638834E+02  8.580735649E-01 
       392 -3.255620303E-02  1.018883264E-01 -3.421559131E-02  8.725205302E+04  1.557314368E+02  3.329033384E+02  2.759810401E+02  2.377555281E+02  8.574514040E-01 
       393 -3.153373485E-02  1.024554568E-01 -3.145384174E-02  8.712320817E+04  1.565631395E+02  3.328125853E+02  2.758305559E+02  2.386039306E+02  8.563014246E-01 
       394 -3.028950121E-02  1.031058036E-01 -2.880322264E-02  8.700209181E+04  1.573264296E+02  3.327375562E+02  2.757062159E+02  2.394045373E+02  8.553974322E-01 
       395 -2.888173412E-02  1.037838005E-01 -2.624318977E-02  8.691119390E+04  1.579331039E+02  3.326901558E+02  2.756275967E+02  2.400664388E+02  8.549231198E-01 
       396 -2.733119538E-02  1.044792183E-01 -2.377110822E-02  8.683882989E+04  1.584879382E+02  3.326547202E+02  2.755689511E+02  2.406235314E+02  8.543689539E-01 
       397 -2.568342124E-02  1.052055751E-01 -2.135968630E-02  8.675937781E+04  1.589849378E+02  3.326152692E+02  2.755035248E+02  2.413890448E+02  8.548892211E-01 
       398 -2.397735570E-02  1.059146334E-01 -1.899049647E-02  8.659254135E+04  1.595307079E+02  3.325274911E+02  2.753581886E+02  2.424003866E+02  8.559872108E-01 
       399 -2.220871387E-02  1.066063154E-01 -1.667396516E-02  8.621335358E+04  1.605168545E+02  3.323310475E+02  2.750329814E+02  2.440508657E+02  8.569513832E-01 
       400 -2.041003203E-02  1.073389070E-01 -1.437512078E-02  8.561049637E+04  1.624137895E+02  3.319921088E+02  2.744722462E+02  2.468161430E+02  8.570601067E-01 
       401 -1.856976066E-02  1.079715131E-01 -1.211630566E-02  8.485896191E+04  1.651259977E+02  3.315861860E+02  2.738015804E+02  2.498081538E+02  8.536577217E-01 
       402 -1.670953655E-02  1.086522831E-01 -9.860640570E-03  8.420351155E+04  1.688397287E+02  3.312108206E+02  2.731820554E+02  2.527742559E+02  8.449239261E-01 
       403 -1.482329113E-02  1.093026603E-01 -7.620995183E-03  8.416731189E+04  1.716012644E+02  3.312026809E+02  2.731686507E+02  2.534163494E+02  8.331624231E-01 
       404 -1.292306254E-02  1.099268373E-01 -5.385291055E-03  8.518447876E+04  1.721209369E+02  3.317730227E+02  2.741104212E+02  2.502220879E+02  8.198156040E-01 
       405 -1.101845801E-02  1.105590611E-01 -3.137660868E-03  8.695053290E+04  1.704465352E+02  3.327674928E+02  2.757562773E+02  2.441723346E+02  8.089225695E-01 
       406 -9.120841472E-03  1.111701815E-01 -8.914052251E-04  8.937125702E+04  1.675747496E+02  3.340687574E+02  2.779176514E+02  2.356807649E+02  7.976708361E-01 
       407 -7.240675928E-03  1.117476218E-01  1.353994698E-03  9.301417432E+04  1.643049596E+02  3.358519552E+02  2.808926064E+02  2.227363350E+02  7.771049899E-01 
       408 -5.370549944E-03  1.123083196E-01  3.627204146E-03  9.640663489E+04  1.631273415E+02  3.377091417E+02  2.840074124E+02  2.085865800E+02  7.441341951E-01 
       409 -3.530590186E-03  1.128981262E-01  5.933484609E-03  9.848826720E+04  1.729934466E+02  3.387515682E+02  2.857630318E+02  2.023594367E+02  6.721255101E-01 
       410 -1.726912218E-03  1.134387153E-01  8.259926622E-03  9.817591724E+04  1.853070564E+02  3.385569277E+02  2.854345036E+02  2.044820905E+02  6.070968863E-01 
       411  3.734044288E-05  1.140039107E-01  1.062617763E-02  9.736301831E+04  1.943858075E+02  3.381809282E+02  2.848010149E+02  2.085837302E+02  5.684487848E-01 
       412  1.740848712E-03  1.145879687E-01  1.302702968E-02  9.653660044E+04  2.028067416E+02  3.376618444E+02  2.839275786E+02  2.138641153E+02  5.390098488E-01 
       413  3.387617433E-03  1.151172021E-01  1.547343878E-02  9.597174756E+04  2.088952419E+02  3.374147745E+02  2.835122634E+02  2.160126530E+02  5.135744258E-01 
       414  4.957112811E-03  1.157081541E-01  1.796238578E-02  9.538352734E+04  2.155011561E+02  3.371451497E+02  2.830592442E+02  2.187903914E+02  4.875725321E-01 
       415  6.462677552E-03  1.163151534E-01  2.048609031E-02  9.455627148E+04  2.225460896E+02  3.366977615E+02  2.823083425E+02  2.231273141E+02  4.650660856E-01 
       416  7.926557233E-03  1.168909271E-01  2.304605918E-02  9.388545721E+04  2.281905661E+02  3.363553188E+02  2.817341986E+02  2.265537686E+02  4.477711241E-01 
       417  9.338612782E-03  1.175119790E-01  2.562398907E-02  9.358541198E+04  2.329574367E+02  3.361786269E+02  2.814382482E+02  2.286656703E+02  4.313830101E-01 
       418  1.068984297E-02  1.181121478E-01  2.822455248E-02  9.345385922E+04  2.376394691E+02  3.360918390E+02  2.812929654E+02  2.302599447E+02  4.137080110E-01 
       419  1.198650266E-02  1.187330819E-01  3.085849659E-02  9.337934949E+04  2.423416027E+02  3.360455807E+02  2.812155877E+02  2.317758917E+02  3.958111438E-01 
       420  1.322982934E-02  1.193430432E-01  3.352159396E-02  9.342143359E+04  2.466257795E+02  3.360683026E+02  2.812535861E+02  2.326930751E+02  3.780492658E-01 
       421  1.439865389E-02  1.199672983E-01  3.621509854E-02  9.363783446E+04  2.503626897E+02  3.361813413E+02  2.814428123E+02  2.330833956E+02  3.614836579E-01 
       422  1.553995729E-02  1.205631245E-01  3.892438234E-02  9.409758835E+04  2.535010661E+02  3.364190180E+02  2.818409693E+02  2.324964599E+02  3.445851520E-01 
       423  1.662952250E-02  1.211745408E-01  4.165332372E-02  9.466048419E+04  2.562569723E+02  3.366934829E+02  2.823010424E+02  2.316099346E+02  3.288603007E-01 
       424  1.764894372E-02  1.217373945E-01  4.441857664E-02  9.537109137E+04  2.584595876E+02  3.370399336E+02  2.828825163E+02  2.300755085E+02  3.135618357E-01 
       425  1.861873940E-02  1.222791769E-01  4.720617614E-02  9.633744659E+04  2.600752070E+02  3.375314850E+02  2.837082564E+02  2.274120649E+02  2.974784752E-01 
       426  1.950820179E-02  1.228336643E-01  5.001741530E-02  9.725380292E+04  2.619375192E+02  3.379577152E+02  2.844251653E+02  2.248261842E+02  2.802110580E-01 
       427  2.036944420E-02  1.233245632E-01  5.285072558E-02  9.816203262E+04  2.637310642E+02  3.384072648E+02  2.851825303E+02  2.223461144E+02  2.634931794E-01 
       428  2.117157025E-02  1.238295963E-01  5.569831964E-02  9.913561536E+04  2.652266827E+02  3.389025965E+02  2.860179057E+02  2.193424647E+02  2.466175600E-01 
       429  2.190592593E-02  1.242947792E-01  5.857026217E-02  1.000669001E+05  2.669915199E+02  3.393350782E+02  2.867484608E+02  2.168450937E+02  2.297964878E-01 
       430  2.257248913E-02  1.247551336E-01  6.145961794E-02  1.009332671E+05  2.686296587E+02  3.397660322E+02  2.874772110E+02  2.142375793E+02  2.132832212E-01 
       431  2.314781749E-02  1.251835029E-01  6.437124902E-02  1.016882310E+05  2.707708569E+02  3.400963011E+02  2.880362687E+02  2.123355331E+02  1.960261147E-01 
       432  2.363318974E-02  1.255957621E-01  6.730774801E-02  1.023295146E+05  2.729607337E+02  3.404105422E+02  2.885687273E+02  2.106696177E+02  1.792034019E-01 
       433  2.402789138E-02  1.260195069E-01  7.025072331E-02  1.028453696E+05  2.754693384E+02  3.406738796E+02  2.890152626E+02  2.095594187E+02  1.624805657E-01 
       434  2.431727977E-02  1.264030352E-01  7.321094069E-02  1.032417070E+05  2.782161980E+02  3.408857670E+02  2.893749409E+02  2.090360603E+02  1.461898619E-01 
       435  2.453016930E-02  1.268032789E-01  7.617447467E-02  1.035163096E+05  2.811205111E+02  3.410491991E+02  2.896524835E+02  2.090169492E+02  1.309000538E-01 
       436  2.462079541E-02  1.271795605E-01  7.915094878E-02  1.036330705E+05  2.842245328E+02  3.411406851E+02  2.898078387E+02  2.094157083E+02  1.156889368E-01 
       437  2.463902970E-02  1.275610820E-01  8.212637731E-02  1.033230806E+05  2.881170764E+02  3.410137758E+02  2.895923257E+02  2.116800847E+02  1.031971988E-01 
       438  2.457492051E-02  1.279220853E-01  8.510260082E-02  1.026919661E+05  2.923843380E+02  3.407394777E+02  2.891265709E+02  2.148217766E+02  9.189528986E-02 
       439  2.441429013E-02  1.282749863E-01  8.807550525E-02  1.014195007E+05  2.964136471E+02  3.401117392E+02  2.880622264E+02  2.199303849E+02  9.028758552E-02 
       440  2.420234297E-02  1.286273229E-01  9.105186832E-02  1.003937737E+05  2.973808948E+02  3.396334007E+02  2.872525588E+02  2.237512028E+02  1.022022438E-01 
       441  2.388558350E-02  1.289647853E-01  9.401845916E-02  1.004283963E+05  2.954974980E+02  3.396513990E+02  2.872829790E+02  2.238872736E+02  1.158480335E-01 
       442  2.351928731E-02  1.293134864E-01  9.696958543E-02  1.009840621E+05  2.925970661E+02  3.399185594E+02  2.877351377E+02  2.220902911E+02  1.278797259E-01 
       443  2.306449285E-02  1.296327241E-01  9.991680403E-02  1.018188174E+05  2.897088299E+02  3.402885733E+02  2.883619604E+02  2.194895558E+02  1.364173261E-01 
       444  2.257188759E-02  1.299515661E-01  1.028605699E-01  1.027891548E+05  2.862997808E+02  3.407588596E+02  2.891596079E+02  2.158154631E+02  1.440472179E-01 
       445  2.201092100E-02  1.302726916E-01  1.057899135E-01  1.038671630E+05  2.830040122E+02  3.412643273E+02  2.900181204E+02  2.116987293E+02  1.496065985E-01 
       446  2.143382683E-02  1.305960230E-01  1.087107054E-01  1.049406411E+05  2.802177070E+02  3.418043261E+02  2.909366494E+02  2.075237265E+02  1.522499310E-01 
       447  2.076802587E-02  1.309307408E-01  1.116221513E-01  1.058778501E+05  2.781823215E+02  3.423910427E+02  2.919362240E+02  2.034601383E+02  1.509680543E-01 
       448  2.010215597E-02  1.312657467E-01  1.145293522E-01  1.065910591E+05  2.771690130E+02  3.428519564E+02  2.927226315E+02  2.012480211E+02  1.506081554E-01 
       449  1.945135245E-02  1.316056955E-01  1.174374795E-01  1.070868224E+05  2.768335674E+02  3.431941116E+02  2.933071833E+02  2.006537552E+02  1.523323755E-01 
       450  1.885387307E-02  1.319548677E-01  1.203553293E-01  1.074079982E+05  2.768877916E+02  3.434029219E+02  2.936641114E+02  2.007732480E+02  1.543915836E-01 
       451  1.837479322E-02  1.322913677E-01  1.233018373E-01  1.075731216E+05  2.771140337E+02  3.435055752E+02  2.938397646E+02  2.008538852E+02  1.553499606E-01 
       452  1.811263581E-02  1.325954541E-01  1.262715907E-01  1.075800454E+05  2.773358822E+02  3.435331869E+02  2.938869896E+02  2.012183056E+02  1.573214228E-01 
       453  1.805653049E-02  1.328847135E-01  1.292554963E-01  1.075162502E+05  2.776806855E+02  3.435194502E+02  2.938634915E+02  2.019662666E+02  1.600978279E-01 
       454  1.819877737E-02  1.331672438E-01  1.322380588E-01  1.074310392E+05  2.782067375E+02  3.434852574E+02  2.938050346E+02  2.031148928E+02  1.632919553E-01 
       455  1.852494771E-02  1.334510277E-01  1.352129826E-01  1.073496594E+05  2.787136453E+02  3.434430603E+02  2.937327786E+02  2.044603830E+02  1.675316075E-01 
       456  1.890761882E-02  1.337081709E-01  1.381756048E-01  1.071803071E+05  2.792828962E+02  3.433475975E+02  2.935694867E+02  2.058751303E+02  1.714521182E-01 
       457  1.937808835E-02  1.339540030E-01  1.411279949E-01  1.069276372E+05  2.798775706E+02  3.432268558E+02  2.933630266E+02  2.073299644E+02  1.753284255E-01 
       458  1.989552602E-02  1.341916383E-01  1.440726902E-01  1.066605805E+05  2.806576121E+02  3.430944783E+02  2.931367953E+02  2.089752560E+02  1.787545803E-01 
       459  2.048114376E-02  1.344526817E-01  1.469999956E-01  1.063217095E+05  2.817919121E+02  3.428919601E+02  2.927890997E+02  2.109762421E+02  1.809771294E-01 
       460 -4.772920012E-02  1.664853148E-01 -4.258181757E-02  8.252926753E+04  1.813526066E+02  3.302814009E+02  2.716509044E+02  3.429337975E+02  1.013452318E+00 
       461 -4.770031945E-02  1.666117663E-01 -3.916302660E-02  8.228563013E+04  1.820653337E+02  3.301151116E+02  2.713774894E+02  3.438145299E+02  1.012606650E+00 
       462 -4.768621633E-02  1.667606858E-01 -3.574527808E-02  8.188342517E+04  1.828607769E+02  3.298993416E+02  2.710228524E+02  3.448847489E+02  1.011838933E+00 
       463 -4.773671611E-02  1.669008759E-01 -3.232563070E-02  8.131588818E+04  1.844752364E+02  3.295583010E+02  2.704629040E+02  3.468388176E+02  1.009921905E+00 
       464 -4.779814392E-02  1.670685917E-01 -2.890641835E-02  8.067331738E+04  1.865228786E+02  3.291534586E+02  2.697987566E+02  3.491039848E+02  1.007115092E+00 
       465 -4.772832030E-02  1.672854950E-01 -2.549705171E-02  7.995919983E+04  1.884329035E+02  3.287793427E+02  2.691858897E+02  3.507791786E+02  1.003761362E+00 
       466 -4.733274936E-02  1.676197526E-01 -2.211766833E-02  7.936501978E+04  1.913294237E+02  3.283876743E+02  2.685449138E+02  3.531874404E+02  9.984376747E-01 
       467 -4.646629434E-02  1.680852894E-01 -1.884685997E-02  7.943103455E+04  1.926478544E+02  3.285006123E+02  2.687298406E+02  3.528891542E+02  9.933620035E-01 
       468 -4.497458874E-02  1.687177674E-01 -1.583913045E-02  8.148669580E+04  1.908009958E+02  3.296649179E+02  2.706403122E+02  3.487600298E+02  9.921335373E-01 
       469 -4.311049959E-02  1.694263862E-01 -1.306511329E-02  8.497715674E+04  1.845801044E+02  3.316542683E+02  2.739169302E+02  3.385008526E+02  9.954319485E-01 
       470 -4.101650432E-02  1.701661907E-01 -1.047820325E-02  8.777853906E+04  1.786181793E+02  3.331476936E+02  2.763866062E+02  3.307770824E+02  1.003074631E+00 
       471 -3.872443978E-02  1.709287414E-01 -8.043812788E-03  8.761417932E+04  1.769588912E+02  3.330197639E+02  2.761745551E+02  3.317288117E+02  1.010350844E+00 
       472 -3.634257562E-02  1.716543837E-01 -5.706210795E-03  8.544403369E+04  1.789515257E+02  3.318535099E+02  2.742446766E+02  3.376753235E+02  1.013237856E+00 
       473 -3.384972842E-02  1.724025179E-01 -3.469956820E-03  8.150742517E+04  1.863370631E+02  3.296344287E+02  2.705909448E+02  3.489755342E+02  1.007786155E+00 
       474 -3.133060076E-02  1.731099844E-01 -1.271304633E-03  7.703386615E+04  1.965709785E+02  3.270724587E+02  2.664007804E+02  3.622945712E+02  9.980427376E-01 
       475 -2.873453975E-02  1.737912906E-01  8.535856133E-04  7.321844336E+04  2.066192026E+02  3.246999350E+02  2.625497446E+02  3.726758060E+02  9.848730154E-01 
       476 -2.611690126E-02  1.744247281E-01  2.958268427E-03  7.071898645E+04  2.137843308E+02  3.230916963E+02  2.599539762E+02  3.807668567E+02  9.774206933E-01 
       477 -2.348835128E-02  1.750433393E-01  5.058280838E-03  6.974445981E+04  2.170259438E+02  3.224448225E+02  2.589137429E+02  3.826931087E+02  9.706314825E-01 
       478 -2.083113736E-02  1.756162102E-01  7.133742148E-03  6.972283398E+04  2.183521104E+02  3.223888607E+02  2.588236256E+02  3.831900568E+02  9.671791699E-01 
       479 -1.816607045E-02  1.761555279E-01  9.209141426E-03  7.010641602E+04  2.201112700E+02  3.226407204E+02  2.592288027E+02  3.822808990E+02  9.593182765E-01 
       480 -1.549262448E-02  1.766467189E-01  1.128626304E-02  7.263267505E+04  2.214034882E+02  3.242517796E+02  2.618308620E+02  3.767684059E+02  9.437234662E-01 
       481 -1.281959455E-02  1.771087169E-01  1.337222607E-02  8.311457190E+04  2.141294584E+02  3.304589260E+02  2.719663036E+02  3.482561123E+02  9.147556033E-01 
       482 -1.015361520E-02  1.775059034E-01  1.547159933E-02  9.854027004E+04  2.083884040E+02  3.383784371E+02  2.851366389E+02  3.055448167E+02  8.687440542E-01 
       483 -7.491200012E-03  1.778633735E-01  1.757589553E-02  9.688228198E+04  2.192065020E+02  3.381969118E+02  2.848312578E+02  3.108417215E+02  8.376525193E-01 
       484 -4.837064878E-03  1.782590199E-01  1.971143984E-02  8.908387769E+04  2.292167215E+02  3.343125715E+02  2.783250513E+02  3.300801191E+02  8.330062181E-01 
       485 -2.188499166E-03  1.785530451E-01  2.185094162E-02  8.858941397E+04  2.328930269E+02  3.337350821E+02  2.773632046E+02  3.360174973E+02  8.303466197E-01 
       486  4.329096806E-04  1.787998193E-01  2.404680664E-02  8.898212256E+04  2.352764301E+02  3.339029808E+02  2.776415081E+02  3.350310917E+02  8.207826912E-01 
       487  3.027224691E-03  1.790317150E-01  2.627094405E-02  8.881459711E+04  2.370956748E+02  3.338503075E+02  2.775538354E+02  3.351593695E+02  8.148912392E-01 
       488  5.626976121E-03  1.792222402E-01  2.847807669E-02  8.953127930E+04  2.384883602E+02  3.342382669E+02  2.782000754E+02  3.332742009E+02  8.073674906E-01 
       489  8.191038637E-03  1.793338257E-01  3.074695743E-02  9.165053662E+04  2.388887067E+02  3.353687880E+02  2.800873978E+02  3.276687729E+02  7.973019965E-01 
       490  1.074058355E-02  1.794129340E-01  3.303046409E-02  9.522145030E+04  2.377078021E+02  3.371550539E+02  2.830805221E+02  3.184173207E+02  7.873976198E-01 
       491  1.325979491E-02  1.793970135E-01  3.532576038E-02  9.942735425E+04  2.352972379E+02  3.391216855E+02  2.863922210E+02  3.065374000E+02  7.786263749E-01 
       492  1.577166567E-02  1.793535417E-01  3.765132951E-02  1.029840042E+05  2.331106620E+02  3.407504449E+02  2.891477523E+02  2.971796689E+02  7.735966519E-01 
       493  1.825553626E-02  1.792503646E-01  4.000403552E-02  1.053877097E+05  2.321684825E+02  3.418903694E+02  2.910842118E+02  2.915325556E+02  7.696348727E-01 
       494  2.071273564E-02  1.790845686E-01  4.238164633E-02  1.072371685E+05  2.316835649E+02  3.428610760E+02  2.927394789E+02  2.863724706E+02  7.650518985E-01 
       495  2.315348782E-02  1.789033294E-01  4.476881837E-02  1.092544635E+05  2.313984303E+02  3.438388944E+02  2.944114656E+02  2.807809787E+02  7.594911810E-01 
       496  2.554611962E-02  1.786610662E-01  4.720294885E-02  1.112857617E+05  2.307701263E+02  3.447839966E+02  2.960323725E+02  2.748692799E+02  7.554144580E-01 
       497  2.790553153E-02  1.783591187E-01  4.966367300E-02  1.130429280E+05  2.304126968E+02  3.455475130E+02  2.973446741E+02  2.703360910E+02  7.518957295E-01 
       498  3.023553076E-02  1.780531658E-01  5.215009418E-02  1.145408167E+05  2.302887886E+02  3.461527231E+02  2.983866861E+02  2.661220405E+02  7.480601724E-01 
       499  3.255140683E-02  1.777481834E-01  5.464573084E-02  1.158217188E+05  2.300715197E+02  3.466954582E+02  2.993231764E+02  2.629789814E+02  7.461155117E-01 
       500  3.480321611E-02  1.773622653E-01  5.719033452E-02  1.169765206E+05  2.300149746E+02  3.472122862E+02  3.002159910E+02  2.596427221E+02  7.430984071E-01 
       501  3.704366447E-02  1.769956776E-01  5.978074099E-02  1.179181022E+05  2.299729819E+02  3.476472955E+02  3.009686112E+02  2.574718597E+02  7.415151703E-01 
       502  3.923116288E-02  1.766153691E-01  6.237867612E-02  1.186049865E+05  2.303057771E+02  3.479340992E+02  3.014652352E+02  2.556501522E+02  7.388070477E-01 
       503  4.136429871E-02  1.761773997E-01  6.501205622E-02  1.189694142E+05  2.309155409E+02  3.480825253E+02  3.017224207E+02  2.545529246E+02  7.355475477E-01 
       504  4.348069858E-02  1.757484529E-01  6.766046190E-02  1.191973381E+05  2.315566473E+02  3.481606207E+02  3.018577681E+02  2.537805233E+02  7.325973418E-01 
       505  4.554226392E-02  1.753162813E-01  7.034950997E-02  1.193347070E+05  2.322106791E+02  3.482099514E+02  3.019433002E+02  2.535436153E+02  7.300834581E-01 
       506  4.756665315E-02  1.748560179E-01  7.306168772E-02  1.193981994E+05  2.328359516E+02  3.482296746E+02  3.019774761E+02  2.534614255E+02  7.277792920E-01 
       507  4.956604909E-02  1.743615796E-01  7.580968578E-02  1.194253503E+05  2.331999773E+02  3.482504237E+02  3.020134746E+02  2.537321953E+02  7.268210221E-01 
       508  5.152654947E-02  1.738670862E-01  7.855886540E-02  1.193650564E+05  2.333907812E+02  3.482151327E+02  3.019522073E+02  2.541384291E+02  7.267507380E-01 
       509  5.347325952E-02  1.733659220E-01  8.131742073E-02  1.191104810E+05  2.333939106E+02  3.480884586E+02  3.017325863E+02  2.551780451E+02  7.281000961E-01 
       510  5.541917190E-02  1.728212690E-01  8.412523757E-02  1.191539932E+05  2.327870089E+02  3.481074295E+02  3.017654503E+02  2.550996048E+02  7.306833580E-01 
       511  5.731737707E-02  1.722438844E-01  8.698058411E-02  1.195758557E+05  2.331142276E+02  3.482558221E+02  3.020229043E+02  2.537851667E+02  7.283203304E-01 
       512  5.917186437E-02  1.716911252E-01  8.979478553E-02  1.197476309E+05  2.336055379E+02  3.483467029E+02  3.021806694E+02  2.533918915E+02  7.262606488E-01 
       513  6.096387184E-02  1.711643945E-01  9.255110888E-02  1.197859252E+05  2.345323327E+02  3.483477983E+02  3.021825738E+02  2.534043928E+02  7.228103087E-01 
       514  6.270700241E-02  1.705757992E-01  9.544380808E-02  1.197155676E+05  2.357516823E+02  3.483006978E+02  3.021008067E+02  2.537472591E+02  7.182780746E-01 
       515  6.442263795E-02  1.699823167E-01  9.834544530E-02  1.195939195E+05  2.367360354E+02  3.482456735E+02  3.020052723E+02  2.544794543E+02  7.151400180E-01 
       516  6.612271722E-02  1.694054111E-01  1.012510921E-01  1.194331704E+05  2.372292116E+02  3.481926234E+02  3.019133244E+02  2.552702239E+02  7.142485436E-01 
       517  6.776083839E-02  1.688452726E-01  1.042003507E-01  1.192960154E+05  2.380142884E+02  3.481179270E+02  3.017837447E+02  2.556347679E+02  7.118713320E-01 
       518  6.936215302E-02  1.682812898E-01  1.071729988E-01  1.191324849E+05  2.390305387E+02  3.480538138E+02  3.016726420E+02  2.561315949E+02  7.086081817E-01 
       519  7.082677073E-02  1.677321085E-01  1.102128146E-01  1.190032418E+05  2.401000034E+02  3.480264702E+02  3.016253662E+02  2.566049253E+02  7.049213923E-01 
       520  7.220712168E-02  1.672497044E-01  1.133584680E-01  1.189400449E+05  2.409608805E+02  3.480757229E+02  3.017108067E+02  2.569821711E+02  7.021127273E-01 
       521  7.342602904E-02  1.668557431E-01  1.165154693E-01  1.188896733E+05  2.414021525E+02  3.482300875E+02  3.019785876E+02  2.573957231E+02  7.011266565E-01 
       522  7.439926912E-02  1.665467988E-01  1.197652411E-01  1.188120411E+05  2.418078642E+02  3.483963623E+02  3.022670474E+02  2.575135374E+02  7.000054121E-01 
       523  7.498839543E-02  1.664581038E-01  1.231239650E-01  1.186735791E+05  2.420658855E+02  3.485364189E+02  3.025099697E+02  2.573693371E+02  6.994435638E-01 
       524  7.530423640E-02  1.665023734E-01  1.265249777E-01  1.185031167E+05  2.422641048E+02  3.485781918E+02  3.025823727E+02  2.573444624E+02  6.992286807E-01 
       525  7.543612494E-02  1.666233331E-01  1.299370256E-01  1.183414658E+05  2.430981922E+02  3.484364090E+02  3.023362179E+02  2.586448936E+02  6.978337765E-01 
       526  7.553122174E-02  1.667952118E-01  1.333496155E-01  1.181942024E+05  2.444518137E+02  3.482181406E+02  3.019576025E+02  2.606622219E+02  6.952999793E-01 
       527  7.566054780E-02  1.669469890E-01  1.367626796E-01  1.181056733E+05  2.453639560E+02  3.481708803E+02  3.018758221E+02  2.613627906E+02  6.931997705E-01 
       528  7.583993244E-02  1.671002891E-01  1.401745263E-01  1.180519080E+05  2.451956918E+02  3.484639835E+02  3.023852326E+02  2.600528307E+02  6.935462789E-01 
       529  7.600645069E-02  1.672586086E-01  1.435869327E-01  1.180056829E+05  2.431890869E+02  3.491713545E+02  3.036162670E+02  2.549323611E+02  6.982406182E-01 
       530  7.611546960E-02  1.674572299E-01  1.470000031E-01  1.179566968E+05  2.381786499E+02  3.502079587E+02  3.055017037E+02  2.457404013E+02  7.120634504E-01 
       531 -5.220359409E-02  2.342994603E-01 -4.210986580E-02  8.162403751E+04  1.831348539E+02  3.296506196E+02  2.706952052E+02  4.443550659E+02  1.146000193E+00 
       532 -5.220192467E-02  2.343108577E-01 -3.821952920E-02  8.089817554E+04  1.855995794E+02  3.293311250E+02  2.700904508E+02  4.456067262E+02  1.141229499E+00 
       533 -5.220302368E-02  2.343278434E-01 -3.432921672E-02  8.115494781E+04  1.857978203E+02  3.294894044E+02  2.703503387E+02  4.453116283E+02  1.140465422E+00 
       534 -5.220531674E-02  2.343446645E-01 -3.043898101E-02  8.260791425E+04  1.825027950E+02  3.303126934E+02  2.717045132E+02  4.423094700E+02  1.145646037E+00 
       535 -5.220735409E-02  2.343651870E-01 -2.654892396E-02  8.453824219E+04  1.773752394E+02  3.314550362E+02  2.735867977E+02  4.376678123E+02  1.153836504E+00 
       536 -5.221355576E-02  2.343966826E-01 -2.266385481E-02  8.576098093E+04  1.736167314E+02  3.321488346E+02  2.747320077E+02  4.347214691E+02  1.160307975E+00 
       537 -5.221196162E-02  2.344309954E-01 -1.877454498E-02  8.557325026E+04  1.731133793E+02  3.319175477E+02  2.743503943E+02  4.357112203E+02  1.162417570E+00 
       538 -5.222596507E-02  2.344687402E-01 -1.488167101E-02  8.387244716E+04  1.765910493E+02  3.308929278E+02  2.726602855E+02  4.395273601E+02  1.157464697E+00 
       539 -5.222923531E-02  2.345160018E-01 -1.099302079E-02  8.154242871E+04  1.826151642E+02  3.296609745E+02  2.706331586E+02  4.443105664E+02  1.147466918E+00 
       540 -5.210275326E-02  2.345957540E-01 -7.104134264E-03  7.998013571E+04  1.873246314E+02  3.289328060E+02  2.694377589E+02  4.487964911E+02  1.140643404E+00 
       541 -5.114101036E-02  2.348545508E-01 -3.375994418E-03  7.991921718E+04  1.871172163E+02  3.290742012E+02  2.696693386E+02  4.478389577E+02  1.140377385E+00 
       542 -4.917766965E-02  2.353023755E-01 -5.047413344E-05  8.035189868E+04  1.861213040E+02  3.293391352E+02  2.701037312E+02  4.475288200E+02  1.142849632E+00 
       543 -4.661414278E-02  2.358651253E-01  2.823323178E-03  8.137325391E+04  1.836378987E+02  3.299884038E+02  2.711703434E+02  4.449785433E+02  1.146518836E+00 
       544 -4.374488282E-02  2.364440537E-01  5.350106892E-03  8.454529529E+04  1.772440631E+02  3.316504264E+02  2.739098458E+02  4.379707084E+02  1.155530278E+00 
       545 -4.059796688E-02  2.370222596E-01  7.583171126E-03  8.897614948E+04  1.657989905E+02  3.337565403E+02  2.773992901E+02  4.287752569E+02  1.175198962E+00 
       546 -3.738701819E-02  2.375676250E-01  9.702642239E-03  8.806246393E+04  1.676705486E+02  3.332367156E+02  2.765367885E+02  4.310462365E+02  1.172427551E+00 
       547 -3.407522408E-02  2.380263225E-01  1.169481074E-02  8.232654163E+04  1.830901878E+02  3.303116546E+02  2.717071447E+02  4.446111550E+02  1.147235710E+00 
       548 -3.073065008E-02  2.384984497E-01  1.361793802E-02  7.943360956E+04  1.916709259E+02  3.286635842E+02  2.689969981E+02  4.492179587E+02  1.130539481E+00 
       549 -2.732884007E-02  2.388770261E-01  1.546643341E-02  8.105195801E+04  1.869195120E+02  3.295511127E+02  2.704525895E+02  4.459268341E+02  1.138838159E+00 
       550 -2.390908864E-02  2.392176502E-01  1.728468609E-02  8.196551067E+04  1.840424050E+02  3.300885875E+02  2.713349008E+02  4.432921762E+02  1.143529905E+00 
       551 -2.044822495E-02  2.394794424E-01  1.908927170E-02  8.113064200E+04  1.859737056E+02  3.296432073E+02  2.706031367E+02  4.448371522E+02  1.140847242E+00 
       552 -1.699643969E-02  2.397114515E-01  2.086461287E-02  8.063051868E+04  1.878204515E+02  3.293792667E+02  2.701720772E+02  4.464841089E+02  1.138736904E+00 
       553 -1.354033893E-02  2.398615604E-01  2.263394957E-02  8.093315576E+04  1.877083263E+02  3.294662552E+02  2.703148994E+02  4.457752743E+02  1.139386930E+00 
       554 -1.007792796E-02  2.399171479E-01  2.439846914E-02  8.131297119E+04  1.868071856E+02  3.297025633E+02  2.707018359E+02  4.445756140E+02  1.141669450E+00 
       555 -6.592279415E-03  2.399646350E-01  2.619220728E-02  8.073171899E+04  1.873260522E+02  3.293620234E+02  2.701421170E+02  4.452834997E+02  1.142436232E+00 
       556 -3.124907716E-03  2.398994093E-01  2.794309000E-02  7.955873779E+04  1.887994509E+02  3.286125031E+02  2.689151554E+02  4.460735798E+02  1.140265368E+00 
       557  3.338943067E-04  2.398017910E-01  2.968583889E-02  1.024235015E+05  2.079350382E+02  3.408414843E+02  2.893154964E+02  3.976250474E+02  1.050539549E+00 
       558  3.794068913E-03  2.396169640E-01  3.144821874E-02  9.967980566E+04  2.125192084E+02  3.398904052E+02  2.876947389E+02  4.030837555E+02  1.045002149E+00 
       559  7.248441593E-03  2.393064044E-01  3.320284907E-02  9.505476318E+04  2.116441364E+02  3.376845531E+02  2.839683123E+02  4.136769104E+02  1.056984887E+00 
       560  1.068879679E-02  2.389885178E-01  3.498866898E-02  9.204493042E+04  2.137486506E+02  3.358377171E+02  2.808715849E+02  4.203834667E+02  1.057569925E+00 
       561  1.412543948E-02  2.386075767E-01  3.676435012E-02  8.926371948E+04  2.134391465E+02  3.344558649E+02  2.785627985E+02  4.226184273E+02  1.058918774E+00 
       562  1.753589177E-02  2.380598424E-01  3.855175648E-02  8.823420166E+04  2.163110714E+02  3.339300041E+02  2.776888523E+02  4.248335609E+02  1.053987429E+00 
       563  2.093820079E-02  2.375000001E-01  4.035454522E-02  9.132433691E+04  2.166511040E+02  3.357683258E+02  2.807625933E+02  4.223143063E+02  1.053222302E+00 
       564  2.432947450E-02  2.368878370E-01  4.215773147E-02  1.034585547E+05  2.104458237E+02  3.418288082E+02  2.910196462E+02  3.982086346E+02  1.056825287E+00 
       565  2.770729830E-02  2.361795572E-01  4.394886350E-02  1.234258704E+05  1.975884054E+02  3.502790580E+02  3.055728726E+02  3.497469945E+02  1.070007350E+00 
       566  3.105826597E-02  2.354459967E-01  4.578622705E-02  1.296517080E+05  1.937446997E+02  3.526160445E+02  3.096366973E+02  3.352043839E+02  1.077047490E+00 
       567  3.438758923E-02  2.346372217E-01  4.762879820E-02  1.222529118E+05  1.970093046E+02  3.501709630E+02  3.053577834E+02  3.498587196E+02  1.061774572E+00 
       568  3.771502906E-02  2.337669833E-01  4.947240569E-02  1.177847452E+05  2.015010695E+02  3.487505176E+02  3.028819149E+02  3.583171704E+02  1.048804046E+00 
       569  4.101460083E-02  2.329246351E-01  5.135281935E-02  1.197744834E+05  2.021611028E+02  3.496001334E+02  3.043601508E+02  3.547421045E+02  1.045870857E+00 
       570  4.428347740E-02  2.319960665E-01  5.324515281E-02  1.228082403E+05  2.026761334E+02  3.506813223E+02  3.062447684E+02  3.486438248E+02  1.043311245E+00 
       571  4.749748393E-02  2.310181580E-01  5.520824782E-02  1.234322922E+05  2.039562869E+02  3.509952431E+02  3.067930975E+02  3.466012878E+02  1.038583379E+00 
       572  5.066691057E-02  2.300652086E-01  5.723980181E-02  1.235528050E+05  2.057575322E+02  3.510686241E+02  3.069213275E+02  3.457300857E+02  1.032735833E+00 
       573  5.379140778E-02  2.290521307E-01  5.932353399E-02  1.241561004E+05  2.086301823E+02  3.512612257E+02  3.072583153E+02  3.432513447E+02  1.023294274E+00 
       574  5.683956615E-02  2.279793322E-01  6.149869556E-02  1.246495415E+05  2.124722071E+02  3.514956779E+02  3.076688251E+02  3.412665367E+02  1.011197586E+00 
       575  5.985072913E-02  2.269370111E-01  6.373374277E-02  1.246154121E+05  2.158119030E+02  3.516200047E+02  3.078865185E+02  3.417884808E+02  1.000819385E+00 
       576  6.280959972E-02  2.258492183E-01  6.601505396E-02  1.241715449E+05  2.190457469E+02  3.514717664E+02  3.076267615E+02  3.429991075E+02  9.907818596E-01 
       577  6.573461678E-02  2.247295145E-01  6.832363097E-02  1.237439872E+05  2.218995390E+02  3.512348509E+02  3.072121544E+02  3.426361504E+02  9.810803104E-01 
       578  6.865501872E-02  2.236625994E-01  7.064894084E-02  1.231847687E+05  2.255783861E+02  3.508093433E+02  3.064683688E+02  3.433011423E+02  9.694855905E-01 
       579  7.151541969E-02  2.224865137E-01  7.302188293E-02  1.218427139E+05  2.276826363E+02  3.502649412E+02  3.055179577E+02  3.453119850E+02  9.622906353E-01 
       580  7.433322259E-02  2.213060150E-01  7.543149031E-02  1.212817205E+05  2.278399038E+02  3.501723957E+02  3.053566713E+02  3.455354891E+02  9.607679546E-01 
       581  7.711325138E-02  2.201536844E-01  7.789825066E-02  1.229515979E+05  2.284992821E+02  3.510435922E+02  3.068782339E+02  3.409325124E+02  9.559312036E-01 
       582  7.981655167E-02  2.189959972E-01  8.044372180E-02  1.236200890E+05  2.315824544E+02  3.513700681E+02  3.074496217E+02  3.389942570E+02  9.445571536E-01 
       583  8.242371870E-02  2.177951216E-01  8.306797326E-02  1.233815625E+05  2.325548306E+02  3.513941288E+02  3.074922791E+02  3.386516438E+02  9.399576187E-01 
       584  8.497819178E-02  2.166305248E-01  8.576177505E-02  1.230116258E+05  2.332019466E+02  3.512832272E+02  3.072984762E+02  3.389319768E+02  9.369594110E-01 
       585  8.747465708E-02  2.155008942E-01  8.852176985E-02  1.226714629E+05  2.329250760E+02  3.512338867E+02  3.072126789E+02  3.387784863E+02  9.370328374E-01 
       586  8.983863293E-02  2.143275504E-01  9.137087988E-02  1.224756536E+05  2.320572188E+02  3.512426395E+02  3.072286015E+02  3.377918081E+02  9.385971762E-01 
       587  9.211779941E-02  2.131724912E-01  9.430579148E-02  1.225099290E+05  2.312004215E+02  3.512850895E+02  3.073038374E+02  3.365214248E+02  9.402597148E-01 
       588  9.424446159E-02  2.121023496E-01  9.738772987E-02  1.227156020E+05  2.291698329E+02  3.514646982E+02  3.076188173E+02  3.362139443E+02  9.460663507E-01 
       589  9.610967173E-02  2.111612431E-01  1.006666829E-01  1.228977343E+05  2.264064543E+02  3.515509337E+02  3.077707719E+02  3.362510808E+02  9.540228548E-01 
       590  9.742401869E-02  2.103903297E-01  1.042235364E-01  1.230140954E+05  2.226716035E+02  3.515006934E+02  3.076830278E+02  3.376453306E+02  9.650422562E-01 
       591  9.764724840E-02  2.101688920E-01  1.080985861E-01  1.230234250E+05  2.201138947E+02  3.510763574E+02  3.069395223E+02  3.389973950E+02  9.724970125E-01 
       592  9.763062643E-02  2.101108570E-01  1.119846410E-01  1.228721184E+05  2.199536234E+02  3.507258106E+02  3.063250740E+02  3.397339976E+02  9.729698601E-01 
       593  9.759894170E-02  2.100363093E-01  1.158782398E-01  1.226754980E+05  2.212968121E+02  3.512145941E+02  3.071805160E+02  3.395801113E+02  9.689700273E-01 
       594  9.760335841E-02  2.100041055E-01  1.197683889E-01  1.225817962E+05  2.221859935E+02  3.525589752E+02  3.095393212E+02  3.317772022E+02  9.651775833E-01 
       595  9.760552297E-02  2.099886023E-01  1.236588659E-01  1.226071700E+05  2.231912443E+02  3.542340194E+02  3.124866244E+02  3.156348393E+02  9.617703581E-01 
       596  9.760989540E-02  2.100145164E-01  1.275491461E-01  1.226982521E+05  2.249240211E+02  3.554512748E+02  3.146370384E+02  3.022863528E+02  9.577098936E-01 
       597  9.760550437E-02  2.100148949E-01  1.314412195E-01  1.228423315E+05  2.257296829E+02  3.560711880E+02  3.157366962E+02  3.020868530E+02  9.548992589E-01 
       598  9.762031038E-02  2.101034915E-01  1.353312483E-01  1.229415084E+05  2.268397390E+02  3.559782196E+02  3.155776944E+02  3.095341172E+02  9.502668153E-01 
       599  9.762506170E-02  2.101609083E-01  1.392228176E-01  1.230200313E+05  2.265538406E+02  3.553681418E+02  3.145006140E+02  3.177464580E+02  9.511925804E-01 
       600  9.764671237E-02  2.102092269E-01  1.431110049E-01  1.231418042E+05  2.244857881E+02  3.544552062E+02  3.128870182E+02  3.237265449E+02  9.579809494E-01 
       601  9.766256924E-02  2.102587391E-01  1.469999989E-01  1.232844663E+05  2.223464298E+02  3.538745775E+02  3.115813875E+02  3.273494568E+02  9.649582319E-01 
