nodenumber     x-coordinate     y-coordinate     z-coordinate         pressure velocity-magnitude      sound-speed      temperature rel-velocity-magnitude relative-velocity-angle 
         1 -2.216901913E-02  1.039879580E-01 -4.300600202E-02  8.754374385E+04  1.538798368E+02  3.330468734E+02  2.762190772E+02  2.358018625E+02  8.599159729E-01 
         2 -2.197401757E-02  1.042260031E-01 -4.002397295E-02  8.744447650E+04  1.548647158E+02  3.329569546E+02  2.760699122E+02  2.366403359E+02  8.576471910E-01 
         3 -2.150271627E-02  1.045375264E-01 -3.708169353E-02  8.735551660E+04  1.548865218E+02  3.329638655E+02  2.760813863E+02  2.368942304E+02  8.586830744E-01 
         4 -2.072290556E-02  1.049359494E-01 -3.421635317E-02  8.723374036E+04  1.553233595E+02  3.329250841E+02  2.760171351E+02  2.373195016E+02  8.583143922E-01 
         5 -1.964621854E-02  1.053757771E-01 -3.145501365E-02  8.710794751E+04  1.563039370E+02  3.328276834E+02  2.758556986E+02  2.385621743E+02  8.577187043E-01 
         6 -1.833909717E-02  1.058829391E-01 -2.880182754E-02  8.696799219E+04  1.571589289E+02  3.327444715E+02  2.757178245E+02  2.392661924E+02  8.559725657E-01 
         7 -1.686396899E-02  1.064019756E-01 -2.624136390E-02  8.677444189E+04  1.582951856E+02  3.326168642E+02  2.755062923E+02  2.406133962E+02  8.550574593E-01 
         8 -1.524276490E-02  1.069101094E-01 -2.376908005E-02  8.657244861E+04  1.589835861E+02  3.325336213E+02  2.753684011E+02  2.414842539E+02  8.547792509E-01 
         9 -1.353040875E-02  1.074492491E-01 -2.136449246E-02  8.636815833E+04  1.600031269E+02  3.324355755E+02  2.752060122E+02  2.426402144E+02  8.538005976E-01 
        10 -1.175719847E-02  1.079385502E-01 -1.899452623E-02  8.615626971E+04  1.614090248E+02  3.323081393E+02  2.749950924E+02  2.437986970E+02  8.508031648E-01 
        11 -9.920451205E-03  1.084473482E-01 -1.667649769E-02  8.608323172E+04  1.626032770E+02  3.322701600E+02  2.749322413E+02  2.447690408E+02  8.483161777E-01 
        12 -8.053093039E-03  1.089314126E-01 -1.437870322E-02  8.626854572E+04  1.632413204E+02  3.323470066E+02  2.750593489E+02  2.445228357E+02  8.445052272E-01 
        13 -6.139911673E-03  1.093816015E-01 -1.211111235E-02  8.678121509E+04  1.626619506E+02  3.326263151E+02  2.755219707E+02  2.432003489E+02  8.436853904E-01 
        14 -4.213714023E-03  1.098625599E-01 -9.853315987E-03  8.760556738E+04  1.601413641E+02  3.331018658E+02  2.763103065E+02  2.404134846E+02  8.484980129E-01 
        15 -2.267252226E-03  1.102821410E-01 -7.616721013E-03  8.864012988E+04  1.560912848E+02  3.336433449E+02  2.772096872E+02  2.369491549E+02  8.596111983E-01 
        16 -3.058463972E-04  1.106716081E-01 -5.380345181E-03  8.933879517E+04  1.498543048E+02  3.339650965E+02  2.777446289E+02  2.343535199E+02  8.859414980E-01 
        17  1.649896870E-03  1.110991589E-01 -3.144821902E-03  8.734097876E+04  1.465958387E+02  3.329211998E+02  2.760123367E+02  2.420915403E+02  9.321535453E-01 
        18  3.605378217E-03  1.114680886E-01 -8.997268064E-04  7.577380432E+04  1.760186315E+02  3.263187213E+02  2.651735535E+02  2.867946882E+02  9.421137329E-01 
        19  5.548952344E-03  1.118349081E-01  1.356589372E-03  7.002327661E+04  2.055391902E+02  3.231442280E+02  2.600389490E+02  3.030732222E+02  8.474267200E-01 
        20  7.472030685E-03  1.121892539E-01  3.633809071E-03  7.295652731E+04  2.108141918E+02  3.249380559E+02  2.629374063E+02  2.972464523E+02  7.931679268E-01 
        21  9.366594022E-03  1.125505666E-01  5.932977735E-03  7.665496014E+04  2.077586410E+02  3.271919565E+02  2.665969014E+02  2.838507111E+02  7.570743538E-01 
        22  1.122147558E-02  1.129077905E-01  8.263617067E-03  7.913977063E+04  2.073308964E+02  3.286369332E+02  2.689551453E+02  2.733618722E+02  7.207951039E-01 
        23  1.303284284E-02  1.132507638E-01  1.062953057E-02  8.070949772E+04  2.090532582E+02  3.295739682E+02  2.704902614E+02  2.685961964E+02  6.950846044E-01 
        24  1.479928419E-02  1.136234762E-01  1.303021626E-02  8.180073181E+04  2.137937775E+02  3.301366084E+02  2.714141402E+02  2.660466353E+02  6.620322641E-01 
        25  1.649617427E-02  1.139938279E-01  1.547769530E-02  8.275569452E+04  2.193141780E+02  3.305730839E+02  2.721322203E+02  2.634874494E+02  6.249633455E-01 
        26  1.811807173E-02  1.143837002E-01  1.797032872E-02  8.341830005E+04  2.249574604E+02  3.308728080E+02  2.726259060E+02  2.618452883E+02  5.904207602E-01 
        27  1.968166241E-02  1.148013513E-01  2.049621310E-02  8.350142310E+04  2.315414832E+02  3.309030592E+02  2.726755512E+02  2.619015317E+02  5.572211151E-01 
        28  2.119101764E-02  1.152299366E-01  2.305322148E-02  8.304538871E+04  2.403887870E+02  3.305530663E+02  2.720988752E+02  2.646999216E+02  5.223707630E-01 
        29  2.266338778E-02  1.156643914E-01  2.563116057E-02  8.247833612E+04  2.492786632E+02  3.301919785E+02  2.715050189E+02  2.681246563E+02  4.890597609E-01 
        30  2.408077791E-02  1.161159634E-01  2.823658064E-02  8.197627655E+04  2.572278111E+02  3.299708133E+02  2.711413109E+02  2.704033556E+02  4.568322902E-01 
        31  2.544088325E-02  1.165921105E-01  3.086849856E-02  8.141196008E+04  2.653805006E+02  3.296537313E+02  2.706206214E+02  2.727593937E+02  4.244201300E-01 
        32  2.674433127E-02  1.170738851E-01  3.352942364E-02  8.078565308E+04  2.742227781E+02  3.291812258E+02  2.698456590E+02  2.762973330E+02  3.930572048E-01 
        33  2.797950643E-02  1.175445507E-01  3.622298897E-02  8.020585553E+04  2.828266648E+02  3.287679261E+02  2.691683427E+02  2.800559276E+02  3.637197051E-01 
        34  2.916313541E-02  1.180056499E-01  3.893937175E-02  7.988689983E+04  2.896888745E+02  3.287136382E+02  2.690793815E+02  2.820643253E+02  3.368035033E-01 
        35  3.031249539E-02  1.184785399E-01  4.167042727E-02  7.996862729E+04  2.950658269E+02  3.289340219E+02  2.694399819E+02  2.823231893E+02  3.110020872E-01 
        36  3.139929926E-02  1.189405785E-01  4.442941843E-02  8.022137088E+04  3.012266994E+02  3.290586646E+02  2.696442685E+02  2.829127442E+02  2.824829675E-01 
        37  3.242013936E-02  1.193808800E-01  4.721660669E-02  8.079652639E+04  3.067770721E+02  3.293853967E+02  2.701802985E+02  2.822759469E+02  2.520626188E-01 
        38  3.340677803E-02  1.198011670E-01  5.002067675E-02  8.210079312E+04  3.097036883E+02  3.301664352E+02  2.714631671E+02  2.791435888E+02  2.254949097E-01 
        39  3.430413654E-02  1.201853153E-01  5.285529857E-02  8.383707813E+04  3.111657181E+02  3.311129360E+02  2.730220528E+02  2.743397484E+02  2.000145670E-01 
        40  3.515433510E-02  1.205874318E-01  5.570324370E-02  8.594637500E+04  3.109697666E+02  3.322573910E+02  2.749134178E+02  2.680906639E+02  1.777999084E-01 
        41  3.592907297E-02  1.209644065E-01  5.857535950E-02  8.831884497E+04  3.090540786E+02  3.335744467E+02  2.770976114E+02  2.607002234E+02  1.606547581E-01 
        42  3.664355424E-02  1.213334730E-01  6.146049591E-02  9.077747400E+04  3.058661823E+02  3.348269572E+02  2.791819282E+02  2.527744527E+02  1.489386111E-01 
        43  3.727845098E-02  1.217084379E-01  6.437276718E-02  9.304659448E+04  3.020762529E+02  3.358680897E+02  2.809201241E+02  2.453471527E+02  1.432566424E-01 
        44  3.781448665E-02  1.220744111E-01  6.730672953E-02  9.484654248E+04  2.983361378E+02  3.367114639E+02  2.823318100E+02  2.393917518E+02  1.438065465E-01 
        45  3.826762164E-02  1.224563704E-01  7.025293559E-02  9.601850623E+04  2.956214328E+02  3.372761245E+02  2.832792590E+02  2.357327416E+02  1.481205890E-01 
        46  3.856443464E-02  1.228195695E-01  7.317567491E-02  9.660556250E+04  2.936489868E+02  3.376717529E+02  2.839445038E+02  2.338426208E+02  1.551882625E-01 
        47  3.882754171E-02  1.231963568E-01  7.616928387E-02  9.676452557E+04  2.919049749E+02  3.382511525E+02  2.849214175E+02  2.318378975E+02  1.609688718E-01 
        48  3.896508106E-02  1.235573809E-01  7.913505459E-02  9.668381055E+04  2.871455040E+02  3.394664383E+02  2.869879227E+02  2.241752548E+02  1.663002260E-01 
        49  3.903512947E-02  1.239238609E-01  8.213137167E-02  9.658170520E+04  2.764677999E+02  3.417427690E+02  2.908759072E+02  2.052238485E+02  1.756092897E-01 
        50  3.900153017E-02  1.243001337E-01  8.510504302E-02  9.646933719E+04  2.582392035E+02  3.454230372E+02  2.971863068E+02  1.707164097E+02  1.851927374E-01 
        51  3.889299026E-02  1.246700891E-01  8.806950082E-02  9.613547479E+04  2.401931095E+02  3.492756960E+02  3.038393705E+02  1.236006205E+02  1.771466534E-01 
        52  3.870303970E-02  1.250405990E-01  9.105247242E-02  9.602554956E+04  2.339084730E+02  3.516829081E+02  3.080116396E+02  8.267889667E+01  4.194302094E-02 
        53  3.847530202E-02  1.253810613E-01  9.402032493E-02  9.643908447E+04  2.333797492E+02  3.527195709E+02  3.098260303E+02  4.900298923E+01 -3.751364858E-01 
        54  3.809583015E-02  1.257752167E-01  9.695318516E-02  9.683590430E+04  2.351428680E+02  3.527540321E+02  3.098806763E+02  4.128066397E+01 -1.614518076E+00 
        55  3.767199372E-02  1.261489404E-01  9.992435767E-02  9.813486865E+04  2.485782452E+02  3.524137859E+02  3.092800732E+02  4.821521246E+01 -1.974544369E+00 
        56  3.723780727E-02  1.265196365E-01  1.028569506E-01  9.970233157E+04  2.542025804E+02  3.514211177E+02  3.075416224E+02  6.888842952E+01 -1.082978268E+00 
        57  3.672955052E-02  1.269046997E-01  1.057947981E-01  1.011873209E+05  2.435041075E+02  3.497824411E+02  3.046790552E+02  1.108683898E+02 -2.867751010E-02 
        58  3.615520807E-02  1.273091289E-01  1.087154776E-01  1.035651091E+05  2.364000854E+02  3.474496031E+02  3.006311493E+02  1.501314120E+02  2.633651430E-01 
        59  3.556812424E-02  1.277144368E-01  1.116309472E-01  1.061484424E+05  2.433450770E+02  3.450025122E+02  2.964101002E+02  1.763147509E+02  2.841007418E-01 
        60  3.495651588E-02  1.281329458E-01  1.145394580E-01  1.077294290E+05  2.513780308E+02  3.438883271E+02  2.944964929E+02  1.850826931E+02  2.574101412E-01 
        61  3.433795015E-02  1.285471243E-01  1.174457346E-01  1.082204248E+05  2.601382477E+02  3.435033860E+02  2.938374209E+02  1.893316209E+02  2.168610243E-01 
        62  3.376061330E-02  1.289460490E-01  1.203607660E-01  1.081111257E+05  2.674216890E+02  3.432661550E+02  2.934314835E+02  1.934513955E+02  1.869973575E-01 
        63  3.331803132E-02  1.293309423E-01  1.232882868E-01  1.079894495E+05  2.697192807E+02  3.432922044E+02  2.934755250E+02  1.959191123E+02  1.833558846E-01 
        64  3.310586596E-02  1.296649637E-01  1.262581306E-01  1.079888143E+05  2.706337550E+02  3.430888884E+02  2.931279404E+02  1.971517287E+02  1.839182782E-01 
        65  3.306639982E-02  1.299493947E-01  1.292495641E-01  1.079880030E+05  2.708848598E+02  3.429501926E+02  2.928905797E+02  1.996606389E+02  1.928457418E-01 
        66  3.322486525E-02  1.302097713E-01  1.322380794E-01  1.079113678E+05  2.718100787E+02  3.428409724E+02  2.927040431E+02  2.013786586E+02  1.952309242E-01 
        67  3.356462385E-02  1.304573038E-01  1.352130229E-01  1.077200956E+05  2.730157872E+02  3.427925985E+02  2.926215409E+02  2.021435304E+02  1.929486405E-01 
        68  3.400410102E-02  1.306751199E-01  1.381765647E-01  1.073886324E+05  2.744642887E+02  3.427219844E+02  2.925009325E+02  2.030805111E+02  1.898021235E-01 
        69  3.451963359E-02  1.308741206E-01  1.411278790E-01  1.070682637E+05  2.760166264E+02  3.426466465E+02  2.923723226E+02  2.050644348E+02  1.897713481E-01 
        70  3.508991352E-02  1.310576265E-01  1.440660380E-01  1.067235682E+05  2.776738231E+02  3.425300379E+02  2.921733508E+02  2.074843011E+02  1.906489099E-01 
        71  3.570211579E-02  1.312503676E-01  1.470000000E-01  1.062950313E+05  2.794557457E+02  3.423330383E+02  2.918343239E+02  2.101497612E+02  1.914077662E-01 
        72 -2.843361623E-02  1.708417341E-01 -4.258217492E-02  8.208956763E+04  1.840471697E+02  3.299691315E+02  2.711375446E+02  3.446301184E+02  1.007379692E+00 
        73 -2.838826984E-02  1.709653765E-01 -3.916427879E-02  8.217501593E+04  1.836559572E+02  3.300661242E+02  2.712970638E+02  3.446500654E+02  1.008822368E+00 
        74 -2.835908450E-02  1.711140563E-01 -3.574649433E-02  8.236952917E+04  1.835636128E+02  3.301779566E+02  2.714810104E+02  3.426917839E+02  1.005836543E+00 
        75 -2.838361088E-02  1.712589164E-01 -3.232950605E-02  8.274392432E+04  1.836661439E+02  3.303211031E+02  2.717166348E+02  3.437575712E+02  1.007422470E+00 
        76 -2.841360827E-02  1.714319125E-01 -2.891476756E-02  8.319727905E+04  1.823337693E+02  3.306827202E+02  2.723117323E+02  3.412547474E+02  1.007527038E+00 
        77 -2.833774301E-02  1.716334782E-01 -2.549995819E-02  8.377119492E+04  1.810989826E+02  3.310137807E+02  2.728572384E+02  3.400873839E+02  1.009661445E+00 
        78 -2.791452343E-02  1.719215161E-01 -2.212016887E-02  8.423664502E+04  1.810208941E+02  3.311475792E+02  2.730779400E+02  3.389505005E+02  1.008165050E+00 
        79 -2.700703325E-02  1.722886754E-01 -1.884820631E-02  8.416001855E+04  1.800652847E+02  3.311540775E+02  2.730890226E+02  3.410754776E+02  1.015156254E+00 
        80 -2.544395246E-02  1.727209334E-01 -1.584518523E-02  8.317466455E+04  1.818243048E+02  3.305489759E+02  2.720920355E+02  3.436603105E+02  1.013794868E+00 
        81 -2.351536464E-02  1.732363399E-01 -1.306823492E-02  8.133545972E+04  1.846250726E+02  3.295964725E+02  2.705256945E+02  3.487691855E+02  1.013407763E+00 
        82 -2.134527601E-02  1.737374909E-01 -1.047435973E-02  7.872246161E+04  1.916946372E+02  3.279491702E+02  2.678299258E+02  3.548603452E+02  1.000786599E+00 
        83 -1.897326710E-02  1.742189522E-01 -8.035177519E-03  7.586311765E+04  1.969688352E+02  3.264713134E+02  2.654210070E+02  3.628038568E+02  9.980953615E-01 
        84 -1.652827274E-02  1.746780172E-01 -5.688541800E-03  7.360676117E+04  2.059341640E+02  3.247992287E+02  2.627096791E+02  3.703106689E+02  9.828889994E-01 
        85 -1.397929867E-02  1.751251779E-01 -3.446989688E-03  7.264395251E+04  2.091537051E+02  3.243195581E+02  2.619355197E+02  3.724666653E+02  9.763951693E-01 
        86 -1.139011487E-02  1.755573757E-01 -1.256774906E-03  7.345487915E+04  2.107360306E+02  3.247550502E+02  2.626420341E+02  3.716559944E+02  9.695616011E-01 
        87 -8.734274343E-03  1.759085237E-01  8.667805443E-04  7.814534326E+04  2.053634561E+02  3.276211369E+02  2.673020222E+02  3.596616464E+02  9.641958736E-01 
        88 -6.073383534E-03  1.762548475E-01  2.984781313E-03  8.821345435E+04  1.906190366E+02  3.334351170E+02  2.768703839E+02  3.314003823E+02  9.654628495E-01 
        89 -3.359730182E-03  1.765819110E-01  5.053045394E-03  9.766485480E+04  1.748717059E+02  3.381356046E+02  2.847279636E+02  3.066417253E+02  9.864396392E-01 
        90 -6.741955509E-04  1.768270807E-01  7.130208361E-03  9.699472399E+04  1.683630435E+02  3.376115730E+02  2.838451194E+02  3.097627818E+02  1.012736963E+00 
        91  2.027043660E-03  1.770783858E-01  9.208570588E-03  7.857958456E+04  1.972549569E+02  3.273404506E+02  2.668439419E+02  3.590406751E+02  9.906784892E-01 
        92  4.731686997E-03  1.772422585E-01  1.127155269E-02  7.371670468E+04  2.106145230E+02  3.249837623E+02  2.630089731E+02  3.727129265E+02  9.717975995E-01 
        93  7.454465044E-03  1.773874983E-01  1.334309669E-02  7.386560405E+04  2.074296568E+02  3.250406433E+02  2.631010537E+02  3.693019075E+02  9.755758222E-01 
        94  1.015989937E-02  1.775222933E-01  1.545596277E-02  7.081206820E+04  2.155624109E+02  3.232085658E+02  2.601488487E+02  3.793329693E+02  9.692221201E-01 
        95  1.284858280E-02  1.775661421E-01  1.756817794E-02  6.741249756E+04  2.275400174E+02  3.209567548E+02  2.565369929E+02  3.923093755E+02  9.567472111E-01 
        96  1.551966693E-02  1.776138061E-01  1.970369132E-02  6.442166351E+04  2.372975528E+02  3.188119545E+02  2.531237044E+02  4.013188915E+02  9.440532709E-01 
        97  1.817410325E-02  1.776258069E-01  2.186017323E-02  6.168765527E+04  2.445968580E+02  3.170232253E+02  2.502890759E+02  4.071159930E+02  9.329322577E-01 
        98  2.080993586E-02  1.775631240E-01  2.403936301E-02  5.970430371E+04  2.525289288E+02  3.155480742E+02  2.479636536E+02  4.125380716E+02  9.188855737E-01 
        99  2.341570779E-02  1.774969016E-01  2.625394818E-02  5.928011316E+04  2.580229974E+02  3.152010870E+02  2.474195738E+02  4.154998331E+02  9.068365246E-01 
       100  2.600295182E-02  1.773818036E-01  2.848806157E-02  6.104256787E+04  2.600543699E+02  3.165200834E+02  2.495050507E+02  4.115047073E+02  8.911323324E-01 
       101  2.856627515E-02  1.771883875E-01  3.074502562E-02  6.650657080E+04  2.558063784E+02  3.203801804E+02  2.556822720E+02  3.957128906E+02  8.718718290E-01 
       102  3.110662233E-02  1.769811535E-01  3.302644514E-02  7.502101611E+04  2.464362869E+02  3.260440693E+02  2.647986803E+02  3.711772308E+02  8.521179724E-01 
       103  3.362247542E-02  1.767159818E-01  3.532849163E-02  8.172762231E+04  2.428577752E+02  3.299883585E+02  2.711910758E+02  3.530483780E+02  8.282022718E-01 
       104  3.610895472E-02  1.763647845E-01  3.765120331E-02  8.297035938E+04  2.473803930E+02  3.306866636E+02  2.723264217E+02  3.502481432E+02  8.077717116E-01 
       105  3.856497337E-02  1.759966372E-01  4.000321012E-02  8.057499747E+04  2.561499202E+02  3.293358124E+02  2.701039982E+02  3.570519831E+02  7.906881683E-01 
       106  4.103059304E-02  1.755360248E-01  4.234569910E-02  7.843149506E+04  2.642244001E+02  3.280284665E+02  2.679606311E+02  3.635996185E+02  7.754295794E-01 
       107  4.340106546E-02  1.750377176E-01  4.474435622E-02  7.878057040E+04  2.678413989E+02  3.283113332E+02  2.684239507E+02  3.626428252E+02  7.612426055E-01 
       108  4.575540032E-02  1.745445103E-01  4.717695363E-02  8.217748901E+04  2.665152440E+02  3.303862081E+02  2.718328791E+02  3.522862868E+02  7.461370071E-01 
       109  4.807037784E-02  1.739953488E-01  4.963532790E-02  8.835958789E+04  2.615829649E+02  3.338329697E+02  2.775422487E+02  3.354495764E+02  7.331528366E-01 
       110  5.034733117E-02  1.734133857E-01  5.212084081E-02  9.489520557E+04  2.570451260E+02  3.373516312E+02  2.834156208E+02  3.160426216E+02  7.165112495E-01 
       111  5.258765486E-02  1.728405975E-01  5.464144749E-02  9.928625098E+04  2.570698986E+02  3.394718761E+02  2.869817009E+02  3.050195370E+02  6.986620910E-01 
       112  5.479076840E-02  1.722430532E-01  5.718902978E-02  1.021236260E+05  2.581903820E+02  3.407251377E+02  2.891035852E+02  3.004148645E+02  6.874899808E-01 
       113  5.694737683E-02  1.716020731E-01  5.976586917E-02  1.050729205E+05  2.580946112E+02  3.419938707E+02  2.912610683E+02  2.933261263E+02  6.774126939E-01 
       114  5.911848447E-02  1.709340834E-01  6.233872565E-02  1.084135782E+05  2.568053655E+02  3.434718352E+02  2.937838646E+02  2.840865726E+02  6.689281015E-01 
       115  6.119351897E-02  1.703313828E-01  6.496775561E-02  1.112964915E+05  2.550399585E+02  3.448635216E+02  2.961691470E+02  2.748270831E+02  6.635716334E-01 
       116  6.319798910E-02  1.696485115E-01  6.765543605E-02  1.135988405E+05  2.536831517E+02  3.459731050E+02  2.980771217E+02  2.686945386E+02  6.608098513E-01 
       117  6.520189851E-02  1.689621155E-01  7.034628384E-02  1.156888281E+05  2.528464994E+02  3.467851305E+02  2.994777250E+02  2.638448610E+02  6.582691912E-01 
       118  6.717992039E-02  1.682884043E-01  7.305807409E-02  1.174489790E+05  2.501695929E+02  3.476419668E+02  3.009594755E+02  2.598979254E+02  6.645403765E-01 
       119  6.910755662E-02  1.675987334E-01  7.579818779E-02  1.188189814E+05  2.499379494E+02  3.480375195E+02  3.016447148E+02  2.571439321E+02  6.627229857E-01 
       120  7.101404689E-02  1.668389198E-01  7.852135391E-02  1.197272575E+05  2.467250758E+02  3.485400453E+02  3.025162556E+02  2.537717073E+02  6.722977539E-01 
       121  7.286652020E-02  1.661304029E-01  8.130170181E-02  1.197678952E+05  2.453856982E+02  3.485172135E+02  3.024766805E+02  2.532767476E+02  6.775980585E-01 
       122  7.473378469E-02  1.653966549E-01  8.408122010E-02  1.197142412E+05  2.434147835E+02  3.486126213E+02  3.026426868E+02  2.539000816E+02  6.865148582E-01 
       123  7.654776682E-02  1.646234676E-01  8.688218818E-02  1.196354333E+05  2.424865932E+02  3.487188396E+02  3.028277683E+02  2.539860191E+02  6.905354671E-01 
       124  7.830115451E-02  1.638494494E-01  8.971806956E-02  1.194569482E+05  2.422549381E+02  3.489627266E+02  3.032528915E+02  2.541515350E+02  6.918980181E-01 
       125  8.003223315E-02  1.630890187E-01  9.257063461E-02  1.193403491E+05  2.427235527E+02  3.491223154E+02  3.035316010E+02  2.530374937E+02  6.894406769E-01 
       126  8.174167210E-02  1.623344685E-01  9.543869445E-02  1.192714493E+05  2.415282466E+02  3.495066850E+02  3.042027237E+02  2.509033992E+02  6.931794886E-01 
       127  8.339566060E-02  1.615413001E-01  9.829620033E-02  1.191201455E+05  2.393463539E+02  3.502003916E+02  3.054158142E+02  2.480240870E+02  7.006727285E-01 
       128  8.500809507E-02  1.607572746E-01  1.012133408E-01  1.187994335E+05  2.388874016E+02  3.507827108E+02  3.064350159E+02  2.441886846E+02  7.005716842E-01 
       129  8.654116005E-02  1.600133249E-01  1.041766726E-01  1.185704224E+05  2.394395330E+02  3.510837313E+02  3.069603059E+02  2.379915757E+02  6.945015481E-01 
       130  8.807530659E-02  1.592883350E-01  1.071513815E-01  1.186281418E+05  2.374438796E+02  3.517319012E+02  3.080918555E+02  2.283193870E+02  6.987304036E-01 
       131  8.946870181E-02  1.585918917E-01  1.101955952E-01  1.186704416E+05  2.292784615E+02  3.533796775E+02  3.109812763E+02  2.180373101E+02  7.324131411E-01 
       132  9.078169785E-02  1.579398834E-01  1.132895212E-01  1.185464908E+05  2.254594679E+02  3.539677744E+02  3.120137422E+02  2.123983134E+02  7.483924851E-01 
       133  9.193376095E-02  1.573753789E-01  1.164622823E-01  1.185807968E+05  2.286577649E+02  3.533765316E+02  3.109715354E+02  2.097116742E+02  7.319761217E-01 
       134  9.287851211E-02  1.569754829E-01  1.197270904E-01  1.185558859E+05  2.308252829E+02  3.525613834E+02  3.095392289E+02  2.165934879E+02  7.235749970E-01 
       135  9.346963790E-02  1.567893278E-01  1.230899614E-01  1.184395027E+05  2.337050047E+02  3.508947068E+02  3.066253237E+02  2.375028535E+02  7.224780256E-01 
       136  9.376445592E-02  1.568076376E-01  1.265149706E-01  1.184773905E+05  2.392796168E+02  3.488612394E+02  3.030790448E+02  2.565008187E+02  7.119400026E-01 
       137  9.391306034E-02  1.569225935E-01  1.299303306E-01  1.183466055E+05  2.417155933E+02  3.478824310E+02  3.013766937E+02  2.608730373E+02  7.058524266E-01 
       138  9.402896493E-02  1.570765633E-01  1.333445553E-01  1.182057393E+05  2.414322062E+02  3.477544785E+02  3.011544571E+02  2.590834150E+02  7.059223335E-01 
       139  9.417960043E-02  1.572174564E-01  1.367593072E-01  1.180746521E+05  2.423080311E+02  3.477075319E+02  3.010730243E+02  2.599912367E+02  7.040289901E-01 
       140  9.437397158E-02  1.573466446E-01  1.401725853E-01  1.179246312E+05  2.432879035E+02  3.477441316E+02  3.011364756E+02  2.615371537E+02  7.023970028E-01 
       141  9.455826038E-02  1.574868932E-01  1.435861248E-01  1.178479882E+05  2.437272541E+02  3.479274894E+02  3.014538869E+02  2.617428104E+02  7.015769966E-01 
       142  9.468914447E-02  1.576724412E-01  1.470000022E-01  1.178366567E+05  2.440235147E+02  3.480344543E+02  3.016500168E+02  2.619983196E+02  7.015310228E-01 
       143 -2.515044289E-02  2.387134140E-01 -4.211006034E-02  8.313352107E+04  1.811967993E+02  3.305672054E+02  2.721214346E+02  4.413945572E+02  1.147844230E+00 
       144 -2.515073613E-02  2.387267259E-01 -3.821832766E-02  8.449582242E+04  1.781006624E+02  3.313138812E+02  2.733528779E+02  4.385430678E+02  1.152881731E+00 
       145 -2.514274647E-02  2.387409373E-01 -3.433018188E-02  8.576944305E+04  1.742590887E+02  3.320955006E+02  2.746442974E+02  4.327584900E+02  1.157066642E+00 
       146 -2.514933814E-02  2.387615668E-01 -3.043885368E-02  8.599874889E+04  1.751770838E+02  3.321112155E+02  2.746698436E+02  4.352813701E+02  1.157293848E+00 
       147 -2.514205174E-02  2.387863737E-01 -2.655197175E-02  8.483345010E+04  1.781023394E+02  3.314476731E+02  2.735739964E+02  4.381585695E+02  1.153031231E+00 
       148 -2.514801404E-02  2.388163633E-01 -2.268742808E-02  8.265885884E+04  1.816866741E+02  3.304541053E+02  2.719376284E+02  4.404296785E+02  1.146846161E+00 
       149 -2.514603624E-02  2.387984711E-01 -1.877579094E-02  8.065554492E+04  1.877630405E+02  3.292644463E+02  2.699817657E+02  4.451471710E+02  1.136099368E+00 
       150 -2.513833525E-02  2.388756875E-01 -1.487946342E-02  7.916958534E+04  1.916867672E+02  3.283211125E+02  2.684361250E+02  4.501834268E+02  1.131744648E+00 
       151 -2.514495058E-02  2.389300222E-01 -1.098752945E-02  7.907009711E+04  1.920433568E+02  3.282168390E+02  2.682662287E+02  4.510418978E+02  1.131849869E+00 
       152 -2.501801490E-02  2.389948317E-01 -7.101428526E-03  8.094421585E+04  1.878250494E+02  3.292448308E+02  2.699512482E+02  4.457542969E+02  1.136586527E+00 
       153 -2.403359079E-02  2.391541778E-01 -3.362202731E-03  8.575029744E+04  1.740368834E+02  3.320672045E+02  2.745981067E+02  4.366004637E+02  1.161369421E+00 
       154 -2.203079393E-02  2.393877231E-01 -4.501692070E-05  8.940712106E+04  1.653447728E+02  3.339238971E+02  2.776773284E+02  4.288140514E+02  1.175675460E+00 
       155 -1.942355624E-02  2.396357170E-01  2.825132604E-03  8.658934967E+04  1.746201850E+02  3.322363825E+02  2.748802101E+02  4.328311052E+02  1.156273463E+00 
       156 -1.648721574E-02  2.398964014E-01  5.342831758E-03  8.143127490E+04  1.846855919E+02  3.297034569E+02  2.707052252E+02  4.468727798E+02  1.145138292E+00 
       157 -1.330897545E-02  2.400801911E-01  7.594698846E-03  8.003950488E+04  1.899734752E+02  3.285679197E+02  2.688416667E+02  4.471345506E+02  1.132244999E+00 
       158 -1.004552185E-02  2.402353079E-01  9.709455816E-03  8.062542419E+04  1.859608414E+02  3.290395012E+02  2.696139841E+02  4.476782808E+02  1.142849829E+00 
       159 -6.714656287E-03  2.403804415E-01  1.171394437E-02  8.064059424E+04  1.848925577E+02  3.290571079E+02  2.696426396E+02  4.459492356E+02  1.144164688E+00 
       160 -3.322138608E-03  2.404066774E-01  1.362735999E-02  7.996091119E+04  1.870453062E+02  3.286182566E+02  2.689244279E+02  4.490136817E+02  1.142466896E+00 
       161  9.783589121E-05  2.404201762E-01  1.547870720E-02  7.972513647E+04  1.867001948E+02  3.286109786E+02  2.689132929E+02  4.485320020E+02  1.143961763E+00 
       162  3.534439975E-03  2.403949673E-01  1.730379042E-02  8.192851880E+04  1.822114067E+02  3.298430223E+02  2.709532728E+02  4.461821308E+02  1.154262397E+00 
       163  6.969024296E-03  2.402279751E-01  1.908412837E-02  9.166795190E+04  1.560533580E+02  3.354442346E+02  2.802478983E+02  4.237078655E+02  1.200369532E+00 
       164  1.043411823E-02  2.400800089E-01  2.085152946E-02  7.854180421E+04  1.907111484E+02  3.283975931E+02  2.685643061E+02  4.490871813E+02  1.136467770E+00 
       165  1.388371434E-02  2.398652026E-01  2.263181169E-02  7.903980536E+04  1.865827587E+02  3.288408527E+02  2.692881148E+02  4.466726813E+02  1.143420560E+00 
       166  1.734145131E-02  2.394992745E-01  2.440657916E-02  7.880021948E+04  1.855768838E+02  3.288675437E+02  2.693311656E+02  4.415201206E+02  1.141370511E+00 
       167  2.080043859E-02  2.391294908E-01  2.615375350E-02  7.880223973E+04  1.882614685E+02  3.287090986E+02  2.690730370E+02  4.427272097E+02  1.135683458E+00 
       168  2.424052770E-02  2.387186889E-01  2.792040504E-02  7.891687000E+04  1.892808409E+02  3.288279247E+02  2.692672906E+02  4.432125978E+02  1.133973935E+00 
       169  2.766624902E-02  2.381908713E-01  2.968394578E-02  7.875451257E+04  1.913175251E+02  3.288002963E+02  2.692213688E+02  4.425353971E+02  1.128777448E+00 
       170  3.108229850E-02  2.375970478E-01  3.144655572E-02  7.848363379E+04  1.948637043E+02  3.285718253E+02  2.688474267E+02  4.441773121E+02  1.121673518E+00 
       171  3.449726266E-02  2.369314331E-01  3.319569832E-02  7.856108334E+04  1.957367457E+02  3.288307624E+02  2.692727230E+02  4.434408715E+02  1.119654142E+00 
       172  3.787267708E-02  2.362004853E-01  3.498142333E-02  7.902263391E+04  1.964827433E+02  3.292914600E+02  2.700292907E+02  4.407609634E+02  1.116849279E+00 
       173  4.123744789E-02  2.354271843E-01  3.677379579E-02  7.934992932E+04  1.986020808E+02  3.293963895E+02  2.702021403E+02  4.389956336E+02  1.112342849E+00 
       174  4.456263149E-02  2.345133553E-01  3.856958315E-02  7.879115675E+04  2.032466148E+02  3.288250559E+02  2.692648275E+02  4.393259038E+02  1.103048625E+00 
       175  4.789152860E-02  2.335402793E-01  4.034492433E-02  7.716924838E+04  2.075761203E+02  3.279130567E+02  2.677727636E+02  4.412974329E+02  1.094774189E+00 
       176  5.119514426E-02  2.325727211E-01  4.215365701E-02  7.519244523E+04  2.135971146E+02  3.266300117E+02  2.656820761E+02  4.458019446E+02  1.085140083E+00 
       177  5.444737908E-02  2.314873556E-01  4.396264389E-02  7.315041118E+04  2.197600377E+02  3.252539779E+02  2.634471814E+02  4.526861713E+02  1.078149084E+00 
       178  5.771043354E-02  2.303389779E-01  4.576361213E-02  7.107828177E+04  2.261414834E+02  3.237804641E+02  2.610661099E+02  4.575289581E+02  1.068828649E+00 
       179  6.093363739E-02  2.292015055E-01  4.761570799E-02  6.865086707E+04  2.336993799E+02  3.223491430E+02  2.587630825E+02  4.618640604E+02  1.056121936E+00 
       180  6.411569228E-02  2.279427553E-01  4.946832252E-02  6.681676880E+04  2.458639641E+02  3.211983824E+02  2.569191465E+02  4.662955780E+02  1.031635813E+00 
       181  6.728438578E-02  2.267057043E-01  5.135068917E-02  6.909732336E+04  2.596087003E+02  3.228716259E+02  2.596265607E+02  4.642863712E+02  9.914815631E-01 
       182  7.045491472E-02  2.254566135E-01  5.324396322E-02  8.078980994E+04  2.629892263E+02  3.300604291E+02  2.713563666E+02  4.373562636E+02  9.498350471E-01 
       183  7.352398986E-02  2.240979077E-01  5.520813549E-02  9.647982861E+04  2.497808518E+02  3.379847455E+02  2.845144024E+02  4.035499697E+02  9.482697118E-01 
       184  7.654294831E-02  2.227589545E-01  5.724026033E-02  1.040098301E+05  2.313900819E+02  3.426815125E+02  2.924400711E+02  3.821473235E+02  9.785955299E-01 
       185  7.954929441E-02  2.214414527E-01  5.933596166E-02  1.081336797E+05  2.442140274E+02  3.438088636E+02  2.943694572E+02  3.807829952E+02  9.394789059E-01 
       186  8.244157493E-02  2.200232159E-01  6.149679439E-02  1.248485859E+05  2.395430908E+02  3.510899277E+02  3.069684830E+02  3.436180191E+02  9.315991104E-01 
       187  8.531452000E-02  2.186177542E-01  6.372436707E-02  1.194122977E+05  2.420606439E+02  3.487202950E+02  3.028318150E+02  3.511794689E+02  9.243831062E-01 
       188  8.816039266E-02  2.172472440E-01  6.601424901E-02  1.215477588E+05  2.344926138E+02  3.496903677E+02  3.045168424E+02  3.507221622E+02  9.445920251E-01 
       189  9.092008057E-02  2.157826082E-01  6.831794754E-02  1.216653758E+05  2.281823870E+02  3.497144999E+02  3.045610911E+02  3.486224618E+02  9.605293835E-01 
       190  9.367581728E-02  2.143255962E-01  7.064980943E-02  1.218577442E+05  2.242530595E+02  3.498562351E+02  3.048060603E+02  3.463558870E+02  9.698659923E-01 
       191  9.641114101E-02  2.128789625E-01  7.302159977E-02  1.224655909E+05  2.204632809E+02  3.501242940E+02  3.052734473E+02  3.462308321E+02  9.800176090E-01 
       192  9.907895187E-02  2.114028516E-01  7.542603674E-02  1.226327980E+05  2.209180577E+02  3.500035086E+02  3.050629439E+02  3.440145950E+02  9.779655701E-01 
       193  1.016896232E-01  2.099003163E-01  7.789626121E-02  1.228859728E+05  2.186532555E+02  3.506320772E+02  3.061597848E+02  3.436706328E+02  9.839542350E-01 
       194  1.042573666E-01  2.084682280E-01  8.044071344E-02  1.228291973E+05  2.221678700E+02  3.507018583E+02  3.062828143E+02  3.441704404E+02  9.733337699E-01 
       195  1.067132028E-01  2.069758083E-01  8.306726980E-02  1.228536993E+05  2.219793912E+02  3.514899496E+02  3.076622767E+02  3.421096279E+02  9.726413919E-01 
       196  1.091091693E-01  2.055182938E-01  8.576040538E-02  1.228271038E+05  2.228775447E+02  3.526300336E+02  3.096672527E+02  3.386218519E+02  9.685822823E-01 
       197  1.114533399E-01  2.040960959E-01  8.851719904E-02  1.226824064E+05  2.229845255E+02  3.542052925E+02  3.124458570E+02  3.327939225E+02  9.666935501E-01 
       198  1.136946430E-01  2.026973542E-01  9.137514269E-02  1.224429460E+05  2.244705177E+02  3.555983946E+02  3.149065197E+02  3.227996107E+02  9.611726485E-01 
       199  1.158224243E-01  2.012857480E-01  9.431046231E-02  1.224033969E+05  2.254176954E+02  3.570274962E+02  3.174378891E+02  3.072180658E+02  9.604450385E-01 
       200  1.177983438E-01  1.999614296E-01  9.738734661E-02  1.224205662E+05  2.273036439E+02  3.581375285E+02  3.194095123E+02  2.922129586E+02  9.586802162E-01 
       201  1.195376812E-01  1.988013159E-01  1.006637087E-01  1.225137056E+05  2.324611794E+02  3.580094133E+02  3.191798529E+02  2.836058044E+02  9.439905380E-01 
       202  1.207748534E-01  1.979244993E-01  1.042263433E-01  1.224116176E+05  2.348603783E+02  3.567972989E+02  3.170284574E+02  2.939476366E+02  9.328646585E-01 
       203  1.209766187E-01  1.976967879E-01  1.080979692E-01  1.224270019E+05  2.346547359E+02  3.541454790E+02  3.123387959E+02  3.257889967E+02  9.310733470E-01 
       204  1.209415894E-01  1.976147862E-01  1.119887176E-01  1.226080539E+05  2.306743348E+02  3.520635847E+02  3.086714571E+02  3.352738574E+02  9.415159652E-01 
       205  1.209136670E-01  1.975679793E-01  1.158784497E-01  1.227043880E+05  2.274926035E+02  3.511402624E+02  3.070500945E+02  3.391341451E+02  9.506652935E-01 
       206  1.209140530E-01  1.975343277E-01  1.197687765E-01  1.227473723E+05  2.237968827E+02  3.511290352E+02  3.070299416E+02  3.394929009E+02  9.615355044E-01 
       207  1.209033119E-01  1.974945510E-01  1.236620610E-01  1.227914639E+05  2.206374710E+02  3.515140797E+02  3.077052163E+02  3.352395508E+02  9.698969102E-01 
       208  1.208998844E-01  1.975608583E-01  1.275528569E-01  1.227579450E+05  2.210401420E+02  3.518639388E+02  3.083228357E+02  3.370434513E+02  9.699818625E-01 
       209  1.209086196E-01  1.975927695E-01  1.314428594E-01  1.227625839E+05  2.207442243E+02  3.524548932E+02  3.093613807E+02  3.373771502E+02  9.711394525E-01 
       210  1.209261261E-01  1.976437754E-01  1.353324952E-01  1.228168432E+05  2.218800933E+02  3.530606127E+02  3.104271995E+02  3.320147024E+02  9.672119657E-01 
       211  1.209477387E-01  1.976921952E-01  1.392217013E-01  1.227970541E+05  2.209270174E+02  3.539232643E+02  3.119471671E+02  3.216761253E+02  9.706923671E-01 
       212  1.209659901E-01  1.977439656E-01  1.431109690E-01  1.229976960E+05  2.192897739E+02  3.549951513E+02  3.138238020E+02  3.078557613E+02  9.767059232E-01 
       213  1.210017723E-01  1.977818072E-01  1.470000027E-01  1.231597280E+05  2.206979628E+02  3.554415894E+02  3.144367313E+02  3.018589878E+02  9.736034572E-01 
       214 -1.337431699E-02  1.053111530E-01 -4.600000000E-02  8.763302246E+04  1.546326942E+02  3.330447235E+02  2.764440956E+02  2.356067562E+02  8.548948616E-01 
       215 -1.336879354E-02  1.054912688E-01 -4.299898917E-02  8.748437598E+04  1.538756428E+02  3.330662441E+02  2.762511916E+02  2.358302164E+02  8.599977065E-01 
       216 -1.321272523E-02  1.057016208E-01 -4.000664894E-02  8.748438965E+04  1.543491430E+02  3.329989223E+02  2.761395187E+02  2.364808426E+02  8.598860055E-01 
       217 -1.269691607E-02  1.059729593E-01 -3.706120983E-02  8.737131381E+04  1.546574645E+02  3.329631250E+02  2.760801192E+02  2.365319833E+02  8.586360823E-01 
       218 -1.181263769E-02  1.063072321E-01 -3.420969757E-02  8.717660016E+04  1.560838077E+02  3.328282855E+02  2.758565646E+02  2.383909817E+02  8.578120261E-01 
       219 -1.066241908E-02  1.066659143E-01 -3.145726216E-02  8.704656195E+04  1.565584110E+02  3.327954993E+02  2.758022799E+02  2.389127021E+02  8.574788230E-01 
       220 -9.280794463E-03  1.070573859E-01 -2.881758489E-02  8.684960780E+04  1.577211772E+02  3.326819111E+02  2.756139916E+02  2.399497971E+02  8.550707203E-01 
       221 -7.735023178E-03  1.074435380E-01 -2.626912607E-02  8.675262366E+04  1.580179732E+02  3.326824121E+02  2.756147977E+02  2.400631399E+02  8.543317113E-01 
       222 -6.047350445E-03  1.078135440E-01 -2.381048416E-02  8.669027020E+04  1.593020488E+02  3.325424521E+02  2.753829917E+02  2.413535016E+02  8.525014574E-01 
       223 -4.299611852E-03  1.081916589E-01 -2.139379423E-02  8.662900192E+04  1.594158860E+02  3.326614848E+02  2.755801772E+02  2.413212409E+02  8.524533453E-01 
       224 -2.461870607E-03  1.085505379E-01 -1.904289133E-02  8.665972047E+04  1.600740440E+02  3.325474336E+02  2.753912224E+02  2.418891162E+02  8.511584582E-01 
       225 -5.886173328E-04  1.088780789E-01 -1.671486844E-02  8.678196606E+04  1.598893059E+02  3.326975980E+02  2.756400815E+02  2.417794885E+02  8.522726486E-01 
       226  1.337912187E-03  1.092215599E-01 -1.443302686E-02  8.689864214E+04  1.596136974E+02  3.326142640E+02  2.755019484E+02  2.422884867E+02  8.561190585E-01 
       227  3.290030235E-03  1.094941851E-01 -1.216353628E-02  8.673581741E+04  1.592620347E+02  3.325094162E+02  2.753283709E+02  2.436211908E+02  8.633118093E-01 
       228  5.262023684E-03  1.097864070E-01 -9.913643549E-03  8.603527344E+04  1.603022068E+02  3.320686326E+02  2.745991823E+02  2.471369755E+02  8.708371437E-01 
       229  7.256339014E-03  1.100495762E-01 -7.679258903E-03  8.412381238E+04  1.648170358E+02  3.310204474E+02  2.728685927E+02  2.540271586E+02  8.716415939E-01 
       230  9.250945095E-03  1.102792579E-01 -5.441700620E-03  8.183347509E+04  1.730975668E+02  3.298231484E+02  2.708982401E+02  2.621586347E+02  8.578862060E-01 
       231  1.125130268E-02  1.105297001E-01 -3.209862298E-03  8.058183667E+04  1.797853870E+02  3.293235359E+02  2.700779920E+02  2.660882845E+02  8.367892709E-01 
       232  1.324504242E-02  1.107259366E-01 -9.692227629E-04  8.141226489E+04  1.834797578E+02  3.297663250E+02  2.708049479E+02  2.637145090E+02  8.094395138E-01 
       233  1.522818012E-02  1.109344875E-01  1.280794701E-03  8.330227979E+04  1.843972321E+02  3.307701416E+02  2.724568815E+02  2.585424805E+02  7.866698503E-01 
       234  1.717717000E-02  1.111306516E-01  3.565314237E-03  8.540460449E+04  1.832561073E+02  3.320698853E+02  2.746021481E+02  2.495052452E+02  7.620428875E-01 
       235  2.098827574E-02  1.115152878E-01  8.199040730E-03  8.916622607E+04  1.864761715E+02  3.341663055E+02  2.780802097E+02  2.368987389E+02  7.052362859E-01 
       236  2.283804163E-02  1.116790561E-01  1.055952489E-02  9.042307178E+04  1.914657291E+02  3.351522574E+02  2.797224662E+02  2.307229612E+02  6.594136185E-01 
       237  2.632960383E-02  1.121198866E-01  1.543269692E-02  9.113000391E+04  2.047988510E+02  3.353763504E+02  2.800970154E+02  2.306521893E+02  5.888748690E-01 
       238  2.959379811E-02  1.126564718E-01  2.044933110E-02  9.029964941E+04  2.214815865E+02  3.349056444E+02  2.793110895E+02  2.366378651E+02  5.207952159E-01 
       239  3.114059063E-02  1.129278581E-01  2.301118304E-02  8.976410445E+04  2.289173975E+02  3.348078833E+02  2.791480453E+02  2.395547778E+02  4.923110403E-01 
       240  3.264987762E-02  1.132456905E-01  2.559358749E-02  8.918145682E+04  2.361201605E+02  3.344095354E+02  2.784841835E+02  2.424209139E+02  4.651426155E-01 
       241  3.807676132E-02  1.146676712E-01  3.621643154E-02  8.779897480E+04  2.600008496E+02  3.337704341E+02  2.774206362E+02  2.505922498E+02  3.735996497E-01 
       242  3.928374460E-02  1.150413043E-01  3.894926042E-02  8.790239740E+04  2.657331092E+02  3.341149793E+02  2.779941545E+02  2.518342712E+02  3.494711053E-01 
       243  4.044503934E-02  1.154301055E-01  4.169676193E-02  8.827973921E+04  2.696241286E+02  3.344734594E+02  2.785911170E+02  2.512257008E+02  3.284116041E-01 
       244  4.154949506E-02  1.158110833E-01  4.446441861E-02  8.891991016E+04  2.729882984E+02  3.348204308E+02  2.791694164E+02  2.497730656E+02  3.067443147E-01 
       245  4.259018966E-02  1.161595968E-01  4.726780086E-02  8.979745404E+04  2.757729527E+02  3.352441644E+02  2.798771376E+02  2.474109106E+02  2.846373214E-01 
       246  4.357921759E-02  1.165132208E-01  5.008364009E-02  9.089988428E+04  2.777709370E+02  3.357967529E+02  2.808013449E+02  2.442862453E+02  2.641310664E-01 
       247  4.448002582E-02  1.168267471E-01  5.293502673E-02  9.222851627E+04  2.798071334E+02  3.363518145E+02  2.817296763E+02  2.415390742E+02  2.443813186E-01 
       248  4.534234860E-02  1.171711221E-01  5.579536500E-02  9.373204834E+04  2.805950031E+02  3.370765057E+02  2.829457703E+02  2.371443462E+02  2.256390527E-01 
       249  4.612355051E-02  1.174912616E-01  5.867935283E-02  9.510802637E+04  2.816992760E+02  3.377746544E+02  2.841196632E+02  2.332790146E+02  2.067071404E-01 
       250  4.681688670E-02  1.178330389E-01  6.158342338E-02  9.634972266E+04  2.824620743E+02  3.384174461E+02  2.852015266E+02  2.298784065E+02  1.918191090E-01 
       251  4.742483443E-02  1.181684938E-01  6.451168194E-02  9.741011523E+04  2.832518005E+02  3.389711227E+02  2.861344490E+02  2.270633430E+02  1.790742669E-01 
       252  4.796175059E-02  1.184973583E-01  6.744925218E-02  9.824802539E+04  2.845834236E+02  3.394148960E+02  2.868836498E+02  2.249924679E+02  1.658269744E-01 
       253  4.839690646E-02  1.188449776E-01  7.040346354E-02  9.886085907E+04  2.859027896E+02  3.396959164E+02  2.873584458E+02  2.235542831E+02  1.549686065E-01 
       254  4.867844520E-02  1.192029192E-01  7.337369276E-02  9.922548240E+04  2.878257233E+02  3.398473578E+02  2.876154503E+02  2.229189671E+02  1.435564509E-01 
       255  4.889804354E-02  1.195863964E-01  7.634446821E-02  9.954866628E+04  2.899382167E+02  3.398727496E+02  2.876584979E+02  2.223553141E+02  1.312216098E-01 
       256  4.901527392E-02  1.199575346E-01  7.936475415E-02  9.971416739E+04  2.924933944E+02  3.398867704E+02  2.876823114E+02  2.226719357E+02  1.194184979E-01 
       257  4.897414798E-02  1.207471392E-01  8.530893469E-02  9.965695117E+04  2.968445053E+02  3.400400925E+02  2.879411507E+02  2.239193192E+02  1.025162525E-01 
       258  4.879835866E-02  1.211503063E-01  8.827262235E-02  9.958730957E+04  2.990572624E+02  3.398850365E+02  2.876786079E+02  2.250960617E+02  9.594565351E-02 
       259  4.854576088E-02  1.215647590E-01  9.126615169E-02  9.959852404E+04  3.011374114E+02  3.396419739E+02  2.872671437E+02  2.257973708E+02  8.815787316E-02 
       260  4.818457029E-02  1.219712360E-01  9.420996830E-02  1.000030980E+05  3.011720817E+02  3.398655513E+02  2.876456221E+02  2.246533190E+02  8.483794265E-02 
       261  4.782320061E-02  1.224212570E-01  9.713670139E-02  1.005436235E+05  3.009837208E+02  3.400943909E+02  2.880338497E+02  2.233402309E+02  8.244150924E-02 
       262  4.734997920E-02  1.228526278E-01  1.001180955E-01  1.015293789E+05  3.000106201E+02  3.406357498E+02  2.889509583E+02  2.207793236E+02  7.922314666E-02 
       263  4.683890011E-02  1.232935874E-01  1.030087938E-01  1.029007844E+05  2.970634466E+02  3.415293674E+02  2.904696624E+02  2.163200249E+02  8.066589668E-02 
       264  4.566507936E-02  1.242316696E-01  1.088390156E-01  1.050664635E+05  2.925305461E+02  3.419774536E+02  2.912319335E+02  2.095626939E+02  8.450279998E-02 
       265  4.352639189E-02  1.257122811E-01  1.174848542E-01  1.081678528E+05  2.702683319E+02  3.448742355E+02  2.961901674E+02  1.874841778E+02  1.474521264E-01 
       266  4.289440586E-02  1.261798267E-01  1.203730247E-01  1.083470227E+05  2.657643388E+02  3.455732721E+02  2.973904667E+02  1.771190508E+02  1.392619009E-01 
       267  4.242365191E-02  1.265975250E-01  1.232861776E-01  1.079011741E+05  2.670377711E+02  3.461632937E+02  2.984067782E+02  1.659873729E+02  8.919397961E-02 
       268  4.208270049E-02  1.270006734E-01  1.262530889E-01  1.071995254E+05  2.586058350E+02  3.475207062E+02  3.007545319E+02  1.430508041E+02  7.058504410E-02 
       269  4.202415066E-02  1.273246053E-01  1.292418903E-01  1.070056512E+05  2.476116084E+02  3.482036215E+02  3.019338031E+02  1.369552251E+02  1.365254233E-01 
       270  4.218523596E-02  1.275849052E-01  1.322314117E-01  1.071429796E+05  2.424024544E+02  3.484504315E+02  3.023651907E+02  1.412386151E+02  1.938096297E-01 
       271  4.252691668E-02  1.278080741E-01  1.352038484E-01  1.072048961E+05  2.456817200E+02  3.485440076E+02  3.025306564E+02  1.504319930E+02  2.018529769E-01 
       272  4.296344289E-02  1.279984053E-01  1.381664338E-01  1.070948336E+05  2.499866669E+02  3.484934913E+02  3.024451054E+02  1.562151800E+02  1.923261434E-01 
       273  4.347514252E-02  1.281630447E-01  1.411197974E-01  1.067750669E+05  2.531444137E+02  3.482510965E+02  3.020228184E+02  1.608762396E+02  1.877347495E-01 
       274  4.403358971E-02  1.283124551E-01  1.440677535E-01  1.064550892E+05  2.553717514E+02  3.479753191E+02  3.015395598E+02  1.651499803E+02  1.884592136E-01 
       275  4.466583781E-02  1.284644007E-01  1.470000034E-01  1.062948556E+05  2.577854040E+02  3.473886063E+02  2.943729004E+02  1.693519440E+02  1.879921392E-01 
       276 -1.390154712E-02  1.725232616E-01 -4.600000033E-02  8.227418698E+04  1.818974927E+02  3.302512014E+02  2.715142481E+02  3.421939576E+02  1.010268996E+00 
       277 -1.389524734E-02  1.726308379E-01 -4.258575940E-02  8.260630405E+04  1.816147740E+02  3.302922939E+02  2.716688413E+02  3.422734712E+02  1.011396894E+00 
       278 -1.388827040E-02  1.727470810E-01 -3.919459871E-02  8.287163120E+04  1.813154964E+02  3.303674123E+02  2.717925004E+02  3.425437112E+02  1.012895563E+00 
       279 -1.387976982E-02  1.728866868E-01 -3.575874102E-02  8.289163771E+04  1.812358526E+02  3.304100939E+02  2.718627184E+02  3.428505317E+02  1.013682886E+00 
       280 -1.386962822E-02  1.730354599E-01 -3.234598001E-02  8.296498499E+04  1.814953608E+02  3.303589782E+02  2.717785718E+02  3.432730299E+02  1.013582512E+00 
       281 -1.385715910E-02  1.732129765E-01 -2.893478341E-02  8.243309466E+04  1.821654046E+02  3.301599862E+02  2.714512241E+02  3.447221668E+02  1.014010914E+00 
       282 -1.381464856E-02  1.733989484E-01 -2.553958976E-02  8.197357564E+04  1.827658824E+02  3.298828462E+02  2.709957858E+02  3.457866787E+02  1.013882554E+00 
       283 -1.334927366E-02  1.736519924E-01 -2.216152427E-02  8.128149556E+04  1.845050645E+02  3.294510454E+02  2.702869357E+02  3.478360539E+02  1.011712830E+00 
       284 -1.220387625E-02  1.739549638E-01 -1.896956374E-02  8.002214307E+04  1.881486130E+02  3.286926498E+02  2.690447006E+02  3.525170269E+02  1.008013904E+00 
       285 -1.057589609E-02  1.742731966E-01 -1.599005111E-02  7.840017294E+04  1.931533029E+02  3.277356973E+02  2.674806244E+02  3.564575465E+02  9.984730629E-01 
       286 -8.586070527E-03  1.745821273E-01 -1.323108332E-02  7.657064308E+04  1.978337085E+02  3.269342318E+02  2.661733344E+02  3.604917400E+02  9.903736106E-01 
       287 -6.371188279E-03  1.748941133E-01 -1.065117603E-02  7.597391339E+04  1.999385042E+02  3.268494257E+02  2.660352678E+02  3.599009523E+02  9.820870190E-01 
       288 -3.959984913E-03  1.752012559E-01 -8.251810021E-03  7.770681231E+04  1.992523860E+02  3.278012606E+02  2.675898881E+02  3.555263842E+02  9.759935285E-01 
       289 -1.474621790E-03  1.754287438E-01 -5.921768022E-03  8.259767085E+04  1.915312239E+02  3.303627096E+02  2.717960352E+02  3.466558299E+02  9.864319922E-01 
       290  1.096342236E-03  1.756586641E-01 -3.684409899E-03  8.899885823E+04  1.822245589E+02  3.331655514E+02  2.764210441E+02  3.339895752E+02  9.971200924E-01 
       291  3.722457199E-03  1.758529720E-01 -1.512169024E-03  9.192212427E+04  1.755952711E+02  3.344214802E+02  2.785053196E+02  3.252319536E+02  1.006351355E+00 
       292  6.390497491E-03  1.759799744E-01  6.206893580E-04  8.816153223E+04  1.773018141E+02  3.331806030E+02  2.764476089E+02  3.345506763E+02  1.015178271E+00 
       293  1.179759467E-02  1.761809281E-01  4.808741428E-03  7.631989453E+04  2.017123375E+02  3.266069794E+02  2.656455460E+02  3.643890457E+02  9.847251773E-01 
       294  1.450804596E-02  1.762121176E-01  6.883706551E-03  7.266605322E+04  2.081420670E+02  3.243714848E+02  2.620194225E+02  3.740320015E+02  9.821370617E-01 
       295  1.722225861E-02  1.762495216E-01  8.953048646E-03  7.073583105E+04  2.140666275E+02  3.230010376E+02  2.598089867E+02  3.809993629E+02  9.764468223E-01 
       296  1.993233776E-02  1.761597577E-01  1.102855473E-02  6.929750879E+04  2.180551510E+02  3.221058807E+02  2.583706284E+02  3.849604149E+02  9.714271650E-01 
       297  2.263244469E-02  1.760920636E-01  1.311525345E-02  6.750678369E+04  2.226488743E+02  3.210290413E+02  2.566466656E+02  3.903787575E+02  9.677370563E-01 
       298  2.532249661E-02  1.759768902E-01  1.521525865E-02  6.582093140E+04  2.294952898E+02  3.197847595E+02  2.546611347E+02  3.970187111E+02  9.593036808E-01 
       299  2.800116021E-02  1.758008440E-01  1.732596334E-02  6.543965503E+04  2.349617395E+02  3.193090582E+02  2.539037390E+02  3.992285900E+02  9.458910152E-01 
       300  3.066011949E-02  1.756198651E-01  1.946182943E-02  6.774797412E+04  2.358481383E+02  3.207025652E+02  2.561339393E+02  3.926228056E+02  9.285069741E-01 
       301  3.850917716E-02  1.748410184E-01  2.602581626E-02  8.687819263E+04  2.347855339E+02  3.335631819E+02  2.770815363E+02  3.342465000E+02  8.215720002E-01 
       302  4.358739934E-02  1.740919978E-01  3.053362568E-02  8.606590356E+04  2.344631882E+02  3.331726675E+02  2.764293528E+02  3.415791750E+02  8.354772590E-01 
       303  4.609287257E-02  1.736863543E-01  3.281922705E-02  8.515229810E+04  2.388815184E+02  3.327479944E+02  2.757248468E+02  3.440551615E+02  8.250444867E-01 
       304  4.855845708E-02  1.731970535E-01  3.512834265E-02  8.480399683E+04  2.440393839E+02  3.324248343E+02  2.751886520E+02  3.456402063E+02  8.102063835E-01 
       305  5.100043215E-02  1.726458906E-01  3.745772352E-02  8.558835217E+04  2.467377386E+02  3.330875678E+02  2.762877059E+02  3.427829771E+02  7.962874249E-01 
       306  5.340036417E-02  1.720848619E-01  3.982071753E-02  8.856791589E+04  2.483557391E+02  3.347544928E+02  2.790644026E+02  3.356626420E+02  7.789369561E-01 
       307  5.576533568E-02  1.714326002E-01  4.220398857E-02  9.402002164E+04  2.476840711E+02  3.375133538E+02  2.836862106E+02  3.228257898E+02  7.606643736E-01 
       308  5.808130114E-02  1.707532671E-01  4.462162642E-02  9.988930395E+04  2.461272931E+02  3.404443445E+02  2.886341528E+02  3.079246448E+02  7.431903645E-01 
       309  6.913202621E-02  1.670049815E-01  5.708998555E-02  1.126988024E+05  2.422520657E+02  3.469793539E+02  2.998155065E+02  2.740883298E+02  7.118885396E-01 
       310  7.325557335E-02  1.653928843E-01  6.228962682E-02  1.158009849E+05  2.406981505E+02  3.484655635E+02  3.023886168E+02  2.656063752E+02  7.081479430E-01 
       311  7.526114685E-02  1.645964451E-01  6.493668120E-02  1.168835273E+05  2.399172134E+02  3.488158054E+02  3.029963646E+02  2.628071842E+02  7.096431330E-01 
       312  8.099008587E-02  1.620989224E-01  7.305121222E-02  1.187243555E+05  2.388092499E+02  3.494370689E+02  3.040755806E+02  2.578549118E+02  7.084626257E-01 
       313  8.281625202E-02  1.612441772E-01  7.580722199E-02  1.189262021E+05  2.390898972E+02  3.493605690E+02  3.039424744E+02  2.567097473E+02  7.068545222E-01 
       314  8.462318717E-02  1.604029889E-01  7.856519154E-02  1.190472100E+05  2.388259821E+02  3.493165808E+02  3.038659105E+02  2.563898191E+02  7.090814244E-01 
       315  8.638808364E-02  1.595156660E-01  8.135371941E-02  1.190701045E+05  2.386313601E+02  3.491862736E+02  3.036391187E+02  2.565158987E+02  7.107829396E-01 
       316  8.818531781E-02  1.586346563E-01  8.418846896E-02  1.190831218E+05  2.381030009E+02  3.490051011E+02  3.033240798E+02  2.562425682E+02  7.110943351E-01 
       317  9.153487112E-02  1.568453452E-01  8.985396979E-02  1.190692255E+05  2.376580498E+02  3.489679651E+02  3.032599478E+02  2.549017282E+02  7.121755229E-01 
       318  9.319079870E-02  1.559467714E-01  9.269883327E-02  1.190001191E+05  2.379247952E+02  3.488926010E+02  3.031292286E+02  2.545603790E+02  7.110245340E-01 
       319  9.639067810E-02  1.541493463E-01  9.845101971E-02  1.189654004E+05  2.383813705E+02  3.487081947E+02  3.028083611E+02  2.548345528E+02  7.105457485E-01 
       320  9.789700787E-02  1.532238030E-01  1.013752208E-01  1.189254033E+05  2.389735146E+02  3.485970898E+02  3.026152635E+02  2.545311842E+02  7.069217609E-01 
       321  9.939560036E-02  1.523575645E-01  1.043121280E-01  1.188926768E+05  2.393839645E+02  3.484659958E+02  3.023875847E+02  2.546974373E+02  7.060921565E-01 
       322  1.008373928E-01  1.515239935E-01  1.072922639E-01  1.188200576E+05  2.399382725E+02  3.482882366E+02  3.020791283E+02  2.554041824E+02  7.052325308E-01 
       323  1.021925752E-01  1.507164957E-01  1.103173974E-01  1.187515710E+05  2.413799834E+02  3.480581846E+02  3.016805768E+02  2.565791831E+02  7.003653590E-01 
       324  1.063175391E-01  1.486079647E-01  1.265700906E-01  1.182029766E+05  2.406796074E+02  3.489520111E+02  3.032357063E+02  2.558315468E+02  7.050156146E-01 
       325  1.064822206E-01  1.487022474E-01  1.299738775E-01  1.183403789E+05  2.365795097E+02  3.504063797E+02  3.057702065E+02  2.457326889E+02  7.151872367E-01 
       326  1.066476119E-01  1.488146338E-01  1.333799290E-01  1.182639629E+05  2.309650154E+02  3.517921715E+02  3.081913414E+02  2.289162254E+02  7.317392826E-01 
       327  1.068180965E-01  1.489318139E-01  1.367854531E-01  1.180503691E+05  2.275019455E+02  3.524403992E+02  3.093256493E+02  2.181102467E+02  7.456392422E-01 
       328  1.069979625E-01  1.490578552E-01  1.401905319E-01  1.179546895E+05  2.294295921E+02  3.519069099E+02  3.083913193E+02  2.246558475E+02  7.413462996E-01 
       329  1.071817424E-01  1.491887345E-01  1.435955648E-01  1.180337183E+05  2.361414204E+02  3.503330650E+02  3.054945183E+02  2.443320360E+02  7.207945250E-01 
       330  1.073851999E-01  1.493347905E-01  1.470000044E-01  1.179914766E+05  2.440349045E+02  3.483646545E+02  3.012051163E+02  2.645712128E+02  7.039540112E-01 
       331 -5.132010553E-03  2.399711247E-01 -4.600000034E-02  8.380278955E+04  1.732966576E+02  3.311600780E+02  2.727248096E+02  4.387262650E+02  1.164681926E+00 
       332 -5.128125210E-03  2.399809281E-01 -4.210430258E-02  8.440703906E+04  1.746015100E+02  3.308790112E+02  2.726352439E+02  4.397705002E+02  1.162527699E+00 
       333 -5.125201508E-03  2.399922328E-01 -3.820870464E-02  8.347820911E+04  1.771526111E+02  3.303260243E+02  2.717260313E+02  4.421108050E+02  1.158687239E+00 
       334 -5.121813889E-03  2.400095995E-01 -3.431329778E-02  8.157754227E+04  1.810870616E+02  3.294838438E+02  2.703426651E+02  4.458794212E+02  1.152957099E+00 
       335 -5.119016059E-03  2.400291916E-01 -3.041776666E-02  7.968510989E+04  1.862047945E+02  3.285265549E+02  2.687741054E+02  4.496763276E+02  1.144300080E+00 
       336 -5.114574788E-03  2.400538233E-01 -2.652182619E-02  7.838771341E+04  1.891044953E+02  3.280445773E+02  2.679846776E+02  4.508140551E+02  1.138249747E+00 
       337 -5.109553763E-03  2.400828758E-01 -2.262552630E-02  7.800427734E+04  1.892163894E+02  3.281712713E+02  2.681926260E+02  4.499472113E+02  1.136990367E+00 
       338 -5.103895973E-03  2.401152952E-01 -1.872899116E-02  8.025852252E+04  1.852828088E+02  3.292851703E+02  2.700186353E+02  4.462930717E+02  1.142966187E+00 
       339 -4.925504783E-03  2.402473149E-01 -7.056915668E-03  8.799964286E+04  1.702102365E+02  3.324109264E+02  2.751725410E+02  4.320896094E+02  1.167692135E+00 
       340 -3.715119829E-03  2.403023013E-01 -3.373311706E-03  8.182942059E+04  1.797618415E+02  3.303192673E+02  2.717261745E+02  4.429268622E+02  1.154674715E+00 
       341 -1.562012846E-03  2.403581740E-01 -1.360753051E-04  7.855923342E+04  1.903654815E+02  3.281895711E+02  2.682253807E+02  4.544222892E+02  1.139604644E+00 
       342  1.133764527E-03  2.404094608E-01  2.675248428E-03  7.850885645E+04  1.919566345E+02  3.277323399E+02  2.674763155E+02  4.516249561E+02  1.132492863E+00 
       343  4.137632423E-03  2.404197044E-01  5.149238455E-03  7.971236654E+04  1.868541506E+02  3.283837415E+02  2.685399416E+02  4.478663907E+02  1.141178114E+00 
       344  7.316400202E-03  2.403253331E-01  7.399564588E-03  8.010868770E+04  1.836298857E+02  3.288456644E+02  2.692947120E+02  4.467232455E+02  1.148585956E+00 
       345  1.395577155E-02  2.400667001E-01  1.148649181E-02  8.602626709E+04  1.736328011E+02  3.315036774E+02  2.736763783E+02  4.393449612E+02  1.166195713E+00 
       346  1.735065466E-02  2.397965962E-01  1.337576268E-02  9.036700391E+04  1.599533386E+02  3.337932549E+02  2.774648247E+02  4.303269691E+02  1.192053393E+00 
       347  2.419161170E-02  2.391929427E-01  1.704637434E-02  7.969965039E+04  1.843568954E+02  3.292425461E+02  2.699511032E+02  4.453861237E+02  1.145722419E+00 
       348  2.761839379E-02  2.387452844E-01  1.884103948E-02  7.965626074E+04  1.865236950E+02  3.289071732E+02  2.693970261E+02  4.481526833E+02  1.143070266E+00 
       349  3.105226563E-02  2.382885234E-01  2.062260888E-02  8.089478809E+04  1.848999176E+02  3.296179237E+02  2.705624590E+02  4.456288719E+02  1.144472674E+00 
       350  3.788868369E-02  2.371344800E-01  2.417075674E-02  8.064102002E+04  1.850100002E+02  3.297415771E+02  2.707650833E+02  4.436218071E+02  1.142392553E+00 
       351  4.468291751E-02  2.357525484E-01  2.771953789E-02  8.025545996E+04  1.905468864E+02  3.291470413E+02  2.697913437E+02  4.483999252E+02  1.135226302E+00 
       352  4.805699300E-02  2.349490393E-01  2.948953136E-02  8.070102832E+04  1.904728355E+02  3.294077406E+02  2.702192783E+02  4.460270586E+02  1.135057149E+00 
       353  5.140582287E-02  2.340778219E-01  3.127771149E-02  8.075804736E+04  1.914519148E+02  3.293949070E+02  2.701986103E+02  4.465375729E+02  1.135154255E+00 
       354  5.473006301E-02  2.331020583E-01  3.305777180E-02  7.995381152E+04  1.930390949E+02  3.289872589E+02  2.695294991E+02  4.469194794E+02  1.133637697E+00 
       355  5.803984836E-02  2.320923676E-01  3.484458617E-02  7.849445654E+04  1.961574211E+02  3.281365681E+02  2.681374760E+02  4.495346413E+02  1.130834095E+00 
       356  6.132921494E-02  2.310454118E-01  3.665150486E-02  7.660203067E+04  2.009808977E+02  3.269739351E+02  2.662418041E+02  4.525927889E+02  1.124142938E+00 
       357  6.777528194E-02  2.285846393E-01  4.027160278E-02  8.518634961E+04  2.149597511E+02  3.326300735E+02  2.755638466E+02  4.295163345E+02  1.066071346E+00 
       358  7.097972553E-02  2.273472007E-01  4.209367684E-02  9.213871777E+04  2.304114418E+02  3.358554497E+02  2.809068336E+02  4.122411194E+02  1.011339895E+00 
       359  7.412444428E-02  2.259565065E-01  4.393674079E-02  9.082308813E+04  2.338399091E+02  3.346057081E+02  2.788218040E+02  4.178019304E+02  1.009868819E+00 
       360  7.725834663E-02  2.245514312E-01  4.577102978E-02  8.701064111E+04  2.344348907E+02  3.330959034E+02  2.763032742E+02  4.265511475E+02  1.016912919E+00 
       361  8.037011026E-02  2.231435234E-01  4.763983740E-02  8.984848535E+04  2.322815933E+02  3.351115952E+02  2.796734161E+02  4.212093010E+02  1.019718945E+00 
       362  8.343109451E-02  2.215945322E-01  4.950276897E-02  1.033992178E+05  2.229454101E+02  3.412221663E+02  2.899849925E+02  3.939719117E+02  1.029188227E+00 
       363  8.646988642E-02  2.201046420E-01  5.141624103E-02  1.219910442E+05  2.112658472E+02  3.481275005E+02  3.018360643E+02  3.585187035E+02  1.048008686E+00 
       364  9.242245520E-02  2.169732682E-01  5.534503106E-02  1.189387595E+05  2.200131359E+02  3.499317198E+02  3.049641466E+02  3.526258049E+02  1.006062504E+00 
       365  9.533631835E-02  2.153857768E-01  5.738443174E-02  1.166550238E+05  2.242265801E+02  3.491467843E+02  3.036099167E+02  3.560116749E+02  9.902341990E-01 
       366  9.819952312E-02  2.138016843E-01  5.949569436E-02  1.167725918E+05  2.269641685E+02  3.497167130E+02  3.046061153E+02  3.519713306E+02  9.779145792E-01 
       367  1.009694591E-01  2.121295788E-01  6.167326851E-02  1.188311162E+05  2.272291269E+02  3.513524189E+02  3.074574852E+02  3.440643387E+02  9.715335984E-01 
       368  1.037116704E-01  2.105064985E-01  6.390540356E-02  1.203751123E+05  2.307106209E+02  3.522491188E+02  3.090243902E+02  3.392581415E+02  9.563059472E-01 
       369  1.064180189E-01  2.088777679E-01  6.618856681E-02  1.209133936E+05  2.322985554E+02  3.526851501E+02  3.097897301E+02  3.367629223E+02  9.477152117E-01 
       370  1.090480686E-01  2.071800512E-01  6.850700508E-02  1.211184727E+05  2.351936607E+02  3.527975578E+02  3.099894638E+02  3.370707016E+02  9.370388724E-01 
       371  1.116790455E-01  2.055210471E-01  7.084353951E-02  1.214070669E+05  2.390465856E+02  3.529399872E+02  3.102423630E+02  3.338241863E+02  9.234942105E-01 
       372  1.142974452E-01  2.038484190E-01  7.319785208E-02  1.218065347E+05  2.385300212E+02  3.532542982E+02  3.107964554E+02  3.316038074E+02  9.229343943E-01 
       373  1.168416696E-01  2.021295301E-01  7.558130371E-02  1.221531069E+05  2.378779898E+02  3.537973957E+02  3.117600479E+02  3.309429455E+02  9.235223494E-01 
       374  1.193277496E-01  2.004108846E-01  7.805168345E-02  1.223264249E+05  2.370282862E+02  3.542541833E+02  3.125736492E+02  3.302569542E+02  9.252921641E-01 
       375  1.217693779E-01  1.987784452E-01  8.060399866E-02  1.224294729E+05  2.339771552E+02  3.544380531E+02  3.128994427E+02  3.287255735E+02  9.342971928E-01 
       376  1.240793489E-01  1.970470446E-01  8.322373237E-02  1.227221509E+05  2.291087341E+02  3.543148308E+02  3.126809502E+02  3.271458092E+02  9.487917796E-01 
       377  1.263696524E-01  1.953872062E-01  8.590193330E-02  1.231446075E+05  2.233716964E+02  3.545207862E+02  3.130354568E+02  3.247256306E+02  9.658832448E-01 
       378  1.285811840E-01  1.937639536E-01  8.866989816E-02  1.232371843E+05  2.191411011E+02  3.531019340E+02  3.105198917E+02  3.318417706E+02  9.782281248E-01 
       379  1.378530526E-01  1.861918564E-01  1.119425893E-01  1.224409272E+05  2.238169851E+02  3.544595175E+02  3.128879900E+02  3.216320572E+02  9.617252350E-01 
       380  1.378280879E-01  1.861358471E-01  1.158380052E-01  1.221183213E+05  2.248588343E+02  3.554021988E+02  3.145534143E+02  3.085294657E+02  9.582570679E-01 
       381  1.378172244E-01  1.861105784E-01  1.197328496E-01  1.217921165E+05  2.294479704E+02  3.557875791E+02  3.152348890E+02  3.037190118E+02  9.440311044E-01 
       382  1.378137064E-01  1.861013403E-01  1.236281983E-01  1.223613679E+05  2.315273066E+02  3.555966637E+02  3.148986194E+02  3.135485656E+02  9.349811478E-01 
       383  1.378232998E-01  1.861207539E-01  1.275238734E-01  1.228908203E+05  2.308169465E+02  3.546180595E+02  3.131721863E+02  3.256363429E+02  9.388162085E-01 
       384  1.378388478E-01  1.861485149E-01  1.314192119E-01  1.229942072E+05  2.278768958E+02  3.532910928E+02  3.108346952E+02  3.365083420E+02  9.499020306E-01 
       385  1.378667705E-01  1.861922064E-01  1.353144338E-01  1.228583154E+05  2.237980464E+02  3.527616386E+02  3.099036999E+02  3.347160776E+02  9.615120003E-01 
       386  1.378917792E-01  1.862393165E-01  1.392095884E-01  1.228424406E+05  2.222868432E+02  3.525411391E+02  3.095137433E+02  3.323960116E+02  9.655010533E-01 
       387  1.379128913E-01  1.862912877E-01  1.431056120E-01  1.229635433E+05  2.221224196E+02  3.527575226E+02  3.097894379E+02  3.301056019E+02  9.658074365E-01 
       388  1.379274402E-01  1.863453723E-01  1.469999959E-01  1.231647813E+05  2.211816759E+02  3.536538458E+02  3.110523086E+02  3.260281315E+02  9.687582366E-01 
       389 -3.389247132E-02  1.007789921E-01 -4.300551245E-02  8.752945898E+04  1.541238823E+02  3.330313644E+02  2.761933193E+02  2.358799534E+02  8.588222601E-01 
       390 -3.372456358E-02  1.010433636E-01 -4.002223516E-02  8.741332362E+04  1.548057997E+02  3.329721471E+02  2.760951914E+02  2.366615584E+02  8.580144039E-01 
       391 -3.329024078E-02  1.014074167E-01 -3.707963811E-02  8.731593445E+04  1.549962781E+02  3.329624834E+02  2.760791830E+02  2.369265658E+02  8.582261426E-01 
       392 -3.255620303E-02  1.018883264E-01 -3.421559131E-02  8.721253822E+04  1.555315478E+02  3.329148000E+02  2.760000402E+02  2.374876458E+02  8.576216655E-01 
       393 -3.153373485E-02  1.024554568E-01 -3.145384174E-02  8.711328300E+04  1.566025347E+02  3.328093057E+02  2.758252114E+02  2.383788783E+02  8.553113554E-01 
       394 -3.028950121E-02  1.031058036E-01 -2.880322264E-02  8.700355711E+04  1.573238963E+02  3.327334349E+02  2.756994139E+02  2.396462257E+02  8.562707029E-01 
       395 -2.888173412E-02  1.037838005E-01 -2.624318977E-02  8.688771568E+04  1.580616725E+02  3.326621452E+02  2.755812304E+02  2.401110682E+02  8.543491701E-01 
       396 -2.733119538E-02  1.044792183E-01 -2.377110822E-02  8.679996524E+04  1.586737777E+02  3.326192551E+02  2.755102167E+02  2.407555529E+02  8.537008118E-01 
       397 -2.568342124E-02  1.052055751E-01 -2.135968630E-02  8.671581915E+04  1.592001938E+02  3.325813188E+02  2.754473228E+02  2.416279212E+02  8.545473669E-01 
       398 -2.397735570E-02  1.059146334E-01 -1.899049647E-02  8.654601480E+04  1.596101699E+02  3.325054128E+02  2.753216733E+02  2.424179896E+02  8.557165300E-01 
       399 -2.220871387E-02  1.066063154E-01 -1.667396516E-02  8.617414069E+04  1.607556006E+02  3.322913755E+02  2.749673139E+02  2.443031420E+02  8.567257652E-01 
       400 -2.041003203E-02  1.073389070E-01 -1.437512078E-02  8.563452408E+04  1.619526747E+02  3.320450996E+02  2.745601025E+02  2.466590480E+02  8.589681319E-01 
       401 -1.856976066E-02  1.079715131E-01 -1.211630566E-02  8.501321080E+04  1.646610722E+02  3.316803006E+02  2.739570610E+02  2.493384461E+02  8.546214705E-01 
       402 -1.670953655E-02  1.086522831E-01 -9.860640570E-03  8.444063378E+04  1.683209907E+02  3.313507389E+02  2.734128590E+02  2.523867899E+02  8.462924041E-01 
       403 -1.482329113E-02  1.093026603E-01 -7.620995183E-03  8.440730756E+04  1.710150927E+02  3.313388916E+02  2.733933342E+02  2.526440754E+02  8.335726060E-01 
       404 -1.292306254E-02  1.099268373E-01 -5.385291055E-03  8.536120508E+04  1.714529462E+02  3.318965864E+02  2.743146801E+02  2.499630938E+02  8.225193899E-01 
       405 -1.101845801E-02  1.105590611E-01 -3.137660868E-03  8.711791379E+04  1.700416774E+02  3.328537227E+02  2.758994457E+02  2.438381374E+02  8.098259685E-01 
       406 -9.120841472E-03  1.111701815E-01 -8.914052251E-04  8.951127957E+04  1.673427370E+02  3.341244217E+02  2.780099363E+02  2.355171400E+02  7.982107475E-01 
       407 -7.240675928E-03  1.117476218E-01  1.353994698E-03  9.302419670E+04  1.630108903E+02  3.359805308E+02  2.811082223E+02  2.227992062E+02  7.842955695E-01 
       408 -5.370549944E-03  1.123083196E-01  3.627204146E-03  9.639385303E+04  1.634140258E+02  3.376829138E+02  2.839634647E+02  2.070421255E+02  7.385660158E-01 
       409 -3.530590186E-03  1.128981262E-01  5.933484609E-03  9.849091318E+04  1.754136867E+02  3.383211573E+02  2.850394548E+02  2.062998551E+02  6.693530569E-01 
       410 -1.726912218E-03  1.134387153E-01  8.259926622E-03  9.812315015E+04  1.851894941E+02  3.384815841E+02  2.853078313E+02  2.046166601E+02  6.080300864E-01 
       411  3.734044288E-05  1.140039107E-01  1.062617763E-02  9.733330542E+04  1.938796353E+02  3.381738920E+02  2.847891841E+02  2.082719703E+02  5.700768335E-01 
       412  1.740848712E-03  1.145879687E-01  1.302702968E-02  9.647746354E+04  2.016659095E+02  3.377668538E+02  2.841041335E+02  2.124889825E+02  5.410762700E-01 
       413  3.387617433E-03  1.151172021E-01  1.547343878E-02  9.590592676E+04  2.078589514E+02  3.375157389E+02  2.836819199E+02  2.139505596E+02  5.125612746E-01 
       414  4.957112811E-03  1.157081541E-01  1.796238578E-02  9.537129333E+04  2.154598718E+02  3.371431441E+02  2.830559478E+02  2.180475399E+02  4.852808388E-01 
       415  6.462677552E-03  1.163151534E-01  2.048609031E-02  9.466635864E+04  2.221370158E+02  3.367969999E+02  2.824750323E+02  2.222890420E+02  4.647010127E-01 
       416  7.926557233E-03  1.168909271E-01  2.304605918E-02  9.402038611E+04  2.277998729E+02  3.364866195E+02  2.819544530E+02  2.261741250E+02  4.486097936E-01 
       417  9.338612782E-03  1.175119790E-01  2.562398907E-02  9.365410254E+04  2.327277541E+02  3.362663279E+02  2.815853646E+02  2.285310334E+02  4.321970246E-01 
       418  1.068984297E-02  1.181121478E-01  2.822455248E-02  9.347173749E+04  2.379825771E+02  3.360707246E+02  2.812578555E+02  2.304131405E+02  4.122933624E-01 
       419  1.198650266E-02  1.187330819E-01  3.085849659E-02  9.341208061E+04  2.429315605E+02  3.359793111E+02  2.811051560E+02  2.315669971E+02  3.917682469E-01 
       420  1.322982934E-02  1.193430432E-01  3.352159396E-02  9.340187305E+04  2.466218530E+02  3.360726722E+02  2.812612493E+02  2.321227861E+02  3.762983085E-01 
       421  1.439865389E-02  1.199672983E-01  3.621509854E-02  9.355081500E+04  2.504547517E+02  3.361583928E+02  2.814046795E+02  2.326109508E+02  3.595024071E-01 
       422  1.553995729E-02  1.205631245E-01  3.892438234E-02  9.396745593E+04  2.536720430E+02  3.363685671E+02  2.817566928E+02  2.318983374E+02  3.416225051E-01 
       423  1.662952250E-02  1.211745408E-01  4.165332372E-02  9.451665881E+04  2.566007593E+02  3.365874416E+02  2.821234754E+02  2.313756825E+02  3.261889925E-01 
       424  1.764894372E-02  1.217373945E-01  4.441857664E-02  9.526125485E+04  2.585097844E+02  3.369461553E+02  2.827256129E+02  2.296302407E+02  3.119818892E-01 
       425  1.861873940E-02  1.222791769E-01  4.720617614E-02  9.631996833E+04  2.596788224E+02  3.374845261E+02  2.836297593E+02  2.266886671E+02  2.974111048E-01 
       426  1.950820179E-02  1.228336643E-01  5.001741530E-02  9.741376648E+04  2.609153227E+02  3.380393088E+02  2.845633215E+02  2.234528856E+02  2.815524390E-01 
       427  2.036944420E-02  1.233245632E-01  5.285072558E-02  9.853150894E+04  2.622497268E+02  3.386255655E+02  2.855509853E+02  2.200905647E+02  2.640686717E-01 
       428  2.117157025E-02  1.238295963E-01  5.569831964E-02  9.969594250E+04  2.638845243E+02  3.391593604E+02  2.864519506E+02  2.172827277E+02  2.471069384E-01 
       429  2.190592593E-02  1.242947792E-01  5.857026217E-02  1.007548235E+05  2.657137671E+02  3.396214714E+02  2.872328262E+02  2.150665483E+02  2.308613984E-01 
       430  2.257248913E-02  1.247551336E-01  6.145961794E-02  1.016593140E+05  2.676255140E+02  3.400346451E+02  2.879320440E+02  2.132099409E+02  2.155287946E-01 
       431  2.314781749E-02  1.251835029E-01  6.437124902E-02  1.023341318E+05  2.697536016E+02  3.403630505E+02  2.884882898E+02  2.114510489E+02  1.988980663E-01 
       432  2.363318974E-02  1.255957621E-01  6.730774801E-02  1.028438763E+05  2.723641768E+02  3.405816512E+02  2.888588750E+02  2.102052779E+02  1.811575887E-01 
       433  2.402789138E-02  1.260195069E-01  7.025072331E-02  1.032053418E+05  2.750921268E+02  3.407887802E+02  2.892103577E+02  2.093903265E+02  1.642435296E-01 
       434  2.431727977E-02  1.264030352E-01  7.321094069E-02  1.034121318E+05  2.779949493E+02  3.409273186E+02  2.894455090E+02  2.089678993E+02  1.473958148E-01 
       435  2.453016930E-02  1.268032789E-01  7.617447467E-02  1.034710898E+05  2.811149325E+02  3.409945354E+02  2.895596709E+02  2.093492527E+02  1.323795635E-01 
       436  2.462079541E-02  1.271795605E-01  7.915094878E-02  1.033427130E+05  2.845841193E+02  3.409905868E+02  2.895529258E+02  2.103145343E+02  1.171880580E-01 
       437  2.463902970E-02  1.275610820E-01  8.212637731E-02  1.028661067E+05  2.888263321E+02  3.407546873E+02  2.891525311E+02  2.128399715E+02  1.036047036E-01 
       438  2.457492051E-02  1.279220853E-01  8.510260082E-02  1.020781135E+05  2.934348950E+02  3.403760077E+02  2.885102321E+02  2.164456082E+02  9.222310000E-02 
       439  2.441429013E-02  1.282749863E-01  8.807550525E-02  1.008198258E+05  2.973530889E+02  3.398073999E+02  2.875469394E+02  2.215226993E+02  9.120159855E-02 
       440  2.420234297E-02  1.286273229E-01  9.105186832E-02  9.985271918E+04  2.982772130E+02  3.393733462E+02  2.868128272E+02  2.252806896E+02  1.031386396E-01 
       441  2.388558350E-02  1.289647853E-01  9.401845916E-02  9.989728046E+04  2.965550832E+02  3.393962610E+02  2.868515159E+02  2.253262025E+02  1.154273563E-01 
       442  2.351928731E-02  1.293134864E-01  9.696958543E-02  1.004359119E+05  2.938886140E+02  3.396534539E+02  2.872864509E+02  2.239756817E+02  1.277526323E-01 
       443  2.306449285E-02  1.296327241E-01  9.991680403E-02  1.011673979E+05  2.915765581E+02  3.399799509E+02  2.878390827E+02  2.218373604E+02  1.345736147E-01 
       444  2.257188759E-02  1.299515661E-01  1.028605699E-01  1.019431650E+05  2.892617016E+02  3.403226357E+02  2.884195900E+02  2.190990458E+02  1.390910805E-01 
       445  2.201092100E-02  1.302726916E-01  1.057899135E-01  1.028193002E+05  2.867507019E+02  3.407382129E+02  2.891244434E+02  2.161000139E+02  1.439900830E-01 
       446  2.143382683E-02  1.305960230E-01  1.087107054E-01  1.038406664E+05  2.838970983E+02  3.412765005E+02  2.900386895E+02  2.123900084E+02  1.484391804E-01 
       447  2.076802587E-02  1.309307408E-01  1.116221513E-01  1.049578677E+05  2.811969223E+02  3.418958092E+02  2.910924339E+02  2.074857359E+02  1.476437170E-01 
       448  2.010215597E-02  1.312657467E-01  1.145293522E-01  1.058995142E+05  2.790939970E+02  3.424858923E+02  2.920979929E+02  2.036477480E+02  1.476067496E-01 
       449  1.945135245E-02  1.316056955E-01  1.174374795E-01  1.065801555E+05  2.776646125E+02  3.429351909E+02  2.928647635E+02  2.007912798E+02  1.474804602E-01 
       450  1.885387307E-02  1.319548677E-01  1.203553293E-01  1.070443552E+05  2.768910227E+02  3.431834550E+02  2.932889853E+02  1.991909090E+02  1.483051197E-01 
       451  1.837479322E-02  1.322913677E-01  1.233018373E-01  1.073398379E+05  2.763230190E+02  3.433295183E+02  2.935388689E+02  1.983743730E+02  1.509222584E-01 
       452  1.811263581E-02  1.325954541E-01  1.262715907E-01  1.075574473E+05  2.757341471E+02  3.434654245E+02  2.937713995E+02  1.976338291E+02  1.539434982E-01 
       453  1.805653049E-02  1.328847135E-01  1.292554963E-01  1.076413674E+05  2.755244966E+02  3.435250421E+02  2.938733764E+02  1.978007545E+02  1.581084514E-01 
       454  1.819877737E-02  1.331672438E-01  1.322380588E-01  1.076077494E+05  2.758095342E+02  3.435118946E+02  2.938508880E+02  1.989884776E+02  1.630070594E-01 
       455  1.852494771E-02  1.334510277E-01  1.352129826E-01  1.074691809E+05  2.765579328E+02  3.434219496E+02  2.936969505E+02  2.009876711E+02  1.681725474E-01 
       456  1.890761882E-02  1.337081709E-01  1.381756048E-01  1.072382540E+05  2.770600998E+02  3.433606454E+02  2.935919771E+02  2.029367670E+02  1.744461480E-01 
       457  1.937808835E-02  1.339540030E-01  1.411279949E-01  1.069624703E+05  2.777059400E+02  3.432718213E+02  2.934400256E+02  2.046858296E+02  1.790510423E-01 
       458  1.989552602E-02  1.341916383E-01  1.440726902E-01  1.066679351E+05  2.783435095E+02  3.431886829E+02  2.932979072E+02  2.062651985E+02  1.830586298E-01 
       459  2.048114376E-02  1.344526817E-01  1.469999956E-01  1.062976069E+05  2.794093275E+02  3.430303116E+02  2.930310631E+02  2.085005655E+02  1.864513727E-01 
       460 -4.772920012E-02  1.664853148E-01 -4.258181757E-02  8.245081535E+04  1.818969975E+02  3.302160427E+02  2.715435539E+02  3.434540210E+02  1.012598001E+00 
       461 -4.770031945E-02  1.666117663E-01 -3.916302660E-02  8.230541681E+04  1.814570796E+02  3.301923926E+02  2.715047212E+02  3.428525279E+02  1.013085408E+00 
       462 -4.768621633E-02  1.667606858E-01 -3.574527808E-02  8.198413647E+04  1.829823272E+02  3.299307828E+02  2.710749345E+02  3.444505925E+02  1.010803329E+00 
       463 -4.773671611E-02  1.669008759E-01 -3.232563070E-02  8.148458984E+04  1.850059528E+02  3.295699940E+02  2.704823532E+02  3.470829868E+02  1.008707039E+00 
       464 -4.779814392E-02  1.670685917E-01 -2.890641835E-02  8.091556860E+04  1.858264503E+02  3.293294134E+02  2.700875454E+02  3.484371958E+02  1.008471355E+00 
       465 -4.772832030E-02  1.672854950E-01 -2.549705171E-02  8.026931689E+04  1.887878692E+02  3.288582892E+02  2.693157148E+02  3.509347892E+02  1.003143720E+00 
       466 -4.733274936E-02  1.676197526E-01 -2.211766833E-02  7.959911987E+04  1.919748404E+02  3.283958530E+02  2.685586228E+02  3.539020844E+02  9.980790727E-01 
       467 -4.646629434E-02  1.680852894E-01 -1.884685997E-02  7.939454037E+04  1.943971949E+02  3.282521766E+02  2.683238976E+02  3.547845334E+02  9.934143522E-01 
       468 -4.497458874E-02  1.687177674E-01 -1.583913045E-02  8.097297168E+04  1.934996562E+02  3.291001558E+02  2.697144856E+02  3.503789997E+02  9.915495329E-01 
       469 -4.311049959E-02  1.694263862E-01 -1.306511329E-02  8.414333960E+04  1.883620181E+02  3.308932180E+02  2.726624651E+02  3.419757586E+02  9.959987663E-01 
       470 -4.101650432E-02  1.701661907E-01 -1.047820325E-02  8.700349365E+04  1.828788376E+02  3.324055939E+02  2.751575375E+02  3.341151371E+02  1.002093326E+00 
       471 -3.872443978E-02  1.709287414E-01 -8.043812788E-03  8.726193066E+04  1.793931818E+02  3.325292878E+02  2.753625579E+02  3.327491088E+02  1.011305951E+00 
       472 -3.634257562E-02  1.716543837E-01 -5.706210795E-03  8.508112256E+04  1.806982260E+02  3.313243351E+02  2.733729630E+02  3.402335796E+02  1.017609365E+00 
       473 -3.384972842E-02  1.724025179E-01 -3.469956820E-03  8.114241754E+04  1.871998138E+02  3.291870821E+02  2.698597910E+02  3.501046224E+02  1.011791402E+00 
       474 -3.133060076E-02  1.731099844E-01 -1.271304633E-03  7.680252951E+04  1.978629282E+02  3.266240807E+02  2.656738976E+02  3.636990674E+02  9.996210551E-01 
       475 -2.873453975E-02  1.737912906E-01  8.535856133E-04  7.338651294E+04  2.075360894E+02  3.245111599E+02  2.622475185E+02  3.727357998E+02  9.846129119E-01 
       476 -2.611690126E-02  1.744247281E-01  2.958268427E-03  7.100170544E+04  2.134910998E+02  3.231558170E+02  2.600624251E+02  3.793107948E+02  9.770156443E-01 
       477 -2.348835128E-02  1.750433393E-01  5.058280838E-03  6.976791089E+04  2.179167038E+02  3.222645873E+02  2.586327839E+02  3.842405496E+02  9.721297929E-01 
       478 -2.083113736E-02  1.756162102E-01  7.133742148E-03  6.942053931E+04  2.195118399E+02  3.221276255E+02  2.584065666E+02  3.831082430E+02  9.638419207E-01 
       479 -1.816607045E-02  1.761555279E-01  9.209141426E-03  6.982000391E+04  2.211690941E+02  3.223893709E+02  2.588291950E+02  3.843319855E+02  9.607320242E-01 
       480 -1.549262448E-02  1.766467189E-01  1.128626304E-02  7.233454590E+04  2.212707615E+02  3.240813656E+02  2.615611763E+02  3.754712086E+02  9.424488656E-01 
       481 -1.281959455E-02  1.771087169E-01  1.337222607E-02  8.231559656E+04  2.124635620E+02  3.303074782E+02  2.717196324E+02  3.488922937E+02  9.223449538E-01 
       482 -1.015361520E-02  1.775059034E-01  1.547159933E-02  9.791178574E+04  2.092211681E+02  3.380875441E+02  2.846522104E+02  3.059832982E+02  8.681814516E-01 
       483 -7.491200012E-03  1.778633735E-01  1.757589553E-02  9.495625635E+04  2.203679256E+02  3.368362112E+02  2.825521135E+02  3.122347288E+02  8.371278588E-01 
       484 -4.837064878E-03  1.782590199E-01  1.971143984E-02  8.937083960E+04  2.290394764E+02  3.342496796E+02  2.782208767E+02  3.291777248E+02  8.355841227E-01 
       485 -2.188499166E-03  1.785530451E-01  2.185094162E-02  8.877912619E+04  2.337517264E+02  3.335281370E+02  2.770205376E+02  3.356692522E+02  8.295981456E-01 
       486  4.329096806E-04  1.787998193E-01  2.404680664E-02  8.926712842E+04  2.356714840E+02  3.338533707E+02  2.775599117E+02  3.363752975E+02  8.232150376E-01 
       487  3.027224691E-03  1.790317150E-01  2.627094405E-02  8.933564227E+04  2.372420018E+02  3.339798322E+02  2.777700799E+02  3.364742570E+02  8.172687362E-01 
       488  5.626976121E-03  1.792222402E-01  2.847807669E-02  8.989369836E+04  2.386239672E+02  3.343459902E+02  2.783795867E+02  3.344093258E+02  8.087517172E-01 
       489  8.191038637E-03  1.793338257E-01  3.074695743E-02  9.176259998E+04  2.398836272E+02  3.354193196E+02  2.801710663E+02  3.285987840E+02  7.950056102E-01 
       490  1.074058355E-02  1.794129340E-01  3.303046409E-02  9.505608133E+04  2.411371315E+02  3.369918930E+02  2.828064857E+02  3.211660634E+02  7.790130131E-01 
       491  1.325979491E-02  1.793970135E-01  3.532576038E-02  9.936988940E+04  2.398693864E+02  3.389963293E+02  2.861820147E+02  3.106096344E+02  7.676710710E-01 
       492  1.577166567E-02  1.793535417E-01  3.765132951E-02  1.034069752E+05  2.378470206E+02  3.407914119E+02  2.892177148E+02  2.994300303E+02  7.590808729E-01 
       493  1.825553626E-02  1.792503646E-01  4.000403552E-02  1.061515347E+05  2.360721843E+02  3.421063375E+02  2.914524827E+02  2.916659365E+02  7.552307807E-01 
       494  2.071273564E-02  1.790845686E-01  4.238164633E-02  1.081336788E+05  2.344527027E+02  3.431348287E+02  2.932075260E+02  2.887422032E+02  7.575195376E-01 
       495  2.315348782E-02  1.789033294E-01  4.476881837E-02  1.103808014E+05  2.330877607E+02  3.441314468E+02  2.949131327E+02  2.836248693E+02  7.564677242E-01 
       496  2.554611962E-02  1.786610662E-01  4.720294885E-02  1.127866494E+05  2.314109526E+02  3.452096796E+02  2.967643824E+02  2.743644190E+02  7.525351550E-01 
       497  2.790553153E-02  1.783591187E-01  4.966367300E-02  1.144900386E+05  2.305544300E+02  3.460324621E+02  2.981796684E+02  2.683046589E+02  7.491011862E-01 
       498  3.023553076E-02  1.780531658E-01  5.215009418E-02  1.153937054E+05  2.308767738E+02  3.464813077E+02  2.989537759E+02  2.663116279E+02  7.461336423E-01 
       499  3.255140683E-02  1.777481834E-01  5.464573084E-02  1.162057809E+05  2.313637871E+02  3.467698798E+02  2.994518183E+02  2.633100101E+02  7.417608574E-01 
       500  3.480321611E-02  1.773622653E-01  5.719033452E-02  1.171151273E+05  2.307426035E+02  3.471978550E+02  3.001911664E+02  2.607681818E+02  7.415865613E-01 
       501  3.704366447E-02  1.769956776E-01  5.978074099E-02  1.179083557E+05  2.307595124E+02  3.475426092E+02  3.007874949E+02  2.601880820E+02  7.409861176E-01 
       502  3.923116288E-02  1.766153691E-01  6.237867612E-02  1.185208257E+05  2.315130291E+02  3.477259207E+02  3.011047235E+02  2.580424781E+02  7.362299142E-01 
       503  4.136429871E-02  1.761773997E-01  6.501205622E-02  1.189377136E+05  2.319026987E+02  3.478807672E+02  3.013729781E+02  2.553828207E+02  7.324773530E-01 
       504  4.348069858E-02  1.757484529E-01  6.766046190E-02  1.192153782E+05  2.319996643E+02  3.480315228E+02  3.016341391E+02  2.552175784E+02  7.322359607E-01 
       505  4.554226392E-02  1.753162813E-01  7.034950997E-02  1.193334839E+05  2.325082731E+02  3.481279345E+02  3.018012533E+02  2.550173435E+02  7.303688210E-01 
       506  4.756665315E-02  1.748560179E-01  7.306168772E-02  1.192733000E+05  2.332514966E+02  3.481635733E+02  3.018630331E+02  2.548770742E+02  7.274890663E-01 
       507  4.956604909E-02  1.743615796E-01  7.580968578E-02  1.191121984E+05  2.335932719E+02  3.481702617E+02  3.018745667E+02  2.547144881E+02  7.262460915E-01 
       508  5.152654947E-02  1.738670862E-01  7.855886540E-02  1.189919293E+05  2.339107571E+02  3.481064558E+02  3.017640100E+02  2.554962456E+02  7.259869522E-01 
       509  5.347325952E-02  1.733659220E-01  8.131742073E-02  1.191076199E+05  2.341604881E+02  3.480816853E+02  3.017209474E+02  2.557612755E+02  7.256125220E-01 
       510  5.541917190E-02  1.728212690E-01  8.412523757E-02  1.192760176E+05  2.337327532E+02  3.481056607E+02  3.017625667E+02  2.557218892E+02  7.275183941E-01 
       511  5.731737707E-02  1.722438844E-01  8.698058411E-02  1.196907857E+05  2.338765669E+02  3.482761182E+02  3.020582708E+02  2.543266251E+02  7.258511013E-01 
       512  5.917186437E-02  1.716911252E-01  8.979478553E-02  1.198490251E+05  2.345216214E+02  3.483695663E+02  3.022205209E+02  2.542494386E+02  7.234503649E-01 
       513  6.096387184E-02  1.711643945E-01  9.255110888E-02  1.198362788E+05  2.352470165E+02  3.484016285E+02  3.022762061E+02  2.541521415E+02  7.207272844E-01 
       514  6.270700241E-02  1.705757992E-01  9.544380808E-02  1.196902537E+05  2.363070416E+02  3.483261323E+02  3.021451497E+02  2.544503074E+02  7.168166023E-01 
       515  6.442263795E-02  1.699823167E-01  9.834544530E-02  1.195322872E+05  2.373880069E+02  3.482287262E+02  3.019761005E+02  2.547015006E+02  7.128499885E-01 
       516  6.612271722E-02  1.694054111E-01  1.012510921E-01  1.192999696E+05  2.380549660E+02  3.481323717E+02  3.018089871E+02  2.552460942E+02  7.111020102E-01 
       517  6.776083839E-02  1.688452726E-01  1.042003507E-01  1.191151125E+05  2.385421145E+02  3.480493507E+02  3.016650547E+02  2.559692149E+02  7.102764328E-01 
       518  6.936215302E-02  1.682812898E-01  1.071729988E-01  1.189054197E+05  2.390952938E+02  3.479618474E+02  3.015133740E+02  2.566733588E+02  7.091337219E-01 
       519  7.082677073E-02  1.677321085E-01  1.102128146E-01  1.186901843E+05  2.396748482E+02  3.479047613E+02  3.014145818E+02  2.577444032E+02  7.081890530E-01 
       520  7.220712168E-02  1.672497044E-01  1.133584680E-01  1.185140811E+05  2.403875403E+02  3.478735038E+02  3.013608258E+02  2.586344430E+02  7.067196190E-01 
       521  7.342602904E-02  1.668557431E-01  1.165154693E-01  1.184141045E+05  2.407529447E+02  3.479684668E+02  3.015256383E+02  2.583816786E+02  7.055922197E-01 
       522  7.439926912E-02  1.665467988E-01  1.197652411E-01  1.183979009E+05  2.408870113E+02  3.481640005E+02  3.018642001E+02  2.574309833E+02  7.045602994E-01 
       523  7.498839543E-02  1.664581038E-01  1.231239650E-01  1.183522822E+05  2.406560841E+02  3.484082470E+02  3.022874622E+02  2.558050251E+02  7.042274624E-01 
       524  7.530423640E-02  1.665023734E-01  1.265249777E-01  1.182906345E+05  2.403688788E+02  3.485446043E+02  3.025243154E+02  2.556720376E+02  7.058581086E-01 
       525  7.543612494E-02  1.666233331E-01  1.299370256E-01  1.181480566E+05  2.418742008E+02  3.483243046E+02  3.021421700E+02  2.590633831E+02  7.038289197E-01 
       526  7.553122174E-02  1.667952118E-01  1.333496155E-01  1.179941218E+05  2.441499643E+02  3.479308801E+02  3.014601302E+02  2.621761808E+02  6.990862954E-01 
       527  7.566054780E-02  1.669469890E-01  1.367626796E-01  1.179314048E+05  2.440151372E+02  3.480434036E+02  3.016550169E+02  2.592139893E+02  6.967579145E-01 
       528  7.583993244E-02  1.671002891E-01  1.401745263E-01  1.178602079E+05  2.438936065E+02  3.483302522E+02  3.021530663E+02  2.596154023E+02  6.984621678E-01 
       529  7.600645069E-02  1.672586086E-01  1.435869327E-01  1.177883203E+05  2.439430268E+02  3.488127072E+02  3.029938931E+02  2.584447887E+02  6.993518895E-01 
       530  7.611546960E-02  1.674572299E-01  1.470000031E-01  1.178652723E+05  2.379161246E+02  3.500744045E+02  3.052893093E+02  2.475492835E+02  7.159484238E-01 
       531 -5.220359409E-02  2.342994603E-01 -4.210986580E-02  8.179308765E+04  1.823529547E+02  3.297186921E+02  2.708017668E+02  4.446123197E+02  1.148217687E+00 
       532 -5.220192467E-02  2.343108577E-01 -3.821952920E-02  8.078673080E+04  1.853715839E+02  3.292047186E+02  2.698832871E+02  4.463561771E+02  1.142606430E+00 
       533 -5.220302368E-02  2.343278434E-01 -3.432921672E-02  8.062673068E+04  1.864859130E+02  3.291325871E+02  2.697647727E+02  4.467692789E+02  1.140327009E+00 
       534 -5.220531674E-02  2.343446645E-01 -3.043898101E-02  8.172671371E+04  1.836982440E+02  3.298466328E+02  2.709383446E+02  4.439696887E+02  1.144442745E+00 
       535 -5.220735409E-02  2.343651870E-01 -2.654892396E-02  8.368817871E+04  1.782667847E+02  3.310544701E+02  2.729263992E+02  4.393875732E+02  1.153329350E+00 
       536 -5.221355576E-02  2.343966826E-01 -2.266385481E-02  8.537062267E+04  1.737005561E+02  3.319661846E+02  2.744301946E+02  4.355721670E+02  1.160976563E+00 
       537 -5.221196162E-02  2.344309954E-01 -1.877454498E-02  8.568645254E+04  1.724178438E+02  3.320173458E+02  2.745149546E+02  4.350108876E+02  1.163612134E+00 
       538 -5.222596507E-02  2.344687402E-01 -1.488167101E-02  8.431337071E+04  1.753773897E+02  3.311201064E+02  2.730342563E+02  4.389981630E+02  1.160327799E+00 
       539 -5.222923531E-02  2.345160018E-01 -1.099302079E-02  8.170360193E+04  1.816380866E+02  3.296203330E+02  2.705684310E+02  4.463224285E+02  1.152953893E+00 
       540 -5.210275326E-02  2.345957540E-01 -7.104134264E-03  7.912283698E+04  1.890131841E+02  3.282592400E+02  2.683370255E+02  4.473880417E+02  1.136885268E+00 
       541 -5.114101036E-02  2.348545508E-01 -3.375994418E-03  7.856232643E+04  1.911121069E+02  3.281080027E+02  2.680891882E+02  4.506418155E+02  1.136191501E+00 
       542 -4.917766965E-02  2.353023755E-01 -5.047413344E-05  7.998005664E+04  1.887041745E+02  3.288392019E+02  2.692854528E+02  4.508557014E+02  1.142671369E+00 
       543 -4.661414278E-02  2.358651253E-01  2.823323178E-03  8.154684277E+04  1.852545621E+02  3.297595010E+02  2.707953587E+02  4.457974224E+02  1.146258039E+00 
       544 -4.374488282E-02  2.364440537E-01  5.350106892E-03  8.436104993E+04  1.768285689E+02  3.316379175E+02  2.738893607E+02  4.383052788E+02  1.159077746E+00 
       545 -4.059796688E-02  2.370222596E-01  7.583171126E-03  8.815788879E+04  1.653894787E+02  3.336170585E+02  2.771681159E+02  4.299391606E+02  1.179243770E+00 
       546 -3.738701819E-02  2.375676250E-01  9.702642239E-03  8.689826337E+04  1.679843645E+02  3.328453658E+02  2.758883946E+02  4.325952225E+02  1.174188053E+00 
       547 -3.407522408E-02  2.380263225E-01  1.169481074E-02  8.179058435E+04  1.831887233E+02  3.300289783E+02  2.712413778E+02  4.433667321E+02  1.146506503E+00 
       548 -3.073065008E-02  2.384984497E-01  1.361793802E-02  7.989191223E+04  1.896865594E+02  3.290112793E+02  2.695666981E+02  4.487128546E+02  1.135377782E+00 
       549 -2.732884007E-02  2.388770261E-01  1.546643341E-02  8.132958630E+04  1.870123560E+02  3.296316724E+02  2.705849209E+02  4.417830434E+02  1.135154091E+00 
       550 -2.390908864E-02  2.392176502E-01  1.728468609E-02  8.210513451E+04  1.846156921E+02  3.300409192E+02  2.712574615E+02  4.438286337E+02  1.143059719E+00 
       551 -2.044822495E-02  2.394794424E-01  1.908927170E-02  8.131744128E+04  1.851421586E+02  3.297927384E+02  2.708489345E+02  4.427315488E+02  1.141189087E+00 
       552 -1.699643969E-02  2.397114515E-01  2.086461287E-02  8.072732849E+04  1.873706751E+02  3.293211451E+02  2.700759797E+02  4.455256844E+02  1.138485897E+00 
       553 -1.354033893E-02  2.398615604E-01  2.263394957E-02  8.079590723E+04  1.879347715E+02  3.293710289E+02  2.701587734E+02  4.439476223E+02  1.136666402E+00 
       554 -1.007792796E-02  2.399171479E-01  2.439846914E-02  8.110227832E+04  1.871849165E+02  3.296276050E+02  2.705792413E+02  4.435853686E+02  1.139419237E+00 
       555 -6.592279415E-03  2.399646350E-01  2.619220728E-02  8.059940747E+04  1.870095172E+02  3.293981028E+02  2.702026243E+02  4.438047371E+02  1.142637890E+00 
       556 -3.124907716E-03  2.398994093E-01  2.794309000E-02  7.958293652E+04  1.885986242E+02  3.287933578E+02  2.692137527E+02  4.455761070E+02  1.140690878E+00 
       557  3.338943067E-04  2.398017910E-01  2.968583889E-02  1.047349834E+05  2.101194730E+02  3.416433573E+02  2.906854502E+02  3.944287765E+02  1.042337491E+00 
       558  3.794068913E-03  2.396169640E-01  3.144821874E-02  1.011248506E+05  2.135846610E+02  3.406239100E+02  2.889400811E+02  3.990727835E+02  1.040082229E+00 
       559  7.248441593E-03  2.393064044E-01  3.320284907E-02  9.618301855E+04  2.139489717E+02  3.382025032E+02  2.848458729E+02  4.131799564E+02  1.051121328E+00 
       560  1.068879679E-02  2.389885178E-01  3.498866898E-02  9.272124780E+04  2.165108609E+02  3.360009422E+02  2.811471119E+02  4.190283957E+02  1.048431404E+00 
       561  1.412543948E-02  2.386075767E-01  3.676435012E-02  8.974064600E+04  2.150331788E+02  3.347837324E+02  2.791116734E+02  4.217316351E+02  1.054321308E+00 
       562  1.753589177E-02  2.380598424E-01  3.855175648E-02  8.869107227E+04  2.175760727E+02  3.342705059E+02  2.782553711E+02  4.251795578E+02  1.050777026E+00 
       563  2.093820079E-02  2.375000001E-01  4.035454522E-02  9.152619336E+04  2.153018761E+02  3.361786633E+02  2.814468126E+02  4.203164806E+02  1.052424893E+00 
       564  2.432947450E-02  2.368878370E-01  4.215773147E-02  1.033929740E+05  2.074955532E+02  3.422357409E+02  2.917142155E+02  3.967040136E+02  1.060095102E+00 
       565  2.770729830E-02  2.361795572E-01  4.394886350E-02  1.241951003E+05  2.001176548E+02  3.506773424E+02  3.062684507E+02  3.552511411E+02  1.061998338E+00 
       566  3.105826597E-02  2.354459967E-01  4.578622705E-02  1.316744926E+05  1.996059701E+02  3.532052422E+02  3.106713510E+02  3.392219019E+02  1.058853987E+00 
       567  3.438758923E-02  2.346372217E-01  4.762879820E-02  1.244277962E+05  1.989123503E+02  3.509008127E+02  3.066330785E+02  3.506340772E+02  1.060248212E+00 
       568  3.771502906E-02  2.337669833E-01  4.947240569E-02  1.178483660E+05  2.012232857E+02  3.486916957E+02  3.027811263E+02  3.619513423E+02  1.052449873E+00 
       569  4.101460083E-02  2.329246351E-01  5.135281935E-02  1.185433734E+05  2.037662361E+02  3.487496853E+02  3.028814778E+02  3.608959250E+02  1.043622970E+00 
       570  4.428347740E-02  2.319960665E-01  5.324515281E-02  1.228788830E+05  2.031203974E+02  3.502449958E+02  3.054845035E+02  3.521744983E+02  1.044564982E+00 
       571  4.749748393E-02  2.310181580E-01  5.520824782E-02  1.248570955E+05  2.024977541E+02  3.512986145E+02  3.073243361E+02  3.453220882E+02  1.044039574E+00 
       572  5.066691057E-02  2.300652086E-01  5.723980181E-02  1.247549852E+05  2.053183830E+02  3.513957315E+02  3.074940489E+02  3.437732954E+02  1.035203092E+00 
       573  5.379140778E-02  2.290521307E-01  5.932353399E-02  1.248036831E+05  2.085423226E+02  3.514363390E+02  3.075649648E+02  3.435979403E+02  1.026060035E+00 
       574  5.683956615E-02  2.279793322E-01  6.149869556E-02  1.253740635E+05  2.106662188E+02  3.516953926E+02  3.080187664E+02  3.411089363E+02  1.018094238E+00 
       575  5.985072913E-02  2.269370111E-01  6.373374277E-02  1.256620762E+05  2.136809587E+02  3.517358170E+02  3.080895290E+02  3.372742767E+02  1.007213429E+00 
       576  6.280959972E-02  2.258492183E-01  6.601505396E-02  1.253465108E+05  2.181256192E+02  3.514498046E+02  3.075883378E+02  3.361930423E+02  9.935166374E-01 
       577  6.573461678E-02  2.247295145E-01  6.832363097E-02  1.245964716E+05  2.223019485E+02  3.510669994E+02  3.069187307E+02  3.429052038E+02  9.839244140E-01 
       578  6.865501872E-02  2.236625994E-01  7.064894084E-02  1.236581445E+05  2.255409662E+02  3.507605517E+02  3.063836849E+02  3.512879667E+02  9.761196233E-01 
       579  7.151541969E-02  2.224865137E-01  7.302188293E-02  1.222033171E+05  2.287014203E+02  3.503464031E+02  3.056615434E+02  3.532955942E+02  9.655866139E-01 
       580  7.433322259E-02  2.213060150E-01  7.543149031E-02  1.211471643E+05  2.303988099E+02  3.500633364E+02  3.051671371E+02  3.491770935E+02  9.556763973E-01 
       581  7.711325138E-02  2.201536844E-01  7.789825066E-02  1.226235734E+05  2.319487014E+02  3.512108387E+02  3.071715166E+02  3.417764817E+02  9.466606214E-01 
       582  7.981655167E-02  2.189959972E-01  8.044372180E-02  1.227816700E+05  2.360618052E+02  3.517676797E+02  3.081495824E+02  3.401089826E+02  9.321386442E-01 
       583  8.242371870E-02  2.177951216E-01  8.306797326E-02  1.224018589E+05  2.390284920E+02  3.516366005E+02  3.079193840E+02  3.400003548E+02  9.211744703E-01 
       584  8.497819178E-02  2.166305248E-01  8.576177505E-02  1.221389818E+05  2.384203315E+02  3.514678671E+02  3.076237620E+02  3.399665860E+02  9.214909463E-01 
       585  8.747465708E-02  2.155008942E-01  8.852176985E-02  1.221259368E+05  2.356514153E+02  3.512633095E+02  3.072651634E+02  3.387694354E+02  9.284540210E-01 
       586  8.983863293E-02  2.143275504E-01  9.137087988E-02  1.222075303E+05  2.332821655E+02  3.510124345E+02  3.068245740E+02  3.388634324E+02  9.348416198E-01 
       587  9.211779941E-02  2.131724912E-01  9.430579148E-02  1.224017956E+05  2.302017790E+02  3.510064605E+02  3.068135687E+02  3.388699116E+02  9.436106119E-01 
       588  9.424446159E-02  2.121023496E-01  9.738772987E-02  1.226217951E+05  2.259512600E+02  3.511191379E+02  3.070107288E+02  3.400442245E+02  9.565222694E-01 
       589  9.610967173E-02  2.111612431E-01  1.006666829E-01  1.227629256E+05  2.212731679E+02  3.511478417E+02  3.070611011E+02  3.410240610E+02  9.703334108E-01 
       590  9.742401869E-02  2.103903297E-01  1.042235364E-01  1.228448375E+05  2.183434256E+02  3.509787494E+02  3.067658495E+02  3.414121161E+02  9.787027662E-01 
       591  9.764724840E-02  2.101688920E-01  1.080985861E-01  1.228705967E+05  2.180262201E+02  3.508050756E+02  3.064629526E+02  3.414773345E+02  9.796337076E-01 
       592  9.763062643E-02  2.101108570E-01  1.119846410E-01  1.227704274E+05  2.194583703E+02  3.509148179E+02  3.066566467E+02  3.396355292E+02  9.751855985E-01 
       593  9.759894170E-02  2.100363093E-01  1.158782398E-01  1.225560635E+05  2.209974517E+02  3.517163429E+02  3.080621240E+02  3.386537721E+02  9.703437998E-01 
       594  9.760335841E-02  2.100041055E-01  1.197683889E-01  1.225221684E+05  2.223109188E+02  3.529322795E+02  3.101970594E+02  3.314653468E+02  9.654977596E-01 
       595  9.760552297E-02  2.099886023E-01  1.236588659E-01  1.225279713E+05  2.238800122E+02  3.541106103E+02  3.122690381E+02  3.159242027E+02  9.611483305E-01 
       596  9.760989540E-02  2.100145164E-01  1.275491461E-01  1.227382281E+05  2.253600930E+02  3.550572203E+02  3.139384271E+02  3.016471543E+02  9.586580671E-01 
       597  9.760550437E-02  2.100148949E-01  1.314412195E-01  1.228201167E+05  2.274100790E+02  3.555275507E+02  3.147715149E+02  2.993650303E+02  9.519329220E-01 
       598  9.762031038E-02  2.101034915E-01  1.353312483E-01  1.228905184E+05  2.287281570E+02  3.556953069E+02  3.150737594E+02  3.096201813E+02  9.449696480E-01 
       599  9.762506170E-02  2.101609083E-01  1.392228176E-01  1.229811196E+05  2.283754854E+02  3.553332828E+02  3.144384010E+02  3.183162379E+02  9.454756984E-01 
       600  9.764671237E-02  2.102092269E-01  1.431110049E-01  1.231064927E+05  2.248691993E+02  3.545129201E+02  3.129897580E+02  3.240917430E+02  9.568922371E-01 
       601  9.766256924E-02  2.102587391E-01  1.469999989E-01  1.231519546E+05  2.212393641E+02  3.539030924E+02  3.116294060E+02  3.298702087E+02  9.685926847E-01 
