nodenumber     x-coordinate     y-coordinate     z-coordinate         pressure velocity-magnitude      sound-speed      temperature rel-velocity-magnitude relative-velocity-angle 
         1 -2.216901913E-02  1.039879580E-01 -4.300600202E-02  8.756455431E+04  1.536685026E+02  3.330781388E+02  2.762709146E+02  2.354950383E+02  8.599827844E-01 
         2 -2.197401757E-02  1.042260031E-01 -4.002397295E-02  8.746741571E+04  1.546072053E+02  3.329902458E+02  2.761251380E+02  2.366284720E+02  8.590360400E-01 
         3 -2.150271627E-02  1.045375264E-01 -3.708169353E-02  8.735106207E+04  1.550898312E+02  3.329376111E+02  2.760378420E+02  2.369617722E+02  8.578650164E-01 
         4 -2.072290556E-02  1.049359494E-01 -3.421635317E-02  8.721661560E+04  1.555946834E+02  3.328933287E+02  2.759644184E+02  2.374764895E+02  8.572847890E-01 
         5 -1.964621854E-02  1.053757771E-01 -3.145501365E-02  8.710316357E+04  1.562571945E+02  3.328330336E+02  2.758645124E+02  2.384043694E+02  8.574335128E-01 
         6 -1.833909717E-02  1.058829391E-01 -2.880182754E-02  8.697278052E+04  1.572014313E+02  3.327457695E+02  2.757198849E+02  2.395677891E+02  8.568046000E-01 
         7 -1.686396899E-02  1.064019756E-01 -2.624136390E-02  8.678028442E+04  1.580119190E+02  3.326455259E+02  2.755538721E+02  2.403195739E+02  8.554555289E-01 
         8 -1.524276490E-02  1.069101094E-01 -2.376908005E-02  8.654198743E+04  1.589800782E+02  3.325253606E+02  2.753547506E+02  2.413535480E+02  8.543234859E-01 
         9 -1.353040875E-02  1.074492491E-01 -2.136449246E-02  8.635694324E+04  1.602397106E+02  3.324090304E+02  2.751620703E+02  2.428007076E+02  8.531197561E-01 
        10 -1.175719847E-02  1.079385502E-01 -1.899452623E-02  8.617895990E+04  1.615860765E+02  3.323026500E+02  2.749860258E+02  2.441745892E+02  8.511971850E-01 
        11 -9.920451205E-03  1.084473482E-01 -1.667649769E-02  8.606945349E+04  1.626043743E+02  3.322617952E+02  2.749184295E+02  2.447358465E+02  8.482183730E-01 
        12 -8.053093039E-03  1.089314126E-01 -1.437870322E-02  8.621033481E+04  1.630228172E+02  3.323603439E+02  2.750814813E+02  2.444096352E+02  8.453497514E-01 
        13 -6.139911673E-03  1.093816015E-01 -1.211111235E-02  8.672115186E+04  1.625434151E+02  3.326128979E+02  2.754997272E+02  2.430650001E+02  8.438849896E-01 
        14 -4.213714023E-03  1.098625599E-01 -9.853315987E-03  8.756020605E+04  1.604183044E+02  3.330580597E+02  2.762377834E+02  2.404165821E+02  8.469327502E-01 
        15 -2.267252226E-03  1.102821410E-01 -7.616721013E-03  8.856601123E+04  1.566012697E+02  3.335678844E+02  2.770842400E+02  2.372878590E+02  8.579619974E-01 
        16 -3.058463972E-04  1.106716081E-01 -5.380345181E-03  8.940064771E+04  1.499272614E+02  3.340028019E+02  2.778072939E+02  2.338701272E+02  8.840056080E-01 
        17  1.649896870E-03  1.110991589E-01 -3.144821902E-03  8.734985510E+04  1.455804954E+02  3.330070724E+02  2.761550906E+02  2.430675616E+02  9.407051988E-01 
        18  3.605378217E-03  1.114680886E-01 -8.997268064E-04  7.569837671E+04  1.790455258E+02  3.259154167E+02  2.645196953E+02  2.880420289E+02  9.311297424E-01 
        19  5.548952344E-03  1.118349081E-01  1.356589372E-03  6.991332813E+04  2.108446074E+02  3.226792815E+02  2.592930207E+02  3.115908542E+02  8.544464195E-01 
        20  7.472030685E-03  1.121892539E-01  3.633809071E-03  7.301548099E+04  2.110086295E+02  3.249296896E+02  2.629251373E+02  2.952661911E+02  7.851195203E-01 
        21  9.366594022E-03  1.125505666E-01  5.932977735E-03  7.662137933E+04  2.068874477E+02  3.271381328E+02  2.665082638E+02  2.819858069E+02  7.548980284E-01 
        22  1.122147558E-02  1.129077905E-01  8.263617067E-03  7.897749467E+04  2.071931412E+02  3.285383103E+02  2.687935920E+02  2.751640286E+02  7.279602852E-01 
        23  1.303284284E-02  1.132507638E-01  1.062953057E-02  8.057911893E+04  2.097114497E+02  3.294682996E+02  2.703163535E+02  2.696715767E+02  6.956354694E-01 
        24  1.479928419E-02  1.136234762E-01  1.303021626E-02  8.178897597E+04  2.145183204E+02  3.300772954E+02  2.713164442E+02  2.662102041E+02  6.590780986E-01 
        25  1.649617427E-02  1.139938279E-01  1.547769530E-02  8.280620337E+04  2.193672695E+02  3.306054871E+02  2.721856518E+02  2.634550002E+02  6.244565323E-01 
        26  1.811807173E-02  1.143837002E-01  1.797032872E-02  8.345411975E+04  2.246637220E+02  3.309158502E+02  2.726966634E+02  2.617324467E+02  5.914526163E-01 
        27  1.968166241E-02  1.148013513E-01  2.049621310E-02  8.348296906E+04  2.320186474E+02  3.308137157E+02  2.725283706E+02  2.624851828E+02  5.570740923E-01 
        28  2.119101764E-02  1.152299366E-01  2.305322148E-02  8.295682588E+04  2.408608081E+02  3.304830253E+02  2.719835130E+02  2.655584335E+02  5.226470089E-01 
        29  2.266338778E-02  1.156643914E-01  2.563116057E-02  8.239280042E+04  2.493420330E+02  3.302014744E+02  2.715206326E+02  2.679291863E+02  4.877812285E-01 
        30  2.408077791E-02  1.161159634E-01  2.823658064E-02  8.190591571E+04  2.578021536E+02  3.298775213E+02  2.709882059E+02  2.703466039E+02  4.538448830E-01 
        31  2.544088325E-02  1.165921105E-01  3.086849856E-02  8.136593652E+04  2.665503173E+02  3.294445133E+02  2.702778125E+02  2.738914723E+02  4.227089337E-01 
        32  2.674433127E-02  1.170738851E-01  3.352942364E-02  8.077321704E+04  2.748934741E+02  3.290742755E+02  2.696705422E+02  2.777333744E+02  3.947907817E-01 
        33  2.797950643E-02  1.175445507E-01  3.622298897E-02  8.020406683E+04  2.823889883E+02  3.288860204E+02  2.693614411E+02  2.806330279E+02  3.678464616E-01 
        34  2.916313541E-02  1.180056499E-01  3.893937175E-02  7.985005612E+04  2.893977105E+02  3.288205851E+02  2.692538761E+02  2.822286083E+02  3.386860942E-01 
        35  3.031249539E-02  1.184785399E-01  4.167042727E-02  7.992309949E+04  2.962259585E+02  3.287940555E+02  2.692105554E+02  2.832593024E+02  3.084212348E-01 
        36  3.139929926E-02  1.189405785E-01  4.442941843E-02  8.019117087E+04  3.021739217E+02  3.289631567E+02  2.694878658E+02  2.834670201E+02  2.795313672E-01 
        37  3.242013936E-02  1.193808800E-01  4.721660669E-02  8.079170054E+04  3.071955864E+02  3.293650988E+02  2.701465314E+02  2.825950751E+02  2.509227168E-01 
        38  3.340677803E-02  1.198011670E-01  5.002067675E-02  8.210392603E+04  3.100052887E+02  3.300791649E+02  2.713193803E+02  2.794742163E+02  2.251331607E-01 
        39  3.430413654E-02  1.201853153E-01  5.285529857E-02  8.384547363E+04  3.109576302E+02  3.310747614E+02  2.729592190E+02  2.743381214E+02  2.011529244E-01 
        40  3.515433510E-02  1.205874318E-01  5.570324370E-02  8.597161816E+04  3.105054359E+02  3.322837086E+02  2.749570389E+02  2.677875500E+02  1.791949198E-01 
        41  3.592907297E-02  1.209644065E-01  5.857535950E-02  8.833509448E+04  3.088584695E+02  3.335611153E+02  2.770751534E+02  2.603850050E+02  1.605637129E-01 
        42  3.664355424E-02  1.213334730E-01  6.146049591E-02  9.076814856E+04  3.059742312E+02  3.347496324E+02  2.790529356E+02  2.525682244E+02  1.475590123E-01 
        43  3.727845098E-02  1.217084379E-01  6.437276718E-02  9.301625952E+04  3.021539841E+02  3.357941008E+02  2.807964325E+02  2.451260071E+02  1.419165158E-01 
        44  3.781448665E-02  1.220744111E-01  6.730672953E-02  9.479088306E+04  2.983416805E+02  3.366569357E+02  2.822405233E+02  2.392807317E+02  1.433149688E-01 
        45  3.826762164E-02  1.224563704E-01  7.025293559E-02  9.596217523E+04  2.954947340E+02  3.372706590E+02  2.832701304E+02  2.356817725E+02  1.486395141E-01 
        46  3.856443464E-02  1.228195695E-01  7.317567491E-02  9.661481250E+04  2.936119995E+02  3.377181244E+02  2.840226135E+02  2.337955551E+02  1.551996842E-01 
        47  3.882754171E-02  1.231963568E-01  7.616928387E-02  9.686270770E+04  2.917559111E+02  3.384060292E+02  2.851825149E+02  2.314599841E+02  1.603401212E-01 
        48  3.896508106E-02  1.235573809E-01  7.913505459E-02  9.680451563E+04  2.876748047E+02  3.395534744E+02  2.871335831E+02  2.245524559E+02  1.639828086E-01 
        49  3.903512947E-02  1.239238609E-01  8.213137167E-02  9.663038464E+04  2.772917967E+02  3.417370923E+02  2.908667307E+02  2.062716197E+02  1.741357786E-01 
        50  3.900153017E-02  1.243001337E-01  8.510504302E-02  9.632211984E+04  2.595673741E+02  3.452515171E+02  2.968914800E+02  1.734414924E+02  1.864739973E-01 
        51  3.889299026E-02  1.246700891E-01  8.806950082E-02  9.600083209E+04  2.425863397E+02  3.488158782E+02  3.030422924E+02  1.273307614E+02  1.672070982E-01 
        52  3.870303970E-02  1.250405990E-01  9.105247242E-02  9.587403076E+04  2.346830940E+02  3.514462595E+02  3.076006231E+02  8.584470069E+01  4.756445505E-02 
        53  3.847530202E-02  1.253810613E-01  9.402032493E-02  9.628345001E+04  2.360707874E+02  3.523438333E+02  3.091694093E+02  5.227331184E+01 -4.463992114E-01 
        54  3.809583015E-02  1.257752167E-01  9.695318516E-02  9.715808398E+04  2.381653252E+02  3.527957916E+02  3.099550056E+02  4.142404604E+01 -1.508372843E+00 
        55  3.767199372E-02  1.261489404E-01  9.992435767E-02  9.831128906E+04  2.482212896E+02  3.524372759E+02  3.093221998E+02  4.767166352E+01 -1.920055419E+00 
        56  3.723780727E-02  1.265196365E-01  1.028569506E-01  9.976193866E+04  2.510221862E+02  3.511588465E+02  3.070827337E+02  6.921552363E+01 -1.055222694E+00 
        57  3.672955052E-02  1.269046997E-01  1.057947981E-01  1.016886511E+05  2.382932220E+02  3.496870108E+02  3.045130806E+02  1.089307504E+02  3.540093079E-02 
        58  3.615520807E-02  1.273091289E-01  1.087154776E-01  1.044964189E+05  2.337568464E+02  3.473906298E+02  3.005299788E+02  1.491540680E+02  2.804560168E-01 
        59  3.556812424E-02  1.277144368E-01  1.116309472E-01  1.068594937E+05  2.435702868E+02  3.449807398E+02  2.963723295E+02  1.750191075E+02  2.769427313E-01 
        60  3.495651588E-02  1.281329458E-01  1.145394580E-01  1.079627720E+05  2.546195631E+02  3.438530598E+02  2.944374146E+02  1.854448218E+02  2.373441043E-01 
        61  3.433795015E-02  1.285471243E-01  1.174457346E-01  1.080700460E+05  2.648750901E+02  3.432404556E+02  2.933881359E+02  1.919558601E+02  1.960940864E-01 
        62  3.376061330E-02  1.289460490E-01  1.203607660E-01  1.080060111E+05  2.688546028E+02  3.431569493E+02  2.932446353E+02  1.955085225E+02  1.854862717E-01 
        63  3.331803132E-02  1.293309423E-01  1.232882868E-01  1.081405416E+05  2.690415173E+02  3.431845776E+02  2.932914819E+02  1.955446565E+02  1.862570349E-01 
        64  3.310586596E-02  1.296649637E-01  1.262581306E-01  1.082283264E+05  2.691586311E+02  3.430915577E+02  2.931320980E+02  1.967885138E+02  1.915375424E-01 
        65  3.306639982E-02  1.299493947E-01  1.292495641E-01  1.081690563E+05  2.703672578E+02  3.429728974E+02  2.929294455E+02  1.997285423E+02  1.962232105E-01 
        66  3.322486525E-02  1.302097713E-01  1.322380794E-01  1.079637226E+05  2.721874342E+02  3.428497576E+02  2.927191175E+02  2.013297353E+02  1.927451116E-01 
        67  3.356462385E-02  1.304573038E-01  1.352130229E-01  1.077120540E+05  2.736634874E+02  3.428140048E+02  2.926579621E+02  2.023078843E+02  1.896655246E-01 
        68  3.400410102E-02  1.306751199E-01  1.381765647E-01  1.074089194E+05  2.750297663E+02  3.427724528E+02  2.925870459E+02  2.039701748E+02  1.895832603E-01 
        69  3.451963359E-02  1.308741206E-01  1.411278790E-01  1.070254288E+05  2.767520134E+02  3.426271563E+02  2.923390412E+02  2.061958692E+02  1.893484702E-01 
        70  3.508991352E-02  1.310576265E-01  1.440660380E-01  1.066523805E+05  2.783168461E+02  3.424650822E+02  2.920625076E+02  2.084282305E+02  1.901096988E-01 
        71  3.570211579E-02  1.312503676E-01  1.470000000E-01  1.062946748E+05  2.796590042E+02  3.423258972E+02  2.918229446E+02  2.105808620E+02  1.916952450E-01 
        72 -2.843361623E-02  1.708417341E-01 -4.258217492E-02  8.210768018E+04  1.838328605E+02  3.300008020E+02  2.711896658E+02  3.445491533E+02  1.007997543E+00 
        73 -2.838826984E-02  1.709653765E-01 -3.916427879E-02  8.216360382E+04  1.839616954E+02  3.300176520E+02  2.712173824E+02  3.439722252E+02  1.006564086E+00 
        74 -2.835908450E-02  1.711140563E-01 -3.574649433E-02  8.239826312E+04  1.836776522E+02  3.301727576E+02  2.714725804E+02  3.435970633E+02  1.007115103E+00 
        75 -2.838361088E-02  1.712589164E-01 -3.232950605E-02  8.285684277E+04  1.832188554E+02  3.304091969E+02  2.718614759E+02  3.434988985E+02  1.008437868E+00 
        76 -2.841360827E-02  1.714319125E-01 -2.891476756E-02  8.332162048E+04  1.823079543E+02  3.307243652E+02  2.723804140E+02  3.410669856E+02  1.007166022E+00 
        77 -2.833774301E-02  1.716334782E-01 -2.549995819E-02  8.372183353E+04  1.818605801E+02  3.308984729E+02  2.726672295E+02  3.402886461E+02  1.007443778E+00 
        78 -2.791452343E-02  1.719215161E-01 -2.212016887E-02  8.423205078E+04  1.806077089E+02  3.311926861E+02  2.731522808E+02  3.397098446E+02  1.010685530E+00 
        79 -2.700703325E-02  1.722886754E-01 -1.884820631E-02  8.428899487E+04  1.799268670E+02  3.312055788E+02  2.731734705E+02  3.407171440E+02  1.014882151E+00 
        80 -2.544395246E-02  1.727209334E-01 -1.584518523E-02  8.327078870E+04  1.817662306E+02  3.305806661E+02  2.721441405E+02  3.434703255E+02  1.013355331E+00 
        81 -2.351536464E-02  1.732363399E-01 -1.306823492E-02  8.132184564E+04  1.856120346E+02  3.294974880E+02  2.703639224E+02  3.484959618E+02  1.009450404E+00 
        82 -2.134527601E-02  1.737374909E-01 -1.047435973E-02  7.875385739E+04  1.911524704E+02  3.280331842E+02  2.679672082E+02  3.562862192E+02  1.005350352E+00 
        83 -1.897326710E-02  1.742189522E-01 -8.035177519E-03  7.585466547E+04  1.979605570E+02  3.263077577E+02  2.651550769E+02  3.636041071E+02  9.968883381E-01 
        84 -1.652827274E-02  1.746780172E-01 -5.688541800E-03  7.366776251E+04  2.055864475E+02  3.249276767E+02  2.629168322E+02  3.697435861E+02  9.828690356E-01 
        85 -1.397929867E-02  1.751251779E-01 -3.446989688E-03  7.260174866E+04  2.094982672E+02  3.242709217E+02  2.618549380E+02  3.732872567E+02  9.767965786E-01 
        86 -1.139011487E-02  1.755573757E-01 -1.256774906E-03  7.348432751E+04  2.098154848E+02  3.249225745E+02  2.629100127E+02  3.708519120E+02  9.706788082E-01 
        87 -8.734274343E-03  1.759085237E-01  8.667805443E-04  7.829203894E+04  2.045057933E+02  3.277657177E+02  2.675384166E+02  3.596316245E+02  9.667855613E-01 
        88 -6.073383534E-03  1.762548475E-01  2.984781313E-03  8.824173029E+04  1.910980915E+02  3.333029799E+02  2.766543504E+02  3.314012630E+02  9.640100277E-01 
        89 -3.359730182E-03  1.765819110E-01  5.053045394E-03  9.831621637E+04  1.755645062E+02  3.383421252E+02  2.850757908E+02  3.052502868E+02  9.823818891E-01 
        90 -6.741955509E-04  1.768270807E-01  7.130208361E-03  9.659159647E+04  1.633935186E+02  3.379401983E+02  2.843986137E+02  3.107313256E+02  1.030500489E+00 
        91  2.027043660E-03  1.770783858E-01  9.208570588E-03  7.870918741E+04  1.934820315E+02  3.278370911E+02  2.676501639E+02  3.558765689E+02  9.973108430E-01 
        92  4.731686997E-03  1.772422585E-01  1.127155269E-02  7.318647299E+04  2.108779631E+02  3.247238740E+02  2.625879191E+02  3.708990355E+02  9.671726045E-01 
        93  7.454465044E-03  1.773874983E-01  1.334309669E-02  7.381103502E+04  2.083641163E+02  3.251199828E+02  2.632296122E+02  3.726837142E+02  9.789970422E-01 
        94  1.015989937E-02  1.775222933E-01  1.545596277E-02  7.098561106E+04  2.179986028E+02  3.232398851E+02  2.602034122E+02  3.833499700E+02  9.690902529E-01 
        95  1.284858280E-02  1.775661421E-01  1.756817794E-02  6.736762457E+04  2.285223118E+02  3.207882775E+02  2.562702559E+02  3.924112620E+02  9.534986624E-01 
        96  1.551966693E-02  1.776138061E-01  1.970369132E-02  6.431736761E+04  2.366824241E+02  3.187433388E+02  2.530152090E+02  3.998372838E+02  9.428187376E-01 
        97  1.817410325E-02  1.776258069E-01  2.186017323E-02  6.174460168E+04  2.453753233E+02  3.168933153E+02  2.500838614E+02  4.078560114E+02  9.316688143E-01 
        98  2.080993586E-02  1.775631240E-01  2.403936301E-02  5.985407568E+04  2.538334270E+02  3.154518013E+02  2.478138261E+02  4.146348581E+02  9.190891292E-01 
        99  2.341570779E-02  1.774969016E-01  2.625394818E-02  5.919227234E+04  2.593400130E+02  3.150558634E+02  2.471926308E+02  4.166594877E+02  9.056645632E-01 
       100  2.600295182E-02  1.773818036E-01  2.848806157E-02  6.098837012E+04  2.601841774E+02  3.165253716E+02  2.495154028E+02  4.114891768E+02  8.907709531E-01 
       101  2.856627515E-02  1.771883875E-01  3.074502562E-02  6.669507544E+04  2.555961266E+02  3.204623957E+02  2.558126688E+02  3.958542938E+02  8.726728559E-01 
       102  3.110662233E-02  1.769811535E-01  3.302644514E-02  7.515926636E+04  2.475182905E+02  3.259796562E+02  2.646991053E+02  3.716797276E+02  8.497908339E-01 
       103  3.362247542E-02  1.767159818E-01  3.532849163E-02  8.179988867E+04  2.434971557E+02  3.300995522E+02  2.713756652E+02  3.526600246E+02  8.256566320E-01 
       104  3.610895472E-02  1.763647845E-01  3.765120331E-02  8.305336218E+04  2.476216383E+02  3.307381458E+02  2.724101858E+02  3.493086829E+02  8.055145349E-01 
       105  3.856497337E-02  1.759966372E-01  4.000321012E-02  8.058484036E+04  2.562036833E+02  3.292288512E+02  2.699280167E+02  3.568788021E+02  7.898897678E-01 
       106  4.103059304E-02  1.755360248E-01  4.234569910E-02  7.827915629E+04  2.636665048E+02  3.279427812E+02  2.678206560E+02  3.634661039E+02  7.768007346E-01 
       107  4.340106546E-02  1.750377176E-01  4.474435622E-02  7.862304211E+04  2.672058563E+02  3.283036153E+02  2.684122317E+02  3.614092290E+02  7.610336372E-01 
       108  4.575540032E-02  1.745445103E-01  4.717695363E-02  8.219441650E+04  2.658438752E+02  3.306047559E+02  2.721942401E+02  3.508337345E+02  7.460118243E-01 
       109  4.807037784E-02  1.739953488E-01  4.963532790E-02  8.847678809E+04  2.610129080E+02  3.341196489E+02  2.780172882E+02  3.332550430E+02  7.316106111E-01 
       110  5.034733117E-02  1.734133857E-01  5.212084081E-02  9.497571045E+04  2.572886391E+02  3.373468666E+02  2.834054222E+02  3.170632439E+02  7.169574834E-01 
       111  5.258765486E-02  1.728405975E-01  5.464144749E-02  9.934954541E+04  2.574578190E+02  3.392826691E+02  2.866619949E+02  3.079214821E+02  7.015848532E-01 
       112  5.479076840E-02  1.722430532E-01  5.718902978E-02  1.021276350E+05  2.585666656E+02  3.405932388E+02  2.888803825E+02  3.010798178E+02  6.871306337E-01 
       113  5.694737683E-02  1.716020731E-01  5.976586917E-02  1.050995029E+05  2.583244407E+02  3.420273514E+02  2.913185837E+02  2.923016338E+02  6.751878164E-01 
       114  5.911848447E-02  1.709340834E-01  6.233872565E-02  1.085059487E+05  2.559787261E+02  3.436868176E+02  2.941511124E+02  2.823187963E+02  6.696102676E-01 
       115  6.119351897E-02  1.703313828E-01  6.496775561E-02  1.113120942E+05  2.543981500E+02  3.449626884E+02  2.963387704E+02  2.750201020E+02  6.661604624E-01 
       116  6.319798910E-02  1.696485115E-01  6.765543605E-02  1.134627556E+05  2.534164820E+02  3.458457909E+02  2.978577590E+02  2.694191098E+02  6.627887357E-01 
       117  6.520189851E-02  1.689621155E-01  7.034628384E-02  1.155141426E+05  2.512537193E+02  3.467924042E+02  2.994903898E+02  2.642470970E+02  6.649974715E-01 
       118  6.717992039E-02  1.682884043E-01  7.305807409E-02  1.171875659E+05  2.509855471E+02  3.473911924E+02  3.005253572E+02  2.600686092E+02  6.613279935E-01 
       119  6.910755662E-02  1.675987334E-01  7.579818779E-02  1.186630270E+05  2.495517709E+02  3.480422390E+02  3.016526289E+02  2.560247746E+02  6.632426390E-01 
       120  7.101404689E-02  1.668389198E-01  7.852135391E-02  1.197976572E+05  2.470424235E+02  3.484513793E+02  3.023622770E+02  2.537815113E+02  6.710568853E-01 
       121  7.286652020E-02  1.661304029E-01  8.130170181E-02  1.200046009E+05  2.444824790E+02  3.486161721E+02  3.026486033E+02  2.541974996E+02  6.821035221E-01 
       122  7.473378469E-02  1.653966549E-01  8.408122010E-02  1.199976230E+05  2.436424484E+02  3.486515694E+02  3.027103519E+02  2.538635769E+02  6.855038404E-01 
       123  7.654776682E-02  1.646234676E-01  8.688218818E-02  1.198147610E+05  2.432567730E+02  3.487791414E+02  3.029326525E+02  2.544659724E+02  6.879377030E-01 
       124  7.830115451E-02  1.638494494E-01  8.971806956E-02  1.195910835E+05  2.435671692E+02  3.488276138E+02  3.030173817E+02  2.542618790E+02  6.867095008E-01 
       125  8.003223315E-02  1.630890187E-01  9.257063461E-02  1.194296292E+05  2.422455816E+02  3.491412449E+02  3.035643301E+02  2.530217805E+02  6.913774591E-01 
       126  8.174167210E-02  1.623344685E-01  9.543869445E-02  1.192656305E+05  2.405212216E+02  3.497065897E+02  3.045518384E+02  2.510145380E+02  6.972787832E-01 
       127  8.339566060E-02  1.615413001E-01  9.829620033E-02  1.190268077E+05  2.406621718E+02  3.501391647E+02  3.053087712E+02  2.483457556E+02  6.951717068E-01 
       128  8.500809507E-02  1.607572746E-01  1.012133408E-01  1.188627803E+05  2.412987900E+02  3.503728356E+02  3.057167938E+02  2.442218459E+02  6.896891356E-01 
       129  8.654116005E-02  1.600133249E-01  1.041766726E-01  1.189266904E+05  2.389484254E+02  3.510848122E+02  3.069599839E+02  2.358377907E+02  6.949027905E-01 
       130  8.807530659E-02  1.592883350E-01  1.071513815E-01  1.188548960E+05  2.324402666E+02  3.526009946E+02  3.096168418E+02  2.283150902E+02  7.215564121E-01 
       131  8.946870181E-02  1.585918917E-01  1.101955952E-01  1.185761799E+05  2.300964311E+02  3.533770927E+02  3.109780614E+02  2.216641563E+02  7.299888469E-01 
       132  9.078169785E-02  1.579398834E-01  1.132895212E-01  1.185494843E+05  2.331732352E+02  3.531519783E+02  3.105785667E+02  2.135257763E+02  7.123740553E-01 
       133  9.193376095E-02  1.573753789E-01  1.164622823E-01  1.187085789E+05  2.320012710E+02  3.531677885E+02  3.106042511E+02  2.105734875E+02  7.158951126E-01 
       134  9.287851211E-02  1.569754829E-01  1.197270904E-01  1.187604348E+05  2.289643046E+02  3.527905903E+02  3.099428410E+02  2.193943770E+02  7.329075404E-01 
       135  9.346963790E-02  1.567893278E-01  1.230899614E-01  1.186448856E+05  2.327263811E+02  3.510161421E+02  3.068393579E+02  2.394269216E+02  7.279823497E-01 
       136  9.376445592E-02  1.568076376E-01  1.265149706E-01  1.185891993E+05  2.399693613E+02  3.488726735E+02  3.030998654E+02  2.572425733E+02  7.098663673E-01 
       137  9.391306034E-02  1.569225935E-01  1.299303306E-01  1.183646377E+05  2.426893463E+02  3.478289127E+02  3.012841063E+02  2.613598108E+02  7.024350427E-01 
       138  9.402896493E-02  1.570765633E-01  1.333445553E-01  1.181524536E+05  2.420505428E+02  3.476824989E+02  3.010297174E+02  2.594756660E+02  7.037682459E-01 
       139  9.417960043E-02  1.572174564E-01  1.367593072E-01  1.180353645E+05  2.424731593E+02  3.476759434E+02  3.010182443E+02  2.601698403E+02  7.034711894E-01 
       140  9.437397158E-02  1.573466446E-01  1.401725853E-01  1.179417629E+05  2.432878118E+02  3.477560897E+02  3.011571345E+02  2.616645956E+02  7.024985738E-01 
       141  9.455826038E-02  1.574868932E-01  1.435861248E-01  1.178761832E+05  2.438343122E+02  3.479400197E+02  3.014755281E+02  2.618617197E+02  7.012699207E-01 
       142  9.468914447E-02  1.576724412E-01  1.470000022E-01  1.178534600E+05  2.442678652E+02  3.480302162E+02  3.016427841E+02  2.621521034E+02  7.007086799E-01 
       143 -2.515044289E-02  2.387134140E-01 -4.211006034E-02  8.317849796E+04  1.813199770E+02  3.305889998E+02  2.721573965E+02  4.418626734E+02  1.147954046E+00 
       144 -2.515073613E-02  2.387267259E-01 -3.821832766E-02  8.468051136E+04  1.773400463E+02  3.314381212E+02  2.735579564E+02  4.390498060E+02  1.155217819E+00 
       145 -2.514274647E-02  2.387409373E-01 -3.433018188E-02  8.583303957E+04  1.736764439E+02  3.321874618E+02  2.747962694E+02  4.322516432E+02  1.158005119E+00 
       146 -2.514933814E-02  2.387615668E-01 -3.043885368E-02  8.595946867E+04  1.751712530E+02  3.320753878E+02  2.746107318E+02  4.351531628E+02  1.157270658E+00 
       147 -2.514205174E-02  2.387863737E-01 -2.655197175E-02  8.476150543E+04  1.777657987E+02  3.314922399E+02  2.736471015E+02  4.387773310E+02  1.154331375E+00 
       148 -2.514801404E-02  2.388163633E-01 -2.268742808E-02  8.273639214E+04  1.830595938E+02  3.303534707E+02  2.717701504E+02  4.403893233E+02  1.142799321E+00 
       149 -2.514603624E-02  2.387984711E-01 -1.877579094E-02  8.057204395E+04  1.878452663E+02  3.291908226E+02  2.698612022E+02  4.456855125E+02  1.136344507E+00 
       150 -2.513833525E-02  2.388756875E-01 -1.487946342E-02  7.917115006E+04  1.913758368E+02  3.283563366E+02  2.684940133E+02  4.509877658E+02  1.133347306E+00 
       151 -2.514495058E-02  2.389300222E-01 -1.098752945E-02  7.909994531E+04  1.911154394E+02  3.283274620E+02  2.684476358E+02  4.497963731E+02  1.132777358E+00 
       152 -2.501801490E-02  2.389948317E-01 -7.101428526E-03  8.081749490E+04  1.874168350E+02  3.292112763E+02  2.698962313E+02  4.465016383E+02  1.138563774E+00 
       153 -2.403359079E-02  2.391541778E-01 -3.362202731E-03  8.565673515E+04  1.739695924E+02  3.319558958E+02  2.744149994E+02  4.351711023E+02  1.160216703E+00 
       154 -2.203079393E-02  2.393877231E-01 -4.501692070E-05  8.940979691E+04  1.653919921E+02  3.338948887E+02  2.776287256E+02  4.279414285E+02  1.174847424E+00 
       155 -1.942355624E-02  2.396357170E-01  2.825132604E-03  8.652709698E+04  1.751881250E+02  3.321200508E+02  2.746908054E+02  4.344296302E+02  1.156288318E+00 
       156 -1.648721574E-02  2.398964014E-01  5.342831758E-03  8.150283173E+04  1.843747324E+02  3.297609603E+02  2.707973034E+02  4.457830424E+02  1.144674318E+00 
       157 -1.330897545E-02  2.400801911E-01  7.594698846E-03  7.993481213E+04  1.898394482E+02  3.285914092E+02  2.688792467E+02  4.476802316E+02  1.133149002E+00 
       158 -1.004552185E-02  2.402353079E-01  9.709455816E-03  8.055997192E+04  1.866390219E+02  3.289753876E+02  2.695091262E+02  4.465563107E+02  1.140090672E+00 
       159 -6.714656287E-03  2.403804415E-01  1.171394437E-02  8.064014996E+04  1.849313030E+02  3.290984553E+02  2.697102357E+02  4.463871249E+02  1.144710268E+00 
       160 -3.322138608E-03  2.404066774E-01  1.362735999E-02  7.991028073E+04  1.876808709E+02  3.285223145E+02  2.687668425E+02  4.497592711E+02  1.141744979E+00 
       161  9.783589121E-05  2.404201762E-01  1.547870720E-02  7.989410559E+04  1.879560370E+02  3.285275302E+02  2.687762961E+02  4.495964460E+02  1.142179672E+00 
       162  3.534439975E-03  2.403949673E-01  1.730379042E-02  8.137533838E+04  1.848030453E+02  3.294985790E+02  2.703777285E+02  4.455441265E+02  1.148486853E+00 
       163  6.969024296E-03  2.402279751E-01  1.908412837E-02  9.162572571E+04  1.538999878E+02  3.356697433E+02  2.806203480E+02  4.229142714E+02  1.205147676E+00 
       164  1.043411823E-02  2.400800089E-01  2.085152946E-02  7.899870335E+04  1.877725981E+02  3.289653760E+02  2.694945638E+02  4.451560017E+02  1.140299749E+00 
       165  1.388371434E-02  2.398652026E-01  2.263181169E-02  7.941090955E+04  1.850394521E+02  3.290393109E+02  2.696124051E+02  4.417883463E+02  1.142279759E+00 
       166  1.734145131E-02  2.394992745E-01  2.440657916E-02  7.893515283E+04  1.862051065E+02  3.288292685E+02  2.692683856E+02  4.423930426E+02  1.139518885E+00 
       167  2.080043859E-02  2.391294908E-01  2.615375350E-02  7.898955133E+04  1.865412648E+02  3.290041143E+02  2.695551582E+02  4.429080803E+02  1.140078552E+00 
       168  2.424052770E-02  2.387186889E-01  2.792040504E-02  7.916623108E+04  1.888534806E+02  3.290292840E+02  2.695964699E+02  4.430277247E+02  1.134851271E+00 
       169  2.766624902E-02  2.381908713E-01  2.968394578E-02  7.900848401E+04  1.907504067E+02  3.290340614E+02  2.696044040E+02  4.436966009E+02  1.130835289E+00 
       170  3.108229850E-02  2.375970478E-01  3.144655572E-02  7.866924878E+04  1.921562951E+02  3.291244876E+02  2.697534282E+02  4.425876570E+02  1.127036414E+00 
       171  3.449726266E-02  2.369314331E-01  3.319569832E-02  7.856362582E+04  1.958686121E+02  3.289017953E+02  2.693895886E+02  4.424991362E+02  1.118952855E+00 
       172  3.787267708E-02  2.362004853E-01  3.498142333E-02  7.898684875E+04  1.982126968E+02  3.289617939E+02  2.694887571E+02  4.413872023E+02  1.113584885E+00 
       173  4.123744789E-02  2.354271843E-01  3.677379579E-02  7.919901794E+04  2.000408170E+02  3.290347381E+02  2.696083126E+02  4.387912531E+02  1.108255908E+00 
       174  4.456263149E-02  2.345133553E-01  3.856958315E-02  7.869535406E+04  2.030837959E+02  3.287317818E+02  2.691117256E+02  4.395034655E+02  1.103271510E+00 
       175  4.789152860E-02  2.335402793E-01  4.034492433E-02  7.718632916E+04  2.089272801E+02  3.276775182E+02  2.673892303E+02  4.437967978E+02  1.093903401E+00 
       176  5.119514426E-02  2.325727211E-01  4.215365701E-02  7.514886739E+04  2.133012735E+02  3.265102602E+02  2.654860134E+02  4.481423030E+02  1.088076595E+00 
       177  5.444737908E-02  2.314873556E-01  4.396264389E-02  7.313537572E+04  2.178463092E+02  3.253643742E+02  2.636258312E+02  4.503938495E+02  1.080309776E+00 
       178  5.771043354E-02  2.303389779E-01  4.576361213E-02  7.111421594E+04  2.253532931E+02  3.240619807E+02  2.615209373E+02  4.560611615E+02  1.069429208E+00 
       179  6.093363739E-02  2.292015055E-01  4.761570799E-02  6.864148950E+04  2.370626864E+02  3.220963831E+02  2.583604894E+02  4.651203346E+02  1.051955625E+00 
       180  6.411569228E-02  2.279427553E-01  4.946832252E-02  6.684419238E+04  2.481120949E+02  3.209982786E+02  2.566020956E+02  4.715592480E+02  1.032313302E+00 
       181  6.728438578E-02  2.267057043E-01  5.135068917E-02  6.914132654E+04  2.585922012E+02  3.229634066E+02  2.597652140E+02  4.657054882E+02  9.972313065E-01 
       182  7.045491472E-02  2.254566135E-01  5.324396322E-02  8.057812415E+04  2.630148602E+02  3.300021062E+02  2.712680435E+02  4.378149819E+02  9.506044127E-01 
       183  7.352398986E-02  2.240979077E-01  5.520813549E-02  9.612335425E+04  2.471387672E+02  3.382549019E+02  2.849663725E+02  4.021316404E+02  9.535740241E-01 
       184  7.654294831E-02  2.227589545E-01  5.724026033E-02  1.041615090E+05  2.395683266E+02  3.413026803E+02  2.900870119E+02  3.894588488E+02  9.607679442E-01 
       185  7.954929441E-02  2.214414527E-01  5.933596166E-02  1.078557148E+05  2.381176381E+02  3.444062719E+02  2.954014773E+02  3.754927969E+02  9.532222543E-01 
       186  8.244157493E-02  2.200232159E-01  6.149679439E-02  1.249818613E+05  2.385654488E+02  3.510768814E+02  3.069484787E+02  3.424434128E+02  9.356647283E-01 
       187  8.531452000E-02  2.186177542E-01  6.372436707E-02  1.192014474E+05  2.439954596E+02  3.482291658E+02  3.019812652E+02  3.520206819E+02  9.185941629E-01 
       188  8.816039266E-02  2.172472440E-01  6.601424901E-02  1.211943215E+05  2.364703903E+02  3.494501023E+02  3.040991869E+02  3.482489400E+02  9.375186972E-01 
       189  9.092008057E-02  2.157826082E-01  6.831794754E-02  1.214109105E+05  2.263971349E+02  3.498643026E+02  3.048209957E+02  3.476689750E+02  9.648478418E-01 
       190  9.367581728E-02  2.143255962E-01  7.064980943E-02  1.219988530E+05  2.243595192E+02  3.496877092E+02  3.045133015E+02  3.478659588E+02  9.701931828E-01 
       191  9.641114101E-02  2.128789625E-01  7.302159977E-02  1.225410011E+05  2.198985928E+02  3.501549184E+02  3.053270127E+02  3.444369438E+02  9.817079366E-01 
       192  9.907895187E-02  2.114028516E-01  7.542603674E-02  1.227573464E+05  2.200294411E+02  3.502399251E+02  3.054753048E+02  3.453467855E+02  9.808600880E-01 
       193  1.016896232E-01  2.099003163E-01  7.789626121E-02  1.228330686E+05  2.215573187E+02  3.502884941E+02  3.055593472E+02  3.450344758E+02  9.757618085E-01 
       194  1.042573666E-01  2.084682280E-01  8.044071344E-02  1.228368939E+05  2.204378734E+02  3.508716898E+02  3.065789118E+02  3.437117641E+02  9.782304047E-01 
       195  1.067132028E-01  2.069758083E-01  8.306726980E-02  1.227473826E+05  2.217421553E+02  3.515479150E+02  3.077651345E+02  3.424571879E+02  9.734920237E-01 
       196  1.091091693E-01  2.055182938E-01  8.576040538E-02  1.226674795E+05  2.219448633E+02  3.527641942E+02  3.099027002E+02  3.395220438E+02  9.710952430E-01 
       197  1.114533399E-01  2.040960959E-01  8.851719904E-02  1.226110135E+05  2.235651849E+02  3.540163874E+02  3.121104764E+02  3.324977066E+02  9.646044954E-01 
       198  1.136946430E-01  2.026973542E-01  9.137514269E-02  1.225242313E+05  2.230554547E+02  3.558513350E+02  3.153551031E+02  3.208771250E+02  9.660205995E-01 
       199  1.158224243E-01  2.012857480E-01  9.431046231E-02  1.225104934E+05  2.244324334E+02  3.572939931E+02  3.179129762E+02  3.065769233E+02  9.639953187E-01 
       200  1.177983438E-01  1.999614296E-01  9.738734661E-02  1.225095415E+05  2.302765529E+02  3.577610844E+02  3.187395076E+02  2.925666115E+02  9.482870551E-01 
       201  1.195376812E-01  1.988013159E-01  1.006637087E-01  1.226176664E+05  2.335616065E+02  3.579126996E+02  3.190077885E+02  2.834140449E+02  9.391076709E-01 
       202  1.207748534E-01  1.979244993E-01  1.042263433E-01  1.223548467E+05  2.334097610E+02  3.568696647E+02  3.171583745E+02  2.957181098E+02  9.370023753E-01 
       203  1.209766187E-01  1.976967879E-01  1.080979692E-01  1.223248113E+05  2.332384578E+02  3.541712007E+02  3.123848373E+02  3.269260188E+02  9.353923751E-01 
       204  1.209415894E-01  1.976147862E-01  1.119887176E-01  1.224916642E+05  2.298287948E+02  3.521331481E+02  3.087938140E+02  3.348114018E+02  9.438026825E-01 
       205  1.209136670E-01  1.975679793E-01  1.158784497E-01  1.226864957E+05  2.274949915E+02  3.512458554E+02  3.072351468E+02  3.375924793E+02  9.501455667E-01 
       206  1.209140530E-01  1.975343277E-01  1.197687765E-01  1.228350195E+05  2.241794307E+02  3.512522690E+02  3.072456788E+02  3.386070905E+02  9.600930119E-01 
       207  1.209033119E-01  1.974945510E-01  1.236620610E-01  1.228685508E+05  2.209699258E+02  3.515646424E+02  3.077937139E+02  3.354035298E+02  9.688198683E-01 
       208  1.208998844E-01  1.975608583E-01  1.275528569E-01  1.228341845E+05  2.213431620E+02  3.518354968E+02  3.082725022E+02  3.366810298E+02  9.688608157E-01 
       209  1.209086196E-01  1.975927695E-01  1.314428594E-01  1.227927764E+05  2.208842781E+02  3.524007584E+02  3.092657572E+02  3.370918547E+02  9.705814063E-01 
       210  1.209261261E-01  1.976437754E-01  1.353324952E-01  1.228204698E+05  2.219093866E+02  3.530094415E+02  3.103365182E+02  3.322456470E+02  9.670112533E-01 
       211  1.209477387E-01  1.976921952E-01  1.392217013E-01  1.228044153E+05  2.211514049E+02  3.538886677E+02  3.118858445E+02  3.220740255E+02  9.698640611E-01 
       212  1.209659901E-01  1.977439656E-01  1.431109690E-01  1.230256034E+05  2.195793286E+02  3.549915087E+02  3.138173661E+02  3.082953571E+02  9.756671081E-01 
       213  1.210017723E-01  1.977818072E-01  1.470000027E-01  1.231880278E+05  2.208008242E+02  3.554637728E+02  3.144709921E+02  3.022900572E+02  9.730583318E-01 
       214 -1.337431699E-02  1.053111530E-01 -4.600000000E-02  8.765472070E+04  1.543760910E+02  3.330812988E+02  2.764504585E+02  2.353710861E+02  8.554669246E-01 
       215 -1.336879354E-02  1.054912688E-01 -4.299898917E-02  8.749353320E+04  1.537551966E+02  3.330868397E+02  2.762853251E+02  2.357654424E+02  8.604392353E-01 
       216 -1.321272523E-02  1.057016208E-01 -4.000664894E-02  8.750250293E+04  1.545023012E+02  3.329867325E+02  2.761192875E+02  2.364807835E+02  8.590336032E-01 
       217 -1.269691607E-02  1.059729593E-01 -3.706120983E-02  8.737697376E+04  1.547336662E+02  3.329538127E+02  2.760647018E+02  2.365113819E+02  8.581213987E-01 
       218 -1.181263769E-02  1.063072321E-01 -3.420969757E-02  8.716340142E+04  1.561029527E+02  3.328249000E+02  2.758509465E+02  2.382569283E+02  8.572169139E-01 
       219 -1.066241908E-02  1.066659143E-01 -3.145726216E-02  8.706091423E+04  1.569275147E+02  3.327700116E+02  2.757600173E+02  2.390499722E+02  8.558535754E-01 
       220 -9.280794463E-03  1.070573859E-01 -2.881758489E-02  8.690667205E+04  1.575174816E+02  3.327235018E+02  2.756828974E+02  2.398070472E+02  8.556023069E-01 
       221 -7.735023178E-03  1.074435380E-01 -2.626912607E-02  8.677822693E+04  1.581876523E+02  3.326767726E+02  2.756055053E+02  2.405024552E+02  8.549820110E-01 
       222 -6.047350445E-03  1.078135440E-01 -2.381048416E-02  8.665111927E+04  1.593633711E+02  3.325435885E+02  2.753848693E+02  2.413182840E+02  8.521920993E-01 
       223 -4.299611852E-03  1.081916589E-01 -2.139379423E-02  8.658279091E+04  1.598929315E+02  3.326088349E+02  2.754930064E+02  2.417423847E+02  8.511611555E-01 
       224 -2.461870607E-03  1.085505379E-01 -1.904289133E-02  8.662482874E+04  1.602847199E+02  3.325156068E+02  2.753385350E+02  2.419928326E+02  8.503142880E-01 
       225 -5.886173328E-04  1.088780789E-01 -1.671486844E-02  8.672272836E+04  1.601555222E+02  3.326491449E+02  2.755597483E+02  2.420722449E+02  8.520318448E-01 
       226  1.337912187E-03  1.092215599E-01 -1.443302686E-02  8.684731652E+04  1.597661431E+02  3.325671597E+02  2.754239053E+02  2.425813779E+02  8.563445577E-01 
       227  3.290030235E-03  1.094941851E-01 -1.216353628E-02  8.673902391E+04  1.595820966E+02  3.324782002E+02  2.752766382E+02  2.437580825E+02  8.622022229E-01 
       228  5.262023684E-03  1.097864070E-01 -9.913643549E-03  8.609362276E+04  1.600375535E+02  3.321014053E+02  2.746534108E+02  2.469044642E+02  8.712471087E-01 
       229  7.256339014E-03  1.100495762E-01 -7.679258903E-03  8.416701597E+04  1.649612328E+02  3.310334602E+02  2.728900540E+02  2.540835836E+02  8.711432958E-01 
       230  9.250945095E-03  1.102792579E-01 -5.441700620E-03  8.197263907E+04  1.723375129E+02  3.299512354E+02  2.711086209E+02  2.620733338E+02  8.612459927E-01 
       231  1.125130268E-02  1.105297001E-01 -3.209862298E-03  8.050429053E+04  1.800560803E+02  3.293275766E+02  2.700844274E+02  2.660444274E+02  8.354447689E-01 
       232  1.324504242E-02  1.107259366E-01 -9.692227629E-04  8.137169751E+04  1.834519448E+02  3.297661362E+02  2.708044987E+02  2.637785521E+02  8.095949013E-01 
       233  1.522818012E-02  1.109344875E-01  1.280794701E-03  8.332329004E+04  1.842760582E+02  3.308188038E+02  2.725370007E+02  2.582905836E+02  7.862991281E-01 
       234  1.717717000E-02  1.111306516E-01  3.565314237E-03  8.544826465E+04  1.832020073E+02  3.321273193E+02  2.746970158E+02  2.496981068E+02  7.627348751E-01 
       235  2.098827574E-02  1.115152878E-01  8.199040730E-03  8.927830713E+04  1.866774464E+02  3.341778088E+02  2.780996017E+02  2.371456814E+02  7.049114481E-01 
       236  2.283804163E-02  1.116790561E-01  1.055952489E-02  9.052222662E+04  1.911140567E+02  3.351716123E+02  2.797547953E+02  2.301007667E+02  6.592139984E-01 
       237  2.632960383E-02  1.121198866E-01  1.543269692E-02  9.107625537E+04  2.049511852E+02  3.353679523E+02  2.800829563E+02  2.309717083E+02  5.891709924E-01 
       238  2.959379811E-02  1.126564718E-01  2.044933110E-02  9.026841028E+04  2.216407394E+02  3.348756504E+02  2.792609944E+02  2.367487173E+02  5.203087833E-01 
       239  3.114059063E-02  1.129278581E-01  2.301118304E-02  8.980113746E+04  2.290394612E+02  3.348088302E+02  2.791497200E+02  2.396023357E+02  4.917826236E-01 
       240  3.264987762E-02  1.132456905E-01  2.559358749E-02  8.926568759E+04  2.357911565E+02  3.344744080E+02  2.785922959E+02  2.422394336E+02  4.664097728E-01 
       241  3.807676132E-02  1.146676712E-01  3.621643154E-02  8.782922242E+04  2.599494767E+02  3.337887939E+02  2.774511831E+02  2.506614300E+02  3.743114037E-01 
       242  3.928374460E-02  1.150413043E-01  3.894926042E-02  8.795755035E+04  2.656979470E+02  3.341663878E+02  2.780799382E+02  2.517134726E+02  3.493384786E-01 
       243  4.044503934E-02  1.154301055E-01  4.169676193E-02  8.835081818E+04  2.693274079E+02  3.345499835E+02  2.787187031E+02  2.506190513E+02  3.275916928E-01 
       244  4.154949506E-02  1.158110833E-01  4.446441861E-02  8.897327393E+04  2.731083927E+02  3.348214188E+02  2.791709976E+02  2.498320093E+02  3.061848953E-01 
       245  4.259018966E-02  1.161595968E-01  4.726780086E-02  8.980757356E+04  2.762361069E+02  3.351857586E+02  2.797794094E+02  2.482443568E+02  2.852864781E-01 
       246  4.357921759E-02  1.165132208E-01  5.008364009E-02  9.086512451E+04  2.777791138E+02  3.357884092E+02  2.807864571E+02  2.447224188E+02  2.657300942E-01 
       247  4.448002582E-02  1.168267471E-01  5.293502673E-02  9.215082352E+04  2.809214787E+02  3.361320190E+02  2.813611458E+02  2.425050414E+02  2.416705904E-01 
       248  4.534234860E-02  1.171711221E-01  5.579536500E-02  9.359829785E+04  2.809110432E+02  3.369486675E+02  2.827305584E+02  2.376212902E+02  2.256104499E-01 
       249  4.612355051E-02  1.174912616E-01  5.867935283E-02  9.496322266E+04  2.815496712E+02  3.377042618E+02  2.840008392E+02  2.334803200E+02  2.083552126E-01 
       250  4.681688670E-02  1.178330389E-01  6.158342338E-02  9.623677344E+04  2.824235954E+02  3.383427658E+02  2.850755806E+02  2.300680351E+02  1.928148381E-01 
       251  4.742483443E-02  1.181684938E-01  6.451168194E-02  9.736350781E+04  2.833522682E+02  3.389110374E+02  2.860334129E+02  2.272724342E+02  1.793527976E-01 
       252  4.796175059E-02  1.184973583E-01  6.744925218E-02  9.828493115E+04  2.843686571E+02  3.394438915E+02  2.869329300E+02  2.250343037E+02  1.672953526E-01 
       253  4.839690646E-02  1.188449776E-01  7.040346354E-02  9.896313837E+04  2.858278403E+02  3.397126741E+02  2.873867534E+02  2.234441434E+02  1.550256700E-01 
       254  4.867844520E-02  1.192029192E-01  7.337369276E-02  9.928602242E+04  2.880780045E+02  3.397967236E+02  2.875296089E+02  2.227764840E+02  1.414374340E-01 
       255  4.889804354E-02  1.195863964E-01  7.634446821E-02  9.955688496E+04  2.900098738E+02  3.398225318E+02  2.875735692E+02  2.224407155E+02  1.311707489E-01 
       256  4.901527392E-02  1.199575346E-01  7.936475415E-02  9.965492096E+04  2.923067134E+02  3.399147680E+02  2.877300029E+02  2.230541218E+02  1.222028904E-01 
       257  4.897414798E-02  1.207471392E-01  8.530893469E-02  9.974790039E+04  2.969803200E+02  3.400751190E+02  2.880004807E+02  2.241093597E+02  1.025047544E-01 
       258  4.879835866E-02  1.211503063E-01  8.827262235E-02  9.975339063E+04  2.993523941E+02  3.399016533E+02  2.877067490E+02  2.250427666E+02  9.388109203E-02 
       259  4.854576088E-02  1.215647590E-01  9.126615169E-02  9.970133259E+04  3.006282883E+02  3.397462648E+02  2.874436558E+02  2.253046450E+02  8.920665593E-02 
       260  4.818457029E-02  1.219712360E-01  9.420996830E-02  1.000107433E+05  3.009489789E+02  3.398814383E+02  2.876724687E+02  2.243867361E+02  8.511828176E-02 
       261  4.782320061E-02  1.224212570E-01  9.713670139E-02  1.004851240E+05  3.008004684E+02  3.400618191E+02  2.879785919E+02  2.232190733E+02  8.306647651E-02 
       262  4.734997920E-02  1.228526278E-01  1.001180955E-01  1.014217441E+05  2.999160690E+02  3.405687180E+02  2.888371811E+02  2.202322311E+02  7.745193224E-02 
       263  4.683890011E-02  1.232935874E-01  1.030087938E-01  1.028029727E+05  2.974859831E+02  3.414113570E+02  2.902692526E+02  2.164579469E+02  7.854569854E-02 
       264  4.566507936E-02  1.242316696E-01  1.088390156E-01  1.053267706E+05  2.919990883E+02  3.421179985E+02  2.914714714E+02  2.082895645E+02  8.253143519E-02 
       265  4.352639189E-02  1.257122811E-01  1.174848542E-01  1.081714115E+05  2.771140154E+02  3.438933481E+02  2.945059217E+02  1.921576565E+02  1.196197172E-01 
       266  4.289440586E-02  1.261798267E-01  1.203730247E-01  1.081446286E+05  2.711795754E+02  3.448369007E+02  2.961263756E+02  1.804556926E+02  1.163110072E-01 
       267  4.242365191E-02  1.265975250E-01  1.232861776E-01  1.074566708E+05  2.628060468E+02  3.468474265E+02  2.995903546E+02  1.555438769E+02  8.319338609E-02 
       268  4.208270049E-02  1.270006734E-01  1.262530889E-01  1.072413691E+05  2.484496384E+02  3.484372330E+02  3.023416748E+02  1.353335304E+02  1.261418592E-01 
       269  4.202415066E-02  1.273246053E-01  1.292418903E-01  1.075005192E+05  2.419034116E+02  3.489383100E+02  3.032097430E+02  1.350714850E+02  1.758790384E-01 
       270  4.218523596E-02  1.275849052E-01  1.322314117E-01  1.075307388E+05  2.426466996E+02  3.489520181E+02  3.032365466E+02  1.415744185E+02  1.934208121E-01 
       271  4.252691668E-02  1.278080741E-01  1.352038484E-01  1.073652634E+05  2.468174808E+02  3.490166603E+02  3.033511026E+02  1.493131855E+02  1.898141202E-01 
       272  4.296344289E-02  1.279984053E-01  1.381664338E-01  1.071168167E+05  2.501202803E+02  3.487345759E+02  3.028627866E+02  1.549361792E+02  1.871892160E-01 
       273  4.347514252E-02  1.281630447E-01  1.411197974E-01  1.067714070E+05  2.526093411E+02  3.482357882E+02  3.019956163E+02  1.604041056E+02  1.899516349E-01 
       274  4.403358971E-02  1.283124551E-01  1.440677535E-01  1.064691087E+05  2.549429598E+02  3.478375427E+02  3.013006187E+02  1.654043622E+02  1.922692286E-01 
       275  4.466583781E-02  1.284644007E-01  1.470000034E-01  1.062971314E+05  2.579350428E+02  3.472906484E+02  2.942496288E+02  1.696916991E+02  1.880102504E-01 
       276 -1.390154712E-02  1.725232616E-01 -4.600000033E-02  8.220407986E+04  1.817384143E+02  3.302629026E+02  2.713614996E+02  3.419724480E+02  1.010418567E+00 
       277 -1.389524734E-02  1.726308379E-01 -4.258575940E-02  8.259094730E+04  1.817915259E+02  3.302724522E+02  2.716361611E+02  3.424086310E+02  1.010999530E+00 
       278 -1.388827040E-02  1.727470810E-01 -3.919459871E-02  8.284604863E+04  1.815987679E+02  3.303312895E+02  2.717330341E+02  3.429160363E+02  1.012565166E+00 
       279 -1.387976982E-02  1.728866868E-01 -3.575874102E-02  8.290356044E+04  1.814278621E+02  3.303743418E+02  2.718038356E+02  3.428456620E+02  1.013057437E+00 
       280 -1.386962822E-02  1.730354599E-01 -3.234598001E-02  8.285090438E+04  1.814098972E+02  3.303361152E+02  2.717409830E+02  3.426390690E+02  1.012859983E+00 
       281 -1.385715910E-02  1.732129765E-01 -2.893478341E-02  8.248553973E+04  1.820547341E+02  3.301341677E+02  2.714089244E+02  3.444976891E+02  1.014088469E+00 
       282 -1.381464856E-02  1.733989484E-01 -2.553958976E-02  8.194531174E+04  1.830917045E+02  3.298267187E+02  2.709036029E+02  3.463384542E+02  1.013822053E+00 
       283 -1.334927366E-02  1.736519924E-01 -2.216152427E-02  8.122640742E+04  1.841737120E+02  3.294947116E+02  2.703584701E+02  3.475815125E+02  1.012388274E+00 
       284 -1.220387625E-02  1.739549638E-01 -1.896956374E-02  8.013947363E+04  1.879420929E+02  3.287219925E+02  2.690930729E+02  3.519833603E+02  1.007718682E+00 
       285 -1.057589609E-02  1.742731966E-01 -1.599005111E-02  7.839430479E+04  1.926667299E+02  3.278041275E+02  2.675920648E+02  3.559011363E+02  9.989720520E-01 
       286 -8.586070527E-03  1.745821273E-01 -1.323108332E-02  7.677787156E+04  1.969641392E+02  3.271199233E+02  2.664755469E+02  3.589318964E+02  9.901965520E-01 
       287 -6.371188279E-03  1.748941133E-01 -1.065117603E-02  7.604642965E+04  2.000855442E+02  3.269029144E+02  2.661221217E+02  3.607683236E+02  9.831727310E-01 
       288 -3.959984913E-03  1.752012559E-01 -8.251810021E-03  7.771328093E+04  1.996046171E+02  3.278112533E+02  2.676063433E+02  3.593310223E+02  9.820942462E-01 
       289 -1.474621790E-03  1.754287438E-01 -5.921768022E-03  8.259156222E+04  1.925018197E+02  3.302872992E+02  2.716708185E+02  3.472445866E+02  9.844622963E-01 
       290  1.096342236E-03  1.756586641E-01 -3.684409899E-03  8.877692829E+04  1.815677814E+02  3.331275273E+02  2.763586154E+02  3.316169646E+02  9.950865592E-01 
       291  3.722457199E-03  1.758529720E-01 -1.512169024E-03  9.162276563E+04  1.753131766E+02  3.343367682E+02  2.783639584E+02  3.275087357E+02  1.010100998E+00 
       292  6.390497491E-03  1.759799744E-01  6.206893580E-04  8.862928076E+04  1.787522469E+02  3.330941086E+02  2.763019867E+02  3.340104504E+02  1.008625872E+00 
       293  1.179759467E-02  1.761809281E-01  4.808741428E-03  7.640228516E+04  1.997172546E+02  3.268703918E+02  2.660757141E+02  3.638035965E+02  9.902984053E-01 
       294  1.450804596E-02  1.762121176E-01  6.883706551E-03  7.251182617E+04  2.102442055E+02  3.242803726E+02  2.618729858E+02  3.744544601E+02  9.759213775E-01 
       295  1.722225861E-02  1.762495216E-01  8.953048646E-03  7.056725879E+04  2.152992401E+02  3.229340973E+02  2.597005615E+02  3.819005432E+02  9.742816389E-01 
       296  1.993233776E-02  1.761597577E-01  1.102855473E-02  6.918715527E+04  2.183002815E+02  3.220892754E+02  2.583438644E+02  3.869184608E+02  9.748837501E-01 
       297  2.263244469E-02  1.760920636E-01  1.311525345E-02  6.748858691E+04  2.229085026E+02  3.209999256E+02  2.565999031E+02  3.914637871E+02  9.692102373E-01 
       298  2.532249661E-02  1.759768902E-01  1.521525865E-02  6.586074731E+04  2.292758970E+02  3.198734856E+02  2.548021517E+02  3.960191593E+02  9.578087144E-01 
       299  2.800116021E-02  1.758008440E-01  1.732596334E-02  6.548554810E+04  2.341093531E+02  3.195449219E+02  2.542791634E+02  3.970634661E+02  9.437558651E-01 
       300  3.066011949E-02  1.756198651E-01  1.946182943E-02  6.779921399E+04  2.346880755E+02  3.208740559E+02  2.564068751E+02  3.922967896E+02  9.313565288E-01 
       301  3.850917716E-02  1.748410184E-01  2.602581626E-02  8.707523682E+04  2.338837929E+02  3.338072252E+02  2.774859438E+02  3.347291002E+02  8.253033087E-01 
       302  4.358739934E-02  1.740919978E-01  3.053362568E-02  8.621587695E+04  2.378152704E+02  3.330983782E+02  2.763056316E+02  3.432527552E+02  8.268248737E-01 
       303  4.609287257E-02  1.736863543E-01  3.281922705E-02  8.528415088E+04  2.389931936E+02  3.329734545E+02  2.760980291E+02  3.441510372E+02  8.246997334E-01 
       304  4.855845708E-02  1.731970535E-01  3.512834265E-02  8.492544946E+04  2.432465649E+02  3.328231087E+02  2.758483953E+02  3.443567629E+02  8.106647804E-01 
       305  5.100043215E-02  1.726458906E-01  3.745772352E-02  8.568333044E+04  2.478052702E+02  3.332309957E+02  2.765251312E+02  3.430276675E+02  7.930281386E-01 
       306  5.340036417E-02  1.720848619E-01  3.982071753E-02  8.861421570E+04  2.507343066E+02  3.346010022E+02  2.788075688E+02  3.370515966E+02  7.731085075E-01 
       307  5.576533568E-02  1.714326002E-01  4.220398857E-02  9.397057227E+04  2.497340211E+02  3.373094935E+02  2.833448608E+02  3.235536585E+02  7.546980348E-01 
       308  5.808130114E-02  1.707532671E-01  4.462162642E-02  9.977947225E+04  2.466975385E+02  3.404081288E+02  2.885728470E+02  3.089849391E+02  7.427124420E-01 
       309  6.913202621E-02  1.670049815E-01  5.708998555E-02  1.126471698E+05  2.416446009E+02  3.470184927E+02  2.998833337E+02  2.745073376E+02  7.145121219E-01 
       310  7.325557335E-02  1.653928843E-01  6.228962682E-02  1.157499757E+05  2.409287038E+02  3.483207757E+02  3.021371567E+02  2.653941548E+02  7.071053940E-01 
       311  7.526114685E-02  1.645964451E-01  6.493668120E-02  1.169336504E+05  2.400046959E+02  3.487826233E+02  3.029387321E+02  2.636989098E+02  7.103249878E-01 
       312  8.099008587E-02  1.620989224E-01  7.305121222E-02  1.187697773E+05  2.392208099E+02  3.494468880E+02  3.040927505E+02  2.572046204E+02  7.062156498E-01 
       313  8.281625202E-02  1.612441772E-01  7.580722199E-02  1.190571836E+05  2.390765915E+02  3.494212265E+02  3.040480804E+02  2.563923073E+02  7.066915706E-01 
       314  8.462318717E-02  1.604029889E-01  7.856519154E-02  1.192042854E+05  2.385420485E+02  3.494198484E+02  3.040454226E+02  2.564494066E+02  7.103175651E-01 
       315  8.638808364E-02  1.595156660E-01  8.135371941E-02  1.192332671E+05  2.377409134E+02  3.493669338E+02  3.039532428E+02  2.566300197E+02  7.144729197E-01 
       316  8.818531781E-02  1.586346563E-01  8.418846896E-02  1.191689273E+05  2.379159515E+02  3.491051014E+02  3.034978519E+02  2.555730629E+02  7.111805758E-01 
       317  9.153487112E-02  1.568453452E-01  8.985396979E-02  1.190505590E+05  2.380922699E+02  3.489268556E+02  3.031885295E+02  2.544343667E+02  7.100013774E-01 
       318  9.319079870E-02  1.559467714E-01  9.269883327E-02  1.189184580E+05  2.379974709E+02  3.488480053E+02  3.030516720E+02  2.543817329E+02  7.105814815E-01 
       319  9.639067810E-02  1.541493463E-01  9.845101971E-02  1.188594521E+05  2.378453159E+02  3.487289906E+02  3.028444328E+02  2.546487999E+02  7.125257365E-01 
       320  9.789700787E-02  1.532238030E-01  1.013752208E-01  1.188740795E+05  2.385119863E+02  3.486756120E+02  3.027515955E+02  2.543933415E+02  7.086676983E-01 
       321  9.939560036E-02  1.523575645E-01  1.043121280E-01  1.188475020E+05  2.392984486E+02  3.485175858E+02  3.024771557E+02  2.546364670E+02  7.064115703E-01 
       322  1.008373928E-01  1.515239935E-01  1.072922639E-01  1.187226289E+05  2.399944839E+02  3.482794228E+02  3.020637817E+02  2.553535595E+02  7.049405277E-01 
       323  1.021925752E-01  1.507164957E-01  1.103173974E-01  1.186114956E+05  2.408686485E+02  3.480590153E+02  3.016818867E+02  2.563377175E+02  7.021937892E-01 
       324  1.063175391E-01  1.486079647E-01  1.265700906E-01  1.181990977E+05  2.409011536E+02  3.489177780E+02  3.031761589E+02  2.563507462E+02  7.046440542E-01 
       325  1.064822206E-01  1.487022474E-01  1.299738775E-01  1.183576582E+05  2.373367424E+02  3.502637024E+02  3.055211143E+02  2.451719284E+02  7.117596567E-01 
       326  1.066476119E-01  1.488146338E-01  1.333799290E-01  1.182941602E+05  2.313697586E+02  3.516835213E+02  3.080012016E+02  2.283658752E+02  7.296734303E-01 
       327  1.068180965E-01  1.489318139E-01  1.367854531E-01  1.180669531E+05  2.275212059E+02  3.523733902E+02  3.092080956E+02  2.181214809E+02  7.452882528E-01 
       328  1.069979625E-01  1.490578552E-01  1.401905319E-01  1.179412129E+05  2.295585861E+02  3.518057404E+02  3.082132740E+02  2.236838570E+02  7.397310734E-01 
       329  1.071817424E-01  1.491887345E-01  1.435955648E-01  1.180087515E+05  2.349326429E+02  3.504889717E+02  3.057440987E+02  2.443143473E+02  7.258105688E-01 
       330  1.073851999E-01  1.493347905E-01  1.470000044E-01  1.179955313E+05  2.436290894E+02  3.484483032E+02  3.011889267E+02  2.637220154E+02  7.046618313E-01 
       331 -5.132010553E-03  2.399711247E-01 -4.600000034E-02  8.389136328E+04  1.739160328E+02  3.311131840E+02  2.728588009E+02  4.393123055E+02  1.163732819E+00 
       332 -5.128125210E-03  2.399809281E-01 -4.210430258E-02  8.439316772E+04  1.746226997E+02  3.308678732E+02  2.726167960E+02  4.399384747E+02  1.162618447E+00 
       333 -5.125201508E-03  2.399922328E-01 -3.820870464E-02  8.336109796E+04  1.767169248E+02  3.303497915E+02  2.717648609E+02  4.422279172E+02  1.159885885E+00 
       334 -5.121813889E-03  2.400095995E-01 -3.431329778E-02  8.152186545E+04  1.803898993E+02  3.295349056E+02  2.704261832E+02  4.462385101E+02  1.155113804E+00 
       335 -5.119016059E-03  2.400291916E-01 -3.041776666E-02  7.955556171E+04  1.860997973E+02  3.285071536E+02  2.687424157E+02  4.495800483E+02  1.144493108E+00 
       336 -5.114574788E-03  2.400538233E-01 -2.652182619E-02  7.823000761E+04  1.887586449E+02  3.280357167E+02  2.679702829E+02  4.506743598E+02  1.138956188E+00 
       337 -5.109553763E-03  2.400828758E-01 -2.262552630E-02  7.796483936E+04  1.885738323E+02  3.282046032E+02  2.682472777E+02  4.500969162E+02  1.138697052E+00 
       338 -5.103895973E-03  2.401152952E-01 -1.872899116E-02  8.041359253E+04  1.852859391E+02  3.293263252E+02  2.700858912E+02  4.469537609E+02  1.143559511E+00 
       339 -4.925504783E-03  2.402473149E-01 -7.056915668E-03  8.780740443E+04  1.701832508E+02  3.323671110E+02  2.750991253E+02  4.325017633E+02  1.167733507E+00 
       340 -3.715119829E-03  2.403023013E-01 -3.373311706E-03  8.200320923E+04  1.802421045E+02  3.302787626E+02  2.716585246E+02  4.429090858E+02  1.153124825E+00 
       341 -1.562012846E-03  2.403581740E-01 -1.360753051E-04  7.845667735E+04  1.904977246E+02  3.281646383E+02  2.681855096E+02  4.532785062E+02  1.137590695E+00 
       342  1.133764527E-03  2.404094608E-01  2.675248428E-03  7.841828760E+04  1.911497087E+02  3.277461386E+02  2.674988422E+02  4.518061085E+02  1.134506382E+00 
       343  4.137632423E-03  2.404197044E-01  5.149238455E-03  7.989769089E+04  1.864353090E+02  3.284539460E+02  2.686544864E+02  4.478420044E+02  1.142260326E+00 
       344  7.316400202E-03  2.403253331E-01  7.399564588E-03  7.999928822E+04  1.850639455E+02  3.287024993E+02  2.690605148E+02  4.460026838E+02  1.143896885E+00 
       345  1.395577155E-02  2.400667001E-01  1.148649181E-02  8.622658594E+04  1.730895710E+02  3.316538773E+02  2.739225187E+02  4.386563187E+02  1.167477511E+00 
       346  1.735065466E-02  2.397965962E-01  1.337576268E-02  8.981494531E+04  1.616722584E+02  3.335649719E+02  2.770841980E+02  4.256308746E+02  1.184104815E+00 
       347  2.419161170E-02  2.391929427E-01  1.704637434E-02  7.973151855E+04  1.837726135E+02  3.292791748E+02  2.700105896E+02  4.462224503E+02  1.148088664E+00 
       348  2.761839379E-02  2.387452844E-01  1.884103948E-02  7.958290234E+04  1.874419422E+02  3.287420731E+02  2.691263657E+02  4.459818115E+02  1.138291627E+00 
       349  3.105226563E-02  2.382885234E-01  2.062260888E-02  8.064401807E+04  1.842679348E+02  3.295323772E+02  2.704212799E+02  4.420854759E+02  1.141980216E+00 
       350  3.788868369E-02  2.371344800E-01  2.417075674E-02  8.054622705E+04  1.874023838E+02  3.295252590E+02  2.704092827E+02  4.470388145E+02  1.140043527E+00 
       351  4.468291751E-02  2.357525484E-01  2.771953789E-02  8.014841602E+04  1.907535744E+02  3.291665993E+02  2.698238201E+02  4.472103462E+02  1.133771643E+00 
       352  4.805699300E-02  2.349490393E-01  2.948953136E-02  8.056839001E+04  1.900862708E+02  3.294401560E+02  2.702739124E+02  4.455731583E+02  1.135722056E+00 
       353  5.140582287E-02  2.340778219E-01  3.127771149E-02  8.068226221E+04  1.895890121E+02  3.295640049E+02  2.704768028E+02  4.455979652E+02  1.139106825E+00 
       354  5.473006301E-02  2.331020583E-01  3.305777180E-02  7.990900195E+04  1.925794678E+02  3.290384331E+02  2.696139526E+02  4.462852707E+02  1.134536728E+00 
       355  5.803984836E-02  2.320923676E-01  3.484458617E-02  7.848131396E+04  1.962225342E+02  3.280932140E+02  2.680664387E+02  4.500195389E+02  1.130319662E+00 
       356  6.132921494E-02  2.310454118E-01  3.665150486E-02  7.671917548E+04  2.001168798E+02  3.270377342E+02  2.663435966E+02  4.511751193E+02  1.123662548E+00 
       357  6.777528194E-02  2.285846393E-01  4.027160278E-02  8.491834961E+04  2.136335640E+02  3.323809853E+02  2.751495552E+02  4.291951942E+02  1.070430264E+00 
       358  7.097972553E-02  2.273472007E-01  4.209367684E-02  9.221345703E+04  2.289218998E+02  3.361167679E+02  2.813444405E+02  4.127253761E+02  1.016343065E+00 
       359  7.412444428E-02  2.259565065E-01  4.393674079E-02  9.119216455E+04  2.343649240E+02  3.349748611E+02  2.794345350E+02  4.193427467E+02  1.008927044E+00 
       360  7.725834663E-02  2.245514312E-01  4.577102978E-02  8.725106982E+04  2.336252117E+02  3.332826080E+02  2.766123714E+02  4.273356380E+02  1.018665187E+00 
       361  8.037011026E-02  2.231435234E-01  4.763983740E-02  8.966528613E+04  2.335675812E+02  3.348207207E+02  2.791892738E+02  4.209535370E+02  1.015663534E+00 
       362  8.343109451E-02  2.215945322E-01  4.950276897E-02  1.029119492E+05  2.245775456E+02  3.409790752E+02  2.895747082E+02  3.923628840E+02  1.022497103E+00 
       363  8.646988642E-02  2.201046420E-01  5.141624103E-02  1.220947002E+05  2.100621171E+02  3.483181496E+02  3.021717582E+02  3.585618134E+02  1.051639516E+00 
       364  9.242245520E-02  2.169732682E-01  5.534503106E-02  1.187484312E+05  2.215174088E+02  3.497368908E+02  3.046294374E+02  3.523378963E+02  1.000203717E+00 
       365  9.533631835E-02  2.153857768E-01  5.738443174E-02  1.165689287E+05  2.251597970E+02  3.492006917E+02  3.037061138E+02  3.542420673E+02  9.866909785E-01 
       366  9.819952312E-02  2.138016843E-01  5.949569436E-02  1.166921094E+05  2.238838234E+02  3.503046780E+02  3.056288662E+02  3.507626591E+02  9.867360517E-01 
       367  1.009694591E-01  2.121295788E-01  6.167326851E-02  1.189302532E+05  2.255561213E+02  3.512717352E+02  3.073131132E+02  3.446500463E+02  9.760827217E-01 
       368  1.037116704E-01  2.105064985E-01  6.390540356E-02  1.204889111E+05  2.283519077E+02  3.523415575E+02  3.091902437E+02  3.389483671E+02  9.629577659E-01 
       369  1.064180189E-01  2.088777679E-01  6.618856681E-02  1.208881255E+05  2.338289709E+02  3.527229881E+02  3.098606434E+02  3.375376530E+02  9.437605590E-01 
       370  1.090480686E-01  2.071800512E-01  6.850700508E-02  1.210516177E+05  2.378194809E+02  3.527324181E+02  3.098808517E+02  3.343097649E+02  9.286842830E-01 
       371  1.116790455E-01  2.055210471E-01  7.084353951E-02  1.214161704E+05  2.379930418E+02  3.534294724E+02  3.111104493E+02  3.315214305E+02  9.259322956E-01 
       372  1.142974452E-01  2.038484190E-01  7.319785208E-02  1.217560869E+05  2.384154935E+02  3.539827175E+02  3.120886164E+02  3.315130625E+02  9.231147170E-01 
       373  1.168416696E-01  2.021295301E-01  7.558130371E-02  1.220068428E+05  2.382557878E+02  3.544924965E+02  3.129961147E+02  3.300800171E+02  9.224523008E-01 
       374  1.193277496E-01  2.004108846E-01  7.805168345E-02  1.222899879E+05  2.358369780E+02  3.546570773E+02  3.132897813E+02  3.280546489E+02  9.287851704E-01 
       375  1.217693779E-01  1.987784452E-01  8.060399866E-02  1.225500146E+05  2.321346297E+02  3.543837624E+02  3.128021336E+02  3.277620716E+02  9.397706054E-01 
       376  1.240793489E-01  1.970470446E-01  8.322373237E-02  1.229166821E+05  2.274720049E+02  3.539662151E+02  3.120603228E+02  3.281976347E+02  9.536592662E-01 
       377  1.263696524E-01  1.953872062E-01  8.590193330E-02  1.233787028E+05  2.216044775E+02  3.539915750E+02  3.120918546E+02  3.270334809E+02  9.707083628E-01 
       378  1.285811840E-01  1.937639536E-01  8.866989816E-02  1.233895959E+05  2.184283967E+02  3.524483399E+02  3.093605342E+02  3.338294125E+02  9.798896816E-01 
       379  1.378530526E-01  1.861918564E-01  1.119425893E-01  1.226264028E+05  2.227194567E+02  3.548216591E+02  3.135277128E+02  3.191367378E+02  9.651750065E-01 
       380  1.378280879E-01  1.861358471E-01  1.158380052E-01  1.221525940E+05  2.237488647E+02  3.559004230E+02  3.154365234E+02  3.067050028E+02  9.620901998E-01 
       381  1.378172244E-01  1.861105784E-01  1.197328496E-01  1.216964902E+05  2.279665041E+02  3.563527999E+02  3.162382073E+02  3.031531496E+02  9.490083270E-01 
       382  1.378137064E-01  1.861013403E-01  1.236281983E-01  1.222302932E+05  2.311492503E+02  3.559550521E+02  3.155352225E+02  3.137402048E+02  9.363053236E-01 
       383  1.378232998E-01  1.861207539E-01  1.275238734E-01  1.228091607E+05  2.317146487E+02  3.547557913E+02  3.134168598E+02  3.252052318E+02  9.362278364E-01 
       384  1.378388478E-01  1.861485149E-01  1.314192119E-01  1.229502079E+05  2.284583141E+02  3.533564428E+02  3.109511047E+02  3.352514840E+02  9.477800006E-01 
       385  1.378667705E-01  1.861922064E-01  1.353144338E-01  1.228756879E+05  2.240121768E+02  3.528022654E+02  3.099750704E+02  3.336861448E+02  9.606247162E-01 
       386  1.378917792E-01  1.862393165E-01  1.392095884E-01  1.228957838E+05  2.219562868E+02  3.526038994E+02  3.096236097E+02  3.318668510E+02  9.664093088E-01 
       387  1.379128913E-01  1.862912877E-01  1.431056120E-01  1.230194907E+05  2.214349157E+02  3.528357225E+02  3.098829345E+02  3.296263815E+02  9.678393045E-01 
       388  1.379274402E-01  1.863453723E-01  1.469999959E-01  1.231919055E+05  2.207555389E+02  3.536821651E+02  3.109260941E+02  3.245709438E+02  9.699196629E-01 
       389 -3.389247132E-02  1.007789921E-01 -4.300551245E-02  8.755151318E+04  1.539057178E+02  3.330615597E+02  2.762434559E+02  2.356911926E+02  8.593506068E-01 
       390 -3.372456358E-02  1.010433636E-01 -4.002223516E-02  8.744962787E+04  1.547830691E+02  3.329875736E+02  2.761207519E+02  2.367220128E+02  8.583642874E-01 
       391 -3.329024078E-02  1.014074167E-01 -3.707963811E-02  8.730397913E+04  1.549711467E+02  3.329604897E+02  2.760758352E+02  2.369451803E+02  8.584262202E-01 
       392 -3.255620303E-02  1.018883264E-01 -3.421559131E-02  8.719384724E+04  1.557794213E+02  3.328846096E+02  2.759499648E+02  2.377166504E+02  8.570862435E-01 
       393 -3.153373485E-02  1.024554568E-01 -3.145384174E-02  8.708182140E+04  1.565272982E+02  3.328042057E+02  2.758167352E+02  2.387516846E+02  8.570337114E-01 
       394 -3.028950121E-02  1.031058036E-01 -2.880322264E-02  8.700984192E+04  1.572299457E+02  3.327462631E+02  2.757206922E+02  2.391726319E+02  8.551290365E-01 
       395 -2.888173412E-02  1.037838005E-01 -2.624318977E-02  8.692567507E+04  1.579496258E+02  3.326918771E+02  2.756305922E+02  2.400722022E+02  8.547942480E-01 
       396 -2.733119538E-02  1.044792183E-01 -2.377110822E-02  8.683843827E+04  1.584134639E+02  3.326550552E+02  2.755695006E+02  2.406293656E+02  8.547799311E-01 
       397 -2.568342124E-02  1.052055751E-01 -2.135968630E-02  8.670987554E+04  1.590329848E+02  3.325958269E+02  2.754713689E+02  2.414714100E+02  8.549339234E-01 
       398 -2.397735570E-02  1.059146334E-01 -1.899049647E-02  8.651760083E+04  1.597063504E+02  3.324843872E+02  2.752867553E+02  2.426018804E+02  8.558131496E-01 
       399 -2.220871387E-02  1.066063154E-01 -1.667396516E-02  8.621708853E+04  1.602561842E+02  3.323587710E+02  2.750788302E+02  2.438661898E+02  8.577703296E-01 
       400 -2.041003203E-02  1.073389070E-01 -1.437512078E-02  8.565376779E+04  1.625289950E+02  3.319950336E+02  2.744772295E+02  2.467906941E+02  8.564796932E-01 
       401 -1.856976066E-02  1.079715131E-01 -1.211630566E-02  8.484756328E+04  1.650729597E+02  3.315845439E+02  2.737989215E+02  2.499496539E+02  8.544067968E-01 
       402 -1.670953655E-02  1.086522831E-01 -9.860640570E-03  8.431839384E+04  1.683555837E+02  3.312963089E+02  2.733230717E+02  2.522601044E+02  8.458444624E-01 
       403 -1.482329113E-02  1.093026603E-01 -7.620995183E-03  8.442078860E+04  1.709954755E+02  3.313510965E+02  2.734135429E+02  2.527920557E+02  8.341356574E-01 
       404 -1.292306254E-02  1.099268373E-01 -5.385291055E-03  8.524442285E+04  1.718170466E+02  3.318122663E+02  2.741751852E+02  2.498836946E+02  8.201056179E-01 
       405 -1.101845801E-02  1.105590611E-01 -3.137660868E-03  8.694308124E+04  1.703547580E+02  3.327532275E+02  2.757326351E+02  2.441762266E+02  8.094417953E-01 
       406 -9.120841472E-03  1.111701815E-01 -8.914052251E-04  8.953192554E+04  1.670136278E+02  3.341558365E+02  2.780623065E+02  2.352746284E+02  7.994654740E-01 
       407 -7.240675928E-03  1.117476218E-01  1.353994698E-03  9.292357408E+04  1.630602539E+02  3.359464357E+02  2.810511847E+02  2.225058913E+02  7.826566316E-01 
       408 -5.370549944E-03  1.123083196E-01  3.627204146E-03  9.649247253E+04  1.634340901E+02  3.376800675E+02  2.839586360E+02  2.097135587E+02  7.463349123E-01 
       409 -3.530590186E-03  1.128981262E-01  5.933484609E-03  9.835443619E+04  1.737925785E+02  3.385756926E+02  2.854664074E+02  2.036223049E+02  6.700755281E-01 
       410 -1.726912218E-03  1.134387153E-01  8.259926622E-03  9.816268921E+04  1.839093671E+02  3.386525021E+02  2.855958471E+02  2.043295021E+02  6.144443695E-01 
       411  3.734044288E-05  1.140039107E-01  1.062617763E-02  9.732638940E+04  1.943224254E+02  3.381424541E+02  2.847366548E+02  2.077557454E+02  5.664166566E-01 
       412  1.740848712E-03  1.145879687E-01  1.302702968E-02  9.663217226E+04  2.012950457E+02  3.378651056E+02  2.842693359E+02  2.110975124E+02  5.388336857E-01 
       413  3.387617433E-03  1.151172021E-01  1.547343878E-02  9.609069772E+04  2.083070436E+02  3.375409980E+02  2.837242374E+02  2.148390499E+02  5.127299065E-01 
       414  4.957112811E-03  1.157081541E-01  1.796238578E-02  9.546678479E+04  2.151397758E+02  3.372256060E+02  2.831943922E+02  2.185461650E+02  4.887636816E-01 
       415  6.462677552E-03  1.163151534E-01  2.048609031E-02  9.465589087E+04  2.217822032E+02  3.368335772E+02  2.825366511E+02  2.222612724E+02  4.665672164E-01 
       416  7.926557233E-03  1.168909271E-01  2.304605918E-02  9.401012762E+04  2.280430918E+02  3.364265757E+02  2.818538613E+02  2.263468215E+02  4.478753773E-01 
       417  9.338612782E-03  1.175119790E-01  2.562398907E-02  9.370218405E+04  2.332059754E+02  3.362028958E+02  2.814792938E+02  2.283022589E+02  4.288132896E-01 
       418  1.068984297E-02  1.181121478E-01  2.822455248E-02  9.350644833E+04  2.380361453E+02  3.360702823E+02  2.812572328E+02  2.300589415E+02  4.107805942E-01 
       419  1.198650266E-02  1.187330819E-01  3.085849659E-02  9.341858372E+04  2.420951387E+02  3.360947331E+02  2.812979450E+02  2.310874733E+02  3.949282302E-01 
       420  1.322982934E-02  1.193430432E-01  3.352159396E-02  9.339294283E+04  2.462826487E+02  3.360949904E+02  2.812984273E+02  2.319139583E+02  3.773577805E-01 
       421  1.439865389E-02  1.199672983E-01  3.621509854E-02  9.355051399E+04  2.502961119E+02  3.361373641E+02  2.813693734E+02  2.323006121E+02  3.590902430E-01 
       422  1.553995729E-02  1.205631245E-01  3.892438234E-02  9.394333368E+04  2.535347195E+02  3.363165743E+02  2.816695026E+02  2.320284491E+02  3.428198246E-01 
       423  1.662952250E-02  1.211745408E-01  4.165332372E-02  9.442510211E+04  2.564721566E+02  3.365119661E+02  2.819969811E+02  2.315512855E+02  3.276197072E-01 
       424  1.764894372E-02  1.217373945E-01  4.441857664E-02  9.514714539E+04  2.582565353E+02  3.369089520E+02  2.826632297E+02  2.295576546E+02  3.132113487E-01 
       425  1.861873940E-02  1.222791769E-01  4.720617614E-02  9.621667505E+04  2.596410604E+02  3.374741498E+02  2.836122364E+02  2.265990438E+02  2.972835939E-01 
       426  1.950820179E-02  1.228336643E-01  5.001741530E-02  9.730589102E+04  2.611017745E+02  3.380277410E+02  2.845434415E+02  2.232000464E+02  2.793980744E-01 
       427  2.036944420E-02  1.233245632E-01  5.285072558E-02  9.842725803E+04  2.629085374E+02  3.385342209E+02  2.853968455E+02  2.208656392E+02  2.630124608E-01 
       428  2.117157025E-02  1.238295963E-01  5.569831964E-02  9.961642871E+04  2.644609499E+02  3.390776863E+02  2.863140225E+02  2.183145719E+02  2.474968263E-01 
       429  2.190592593E-02  1.242947792E-01  5.857026217E-02  1.006796438E+05  2.660283127E+02  3.395894852E+02  2.871786890E+02  2.157021675E+02  2.313028099E-01 
       430  2.257248913E-02  1.247551336E-01  6.145961794E-02  1.016238965E+05  2.677210464E+02  3.400446548E+02  2.879489222E+02  2.132974739E+02  2.152400706E-01 
       431  2.314781749E-02  1.251835029E-01  6.437124902E-02  1.023716812E+05  2.697997780E+02  3.403733711E+02  2.885057726E+02  2.112947640E+02  1.979959407E-01 
       432  2.363318974E-02  1.255957621E-01  6.730774801E-02  1.029240494E+05  2.721655889E+02  3.406270106E+02  2.889358330E+02  2.098831692E+02  1.811192117E-01 
       433  2.402789138E-02  1.260195069E-01  7.025072331E-02  1.033004785E+05  2.747893524E+02  3.408445644E+02  2.893049927E+02  2.090524940E+02  1.648088684E-01 
       434  2.431727977E-02  1.264030352E-01  7.321094069E-02  1.035184297E+05  2.777922573E+02  3.409824162E+02  2.895390472E+02  2.088420715E+02  1.481719790E-01 
       435  2.453016930E-02  1.268032789E-01  7.617447467E-02  1.035681714E+05  2.810858326E+02  3.410510931E+02  2.896557622E+02  2.092421613E+02  1.321101659E-01 
       436  2.462079541E-02  1.271795605E-01  7.915094878E-02  1.034244224E+05  2.847789052E+02  3.409816115E+02  2.895376549E+02  2.103391978E+02  1.160440536E-01 
       437  2.463902970E-02  1.275610820E-01  8.212637731E-02  1.029242346E+05  2.887584238E+02  3.407832212E+02  2.892008653E+02  2.127696815E+02  1.037738894E-01 
       438  2.457492051E-02  1.279220853E-01  8.510260082E-02  1.020582881E+05  2.930785195E+02  3.404001237E+02  2.885510516E+02  2.164331332E+02  9.429947766E-02 
       439  2.441429013E-02  1.282749863E-01  8.807550525E-02  1.008689902E+05  2.970065136E+02  3.398448632E+02  2.876104303E+02  2.212376384E+02  9.215277972E-02 
       440  2.420234297E-02  1.286273229E-01  9.105186832E-02  1.000106222E+05  2.981035221E+02  3.394338365E+02  2.869151651E+02  2.247699049E+02  1.021064927E-01 
       441  2.388558350E-02  1.289647853E-01  9.401845916E-02  9.993183356E+04  2.966608659E+02  3.393924241E+02  2.868450670E+02  2.254879076E+02  1.154080749E-01 
       442  2.351928731E-02  1.293134864E-01  9.696958543E-02  1.003723109E+05  2.942561849E+02  3.395954825E+02  2.871884426E+02  2.242497215E+02  1.266572519E-01 
       443  2.306449285E-02  1.296327241E-01  9.991680403E-02  1.010890432E+05  2.916101561E+02  3.399377337E+02  2.877676487E+02  2.218268275E+02  1.343113268E-01 
       444  2.257188759E-02  1.299515661E-01  1.028605699E-01  1.020049106E+05  2.886396999E+02  3.403783026E+02  2.885140362E+02  2.188856945E+02  1.419943301E-01 
       445  2.201092100E-02  1.302726916E-01  1.057899135E-01  1.030454128E+05  2.856900347E+02  3.408879031E+02  2.893785131E+02  2.152837046E+02  1.472008239E-01 
       446  2.143382683E-02  1.305960230E-01  1.087107054E-01  1.040428079E+05  2.835023447E+02  3.413365306E+02  2.901407477E+02  2.113716930E+02  1.469044317E-01 
       447  2.076802587E-02  1.309307408E-01  1.116221513E-01  1.049562495E+05  2.810602665E+02  3.419284401E+02  2.911479301E+02  2.070858049E+02  1.469233120E-01 
       448  2.010215597E-02  1.312657467E-01  1.145293522E-01  1.058327617E+05  2.791662054E+02  3.424680290E+02  2.920674706E+02  2.032317748E+02  1.455596089E-01 
       449  1.945135245E-02  1.316056955E-01  1.174374795E-01  1.066023956E+05  2.778176343E+02  3.428848960E+02  2.927789328E+02  2.005183115E+02  1.455092839E-01 
       450  1.885387307E-02  1.319548677E-01  1.203553293E-01  1.071860025E+05  2.768952479E+02  3.431780016E+02  2.932796955E+02  1.990429106E+02  1.477125514E-01 
       451  1.837479322E-02  1.322913677E-01  1.233018373E-01  1.075618132E+05  2.760275192E+02  3.433961506E+02  2.936527586E+02  1.978814058E+02  1.509345612E-01 
       452  1.811263581E-02  1.325954541E-01  1.262715907E-01  1.076640259E+05  2.756546488E+02  3.434812374E+02  2.937982445E+02  1.976153965E+02  1.543532894E-01 
       453  1.805653049E-02  1.328847135E-01  1.292554963E-01  1.076093862E+05  2.757348242E+02  3.434798107E+02  2.937958989E+02  1.982984352E+02  1.586388149E-01 
       454  1.819877737E-02  1.331672438E-01  1.322380588E-01  1.074414924E+05  2.762745079E+02  3.434120495E+02  2.936799107E+02  1.998712215E+02  1.633577298E-01 
       455  1.852494771E-02  1.334510277E-01  1.352129826E-01  1.072484790E+05  2.767746433E+02  3.433632606E+02  2.935964282E+02  2.015190327E+02  1.687567679E-01 
       456  1.890761882E-02  1.337081709E-01  1.381756048E-01  1.070101437E+05  2.774639537E+02  3.432813861E+02  2.934563130E+02  2.032518111E+02  1.730825411E-01 
       457  1.937808835E-02  1.339540030E-01  1.411279949E-01  1.067797274E+05  2.781019554E+02  3.432210279E+02  2.933531904E+02  2.049782631E+02  1.776637752E-01 
       458  1.989552602E-02  1.341916383E-01  1.440726902E-01  1.065680135E+05  2.787075475E+02  3.431716040E+02  2.932687485E+02  2.067480219E+02  1.825821309E-01 
       459  2.048114376E-02  1.344526817E-01  1.469999956E-01  1.062972500E+05  2.802093182E+02  3.429600840E+02  2.929120722E+02  2.091769352E+02  1.840663375E-01 
       460 -4.772920012E-02  1.664853148E-01 -4.258181757E-02  8.245781956E+04  1.818436056E+02  3.302255788E+02  2.715590947E+02  3.430268009E+02  1.012014298E+00 
       461 -4.770031945E-02  1.666117663E-01 -3.916302660E-02  8.228113800E+04  1.815325314E+02  3.301722031E+02  2.714714617E+02  3.427900598E+02  1.012784082E+00 
       462 -4.768621633E-02  1.667606858E-01 -3.574527808E-02  8.193591785E+04  1.829079196E+02  3.299181032E+02  2.710539212E+02  3.447259297E+02  1.011593208E+00 
       463 -4.773671611E-02  1.669008759E-01 -3.232563070E-02  8.149029321E+04  1.844092879E+02  3.296336365E+02  2.705866070E+02  3.471319742E+02  1.010784283E+00 
       464 -4.779814392E-02  1.670685917E-01 -2.890641835E-02  8.088410278E+04  1.856185989E+02  3.293314028E+02  2.700907660E+02  3.479777775E+02  1.008295275E+00 
       465 -4.772832030E-02  1.672854950E-01 -2.549705171E-02  8.015068347E+04  1.880025158E+02  3.288766751E+02  2.693457761E+02  3.503952661E+02  1.004730368E+00 
       466 -4.733274936E-02  1.676197526E-01 -2.211766833E-02  7.951209656E+04  1.912313774E+02  3.284052372E+02  2.685740433E+02  3.539840426E+02  1.000432841E+00 
       467 -4.646629434E-02  1.680852894E-01 -1.884685997E-02  7.943119397E+04  1.938064024E+02  3.283224430E+02  2.684385482E+02  3.541234359E+02  9.923641975E-01 
       468 -4.497458874E-02  1.687177674E-01 -1.583913045E-02  8.106179639E+04  1.917030535E+02  3.294141846E+02  2.702282615E+02  3.490472660E+02  9.915998112E-01 
       469 -4.311049959E-02  1.694263862E-01 -1.306511329E-02  8.424900269E+04  1.871915455E+02  3.311077433E+02  2.730148182E+02  3.397374363E+02  9.929575957E-01 
       470 -4.101650432E-02  1.701661907E-01 -1.047820325E-02  8.732268896E+04  1.802431459E+02  3.327870579E+02  2.757888832E+02  3.315708122E+02  1.003319584E+00 
       471 -3.872443978E-02  1.709287414E-01 -8.043812788E-03  8.750614624E+04  1.775137889E+02  3.328088269E+02  2.758255851E+02  3.325007482E+02  1.013493904E+00 
       472 -3.634257562E-02  1.716543837E-01 -5.706210795E-03  8.538891846E+04  1.791292791E+02  3.317047672E+02  2.739988842E+02  3.381727734E+02  1.016583636E+00 
       473 -3.384972842E-02  1.724025179E-01 -3.469956820E-03  8.146092456E+04  1.870919912E+02  3.294310133E+02  2.702588873E+02  3.503734763E+02  1.010194652E+00 
       474 -3.133060076E-02  1.731099844E-01 -1.271304633E-03  7.700677454E+04  1.965077778E+02  3.269311485E+02  2.661732614E+02  3.622559702E+02  1.000352253E+00 
       475 -2.873453975E-02  1.737912906E-01  8.535856133E-04  7.338405493E+04  2.068439255E+02  3.246018591E+02  2.623942308E+02  3.731997261E+02  9.866913147E-01 
       476 -2.611690126E-02  1.744247281E-01  2.958268427E-03  7.098660571E+04  2.136609178E+02  3.230700407E+02  2.599237394E+02  3.791385164E+02  9.762005080E-01 
       477 -2.348835128E-02  1.750433393E-01  5.058280838E-03  6.965471576E+04  2.173022137E+02  3.222816513E+02  2.586567500E+02  3.830113223E+02  9.715621877E-01 
       478 -2.083113736E-02  1.756162102E-01  7.133742148E-03  6.942391382E+04  2.198335443E+02  3.219999142E+02  2.582024488E+02  3.846319704E+02  9.666342326E-01 
       479 -1.816607045E-02  1.761555279E-01  9.209141426E-03  6.974264478E+04  2.201013441E+02  3.225319796E+02  2.590569944E+02  3.830575886E+02  9.617273249E-01 
       480 -1.549262448E-02  1.766467189E-01  1.128626304E-02  7.243726294E+04  2.212895193E+02  3.242312937E+02  2.617997417E+02  3.762095747E+02  9.431047142E-01 
       481 -1.281959455E-02  1.771087169E-01  1.337222607E-02  8.241228436E+04  2.133655081E+02  3.302138948E+02  2.715636759E+02  3.482283769E+02  9.178189896E-01 
       482 -1.015361520E-02  1.775059034E-01  1.547159933E-02  9.789867292E+04  2.074345944E+02  3.381769774E+02  2.848008137E+02  3.063751996E+02  8.743059086E-01 
       483 -7.491200012E-03  1.778633735E-01  1.757589553E-02  9.466736377E+04  2.227886443E+02  3.365020285E+02  2.819844427E+02  3.126618366E+02  8.321177587E-01 
       484 -4.837064878E-03  1.782590199E-01  1.971143984E-02  8.938982397E+04  2.283863297E+02  3.342130556E+02  2.781584883E+02  3.310634394E+02  8.393436186E-01 
       485 -2.188499166E-03  1.785530451E-01  2.185094162E-02  8.868164993E+04  2.323312144E+02  3.336974385E+02  2.773013744E+02  3.340436550E+02  8.300213281E-01 
       486  4.329096806E-04  1.787998193E-01  2.404680664E-02  8.947202832E+04  2.343609409E+02  3.341155205E+02  2.779966869E+02  3.342523098E+02  8.231141269E-01 
       487  3.027224691E-03  1.790317150E-01  2.627094405E-02  8.961083636E+04  2.368218672E+02  3.342868369E+02  2.782803097E+02  3.331783082E+02  8.126062094E-01 
       488  5.626976121E-03  1.792222402E-01  2.847807669E-02  9.024880859E+04  2.393558366E+02  3.346853366E+02  2.789444742E+02  3.318987811E+02  8.019810840E-01 
       489  8.191038637E-03  1.793338257E-01  3.074695743E-02  9.203646191E+04  2.417269120E+02  3.355028653E+02  2.803108058E+02  3.289386637E+02  7.891309345E-01 
       490  1.074058355E-02  1.794129340E-01  3.303046409E-02  9.531156696E+04  2.416013184E+02  3.370530954E+02  2.829089112E+02  3.211069245E+02  7.774436350E-01 
       491  1.325979491E-02  1.793970135E-01  3.532576038E-02  9.944252087E+04  2.392557039E+02  3.389779406E+02  2.861493957E+02  3.090557337E+02  7.677953485E-01 
       492  1.577166567E-02  1.793535417E-01  3.765132951E-02  1.032027655E+05  2.361098475E+02  3.407341967E+02  2.891205850E+02  2.995587587E+02  7.655978892E-01 
       493  1.825553626E-02  1.792503646E-01  4.000403552E-02  1.058630387E+05  2.338897257E+02  3.420186524E+02  2.913032556E+02  2.944532208E+02  7.669718983E-01 
       494  2.071273564E-02  1.790845686E-01  4.238164633E-02  1.078192558E+05  2.333382839E+02  3.429477001E+02  2.928879631E+02  2.884142790E+02  7.614939942E-01 
       495  2.315348782E-02  1.789033294E-01  4.476881837E-02  1.100588539E+05  2.320987539E+02  3.440800848E+02  2.948250566E+02  2.796276412E+02  7.555845203E-01 
       496  2.554611962E-02  1.786610662E-01  4.720294885E-02  1.124723652E+05  2.310332689E+02  3.451868267E+02  2.967249241E+02  2.732369404E+02  7.526655924E-01 
       497  2.790553153E-02  1.783591187E-01  4.966367300E-02  1.142968689E+05  2.307558327E+02  3.459719019E+02  2.980758114E+02  2.690361433E+02  7.494000569E-01 
       498  3.023553076E-02  1.780531658E-01  5.215009418E-02  1.155236554E+05  2.305629947E+02  3.464938703E+02  2.989753678E+02  2.650039723E+02  7.462662663E-01 
       499  3.255140683E-02  1.777481834E-01  5.464573084E-02  1.164763723E+05  2.303274792E+02  3.469337077E+02  2.997346076E+02  2.635558980E+02  7.457342627E-01 
       500  3.480321611E-02  1.773622653E-01  5.719033452E-02  1.173391373E+05  2.304350355E+02  3.472786171E+02  3.003308768E+02  2.623841987E+02  7.440478140E-01 
       501  3.704366447E-02  1.769956776E-01  5.978074099E-02  1.180741783E+05  2.310456986E+02  3.474976537E+02  3.007096250E+02  2.591346271E+02  7.388110580E-01 
       502  3.923116288E-02  1.766153691E-01  6.237867612E-02  1.186267561E+05  2.312138271E+02  3.477231297E+02  3.010999331E+02  2.566372705E+02  7.361145457E-01 
       503  4.136429871E-02  1.761773997E-01  6.501205622E-02  1.190110296E+05  2.311463591E+02  3.479466889E+02  3.014871968E+02  2.555428351E+02  7.355648493E-01 
       504  4.348069858E-02  1.757484529E-01  6.766046190E-02  1.192217930E+05  2.318812108E+02  3.480581722E+02  3.016802588E+02  2.551363554E+02  7.325889003E-01 
       505  4.554226392E-02  1.753162813E-01  7.034950997E-02  1.193080596E+05  2.323881493E+02  3.481855268E+02  3.019010582E+02  2.543797045E+02  7.302422151E-01 
       506  4.756665315E-02  1.748560179E-01  7.306168772E-02  1.192954036E+05  2.330185567E+02  3.482313235E+02  3.019804041E+02  2.541600376E+02  7.278282475E-01 
       507  4.956604909E-02  1.743615796E-01  7.580968578E-02  1.191390291E+05  2.335471421E+02  3.481653507E+02  3.018660347E+02  2.549685273E+02  7.266454068E-01 
       508  5.152654947E-02  1.738670862E-01  7.855886540E-02  1.189142942E+05  2.340170121E+02  3.480061721E+02  3.015901092E+02  2.558721531E+02  7.258787358E-01 
       509  5.347325952E-02  1.733659220E-01  8.131742073E-02  1.188400974E+05  2.339295244E+02  3.479507930E+02  3.014940777E+02  2.563185731E+02  7.270300954E-01 
       510  5.541917190E-02  1.728212690E-01  8.412523757E-02  1.191792414E+05  2.338019022E+02  3.480694121E+02  3.016996903E+02  2.555399046E+02  7.270579374E-01 
       511  5.731737707E-02  1.722438844E-01  8.698058411E-02  1.196472285E+05  2.338973020E+02  3.482938759E+02  3.020890694E+02  2.543435460E+02  7.257291062E-01 
       512  5.917186437E-02  1.716911252E-01  8.979478553E-02  1.198182245E+05  2.342381929E+02  3.483971031E+02  3.022682348E+02  2.539972524E+02  7.243328063E-01 
       513  6.096387184E-02  1.711643945E-01  9.255110888E-02  1.198666381E+05  2.349588905E+02  3.484048256E+02  3.022817370E+02  2.540072134E+02  7.217565735E-01 
       514  6.270700241E-02  1.705757992E-01  9.544380808E-02  1.197402463E+05  2.360343366E+02  3.483404484E+02  3.021699004E+02  2.541300001E+02  7.175913472E-01 
       515  6.442263795E-02  1.699823167E-01  9.834544530E-02  1.195874616E+05  2.368737535E+02  3.482647436E+02  3.020385559E+02  2.545495049E+02  7.147976542E-01 
       516  6.612271722E-02  1.694054111E-01  1.012510921E-01  1.194140638E+05  2.375699937E+02  3.481821928E+02  3.018954115E+02  2.550921524E+02  7.128857598E-01 
       517  6.776083839E-02  1.688452726E-01  1.042003507E-01  1.192090940E+05  2.382500650E+02  3.480834608E+02  3.017241831E+02  2.556192337E+02  7.111430643E-01 
       518  6.936215302E-02  1.682812898E-01  1.071729988E-01  1.189777227E+05  2.388745151E+02  3.479912301E+02  3.015644088E+02  2.564403501E+02  7.098701091E-01 
       519  7.082677073E-02  1.677321085E-01  1.102128146E-01  1.187605191E+05  2.396867793E+02  3.479100063E+02  3.014238269E+02  2.574922093E+02  7.079022527E-01 
       520  7.220712168E-02  1.672497044E-01  1.133584680E-01  1.186284057E+05  2.404067845E+02  3.479143428E+02  3.014315086E+02  2.585929977E+02  7.065481021E-01 
       521  7.342602904E-02  1.668557431E-01  1.165154693E-01  1.185503030E+05  2.407414820E+02  3.480452280E+02  3.016582129E+02  2.585903935E+02  7.057941929E-01 
       522  7.439926912E-02  1.665467988E-01  1.197652411E-01  1.185052606E+05  2.409886882E+02  3.482261591E+02  3.019719176E+02  2.574932189E+02  7.042314522E-01 
       523  7.498839543E-02  1.664581038E-01  1.231239650E-01  1.184440547E+05  2.406389275E+02  3.484847813E+02  3.024208069E+02  2.561383476E+02  7.049368843E-01 
       524  7.530423640E-02  1.665023734E-01  1.265249777E-01  1.184181467E+05  2.405634570E+02  3.485871277E+02  3.025987468E+02  2.556975179E+02  7.052153414E-01 
       525  7.543612494E-02  1.666233331E-01  1.299370256E-01  1.182018076E+05  2.424950008E+02  3.483096638E+02  3.021167717E+02  2.594274025E+02  7.014847472E-01 
       526  7.553122174E-02  1.667952118E-01  1.333496155E-01  1.180719849E+05  2.442280273E+02  3.480040326E+02  3.015867929E+02  2.616941733E+02  6.980350809E-01 
       527  7.566054780E-02  1.669469890E-01  1.367626796E-01  1.179777278E+05  2.440305519E+02  3.480926189E+02  3.017402849E+02  2.595728092E+02  6.969534196E-01 
       528  7.583993244E-02  1.671002891E-01  1.401745263E-01  1.178833971E+05  2.438734231E+02  3.483625987E+02  3.022091919E+02  2.593013750E+02  6.981866872E-01 
       529  7.600645069E-02  1.672586086E-01  1.435869327E-01  1.177499734E+05  2.438354340E+02  3.488555200E+02  3.030681155E+02  2.580002940E+02  6.992237582E-01 
       530  7.611546960E-02  1.674572299E-01  1.470000031E-01  1.178820614E+05  2.381989062E+02  3.500575042E+02  3.052563038E+02  2.475788367E+02  7.147348383E-01 
       531 -5.220359409E-02  2.342994603E-01 -4.210986580E-02  8.172998798E+04  1.824801709E+02  3.296899954E+02  2.707630957E+02  4.446390362E+02  1.147935245E+00 
       532 -5.220192467E-02  2.343108577E-01 -3.821952920E-02  8.083699506E+04  1.854975134E+02  3.292336659E+02  2.699304987E+02  4.462955728E+02  1.142227263E+00 
       533 -5.220302368E-02  2.343278434E-01 -3.432921672E-02  8.075749310E+04  1.860187153E+02  3.292508587E+02  2.699586779E+02  4.466014527E+02  1.141292608E+00 
       534 -5.220531674E-02  2.343446645E-01 -3.043898101E-02  8.179941423E+04  1.835098591E+02  3.299015633E+02  2.710279793E+02  4.436879458E+02  1.144574109E+00 
       535 -5.220735409E-02  2.343651870E-01 -2.654892396E-02  8.371277539E+04  1.789252520E+02  3.310022106E+02  2.728400822E+02  4.396415482E+02  1.151883714E+00 
       536 -5.221355576E-02  2.343966826E-01 -2.266385481E-02  8.542897819E+04  1.743662558E+02  3.319488529E+02  2.744017396E+02  4.364129663E+02  1.160151250E+00 
       537 -5.221196162E-02  2.344309954E-01 -1.877454498E-02  8.575219880E+04  1.726920692E+02  3.320384768E+02  2.745499000E+02  4.351574053E+02  1.163166070E+00 
       538 -5.222596507E-02  2.344687402E-01 -1.488167101E-02  8.437208595E+04  1.749126379E+02  3.311799585E+02  2.731332150E+02  4.381734228E+02  1.160587728E+00 
       539 -5.222923531E-02  2.345160018E-01 -1.099302079E-02  8.173894720E+04  1.813974745E+02  3.296651759E+02  2.706420369E+02  4.453967769E+02  1.152182557E+00 
       540 -5.210275326E-02  2.345957540E-01 -7.104134264E-03  7.918868781E+04  1.883951852E+02  3.283928839E+02  2.685546968E+02  4.496759400E+02  1.140215028E+00 
       541 -5.114101036E-02  2.348545508E-01 -3.375994418E-03  7.862389880E+04  1.916457091E+02  3.280869918E+02  2.680544468E+02  4.517214269E+02  1.134972196E+00 
       542 -4.917766965E-02  2.353023755E-01 -5.047413344E-05  7.997337085E+04  1.885935540E+02  3.288549910E+02  2.693117628E+02  4.476782722E+02  1.139759552E+00 
       543 -4.661414278E-02  2.358651253E-01  2.823323178E-03  8.159317200E+04  1.830315855E+02  3.300208488E+02  2.712240424E+02  4.447671709E+02  1.150560180E+00 
       544 -4.374488282E-02  2.364440537E-01  5.350106892E-03  8.437937225E+04  1.765787537E+02  3.316624379E+02  2.739302456E+02  4.389706244E+02  1.160120692E+00 
       545 -4.059796688E-02  2.370222596E-01  7.583171126E-03  8.829854565E+04  1.659710821E+02  3.335798583E+02  2.771053987E+02  4.306225905E+02  1.177832872E+00 
       546 -3.738701819E-02  2.375676250E-01  9.702642239E-03  8.712270953E+04  1.682318144E+02  3.329059567E+02  2.759885516E+02  4.327181792E+02  1.173352802E+00 
       547 -3.407522408E-02  2.380263225E-01  1.169481074E-02  8.200894324E+04  1.842197232E+02  3.300369992E+02  2.712543516E+02  4.438358607E+02  1.144159472E+00 
       548 -3.073065008E-02  2.384984497E-01  1.361793802E-02  7.998207538E+04  1.896984166E+02  3.289571195E+02  2.694778960E+02  4.463379080E+02  1.132831502E+00 
       549 -2.732884007E-02  2.388770261E-01  1.546643341E-02  8.144299658E+04  1.836195323E+02  3.298914280E+02  2.710116215E+02  4.439773102E+02  1.145221097E+00 
       550 -2.390908864E-02  2.392176502E-01  1.728468609E-02  8.198384171E+04  1.836397596E+02  3.300377766E+02  2.712515117E+02  4.414160416E+02  1.142878634E+00 
       551 -2.044822495E-02  2.394794424E-01  1.908927170E-02  8.137030438E+04  1.852334573E+02  3.297368925E+02  2.707577699E+02  4.429534862E+02  1.140955572E+00 
       552 -1.699643969E-02  2.397114515E-01  2.086461287E-02  8.071189539E+04  1.867617204E+02  3.294603639E+02  2.703047333E+02  4.446352215E+02  1.139321841E+00 
       553 -1.354033893E-02  2.398615604E-01  2.263394957E-02  8.090885791E+04  1.878487511E+02  3.295348320E+02  2.704279709E+02  4.450059490E+02  1.138520345E+00 
       554 -1.007792796E-02  2.399171479E-01  2.439846914E-02  8.122347290E+04  1.869023743E+02  3.297098932E+02  2.707159848E+02  4.427651963E+02  1.139675846E+00 
       555 -6.592279415E-03  2.399646350E-01  2.619220728E-02  8.060311816E+04  1.872765665E+02  3.293254852E+02  2.700843196E+02  4.448652716E+02  1.142031930E+00 
       556 -3.124907716E-03  2.398994093E-01  2.794309000E-02  7.965872070E+04  1.907706070E+02  3.284834690E+02  2.687040844E+02  4.452075405E+02  1.135679968E+00 
       557  3.338943067E-04  2.398017910E-01  2.968583889E-02  1.039754198E+05  2.071475242E+02  3.419163091E+02  2.911478518E+02  3.912811599E+02  1.051231926E+00 
       558  3.794068913E-03  2.396169640E-01  3.144821874E-02  1.003659888E+05  2.152993960E+02  3.396524749E+02  2.872961121E+02  4.030529060E+02  1.038564408E+00 
       559  7.248441593E-03  2.393064044E-01  3.320284907E-02  9.586940674E+04  2.137718897E+02  3.376242676E+02  2.838702803E+02  4.120748177E+02  1.049772598E+00 
       560  1.068879679E-02  2.389885178E-01  3.498866898E-02  9.262461914E+04  2.147297549E+02  3.361408806E+02  2.813803816E+02  4.197256069E+02  1.053807907E+00 
       561  1.412543948E-02  2.386075767E-01  3.676435012E-02  8.988533398E+04  2.174561434E+02  3.347166643E+02  2.789984608E+02  4.260935059E+02  1.051200062E+00 
       562  1.753589177E-02  2.380598424E-01  3.855175648E-02  8.893247266E+04  2.168098698E+02  3.345804939E+02  2.787717304E+02  4.266804047E+02  1.053545021E+00 
       563  2.093820079E-02  2.375000001E-01  4.035454522E-02  9.173735840E+04  2.167738438E+02  3.361871805E+02  2.814645929E+02  4.230333385E+02  1.052217688E+00 
       564  2.432947450E-02  2.368878370E-01  4.215773147E-02  1.032750617E+05  2.100320526E+02  3.419637691E+02  2.912411755E+02  3.980356137E+02  1.051875044E+00 
       565  2.770729830E-02  2.361795572E-01  4.394886350E-02  1.240100347E+05  1.998422291E+02  3.504683685E+02  3.059094782E+02  3.534677601E+02  1.063208111E+00 
       566  3.105826597E-02  2.354459967E-01  4.578622705E-02  1.315564789E+05  1.956419716E+02  3.534029007E+02  3.110188260E+02  3.356191068E+02  1.071666210E+00 
       567  3.438758923E-02  2.346372217E-01  4.762879820E-02  1.244995520E+05  1.989540949E+02  3.508809214E+02  3.066014806E+02  3.501973507E+02  1.058037550E+00 
       568  3.771502906E-02  2.337669833E-01  4.947240569E-02  1.178804186E+05  2.036337204E+02  3.483492429E+02  3.021866913E+02  3.641796060E+02  1.045486149E+00 
       569  4.101460083E-02  2.329246351E-01  5.135281935E-02  1.189036021E+05  2.023506596E+02  3.489643703E+02  3.032553377E+02  3.612356377E+02  1.048341274E+00 
       570  4.428347740E-02  2.319960665E-01  5.324515281E-02  1.230503459E+05  2.016300826E+02  3.507274013E+02  3.063262208E+02  3.480026071E+02  1.046830727E+00 
       571  4.749748393E-02  2.310181580E-01  5.520824782E-02  1.247796638E+05  2.039605160E+02  3.513652210E+02  3.074404902E+02  3.441009984E+02  1.040057978E+00 
       572  5.066691057E-02  2.300652086E-01  5.723980181E-02  1.247261401E+05  2.054040466E+02  3.514115530E+02  3.075216017E+02  3.442152245E+02  1.035780860E+00 
       573  5.379140778E-02  2.290521307E-01  5.932353399E-02  1.248178835E+05  2.066998474E+02  3.515216205E+02  3.077147007E+02  3.421225928E+02  1.029454991E+00 
       574  5.683956615E-02  2.279793322E-01  6.149869556E-02  1.253985195E+05  2.106962223E+02  3.516167469E+02  3.078809576E+02  3.380187531E+02  1.016782016E+00 
       575  5.985072913E-02  2.269370111E-01  6.373374277E-02  1.256504580E+05  2.154937296E+02  3.515267124E+02  3.077232018E+02  3.375113487E+02  1.003549151E+00 
       576  6.280959972E-02  2.258492183E-01  6.601505396E-02  1.251591436E+05  2.189479931E+02  3.512127573E+02  3.071738405E+02  3.450030575E+02  9.959535295E-01 
       577  6.573461678E-02  2.247295145E-01  6.832363097E-02  1.243831998E+05  2.214791107E+02  3.509422493E+02  3.067010674E+02  3.513399467E+02  9.882897744E-01 
       578  6.865501872E-02  2.236625994E-01  7.064894084E-02  1.235652606E+05  2.258908615E+02  3.505858132E+02  3.060781177E+02  3.499719144E+02  9.729310090E-01 
       579  7.151541969E-02  2.224865137E-01  7.302188293E-02  1.221480012E+05  2.292146850E+02  3.503131104E+02  3.056022062E+02  3.472691092E+02  9.594554510E-01 
       580  7.433322259E-02  2.213060150E-01  7.543149031E-02  1.214779722E+05  2.314959273E+02  3.503897448E+02  3.057367191E+02  3.464144688E+02  9.510926493E-01 
       581  7.711325138E-02  2.201536844E-01  7.789825066E-02  1.228905756E+05  2.336450872E+02  3.515076171E+02  3.076918619E+02  3.424356908E+02  9.420841643E-01 
       582  7.981655167E-02  2.189959972E-01  8.044372180E-02  1.231001079E+05  2.375220783E+02  3.516517048E+02  3.079438462E+02  3.404758677E+02  9.274208248E-01 
       583  8.242371870E-02  2.177951216E-01  8.306797326E-02  1.226811216E+05  2.367261686E+02  3.516616344E+02  3.079625969E+02  3.393045406E+02  9.274807274E-01 
       584  8.497819178E-02  2.166305248E-01  8.576177505E-02  1.225151536E+05  2.370399933E+02  3.512603200E+02  3.072593176E+02  3.382492989E+02  9.249382105E-01 
       585  8.747465708E-02  2.155008942E-01  8.852176985E-02  1.223829883E+05  2.353626361E+02  3.512092066E+02  3.071690674E+02  3.386174970E+02  9.294129312E-01 
       586  8.983863293E-02  2.143275504E-01  9.137087988E-02  1.222491270E+05  2.323467677E+02  3.512680535E+02  3.072720132E+02  3.386297822E+02  9.377128277E-01 
       587  9.211779941E-02  2.131724912E-01  9.430579148E-02  1.223120146E+05  2.288143487E+02  3.512786674E+02  3.072897227E+02  3.396120928E+02  9.479033412E-01 
       588  9.424446159E-02  2.121023496E-01  9.738772987E-02  1.225555522E+05  2.251557716E+02  3.512480466E+02  3.072364421E+02  3.407435278E+02  9.589689057E-01 
       589  9.610967173E-02  2.111612431E-01  1.006666829E-01  1.227688898E+05  2.219844488E+02  3.511058433E+02  3.069881510E+02  3.410627120E+02  9.682447509E-01 
       590  9.742401869E-02  2.103903297E-01  1.042235364E-01  1.228642426E+05  2.193194865E+02  3.509276951E+02  3.066771165E+02  3.416342479E+02  9.758991970E-01 
       591  9.764724840E-02  2.101688920E-01  1.080985861E-01  1.228389526E+05  2.184261069E+02  3.508185596E+02  3.064869909E+02  3.414257793E+02  9.785030298E-01 
       592  9.763062643E-02  2.101108570E-01  1.119846410E-01  1.227260498E+05  2.193072226E+02  3.509331915E+02  3.066894150E+02  3.401480514E+02  9.756208286E-01 
       593  9.759894170E-02  2.100363093E-01  1.158782398E-01  1.225343515E+05  2.210886117E+02  3.515747135E+02  3.078137710E+02  3.396970549E+02  9.701646091E-01 
       594  9.760335841E-02  2.100041055E-01  1.197683889E-01  1.225558714E+05  2.227013358E+02  3.526826360E+02  3.097570195E+02  3.314510860E+02  9.641197934E-01 
       595  9.760552297E-02  2.099886023E-01  1.236588659E-01  1.225826747E+05  2.235411278E+02  3.540423748E+02  3.121484664E+02  3.153567897E+02  9.620545746E-01 
       596  9.760989540E-02  2.100145164E-01  1.275491461E-01  1.227638556E+05  2.253528406E+02  3.550915954E+02  3.139991382E+02  3.001982968E+02  9.589084440E-01 
       597  9.760550437E-02  2.100148949E-01  1.314412195E-01  1.228874624E+05  2.272815018E+02  3.556759748E+02  3.150346766E+02  2.980640039E+02  9.527663961E-01 
       598  9.762031038E-02  2.101034915E-01  1.353312483E-01  1.229154337E+05  2.285983901E+02  3.558459445E+02  3.153414288E+02  3.089725042E+02  9.454541337E-01 
       599  9.762506170E-02  2.101609083E-01  1.392228176E-01  1.229162428E+05  2.280941730E+02  3.553915325E+02  3.145422266E+02  3.182815244E+02  9.464292596E-01 
       600  9.764671237E-02  2.102092269E-01  1.431110049E-01  1.230405751E+05  2.245829840E+02  3.544912462E+02  3.129514370E+02  3.242479656E+02  9.577880353E-01 
       601  9.766256924E-02  2.102587391E-01  1.469999989E-01  1.231802480E+05  2.211849756E+02  3.538446474E+02  3.115306730E+02  3.294374857E+02  9.686836749E-01 
