nodenumber     x-coordinate     y-coordinate     z-coordinate         pressure velocity-magnitude      sound-speed      temperature rel-velocity-magnitude relative-velocity-angle 
         1 -2.216901913E-02  1.039879580E-01 -4.300600202E-02  8.759120245E+04  1.537604245E+02  3.330618197E+02  2.762438422E+02  2.357241726E+02  8.602930765E-01 
         2 -2.197401757E-02  1.042260031E-01 -4.002397295E-02  8.746284857E+04  1.544311928E+02  3.329980450E+02  2.761381170E+02  2.364117209E+02  8.592140956E-01 
         3 -2.150271627E-02  1.045375264E-01 -3.708169353E-02  8.736294666E+04  1.550778799E+02  3.329450862E+02  2.760502787E+02  2.370318590E+02  8.581307684E-01 
         4 -2.072290556E-02  1.049359494E-01 -3.421635317E-02  8.725948450E+04  1.556899312E+02  3.328959842E+02  2.759688640E+02  2.377172129E+02  8.575454550E-01 
         5 -1.964621854E-02  1.053757771E-01 -3.145501365E-02  8.715917261E+04  1.563752017E+02  3.328414145E+02  2.758783751E+02  2.384402738E+02  8.568008393E-01 
         6 -1.833909717E-02  1.058829391E-01 -2.880182754E-02  8.701378442E+04  1.570896516E+02  3.327689962E+02  2.757583332E+02  2.392881179E+02  8.563395385E-01 
         7 -1.686396899E-02  1.064019756E-01 -2.624136390E-02  8.681871460E+04  1.580306463E+02  3.326599255E+02  2.755776997E+02  2.403596573E+02  8.554804921E-01 
         8 -1.524276490E-02  1.069101094E-01 -2.376908005E-02  8.659688745E+04  1.589787257E+02  3.325443730E+02  2.753863444E+02  2.415518312E+02  8.550211713E-01 
         9 -1.353040875E-02  1.074492491E-01 -2.136449246E-02  8.634190869E+04  1.601336772E+02  3.324144516E+02  2.751712186E+02  2.429603658E+02  8.542103898E-01 
        10 -1.175719847E-02  1.079385502E-01 -1.899452623E-02  8.608956415E+04  1.616845644E+02  3.322634482E+02  2.749211698E+02  2.441586659E+02  8.505757479E-01 
        11 -9.920451205E-03  1.084473482E-01 -1.667649769E-02  8.599468396E+04  1.630628503E+02  3.321930304E+02  2.748046800E+02  2.449737457E+02  8.466282233E-01 
        12 -8.053093039E-03  1.089314126E-01 -1.437870322E-02  8.618869177E+04  1.633544645E+02  3.323204256E+02  2.750154496E+02  2.445064870E+02  8.439394110E-01 
        13 -6.139911673E-03  1.093816015E-01 -1.211111235E-02  8.670190747E+04  1.627969975E+02  3.325957603E+02  2.754713588E+02  2.431947794E+02  8.428860344E-01 
        14 -4.213714023E-03  1.098625599E-01 -9.853315987E-03  8.752199414E+04  1.605361118E+02  3.330486641E+02  2.762221069E+02  2.405878820E+02  8.468201607E-01 
        15 -2.267252226E-03  1.102821410E-01 -7.616721013E-03  8.859535986E+04  1.562064314E+02  3.336260872E+02  2.771808186E+02  2.370168104E+02  8.591767102E-01 
        16 -3.058463972E-04  1.106716081E-01 -5.380345181E-03  8.945504346E+04  1.498333478E+02  3.340158014E+02  2.778289776E+02  2.340952425E+02  8.852858301E-01 
        17  1.649896870E-03  1.110991589E-01 -3.144821902E-03  8.729505005E+04  1.455660210E+02  3.330222931E+02  2.761797950E+02  2.436519172E+02  9.419130944E-01 
        18  3.605378217E-03  1.114680886E-01 -8.997268064E-04  7.561099536E+04  1.744470758E+02  3.263004861E+02  2.651433611E+02  2.852205706E+02  9.430543818E-01 
        19  5.548952344E-03  1.118349081E-01  1.356589372E-03  6.991255280E+04  2.090062099E+02  3.228234918E+02  2.595235386E+02  3.076111255E+02  8.472278956E-01 
        20  7.472030685E-03  1.121892539E-01  3.633809071E-03  7.294034459E+04  2.141696491E+02  3.245330234E+02  2.622829794E+02  3.006254677E+02  7.899874258E-01 
        21  9.366594022E-03  1.125505666E-01  5.932977735E-03  7.667175684E+04  2.096914952E+02  3.268935926E+02  2.661123531E+02  2.863321640E+02  7.571492619E-01 
        22  1.122147558E-02  1.129077905E-01  8.263617067E-03  7.904608454E+04  2.088738417E+02  3.283320649E+02  2.684576373E+02  2.770163205E+02  7.263660896E-01 
        23  1.303284284E-02  1.132507638E-01  1.062953057E-02  8.051709489E+04  2.114279361E+02  3.291865691E+02  2.698548119E+02  2.722750926E+02  6.965355803E-01 
        24  1.479928419E-02  1.136234762E-01  1.303021626E-02  8.164192361E+04  2.151310301E+02  3.299021617E+02  2.710290040E+02  2.674729427E+02  6.604649359E-01 
        25  1.649617427E-02  1.139938279E-01  1.547769530E-02  8.270106207E+04  2.197193103E+02  3.304736683E+02  2.719687111E+02  2.639670815E+02  6.243958608E-01 
        26  1.811807173E-02  1.143837002E-01  1.797032872E-02  8.343403369E+04  2.255131607E+02  3.307818084E+02  2.724756274E+02  2.631327939E+02  5.918763941E-01 
        27  1.968166241E-02  1.148013513E-01  2.049621310E-02  8.350072601E+04  2.329217813E+02  3.307465317E+02  2.724173539E+02  2.645951996E+02  5.594658945E-01 
        28  2.119101764E-02  1.152299366E-01  2.305322148E-02  8.298715158E+04  2.417734819E+02  3.304564378E+02  2.719395804E+02  2.672494854E+02  5.238962952E-01 
        29  2.266338778E-02  1.156643914E-01  2.563116057E-02  8.241464459E+04  2.506368487E+02  3.301554718E+02  2.714446001E+02  2.693983834E+02  4.862574709E-01 
        30  2.408077791E-02  1.161159634E-01  2.823658064E-02  8.189422577E+04  2.591460669E+02  3.298327439E+02  2.709141850E+02  2.716833727E+02  4.513854394E-01 
        31  2.544088325E-02  1.165921105E-01  3.086849856E-02  8.135123621E+04  2.673841181E+02  3.294588780E+02  2.703006682E+02  2.745138068E+02  4.202122660E-01 
        32  2.674433127E-02  1.170738851E-01  3.352942364E-02  8.078915320E+04  2.751728158E+02  3.291113396E+02  2.697307227E+02  2.772993898E+02  3.915140643E-01 
        33  2.797950643E-02  1.175445507E-01  3.622298897E-02  8.027382083E+04  2.826476279E+02  3.288366635E+02  2.692803586E+02  2.796523397E+02  3.629687114E-01 
        34  2.916313541E-02  1.180056499E-01  3.893937175E-02  7.998832025E+04  2.897086159E+02  3.286926592E+02  2.690442793E+02  2.814183195E+02  3.342089124E-01 
        35  3.031249539E-02  1.184785399E-01  4.167042727E-02  8.010099185E+04  2.955635433E+02  3.287699077E+02  2.691708858E+02  2.821633435E+02  3.078070597E-01 
        36  3.139929926E-02  1.189405785E-01  4.442941843E-02  8.035875919E+04  3.011506505E+02  3.289054712E+02  2.693928604E+02  2.824833443E+02  2.813030705E-01 
        37  3.242013936E-02  1.193808800E-01  4.721660669E-02  8.086949772E+04  3.063271277E+02  3.292085125E+02  2.698895285E+02  2.817733234E+02  2.526314395E-01 
        38  3.340677803E-02  1.198011670E-01  5.002067675E-02  8.205788193E+04  3.090509245E+02  3.299497404E+02  2.711067525E+02  2.783380948E+02  2.259925220E-01 
        39  3.430413654E-02  1.201853153E-01  5.285529857E-02  8.366600977E+04  3.104493923E+02  3.309046154E+02  2.726787195E+02  2.735570879E+02  2.009550817E-01 
        40  3.515433510E-02  1.205874318E-01  5.570324370E-02  8.566228271E+04  3.105367775E+02  3.320319462E+02  2.745403728E+02  2.675287991E+02  1.781031573E-01 
        41  3.592907297E-02  1.209644065E-01  5.857535950E-02  8.797628857E+04  3.090741048E+02  3.332988577E+02  2.766399050E+02  2.603950939E+02  1.594535536E-01 
        42  3.664355424E-02  1.213334730E-01  6.146049591E-02  9.045027344E+04  3.062028651E+02  3.345631752E+02  2.787424693E+02  2.527343583E+02  1.468767098E-01 
        43  3.727845098E-02  1.217084379E-01  6.437276718E-02  9.279876147E+04  3.025585928E+02  3.357145271E+02  2.806636343E+02  2.455589266E+02  1.412273548E-01 
        44  3.781448665E-02  1.220744111E-01  6.730672953E-02  9.470665918E+04  2.989081039E+02  3.366901264E+02  2.822965403E+02  2.397512331E+02  1.417616266E-01 
        45  3.826762164E-02  1.224563704E-01  7.025293559E-02  9.599853326E+04  2.961905785E+02  3.373852253E+02  2.834628794E+02  2.359885285E+02  1.455544289E-01 
        46  3.856443464E-02  1.228195695E-01  7.317567491E-02  9.667372656E+04  2.945900803E+02  3.378230286E+02  2.841991501E+02  2.341887741E+02  1.507133283E-01 
        47  3.882754171E-02  1.231963568E-01  7.616928387E-02  9.688750885E+04  2.931289097E+02  3.384295713E+02  2.852218884E+02  2.325460359E+02  1.561592052E-01 
        48  3.896508106E-02  1.235573809E-01  7.913505459E-02  9.678846289E+04  2.896955185E+02  3.393911438E+02  2.868564568E+02  2.270206337E+02  1.602986678E-01 
        49  3.903512947E-02  1.239238609E-01  8.213137167E-02  9.660418982E+04  2.813951991E+02  3.411543815E+02  2.898669770E+02  2.120238582E+02  1.649948284E-01 
        50  3.900153017E-02  1.243001337E-01  8.510504302E-02  9.642958817E+04  2.661151031E+02  3.441698080E+02  2.950279313E+02  1.840007077E+02  1.704427906E-01 
        51  3.889299026E-02  1.246700891E-01  8.806950082E-02  9.636182794E+04  2.487868450E+02  3.477863147E+02  3.012621651E+02  1.390933101E+02  1.440561996E-01 
        52  3.870303970E-02  1.250405990E-01  9.105247242E-02  9.680289697E+04  2.402175918E+02  3.508679295E+02  3.065944238E+02  9.512305737E+01 -5.563085666E-03 
        53  3.847530202E-02  1.253810613E-01  9.402032493E-02  9.733375931E+04  2.349096903E+02  3.530407045E+02  3.103947873E+02  5.609863373E+01 -2.632933983E-01 
        54  3.809583015E-02  1.257752167E-01  9.695318516E-02  9.773639844E+04  2.299155922E+02  3.536462021E+02  3.114501419E+02  3.545639610E+01 -1.569516450E+00 
        55  3.767199372E-02  1.261489404E-01  9.992435767E-02  9.878172168E+04  2.392577806E+02  3.526978149E+02  3.097804255E+02  4.141248000E+01 -1.481796745E+00 
        56  3.723780727E-02  1.265196365E-01  1.028569506E-01  1.013085294E+05  2.455280640E+02  3.516892155E+02  3.080126113E+02  5.598042236E+01 -1.140832405E+00 
        57  3.672955052E-02  1.269046997E-01  1.057947981E-01  1.040990463E+05  2.477923379E+02  3.508374271E+02  3.065225825E+02  9.234240079E+01 -3.178617803E-01 
        58  3.615520807E-02  1.273091289E-01  1.087154776E-01  1.057277737E+05  2.532522578E+02  3.489691410E+02  3.032695007E+02  1.411278443E+02  5.571714602E-02 
        59  3.556812424E-02  1.277144368E-01  1.116309472E-01  1.066629805E+05  2.579590018E+02  3.461261284E+02  2.983466506E+02  1.801344934E+02  1.994508076E-01 
        60  3.495651588E-02  1.281329458E-01  1.145394580E-01  1.075648000E+05  2.610000334E+02  3.440213218E+02  2.947244115E+02  1.926236582E+02  2.222149023E-01 
        61  3.433795015E-02  1.285471243E-01  1.174457346E-01  1.080620043E+05  2.612709634E+02  3.434849582E+02  2.938046222E+02  1.902976844E+02  2.129796443E-01 
        62  3.376061330E-02  1.289460490E-01  1.203607660E-01  1.082778097E+05  2.633594334E+02  3.434446745E+02  2.937357335E+02  1.905132277E+02  2.018729504E-01 
        63  3.331803132E-02  1.293309423E-01  1.232882868E-01  1.082751667E+05  2.673965310E+02  3.433064337E+02  2.934993014E+02  1.946647533E+02  1.929871216E-01 
        64  3.310586596E-02  1.296649637E-01  1.262581306E-01  1.081854237E+05  2.709217508E+02  3.431412666E+02  2.932169919E+02  1.987193545E+02  1.874022706E-01 
        65  3.306639982E-02  1.299493947E-01  1.292495641E-01  1.080361303E+05  2.729666668E+02  3.430527315E+02  2.930656419E+02  2.014228665E+02  1.863477095E-01 
        66  3.322486525E-02  1.302097713E-01  1.322380794E-01  1.078384040E+05  2.740886045E+02  3.429983565E+02  2.929726800E+02  2.028378688E+02  1.865902219E-01 
        67  3.356462385E-02  1.304573038E-01  1.352130229E-01  1.076018696E+05  2.750566888E+02  3.429388309E+02  2.928710264E+02  2.041605253E+02  1.877673909E-01 
        68  3.400410102E-02  1.306751199E-01  1.381765647E-01  1.073272377E+05  2.761456714E+02  3.428453369E+02  2.927113426E+02  2.053187735E+02  1.875213187E-01 
        69  3.451963359E-02  1.308741206E-01  1.411278790E-01  1.070123983E+05  2.773906424E+02  3.427160439E+02  2.924906003E+02  2.067784603E+02  1.874673211E-01 
        70  3.508991352E-02  1.310576265E-01  1.440660380E-01  1.066794310E+05  2.786263943E+02  3.425755515E+02  2.922508407E+02  2.083815570E+02  1.880112190E-01 
        71  3.570211579E-02  1.312503676E-01  1.470000000E-01  1.063119102E+05  2.799744949E+02  3.424209709E+02  2.919869766E+02  2.103737488E+02  1.890185680E-01 
        72 -2.843361623E-02  1.708417341E-01 -4.258217492E-02  8.206054028E+04  1.837774224E+02  3.299849291E+02  2.711635647E+02  3.445503788E+02  1.008149393E+00 
        73 -2.838826984E-02  1.709653765E-01 -3.916427879E-02  8.207978119E+04  1.842060370E+02  3.299658029E+02  2.711322963E+02  3.447146001E+02  1.007055823E+00 
        74 -2.835908450E-02  1.711140563E-01 -3.574649433E-02  8.235752435E+04  1.838738838E+02  3.301314945E+02  2.714048073E+02  3.434943731E+02  1.006156129E+00 
        75 -2.838361088E-02  1.712589164E-01 -3.232950605E-02  8.287002515E+04  1.828730102E+02  3.304757814E+02  2.719713049E+02  3.424700556E+02  1.007649057E+00 
        76 -2.841360827E-02  1.714319125E-01 -2.891476756E-02  8.346099072E+04  1.823801923E+02  3.307584476E+02  2.724366612E+02  3.416548414E+02  1.007948777E+00 
        77 -2.833774301E-02  1.716334782E-01 -2.549995819E-02  8.409320020E+04  1.805930126E+02  3.311718549E+02  2.731180482E+02  3.389499640E+02  1.009387846E+00 
        78 -2.791452343E-02  1.719215161E-01 -2.212016887E-02  8.444882617E+04  1.800679865E+02  3.313085079E+02  2.733432055E+02  3.391130238E+02  1.011452276E+00 
        79 -2.700703325E-02  1.722886754E-01 -1.884820631E-02  8.429329614E+04  1.796017437E+02  3.312463903E+02  2.732407207E+02  3.399159508E+02  1.014475323E+00 
        80 -2.544395246E-02  1.727209334E-01 -1.584518523E-02  8.323000342E+04  1.814015450E+02  3.306003346E+02  2.721759689E+02  3.423705783E+02  1.012651658E+00 
        81 -2.351536464E-02  1.732363399E-01 -1.306823492E-02  8.137911069E+04  1.846282913E+02  3.296156768E+02  2.705578225E+02  3.488479140E+02  1.013269415E+00 
        82 -2.134527601E-02  1.737374909E-01 -1.047435973E-02  7.864477917E+04  1.910678425E+02  3.279770980E+02  2.678749544E+02  3.557366260E+02  1.004364355E+00 
        83 -1.897326710E-02  1.742189522E-01 -8.035177519E-03  7.557355859E+04  1.984684572E+02  3.261738499E+02  2.649383053E+02  3.646731085E+02  9.967233115E-01 
        84 -1.652827274E-02  1.746780172E-01 -5.688541800E-03  7.334537616E+04  2.060031767E+02  3.247547159E+02  2.626366501E+02  3.711068349E+02  9.840518245E-01 
        85 -1.397929867E-02  1.751251779E-01 -3.446989688E-03  7.269913892E+04  2.096220026E+02  3.243495951E+02  2.619816628E+02  3.743628292E+02  9.785129018E-01 
        86 -1.139011487E-02  1.755573757E-01 -1.256774906E-03  7.369623413E+04  2.114877949E+02  3.248256817E+02  2.627541013E+02  3.717050781E+02  9.666602146E-01 
        87 -8.734274343E-03  1.759085237E-01  8.667805443E-04  7.877527234E+04  2.044121040E+02  3.279581487E+02  2.678506172E+02  3.571937580E+02  9.626127193E-01 
        88 -6.073383534E-03  1.762548475E-01  2.984781313E-03  8.841511011E+04  1.909326849E+02  3.334060330E+02  2.768227296E+02  3.329486611E+02  9.669018500E-01 
        89 -3.359730182E-03  1.765819110E-01  5.053045394E-03  9.815456665E+04  1.761079998E+02  3.381796649E+02  2.848018394E+02  3.068339121E+02  9.820484957E-01 
        90 -6.741955509E-04  1.768270807E-01  7.130208361E-03  9.820359994E+04  1.638764672E+02  3.384808995E+02  2.853089314E+02  3.052655899E+02  1.023109402E+00 
        91  2.027043660E-03  1.770783858E-01  9.208570588E-03  7.920175529E+04  1.918083673E+02  3.281468440E+02  2.681608201E+02  3.569069139E+02  1.005170216E+00 
        92  4.731686997E-03  1.772422585E-01  1.127155269E-02  7.293783911E+04  2.135896156E+02  3.244329454E+02  2.621193390E+02  3.757728918E+02  9.678234116E-01 
        93  7.454465044E-03  1.773874983E-01  1.334309669E-02  7.351626122E+04  2.092832478E+02  3.248127908E+02  2.627317678E+02  3.729579683E+02  9.763314861E-01 
        94  1.015989937E-02  1.775222933E-01  1.545596277E-02  7.077153722E+04  2.175002487E+02  3.229805004E+02  2.597805178E+02  3.811598863E+02  9.658755666E-01 
        95  1.284858280E-02  1.775661421E-01  1.756817794E-02  6.728507721E+04  2.282407594E+02  3.207412337E+02  2.561915600E+02  3.924934349E+02  9.541862863E-01 
        96  1.551966693E-02  1.776138061E-01  1.970369132E-02  6.428084406E+04  2.375627317E+02  3.186703045E+02  2.528948104E+02  4.018683386E+02  9.436220704E-01 
        97  1.817410325E-02  1.776258069E-01  2.186017323E-02  6.175817468E+04  2.458764718E+02  3.168922954E+02  2.500792890E+02  4.087774658E+02  9.315706873E-01 
        98  2.080993586E-02  1.775631240E-01  2.403936301E-02  5.994011658E+04  2.533910732E+02  3.155983324E+02  2.480392022E+02  4.140470886E+02  9.185478073E-01 
        99  2.341570779E-02  1.774969016E-01  2.625394818E-02  5.950194226E+04  2.576805406E+02  3.154086666E+02  2.477420130E+02  4.146492481E+02  9.054661039E-01 
       100  2.600295182E-02  1.773818036E-01  2.848806157E-02  6.130636816E+04  2.581729803E+02  3.168715153E+02  2.500588999E+02  4.083579140E+02  8.896836489E-01 
       101  2.856627515E-02  1.771883875E-01  3.074502562E-02  6.669146582E+04  2.531664028E+02  3.207652626E+02  2.562865324E+02  3.924743729E+02  8.727929443E-01 
       102  3.110662233E-02  1.769811535E-01  3.302644514E-02  7.498821289E+04  2.448567276E+02  3.262879782E+02  2.651913061E+02  3.684742441E+02  8.517684806E-01 
       103  3.362247542E-02  1.767159818E-01  3.532849163E-02  8.174085217E+04  2.423754573E+02  3.302302704E+02  2.715906882E+02  3.512969036E+02  8.262687922E-01 
       104  3.610895472E-02  1.763647845E-01  3.765120331E-02  8.318403015E+04  2.481768124E+02  3.307255511E+02  2.723892574E+02  3.500255013E+02  8.041596226E-01 
       105  3.856497337E-02  1.759966372E-01  4.000321012E-02  8.067135025E+04  2.568822110E+02  3.292850305E+02  2.700197315E+02  3.572924882E+02  7.882187362E-01 
       106  4.103059304E-02  1.755360248E-01  4.234569910E-02  7.835464794E+04  2.636874029E+02  3.281817786E+02  2.682091701E+02  3.630181546E+02  7.756900480E-01 
       107  4.340106546E-02  1.750377176E-01  4.474435622E-02  7.901916270E+04  2.671123105E+02  3.286269469E+02  2.689391860E+02  3.616688367E+02  7.615712516E-01 
       108  4.575540032E-02  1.745445103E-01  4.717695363E-02  8.279323120E+04  2.664546390E+02  3.307710352E+02  2.724667799E+02  3.516934657E+02  7.452779245E-01 
       109  4.807037784E-02  1.739953488E-01  4.963532790E-02  8.890710474E+04  2.614274273E+02  3.341443319E+02  2.780561876E+02  3.350340767E+02  7.327407040E-01 
       110  5.034733117E-02  1.734133857E-01  5.212084081E-02  9.486529199E+04  2.575161591E+02  3.372022591E+02  2.831615925E+02  3.185328102E+02  7.184275091E-01 
       111  5.258765486E-02  1.728405975E-01  5.464144749E-02  9.889274414E+04  2.575056667E+02  3.391221066E+02  2.863906574E+02  3.078430481E+02  7.011752762E-01 
       112  5.479076840E-02  1.722430532E-01  5.718902978E-02  1.018050957E+05  2.578973570E+02  3.405236483E+02  2.887621136E+02  3.009121265E+02  6.891290862E-01 
       113  5.694737683E-02  1.716020731E-01  5.976586917E-02  1.048795815E+05  2.568911743E+02  3.420058327E+02  2.912813959E+02  2.923427551E+02  6.803598073E-01 
       114  5.911848447E-02  1.709340834E-01  6.233872565E-02  1.082524185E+05  2.553775645E+02  3.435151614E+02  2.938569631E+02  2.829584846E+02  6.726049706E-01 
       115  6.119351897E-02  1.703313828E-01  6.496775561E-02  1.109771150E+05  2.543580227E+02  3.446371241E+02  2.957797766E+02  2.760680728E+02  6.675745156E-01 
       116  6.319798910E-02  1.696485115E-01  6.765543605E-02  1.131312622E+05  2.532538218E+02  3.455302935E+02  2.973146229E+02  2.698061628E+02  6.638019904E-01 
       117  6.520189851E-02  1.689621155E-01  7.034628384E-02  1.151402798E+05  2.522027798E+02  3.463320494E+02  2.986958342E+02  2.648425303E+02  6.620904431E-01 
       118  6.717992039E-02  1.682884043E-01  7.305807409E-02  1.169551460E+05  2.510258141E+02  3.471243773E+02  3.000637817E+02  2.613831224E+02  6.629135050E-01 
       119  6.910755662E-02  1.675987334E-01  7.579818779E-02  1.184820352E+05  2.502980614E+02  3.477947211E+02  3.012236927E+02  2.584671195E+02  6.628075414E-01 
       120  7.101404689E-02  1.668389198E-01  7.852135391E-02  1.195731365E+05  2.475605260E+02  3.483580415E+02  3.022002945E+02  2.550820160E+02  6.701678634E-01 
       121  7.286652020E-02  1.661304029E-01  8.130170181E-02  1.197983550E+05  2.456867788E+02  3.484896441E+02  3.024288802E+02  2.538790934E+02  6.768320862E-01 
       122  7.473378469E-02  1.653966549E-01  8.408122010E-02  1.198000923E+05  2.445990562E+02  3.485421619E+02  3.025200825E+02  2.536704788E+02  6.814504117E-01 
       123  7.654776682E-02  1.646234676E-01  8.688218818E-02  1.197373171E+05  2.440674777E+02  3.486463223E+02  3.027011185E+02  2.537789264E+02  6.838792954E-01 
       124  7.830115451E-02  1.638494494E-01  8.971806956E-02  1.196781631E+05  2.435154953E+02  3.488043613E+02  3.029760952E+02  2.530777664E+02  6.855981462E-01 
       125  8.003223315E-02  1.630890187E-01  9.257063461E-02  1.196103872E+05  2.416004643E+02  3.492639427E+02  3.037773194E+02  2.518662987E+02  6.928188279E-01 
       126  8.174167210E-02  1.623344685E-01  9.543869445E-02  1.194023876E+05  2.412513769E+02  3.497972133E+02  3.047092552E+02  2.516398108E+02  6.946750372E-01 
       127  8.339566060E-02  1.615413001E-01  9.829620033E-02  1.192325024E+05  2.430870667E+02  3.498810766E+02  3.048554511E+02  2.496495576E+02  6.855971456E-01 
       128  8.500809507E-02  1.607572746E-01  1.012133408E-01  1.192433062E+05  2.419523098E+02  3.502076242E+02  3.054255171E+02  2.436239911E+02  6.856754222E-01 
       129  8.654116005E-02  1.600133249E-01  1.041766726E-01  1.192403663E+05  2.374552574E+02  3.513257864E+02  3.073821861E+02  2.367737464E+02  7.012007148E-01 
       130  8.807530659E-02  1.592883350E-01  1.071513815E-01  1.191366184E+05  2.347067370E+02  3.523322062E+02  3.091452675E+02  2.299788880E+02  7.103876537E-01 
       131  8.946870181E-02  1.585918917E-01  1.101955952E-01  1.189872222E+05  2.324600860E+02  3.533479171E+02  3.109263366E+02  2.204902509E+02  7.169021671E-01 
       132  9.078169785E-02  1.579398834E-01  1.132895212E-01  1.188780054E+05  2.289049067E+02  3.542650456E+02  3.125384384E+02  2.119291893E+02  7.312726378E-01 
       133  9.193376095E-02  1.573753789E-01  1.164622823E-01  1.187652559E+05  2.266002221E+02  3.543079166E+02  3.126128168E+02  2.106630363E+02  7.419353556E-01 
       134  9.287851211E-02  1.569754829E-01  1.197270904E-01  1.186203707E+05  2.277606466E+02  3.532685622E+02  3.107848023E+02  2.198912262E+02  7.403632025E-01 
       135  9.346963790E-02  1.567893278E-01  1.230899614E-01  1.185116673E+05  2.330368159E+02  3.511926982E+02  3.071485789E+02  2.396087790E+02  7.270114415E-01 
       136  9.376445592E-02  1.568076376E-01  1.265149706E-01  1.184495658E+05  2.400157473E+02  3.489307218E+02  3.032011237E+02  2.566365709E+02  7.090653451E-01 
       137  9.391306034E-02  1.569225935E-01  1.299303306E-01  1.183696440E+05  2.429499493E+02  3.478417387E+02  3.013062019E+02  2.614910259E+02  7.014596630E-01 
       138  9.402896493E-02  1.570765633E-01  1.333445553E-01  1.182275610E+05  2.425890074E+02  3.476926098E+02  3.010469809E+02  2.603435678E+02  7.022871748E-01 
       139  9.417960043E-02  1.572174564E-01  1.367593072E-01  1.180842764E+05  2.428430281E+02  3.477146835E+02  3.010850959E+02  2.605581794E+02  7.022353206E-01 
       140  9.437397158E-02  1.573466446E-01  1.401725853E-01  1.179650110E+05  2.437607884E+02  3.477542324E+02  3.011536584E+02  2.619768782E+02  7.008599667E-01 
       141  9.455826038E-02  1.574868932E-01  1.435861248E-01  1.178863929E+05  2.439730852E+02  3.479613634E+02  3.015125191E+02  2.620251276E+02  7.008626605E-01 
       142  9.468914447E-02  1.576724412E-01  1.470000022E-01  1.179141533E+05  2.441393652E+02  3.480852013E+02  3.017392559E+02  2.620334654E+02  7.010956332E-01 
       143 -2.515044289E-02  2.387134140E-01 -4.211006034E-02  8.330519653E+04  1.808240616E+02  3.306798174E+02  2.723070038E+02  4.406114314E+02  1.147942232E+00 
       144 -2.515073613E-02  2.387267259E-01 -3.821832766E-02  8.483947307E+04  1.769903834E+02  3.315201768E+02  2.736933634E+02  4.373026850E+02  1.154315391E+00 
       145 -2.514274647E-02  2.387409373E-01 -3.433018188E-02  8.595579698E+04  1.746781716E+02  3.320797039E+02  2.746179199E+02  4.354770762E+02  1.158390515E+00 
       146 -2.514933814E-02  2.387615668E-01 -3.043885368E-02  8.587727774E+04  1.746529629E+02  3.321251842E+02  2.746930570E+02  4.340095008E+02  1.157378872E+00 
       147 -2.514205174E-02  2.387863737E-01 -2.655197175E-02  8.442264397E+04  1.779910710E+02  3.313982221E+02  2.734918512E+02  4.381380805E+02  1.153117295E+00 
       148 -2.514801404E-02  2.388163633E-01 -2.268742808E-02  8.233524104E+04  1.838020971E+02  3.301312338E+02  2.714046829E+02  4.431264885E+02  1.143743847E+00 
       149 -2.514603624E-02  2.387984711E-01 -1.877579094E-02  8.033178711E+04  1.890839748E+02  3.289634399E+02  2.694881859E+02  4.476996193E+02  1.135478094E+00 
       150 -2.513833525E-02  2.388756875E-01 -1.487946342E-02  7.927123229E+04  1.911889508E+02  3.284022374E+02  2.685686759E+02  4.493129751E+02  1.131791645E+00 
       151 -2.514495058E-02  2.389300222E-01 -1.098752945E-02  7.942090796E+04  1.896047753E+02  3.285673823E+02  2.688389167E+02  4.490748231E+02  1.135347459E+00 
       152 -2.501801490E-02  2.389948317E-01 -7.101428526E-03  8.116512079E+04  1.856508501E+02  3.294445345E+02  2.702777201E+02  4.463707175E+02  1.142519005E+00 
       153 -2.403359079E-02  2.391541778E-01 -3.362202731E-03  8.584763998E+04  1.728072036E+02  3.321853745E+02  2.747947574E+02  4.354072935E+02  1.163240702E+00 
       154 -2.203079393E-02  2.393877231E-01 -4.501692070E-05  8.978506519E+04  1.641571860E+02  3.340979320E+02  2.779666714E+02  4.260200703E+02  1.176346760E+00 
       155 -1.942355624E-02  2.396357170E-01  2.825132604E-03  8.674405954E+04  1.733389201E+02  3.324843922E+02  2.752929937E+02  4.338115954E+02  1.160386712E+00 
       156 -1.648721574E-02  2.398964014E-01  5.342831758E-03  8.125561755E+04  1.866160709E+02  3.294820163E+02  2.703400996E+02  4.439779963E+02  1.137161671E+00 
       157 -1.330897545E-02  2.400801911E-01  7.594698846E-03  7.950715747E+04  1.901749914E+02  3.284272404E+02  2.686105385E+02  4.500046186E+02  1.134794544E+00 
       158 -1.004552185E-02  2.402353079E-01  9.709455816E-03  8.022645227E+04  1.869415152E+02  3.288138418E+02  2.692447476E+02  4.467569475E+02  1.139589051E+00 
       159 -6.714656287E-03  2.403804415E-01  1.171394437E-02  8.064376447E+04  1.848089486E+02  3.291035556E+02  2.697179845E+02  4.480202603E+02  1.146782422E+00 
       160 -3.322138608E-03  2.404066774E-01  1.362735999E-02  7.993846649E+04  1.869008911E+02  3.285912533E+02  2.688789017E+02  4.483204014E+02  1.142379079E+00 
       161  9.783589121E-05  2.404201762E-01  1.547870720E-02  7.975537427E+04  1.850154150E+02  3.288770170E+02  2.693488712E+02  4.477866659E+02  1.147906534E+00 
       162  3.534439975E-03  2.403949673E-01  1.730379042E-02  8.131735449E+04  1.831494322E+02  3.297415743E+02  2.707719631E+02  4.485767803E+02  1.153420348E+00 
       163  6.969024296E-03  2.402279751E-01  1.908412837E-02  9.091304065E+04  1.573946748E+02  3.350415065E+02  2.795729206E+02  4.241784453E+02  1.197020328E+00 
       164  1.043411823E-02  2.400800089E-01  2.085152946E-02  7.848848338E+04  1.924005178E+02  3.284365681E+02  2.686273527E+02  4.524526172E+02  1.135850555E+00 
       165  1.388371434E-02  2.398652026E-01  2.263181169E-02  7.883194104E+04  1.868384197E+02  3.286069498E+02  2.689053581E+02  4.458619251E+02  1.142293491E+00 
       166  1.734145131E-02  2.394992745E-01  2.440657916E-02  7.861496106E+04  1.851485322E+02  3.286602182E+02  2.689915857E+02  4.434007568E+02  1.144024011E+00 
       167  2.080043859E-02  2.391294908E-01  2.615375350E-02  7.854814172E+04  1.887723997E+02  3.283962405E+02  2.685614859E+02  4.446903585E+02  1.136772111E+00 
       168  2.424052770E-02  2.387186889E-01  2.792040504E-02  7.883276868E+04  1.902371800E+02  3.285223265E+02  2.687673342E+02  4.448051929E+02  1.132903664E+00 
       169  2.766624902E-02  2.381908713E-01  2.968394578E-02  7.876871497E+04  1.921834106E+02  3.285989861E+02  2.688921218E+02  4.440118413E+02  1.127482560E+00 
       170  3.108229850E-02  2.375970478E-01  3.144655572E-02  7.847009491E+04  1.961201855E+02  3.284451077E+02  2.686403151E+02  4.450048051E+02  1.119552442E+00 
       171  3.449726266E-02  2.369314331E-01  3.319569832E-02  7.857811200E+04  2.000651020E+02  3.283160398E+02  2.684297324E+02  4.476748977E+02  1.112849735E+00 
       172  3.787267708E-02  2.362004853E-01  3.498142333E-02  7.904551099E+04  2.008973138E+02  3.286333199E+02  2.689503613E+02  4.484883327E+02  1.113281632E+00 
       173  4.123744789E-02  2.354271843E-01  3.677379579E-02  7.930099170E+04  2.013222508E+02  3.289316182E+02  2.694397178E+02  4.459147058E+02  1.112143194E+00 
       174  4.456263149E-02  2.345133553E-01  3.856958315E-02  7.861713177E+04  2.034100224E+02  3.287294422E+02  2.691064714E+02  4.433410600E+02  1.106033940E+00 
       175  4.789152860E-02  2.335402793E-01  4.034492433E-02  7.702545364E+04  2.075631871E+02  3.278759124E+02  2.677109208E+02  4.418465610E+02  1.095005927E+00 
       176  5.119514426E-02  2.325727211E-01  4.215365701E-02  7.504937453E+04  2.125497977E+02  3.266492904E+02  2.657117791E+02  4.434640401E+02  1.084721437E+00 
       177  5.444737908E-02  2.314873556E-01  4.396264389E-02  7.321761908E+04  2.181568230E+02  3.254114608E+02  2.637016837E+02  4.494718912E+02  1.078060936E+00 
       178  5.771043354E-02  2.303389779E-01  4.576361213E-02  7.124727197E+04  2.255569582E+02  3.240818049E+02  2.615522077E+02  4.584492331E+02  1.071407249E+00 
       179  6.093363739E-02  2.292015055E-01  4.761570799E-02  6.874801599E+04  2.361392179E+02  3.222451067E+02  2.585974016E+02  4.658258801E+02  1.054747209E+00 
       180  6.411569228E-02  2.279427553E-01  4.946832252E-02  6.684041064E+04  2.470199347E+02  3.211065989E+02  2.567719135E+02  4.704767418E+02  1.032978974E+00 
       181  6.728438578E-02  2.267057043E-01  5.135068917E-02  6.889520349E+04  2.600457249E+02  3.226201420E+02  2.592169800E+02  4.657130280E+02  9.919776004E-01 
       182  7.045491472E-02  2.254566135E-01  5.324396322E-02  7.969617822E+04  2.632840381E+02  3.295978436E+02  2.705901451E+02  4.392818890E+02  9.496124070E-01 
       183  7.352398986E-02  2.240979077E-01  5.520813549E-02  9.553085864E+04  2.514652281E+02  3.374425631E+02  2.836021905E+02  4.071391411E+02  9.454268888E-01 
       184  7.654294831E-02  2.227589545E-01  5.724026033E-02  1.044182295E+05  2.351673954E+02  3.418080945E+02  2.909478770E+02  3.863083331E+02  9.701228385E-01 
       185  7.954929441E-02  2.214414527E-01  5.933596166E-02  1.083947410E+05  2.377828341E+02  3.445236034E+02  2.956008844E+02  3.769266939E+02  9.543304127E-01 
       186  8.244157493E-02  2.200232159E-01  6.149679439E-02  1.251937441E+05  2.434529953E+02  3.503815002E+02  3.057299728E+02  3.445662994E+02  9.197728038E-01 
       187  8.531452000E-02  2.186177542E-01  6.372436707E-02  1.206818289E+05  2.387248727E+02  3.496499736E+02  3.044476812E+02  3.522500741E+02  9.332519444E-01 
       188  8.816039266E-02  2.172472440E-01  6.601424901E-02  1.221562937E+05  2.350137839E+02  3.499843340E+02  3.050299859E+02  3.485653048E+02  9.418262988E-01 
       189  9.092008057E-02  2.157826082E-01  6.831794754E-02  1.217938022E+05  2.278702764E+02  3.497601814E+02  3.046386450E+02  3.479817822E+02  9.608563589E-01 
       190  9.367581728E-02  2.143255962E-01  7.064980943E-02  1.215220419E+05  2.231106702E+02  3.497178784E+02  3.045644307E+02  3.477814700E+02  9.735306455E-01 
       191  9.641114101E-02  2.128789625E-01  7.302159977E-02  1.218461951E+05  2.206166939E+02  3.499062040E+02  3.048923587E+02  3.474529982E+02  9.798693606E-01 
       192  9.907895187E-02  2.114028516E-01  7.542603674E-02  1.220528523E+05  2.196573877E+02  3.500642104E+02  3.051678863E+02  3.457999985E+02  9.815425016E-01 
       193  1.016896232E-01  2.099003163E-01  7.789626121E-02  1.222683302E+05  2.186994655E+02  3.505134597E+02  3.059523215E+02  3.453901496E+02  9.836209938E-01 
       194  1.042573666E-01  2.084682280E-01  8.044071344E-02  1.224328770E+05  2.207020971E+02  3.508082061E+02  3.064680731E+02  3.448395364E+02  9.770633178E-01 
       195  1.067132028E-01  2.069758083E-01  8.306726980E-02  1.226699779E+05  2.212960867E+02  3.514074675E+02  3.075178547E+02  3.399531249E+02  9.735420720E-01 
       196  1.091091693E-01  2.055182938E-01  8.576040538E-02  1.227594779E+05  2.205694197E+02  3.528314720E+02  3.100220822E+02  3.352186782E+02  9.744353085E-01 
       197  1.114533399E-01  2.040960959E-01  8.851719904E-02  1.226186094E+05  2.222191165E+02  3.541952114E+02  3.124293917E+02  3.282410948E+02  9.687220542E-01 
       198  1.136946430E-01  2.026973542E-01  9.137514269E-02  1.224503459E+05  2.244027193E+02  3.554281275E+02  3.146087392E+02  3.183277219E+02  9.618095293E-01 
       199  1.158224243E-01  2.012857480E-01  9.431046231E-02  1.224853984E+05  2.255428770E+02  3.567603031E+02  3.169665837E+02  3.060544437E+02  9.592446245E-01 
       200  1.177983438E-01  1.999614296E-01  9.738734661E-02  1.225246315E+05  2.282047086E+02  3.578303516E+02  3.188645558E+02  2.949923588E+02  9.524029801E-01 
       201  1.195376812E-01  1.988013159E-01  1.006637087E-01  1.226496008E+05  2.314548587E+02  3.582130389E+02  3.195444510E+02  2.884451001E+02  9.430436048E-01 
       202  1.207748534E-01  1.979244993E-01  1.042263433E-01  1.224624722E+05  2.326291320E+02  3.571658628E+02  3.176870115E+02  3.015625632E+02  9.378765714E-01 
       203  1.209766187E-01  1.976967879E-01  1.080979692E-01  1.225724830E+05  2.341954709E+02  3.542975482E+02  3.126090756E+02  3.307798570E+02  9.316477217E-01 
       204  1.209415894E-01  1.976147862E-01  1.119887176E-01  1.227936090E+05  2.330219776E+02  3.523298998E+02  3.091395555E+02  3.343103011E+02  9.334583541E-01 
       205  1.209136670E-01  1.975679793E-01  1.158784497E-01  1.228569874E+05  2.298387137E+02  3.516555973E+02  3.079539441E+02  3.344403014E+02  9.421501145E-01 
       206  1.209140530E-01  1.975343277E-01  1.197687765E-01  1.229435256E+05  2.254704180E+02  3.515773683E+02  3.078161931E+02  3.366576343E+02  9.556139715E-01 
       207  1.209033119E-01  1.974945510E-01  1.236620610E-01  1.229412692E+05  2.218815242E+02  3.516176862E+02  3.078864375E+02  3.356456598E+02  9.660149147E-01 
       208  1.208998844E-01  1.975608583E-01  1.275528569E-01  1.229605530E+05  2.215190771E+02  3.517707296E+02  3.081570039E+02  3.358147502E+02  9.676589931E-01 
       209  1.209086196E-01  1.975927695E-01  1.314428594E-01  1.229418147E+05  2.214804409E+02  3.522471908E+02  3.089948983E+02  3.357812726E+02  9.681525270E-01 
       210  1.209261261E-01  1.976437754E-01  1.353324952E-01  1.230037400E+05  2.216908726E+02  3.530036166E+02  3.103257702E+02  3.304164643E+02  9.670338675E-01 
       211  1.209477387E-01  1.976921952E-01  1.392217013E-01  1.230009695E+05  2.212106606E+02  3.539749033E+02  3.120368863E+02  3.217475467E+02  9.683920084E-01 
       212  1.209659901E-01  1.977439656E-01  1.431109690E-01  1.231478701E+05  2.207684466E+02  3.550704927E+02  3.139564617E+02  3.112976801E+02  9.703425029E-01 
       213  1.210017723E-01  1.977818072E-01  1.470000027E-01  1.232713799E+05  2.216423569E+02  3.556271458E+02  3.147433424E+02  3.062661810E+02  9.685776941E-01 
       214 -1.337431699E-02  1.053111530E-01 -4.600000000E-02  8.757605859E+04  1.542401867E+02  3.330774841E+02  2.763531189E+02  2.357931747E+02  8.577652797E-01 
       215 -1.336879354E-02  1.054912688E-01 -4.299898917E-02  8.751820435E+04  1.539108925E+02  3.330632219E+02  2.762461586E+02  2.358237238E+02  8.597844243E-01 
       216 -1.321272523E-02  1.057016208E-01 -4.000664894E-02  8.749922412E+04  1.542844324E+02  3.330118752E+02  2.761610088E+02  2.365005903E+02  8.603292070E-01 
       217 -1.269691607E-02  1.059729593E-01 -3.706120983E-02  8.741220009E+04  1.550810322E+02  3.329358389E+02  2.760349134E+02  2.370088259E+02  8.580152724E-01 
       218 -1.181263769E-02  1.063072321E-01 -3.420969757E-02  8.723210509E+04  1.558342034E+02  3.328629402E+02  2.759140645E+02  2.377545451E+02  8.568181483E-01 
       219 -1.066241908E-02  1.066659143E-01 -3.145726216E-02  8.707589030E+04  1.565636756E+02  3.328146848E+02  2.758340518E+02  2.386246743E+02  8.563229267E-01 
       220 -9.280794463E-03  1.070573859E-01 -2.881758489E-02  8.692340472E+04  1.573651678E+02  3.327439228E+02  2.757167400E+02  2.395876040E+02  8.557779493E-01 
       221 -7.735023178E-03  1.074435380E-01 -2.626912607E-02  8.678924454E+04  1.581442797E+02  3.326795272E+02  2.756100028E+02  2.403695641E+02  8.547782986E-01 
       222 -6.047350445E-03  1.078135440E-01 -2.381048416E-02  8.662810606E+04  1.595526516E+02  3.325115383E+02  2.753317672E+02  2.415055434E+02  8.516568952E-01 
       223 -4.299611852E-03  1.081916589E-01 -2.139379423E-02  8.657424900E+04  1.598729986E+02  3.326098605E+02  2.754947051E+02  2.418184058E+02  8.515024148E-01 
       224 -2.461870607E-03  1.085505379E-01 -1.904289133E-02  8.664572641E+04  1.602557495E+02  3.325323626E+02  2.753662844E+02  2.421456087E+02  8.511145191E-01 
       225 -5.886173328E-04  1.088780789E-01 -1.671486844E-02  8.676097016E+04  1.601642989E+02  3.326693973E+02  2.755933222E+02  2.421671131E+02  8.522264353E-01 
       226  1.337912187E-03  1.092215599E-01 -1.443302686E-02  8.689347255E+04  1.596690547E+02  3.326061211E+02  2.754884195E+02  2.424901276E+02  8.564903100E-01 
       227  3.290030235E-03  1.094941851E-01 -1.216353628E-02  8.673257457E+04  1.593883930E+02  3.324992546E+02  2.753114505E+02  2.435240953E+02  8.621212716E-01 
       228  5.262023684E-03  1.097864070E-01 -9.913643549E-03  8.596264569E+04  1.603978612E+02  3.320352905E+02  2.745440549E+02  2.470854791E+02  8.699743874E-01 
       229  7.256339014E-03  1.100495762E-01 -7.679258903E-03  8.397723216E+04  1.652940048E+02  3.309418999E+02  2.727391597E+02  2.544790959E+02  8.706635644E-01 
       230  9.250945095E-03  1.102792579E-01 -5.441700620E-03  8.175130218E+04  1.728590386E+02  3.298130676E+02  2.708815243E+02  2.622375082E+02  8.591614296E-01 
       231  1.125130268E-02  1.105297001E-01 -3.209862298E-03  8.048235815E+04  1.805076847E+02  3.292620773E+02  2.699770207E+02  2.662880487E+02  8.337803632E-01 
       232  1.324504242E-02  1.107259366E-01 -9.692227629E-04  8.134888477E+04  1.837075124E+02  3.297252264E+02  2.707374496E+02  2.642217789E+02  8.098104708E-01 
       233  1.522818012E-02  1.109344875E-01  1.280794701E-03  8.327642676E+04  1.844106045E+02  3.307783852E+02  2.724705391E+02  2.583335752E+02  7.856423594E-01 
       234  1.717717000E-02  1.111306516E-01  3.565314237E-03  8.539141016E+04  1.832456341E+02  3.320579605E+02  2.745825043E+02  2.497881298E+02  7.629813328E-01 
       235  2.098827574E-02  1.115152878E-01  8.199040730E-03  8.926205176E+04  1.864815674E+02  3.342072086E+02  2.781485634E+02  2.376212959E+02  7.075800113E-01 
       236  2.283804163E-02  1.116790561E-01  1.055952489E-02  9.051280029E+04  1.896771156E+02  3.353942721E+02  2.801268990E+02  2.298686632E+02  6.664570058E-01 
       237  2.632960383E-02  1.121198866E-01  1.543269692E-02  9.113892139E+04  2.047130623E+02  3.354377537E+02  2.801995659E+02  2.308572636E+02  5.898987502E-01 
       238  2.959379811E-02  1.126564718E-01  2.044933110E-02  9.028705798E+04  2.211385550E+02  3.349750543E+02  2.794268665E+02  2.365954885E+02  5.224632397E-01 
       239  3.114059063E-02  1.129278581E-01  2.301118304E-02  8.977620166E+04  2.278972633E+02  3.349720249E+02  2.794218724E+02  2.386177560E+02  4.943979255E-01 
       240  3.264987762E-02  1.132456905E-01  2.559358749E-02  8.920398865E+04  2.353989941E+02  3.345421926E+02  2.787054597E+02  2.420931032E+02  4.678683354E-01 
       241  3.807676132E-02  1.146676712E-01  3.621643154E-02  8.789256218E+04  2.605071251E+02  3.336410869E+02  2.772056163E+02  2.513971565E+02  3.739775229E-01 
       242  3.928374460E-02  1.150413043E-01  3.894926042E-02  8.799422345E+04  2.662914150E+02  3.339988008E+02  2.778013451E+02  2.523977900E+02  3.482387846E-01 
       243  4.044503934E-02  1.154301055E-01  4.169676193E-02  8.838929517E+04  2.704343972E+02  3.343201258E+02  2.783359082E+02  2.519192580E+02  3.263341276E-01 
       244  4.154949506E-02  1.158110833E-01  4.446441861E-02  8.901560840E+04  2.738131886E+02  3.346940498E+02  2.789592152E+02  2.506167259E+02  3.053497989E-01 
       245  4.259018966E-02  1.161595968E-01  4.726780086E-02  8.982308889E+04  2.769172052E+02  3.350862343E+02  2.796137159E+02  2.488150121E+02  2.836313822E-01 
       246  4.357921759E-02  1.165132208E-01  5.008364009E-02  9.080759985E+04  2.795721655E+02  3.355075598E+02  2.803169861E+02  2.464430065E+02  2.621753570E-01 
       247  4.448002582E-02  1.168267471E-01  5.293502673E-02  9.199962099E+04  2.813977210E+02  3.360741809E+02  2.812641472E+02  2.432239975E+02  2.417401719E-01 
       248  4.534234860E-02  1.171711221E-01  5.579536500E-02  9.331486035E+04  2.824409275E+02  3.366908665E+02  2.822976894E+02  2.394144650E+02  2.237492856E-01 
       249  4.612355051E-02  1.174912616E-01  5.867935283E-02  9.460807813E+04  2.834376678E+02  3.373303490E+02  2.833711967E+02  2.355316925E+02  2.052946631E-01 
       250  4.681688670E-02  1.178330389E-01  6.158342338E-02  9.584329297E+04  2.839822502E+02  3.379493217E+02  2.844119225E+02  2.318692284E+02  1.906161010E-01 
       251  4.742483443E-02  1.181684938E-01  6.451168194E-02  9.698750195E+04  2.844179764E+02  3.385517845E+02  2.854267464E+02  2.286233063E+02  1.782731488E-01 
       252  4.796175059E-02  1.184973583E-01  6.744925218E-02  9.802507617E+04  2.852652645E+02  3.391408558E+02  2.864205265E+02  2.259592123E+02  1.655635061E-01 
       253  4.839690646E-02  1.188449776E-01  7.040346354E-02  9.891736618E+04  2.864877243E+02  3.395598017E+02  2.871281446E+02  2.240880595E+02  1.535295620E-01 
       254  4.867844520E-02  1.192029192E-01  7.337369276E-02  9.946793015E+04  2.882843013E+02  3.397891856E+02  2.875163938E+02  2.228643418E+02  1.404331244E-01 
       255  4.889804354E-02  1.195863964E-01  7.634446821E-02  9.985689966E+04  2.899296975E+02  3.399418741E+02  2.877749958E+02  2.225026903E+02  1.317747244E-01 
       256  4.901527392E-02  1.199575346E-01  7.936475415E-02  9.997982709E+04  2.925074572E+02  3.399792970E+02  2.878385453E+02  2.227343563E+02  1.195083405E-01 
       257  4.897414798E-02  1.207471392E-01  8.530893469E-02  9.986960547E+04  2.970692291E+02  3.400625000E+02  2.879791031E+02  2.234858208E+02  9.925871529E-02 
       258  4.879835866E-02  1.211503063E-01  8.827262235E-02  9.988441504E+04  2.989421959E+02  3.399730873E+02  2.878277855E+02  2.242404308E+02  9.302148875E-02 
       259  4.854576088E-02  1.215647590E-01  9.126615169E-02  1.000154331E+05  3.002102478E+02  3.398191826E+02  2.875670749E+02  2.243537168E+02  8.772182765E-02 
       260  4.818457029E-02  1.219712360E-01  9.420996830E-02  1.004351635E+05  3.002528425E+02  3.400380284E+02  2.879375730E+02  2.235057314E+02  8.559707995E-02 
       261  4.782320061E-02  1.224212570E-01  9.713670139E-02  1.009407158E+05  2.999151745E+02  3.402802849E+02  2.883491497E+02  2.217144070E+02  8.216489153E-02 
       262  4.734997920E-02  1.228526278E-01  1.001180955E-01  1.018142168E+05  2.993239212E+02  3.407541389E+02  2.891523514E+02  2.191708679E+02  7.667491212E-02 
       263  4.683890011E-02  1.232935874E-01  1.030087938E-01  1.032772732E+05  2.966394917E+02  3.416734816E+02  2.907155455E+02  2.144536506E+02  7.541925293E-02 
       264  4.566507936E-02  1.242316696E-01  1.088390156E-01  1.058303613E+05  2.898546465E+02  3.424029131E+02  2.919571927E+02  2.042834526E+02  7.962126784E-02 
       265  4.352639189E-02  1.257122811E-01  1.174848542E-01  1.082905715E+05  2.658726922E+02  3.451095014E+02  2.965972010E+02  1.826693508E+02  1.603140808E-01 
       266  4.289440586E-02  1.261798267E-01  1.203730247E-01  1.080688859E+05  2.543856280E+02  3.474092204E+02  3.005673042E+02  1.576033480E+02  1.535746447E-01 
       267  4.242365191E-02  1.265975250E-01  1.232861776E-01  1.078821623E+05  2.458260903E+02  3.495686293E+02  3.043080732E+02  1.316108930E+02  1.273515496E-01 
       268  4.208270049E-02  1.270006734E-01  1.262530889E-01  1.077966387E+05  2.412847710E+02  3.502567978E+02  3.055049362E+02  1.252805939E+02  1.461916622E-01 
       269  4.202415066E-02  1.273246053E-01  1.292418903E-01  1.076683756E+05  2.408519704E+02  3.500040984E+02  3.050647182E+02  1.296700443E+02  1.658482320E-01 
       270  4.218523596E-02  1.275849052E-01  1.322314117E-01  1.074829971E+05  2.425569524E+02  3.494483783E+02  3.040981269E+02  1.376605805E+02  1.809987927E-01 
       271  4.252691668E-02  1.278080741E-01  1.352038484E-01  1.073095680E+05  2.460518537E+02  3.490500422E+02  3.034061275E+02  1.465840973E+02  1.858687894E-01 
       272  4.296344289E-02  1.279984053E-01  1.381664338E-01  1.071690755E+05  2.493510093E+02  3.485635037E+02  3.025626417E+02  1.532977787E+02  1.863974866E-01 
       273  4.347514252E-02  1.281630447E-01  1.411197974E-01  1.069465408E+05  2.522463882E+02  3.481459853E+02  3.018377037E+02  1.586355901E+02  1.856672969E-01 
       274  4.403358971E-02  1.283124551E-01  1.440677535E-01  1.066299627E+05  2.548090903E+02  3.479732503E+02  3.015348903E+02  1.627467251E+02  1.835730672E-01 
       275  4.466583781E-02  1.284644007E-01  1.470000034E-01  1.063468539E+05  2.578760814E+02  3.475280207E+02  2.952856459E+02  1.669550308E+02  1.785672595E-01 
       276 -1.390154712E-02  1.725232616E-01 -4.600000033E-02  8.222729457E+04  1.811880508E+02  3.303917177E+02  2.710803191E+02  3.413150290E+02  1.011076342E+00 
       277 -1.389524734E-02  1.726308379E-01 -4.258575940E-02  8.272133955E+04  1.814842981E+02  3.303440237E+02  2.717539201E+02  3.422747089E+02  1.011805347E+00 
       278 -1.388827040E-02  1.727470810E-01 -3.919459871E-02  8.282818523E+04  1.814781330E+02  3.303487926E+02  2.717617907E+02  3.427674283E+02  1.012719720E+00 
       279 -1.387976982E-02  1.728866868E-01 -3.575874102E-02  8.290177889E+04  1.812638370E+02  3.303707386E+02  2.717978655E+02  3.426490059E+02  1.013252162E+00 
       280 -1.386962822E-02  1.730354599E-01 -3.234598001E-02  8.275690489E+04  1.811625918E+02  3.303418769E+02  2.717503754E+02  3.426364620E+02  1.013617231E+00 
       281 -1.385715910E-02  1.732129765E-01 -2.893478341E-02  8.254621828E+04  1.816836117E+02  3.301781802E+02  2.714811884E+02  3.441009527E+02  1.014502761E+00 
       282 -1.381464856E-02  1.733989484E-01 -2.553958976E-02  8.204416261E+04  1.828883713E+02  3.298566548E+02  2.709528595E+02  3.461187915E+02  1.014014765E+00 
       283 -1.334927366E-02  1.736519924E-01 -2.216152427E-02  8.123623788E+04  1.844471510E+02  3.294341493E+02  2.702591373E+02  3.477215978E+02  1.011637732E+00 
       284 -1.220387625E-02  1.739549638E-01 -1.896956374E-02  8.005871191E+04  1.875690193E+02  3.287108936E+02  2.690746059E+02  3.512453327E+02  1.007588491E+00 
       285 -1.057589609E-02  1.742731966E-01 -1.599005111E-02  7.828389854E+04  1.922424897E+02  3.277908701E+02  2.675705461E+02  3.554795508E+02  9.996406975E-01 
       286 -8.586070527E-03  1.745821273E-01 -1.323108332E-02  7.650696631E+04  1.977129696E+02  3.269684757E+02  2.662291660E+02  3.611529929E+02  9.921140181E-01 
       287 -6.371188279E-03  1.748941133E-01 -1.065117603E-02  7.588454346E+04  2.008040983E+02  3.268145804E+02  2.659786456E+02  3.626861480E+02  9.849090486E-01 
       288 -3.959984913E-03  1.752012559E-01 -8.251810021E-03  7.824037208E+04  1.985468372E+02  3.280946200E+02  2.680705132E+02  3.554195467E+02  9.788105610E-01 
       289 -1.474621790E-03  1.754287438E-01 -5.921768022E-03  8.324162105E+04  1.905193567E+02  3.307329940E+02  2.724042268E+02  3.415167421E+02  9.816808554E-01 
       290  1.096342236E-03  1.756586641E-01 -3.684409899E-03  8.896595011E+04  1.803418365E+02  3.333792042E+02  2.767752827E+02  3.289187916E+02  9.955718542E-01 
       291  3.722457199E-03  1.758529720E-01 -1.512169024E-03  9.163740283E+04  1.745075450E+02  3.344286709E+02  2.785165768E+02  3.243310566E+02  1.008775540E+00 
       292  6.390497491E-03  1.759799744E-01  6.206893580E-04  8.833489111E+04  1.773260365E+02  3.331957417E+02  2.764704342E+02  3.322967072E+02  1.010986604E+00 
       293  1.179759467E-02  1.761809281E-01  4.808741428E-03  7.653807617E+04  1.997841873E+02  3.269230270E+02  2.661611977E+02  3.643672333E+02  9.912598282E-01 
       294  1.450804596E-02  1.762121176E-01  6.883706551E-03  7.257678613E+04  2.089409676E+02  3.243970490E+02  2.620613728E+02  3.751391773E+02  9.818585142E-01 
       295  1.722225861E-02  1.762495216E-01  8.953048646E-03  7.046859766E+04  2.151072769E+02  3.228566628E+02  2.595768623E+02  3.822878876E+02  9.757445455E-01 
       296  1.993233776E-02  1.761597577E-01  1.102855473E-02  6.910775684E+04  2.187490273E+02  3.219926987E+02  2.581888847E+02  3.868047905E+02  9.730876610E-01 
       297  2.263244469E-02  1.760920636E-01  1.311525345E-02  6.745233252E+04  2.233772774E+02  3.209495869E+02  2.565196209E+02  3.908233604E+02  9.661603868E-01 
       298  2.532249661E-02  1.759768902E-01  1.521525865E-02  6.589415161E+04  2.296761446E+02  3.198183556E+02  2.547142668E+02  3.957838154E+02  9.559091665E-01 
       299  2.800116021E-02  1.758008440E-01  1.732596334E-02  6.564259351E+04  2.341401920E+02  3.195874357E+02  2.543465528E+02  3.977278605E+02  9.451795854E-01 
       300  3.066011949E-02  1.756198651E-01  1.946182943E-02  6.814139648E+04  2.345734444E+02  3.211381874E+02  2.568316360E+02  3.914288607E+02  9.301204439E-01 
       301  3.850917716E-02  1.748410184E-01  2.602581626E-02  8.716341602E+04  2.349945345E+02  3.338224792E+02  2.775111752E+02  3.355182753E+02  8.227093667E-01 
       302  4.358739934E-02  1.740919978E-01  3.053362568E-02  8.641669287E+04  2.380928001E+02  3.332600775E+02  2.765737810E+02  3.423458395E+02  8.243622333E-01 
       303  4.609287257E-02  1.736863543E-01  3.281922705E-02  8.547474097E+04  2.410417337E+02  3.328148127E+02  2.758346205E+02  3.438745432E+02  8.172291480E-01 
       304  4.855845708E-02  1.731970535E-01  3.512834265E-02  8.506847656E+04  2.456695356E+02  3.325210361E+02  2.753477325E+02  3.448737650E+02  8.031404410E-01 
       305  5.100043215E-02  1.726458906E-01  3.745772352E-02  8.590380432E+04  2.499679728E+02  3.328909364E+02  2.759614954E+02  3.436897621E+02  7.866918761E-01 
       306  5.340036417E-02  1.720848619E-01  3.982071753E-02  8.893491504E+04  2.505423725E+02  3.346224418E+02  2.788461227E+02  3.363416886E+02  7.725792332E-01 
       307  5.576533568E-02  1.714326002E-01  4.220398857E-02  9.406093381E+04  2.477341887E+02  3.374627194E+02  2.836013305E+02  3.233221911E+02  7.610752946E-01 
       308  5.808130114E-02  1.707532671E-01  4.462162642E-02  9.933828437E+04  2.444731473E+02  3.402710568E+02  2.883393224E+02  3.079007601E+02  7.489340730E-01 
       309  6.913202621E-02  1.670049815E-01  5.708998555E-02  1.122150576E+05  2.421653857E+02  3.467653103E+02  2.994459372E+02  2.746518998E+02  7.127211671E-01 
       310  7.325557335E-02  1.653928843E-01  6.228962682E-02  1.152359871E+05  2.418812612E+02  3.481833978E+02  3.018989921E+02  2.663127517E+02  7.043683124E-01 
       311  7.526114685E-02  1.645964451E-01  6.493668120E-02  1.163807275E+05  2.406271000E+02  3.487059441E+02  3.028057919E+02  2.634184608E+02  7.075415291E-01 
       312  8.099008587E-02  1.620989224E-01  7.305121222E-02  1.187193789E+05  2.389601460E+02  3.493612633E+02  3.039437637E+02  2.566008759E+02  7.067387104E-01 
       313  8.281625202E-02  1.612441772E-01  7.580722199E-02  1.190622842E+05  2.387439690E+02  3.493299561E+02  3.038890953E+02  2.555854759E+02  7.072296813E-01 
       314  8.462318717E-02  1.604029889E-01  7.856519154E-02  1.193553015E+05  2.379635506E+02  3.493865919E+02  3.039874744E+02  2.551889887E+02  7.114449404E-01 
       315  8.638808364E-02  1.595156660E-01  8.135371941E-02  1.195088708E+05  2.371926360E+02  3.493984737E+02  3.040080843E+02  2.548150048E+02  7.149695139E-01 
       316  8.818531781E-02  1.586346563E-01  8.418846896E-02  1.194610353E+05  2.370515351E+02  3.491948630E+02  3.036539983E+02  2.539624249E+02  7.131519956E-01 
       317  9.153487112E-02  1.568453452E-01  8.985396979E-02  1.190998481E+05  2.366685522E+02  3.490781622E+02  3.034515228E+02  2.539589491E+02  7.153429370E-01 
       318  9.319079870E-02  1.559467714E-01  9.269883327E-02  1.189832861E+05  2.364087944E+02  3.491092167E+02  3.035057678E+02  2.533668194E+02  7.160573304E-01 
       319  9.639067810E-02  1.541493463E-01  9.845101971E-02  1.189910166E+05  2.366028652E+02  3.489573326E+02  3.032411594E+02  2.531120319E+02  7.161434256E-01 
       320  9.789700787E-02  1.532238030E-01  1.013752208E-01  1.190139813E+05  2.373983805E+02  3.488037000E+02  3.029740443E+02  2.531374454E+02  7.120023631E-01 
       321  9.939560036E-02  1.523575645E-01  1.043121280E-01  1.189929199E+05  2.380007610E+02  3.486256561E+02  3.026647682E+02  2.538628483E+02  7.109210864E-01 
       322  1.008373928E-01  1.515239935E-01  1.072922639E-01  1.188402529E+05  2.386934929E+02  3.483740788E+02  3.022280445E+02  2.551833096E+02  7.100529000E-01 
       323  1.021925752E-01  1.507164957E-01  1.103173974E-01  1.186889829E+05  2.401348653E+02  3.480828075E+02  3.017232308E+02  2.569098244E+02  7.056884170E-01 
       324  1.063175391E-01  1.486079647E-01  1.265700906E-01  1.183221680E+05  2.430510139E+02  3.486693344E+02  3.027440948E+02  2.563816261E+02  6.960618645E-01 
       325  1.064822206E-01  1.487022474E-01  1.299738775E-01  1.184248945E+05  2.387442169E+02  3.500214539E+02  3.050986519E+02  2.455429802E+02  7.060223371E-01 
       326  1.066476119E-01  1.488146338E-01  1.333799290E-01  1.183084316E+05  2.323942566E+02  3.514591064E+02  3.076082344E+02  2.304761009E+02  7.255188227E-01 
       327  1.068180965E-01  1.489318139E-01  1.367854531E-01  1.181120020E+05  2.280967064E+02  3.522166443E+02  3.089330368E+02  2.217164059E+02  7.423447520E-01 
       328  1.069979625E-01  1.490578552E-01  1.401905319E-01  1.179673359E+05  2.287428970E+02  3.518261604E+02  3.082493706E+02  2.280405464E+02  7.432053909E-01 
       329  1.071817424E-01  1.491887345E-01  1.435955648E-01  1.179050205E+05  2.348026495E+02  3.503851795E+02  3.055645924E+02  2.454921026E+02  7.261602730E-01 
       330  1.073851999E-01  1.493347905E-01  1.470000044E-01  1.179383359E+05  2.426435165E+02  3.485294571E+02  3.013324203E+02  2.619671936E+02  7.066732496E-01 
       331 -5.132010553E-03  2.399711247E-01 -4.600000034E-02  8.394379053E+04  1.732843189E+02  3.310797043E+02  2.728001728E+02  4.395865631E+02  1.165549614E+00 
       332 -5.128125210E-03  2.399809281E-01 -4.210430258E-02  8.411907129E+04  1.751687727E+02  3.306926670E+02  2.723286362E+02  4.406949987E+02  1.162054781E+00 
       333 -5.125201508E-03  2.399922328E-01 -3.820870464E-02  8.283979681E+04  1.779916596E+02  3.300606036E+02  2.712897172E+02  4.427810702E+02  1.157268813E+00 
       334 -5.121813889E-03  2.400095995E-01 -3.431329778E-02  8.090305969E+04  1.818409023E+02  3.291785195E+02  2.698413799E+02  4.460289142E+02  1.151171401E+00 
       335 -5.119016059E-03  2.400291916E-01 -3.041776666E-02  7.919507411E+04  1.869011075E+02  3.282628534E+02  2.683423853E+02  4.501951066E+02  1.143103064E+00 
       336 -5.114574788E-03  2.400538233E-01 -2.652182619E-02  7.811607275E+04  1.895648574E+02  3.278941656E+02  2.677389950E+02  4.522171165E+02  1.138655161E+00 
       337 -5.109553763E-03  2.400828758E-01 -2.262552630E-02  7.828802246E+04  1.891197147E+02  3.281761098E+02  2.682012787E+02  4.513741760E+02  1.138846532E+00 
       338 -5.103895973E-03  2.401152952E-01 -1.872899116E-02  8.071206830E+04  1.839903507E+02  3.294718738E+02  2.703254428E+02  4.451779492E+02  1.145021009E+00 
       339 -4.925504783E-03  2.402473149E-01 -7.056915668E-03  8.713584995E+04  1.695662272E+02  3.323247974E+02  2.750279465E+02  4.342654260E+02  1.170117951E+00 
       340 -3.715119829E-03  2.403023013E-01 -3.373311706E-03  8.176664636E+04  1.788350415E+02  3.303427033E+02  2.717617152E+02  4.426677392E+02  1.155473118E+00 
       341 -1.562012846E-03  2.403581740E-01 -1.360753051E-04  7.836124909E+04  1.888647808E+02  3.282952313E+02  2.683993081E+02  4.520021024E+02  1.140418790E+00 
       342  1.133764527E-03  2.404094608E-01  2.675248428E-03  7.832072510E+04  1.901978865E+02  3.278207293E+02  2.676210203E+02  4.529821262E+02  1.138520483E+00 
       343  4.137632423E-03  2.404197044E-01  5.149238455E-03  8.000229933E+04  1.849498126E+02  3.285426068E+02  2.687998374E+02  4.484817470E+02  1.146862902E+00 
       344  7.316400202E-03  2.403253331E-01  7.399564588E-03  8.015036579E+04  1.836395757E+02  3.288342287E+02  2.692763341E+02  4.454155436E+02  1.147140077E+00 
       345  1.395577155E-02  2.400667001E-01  1.148649181E-02  8.633316260E+04  1.717296047E+02  3.318276863E+02  2.742111530E+02  4.364894218E+02  1.168341067E+00 
       346  1.735065466E-02  2.397965962E-01  1.337576268E-02  8.989917871E+04  1.596067886E+02  3.338889542E+02  2.776224098E+02  4.274728737E+02  1.190342247E+00 
       347  2.419161170E-02  2.391929427E-01  1.704637434E-02  7.946499609E+04  1.862214470E+02  3.290076599E+02  2.695669174E+02  4.478500214E+02  1.143783137E+00 
       348  2.761839379E-02  2.387452844E-01  1.884103948E-02  7.977895410E+04  1.881317196E+02  3.289107094E+02  2.694026680E+02  4.494143486E+02  1.140148014E+00 
       349  3.105226563E-02  2.382885234E-01  2.062260888E-02  8.108038916E+04  1.851996279E+02  3.297999401E+02  2.708604326E+02  4.451164684E+02  1.142860778E+00 
       350  3.788868369E-02  2.371344800E-01  2.417075674E-02  8.065787891E+04  1.868572769E+02  3.296361942E+02  2.705913258E+02  4.454852638E+02  1.139979452E+00 
       351  4.468291751E-02  2.357525484E-01  2.771953789E-02  8.024799902E+04  1.897748737E+02  3.292597466E+02  2.699755478E+02  4.462055359E+02  1.135280035E+00 
       352  4.805699300E-02  2.349490393E-01  2.948953136E-02  8.064124084E+04  1.908686914E+02  3.293564110E+02  2.701356459E+02  4.451791315E+02  1.133150604E+00 
       353  5.140582287E-02  2.340778219E-01  3.127771149E-02  8.063321777E+04  1.908489885E+02  3.294564705E+02  2.702993584E+02  4.453470612E+02  1.135120250E+00 
       354  5.473006301E-02  2.331020583E-01  3.305777180E-02  7.978357324E+04  1.938375587E+02  3.289123573E+02  2.694064560E+02  4.460321121E+02  1.130564228E+00 
       355  5.803984836E-02  2.320923676E-01  3.484458617E-02  7.836081982E+04  1.967944145E+02  3.280104504E+02  2.679311733E+02  4.489056892E+02  1.127892725E+00 
       356  6.132921494E-02  2.310454118E-01  3.665150486E-02  7.664341852E+04  2.019233520E+02  3.268384765E+02  2.660197005E+02  4.530622876E+02  1.120998270E+00 
       357  6.777528194E-02  2.285846393E-01  4.027160278E-02  8.483476758E+04  2.135806618E+02  3.324659195E+02  2.752900429E+02  4.310053024E+02  1.070990399E+00 
       358  7.097972553E-02  2.273472007E-01  4.209367684E-02  9.182424707E+04  2.300383530E+02  3.357539444E+02  2.807377090E+02  4.150747566E+02  1.014221489E+00 
       359  7.412444428E-02  2.259565065E-01  4.393674079E-02  9.068972119E+04  2.364121537E+02  3.344106865E+02  2.784936228E+02  4.185227976E+02  1.002187040E+00 
       360  7.725834663E-02  2.245514312E-01  4.577102978E-02  8.678130811E+04  2.342827187E+02  3.330678005E+02  2.762552719E+02  4.272885876E+02  1.015933156E+00 
       361  8.037011026E-02  2.231435234E-01  4.763983740E-02  8.910257715E+04  2.312095375E+02  3.350231056E+02  2.795238724E+02  4.214792366E+02  1.021443769E+00 
       362  8.343109451E-02  2.215945322E-01  4.950276897E-02  1.020815266E+05  2.236506368E+02  3.409843779E+02  2.895847991E+02  3.935059099E+02  1.025879390E+00 
       363  8.646988642E-02  2.201046420E-01  5.141624103E-02  1.224102876E+05  2.111499958E+02  3.482469625E+02  3.020482688E+02  3.596955051E+02  1.046893792E+00 
       364  9.242245520E-02  2.169732682E-01  5.534503106E-02  1.183146128E+05  2.210097942E+02  3.497243185E+02  3.046088324E+02  3.486882906E+02  1.001601603E+00 
       365  9.533631835E-02  2.153857768E-01  5.738443174E-02  1.163833452E+05  2.221882946E+02  3.495251484E+02  3.042745500E+02  3.508408308E+02  9.948061034E-01 
       366  9.819952312E-02  2.138016843E-01  5.949569436E-02  1.171929775E+05  2.214957752E+02  3.508348198E+02  3.065640469E+02  3.475632744E+02  9.932166710E-01 
       367  1.009694591E-01  2.121295788E-01  6.167326851E-02  1.189990688E+05  2.250171151E+02  3.524441252E+02  3.093867388E+02  3.395767126E+02  9.778290074E-01 
       368  1.037116704E-01  2.105064985E-01  6.390540356E-02  1.195203408E+05  2.313622742E+02  3.537663536E+02  3.117196436E+02  3.325985432E+02  9.538496323E-01 
       369  1.064180189E-01  2.088777679E-01  6.618856681E-02  1.196981504E+05  2.358449650E+02  3.543215160E+02  3.127033939E+02  3.300111275E+02  9.360088482E-01 
       370  1.090480686E-01  2.071800512E-01  6.850700508E-02  1.202580620E+05  2.369156780E+02  3.542877712E+02  3.126443520E+02  3.302760124E+02  9.297822118E-01 
       371  1.116790455E-01  2.055210471E-01  7.084353951E-02  1.210666238E+05  2.371242452E+02  3.541665912E+02  3.124186721E+02  3.307860069E+02  9.273638837E-01 
       372  1.142974452E-01  2.038484190E-01  7.319785208E-02  1.218273455E+05  2.364383645E+02  3.535244770E+02  3.112713871E+02  3.328650141E+02  9.285409097E-01 
       373  1.168416696E-01  2.021295301E-01  7.558130371E-02  1.223936255E+05  2.339383297E+02  3.529830952E+02  3.103104134E+02  3.344991035E+02  9.358650260E-01 
       374  1.193277496E-01  2.004108846E-01  7.805168345E-02  1.227940664E+05  2.295446510E+02  3.524632320E+02  3.093901391E+02  3.359078231E+02  9.488112051E-01 
       375  1.217693779E-01  1.987784452E-01  8.060399866E-02  1.229623818E+05  2.266626830E+02  3.517194262E+02  3.080804787E+02  3.370602579E+02  9.571763463E-01 
       376  1.240793489E-01  1.970470446E-01  8.322373237E-02  1.230559385E+05  2.235890188E+02  3.512106647E+02  3.071874418E+02  3.384530573E+02  9.659625590E-01 
       377  1.263696524E-01  1.953872062E-01  8.590193330E-02  1.234791064E+05  2.209535751E+02  3.516706147E+02  3.079897650E+02  3.365080487E+02  9.728316679E-01 
       378  1.285811840E-01  1.937639536E-01  8.866989816E-02  1.235569509E+05  2.189987345E+02  3.508576488E+02  3.065645995E+02  3.408251615E+02  9.792459486E-01 
       379  1.378530526E-01  1.861918564E-01  1.119425893E-01  1.226954795E+05  2.178859396E+02  3.552951822E+02  3.143652925E+02  3.153157606E+02  9.810774475E-01 
       380  1.378280879E-01  1.861358471E-01  1.158380052E-01  1.222843015E+05  2.200759363E+02  3.564159441E+02  3.163519297E+02  3.009221134E+02  9.761206061E-01 
       381  1.378172244E-01  1.861105784E-01  1.197328496E-01  1.216542419E+05  2.270198202E+02  3.566969833E+02  3.168525767E+02  2.968994207E+02  9.542637914E-01 
       382  1.378137064E-01  1.861013403E-01  1.236281983E-01  1.220636755E+05  2.321197755E+02  3.561652167E+02  3.159122031E+02  3.086492405E+02  9.338296726E-01 
       383  1.378232998E-01  1.861207539E-01  1.275238734E-01  1.227435877E+05  2.321317565E+02  3.550222721E+02  3.138925350E+02  3.225082822E+02  9.349552448E-01 
       384  1.378388478E-01  1.861485149E-01  1.314192119E-01  1.231545964E+05  2.275611700E+02  3.537603762E+02  3.116642341E+02  3.320967614E+02  9.499381675E-01 
       385  1.378667705E-01  1.861922064E-01  1.353144338E-01  1.232211877E+05  2.232168733E+02  3.531182752E+02  3.105311750E+02  3.322591910E+02  9.629377062E-01 
       386  1.378917792E-01  1.862393165E-01  1.392095884E-01  1.232098311E+05  2.215027087E+02  3.527445753E+02  3.098704734E+02  3.319225795E+02  9.678994766E-01 
       387  1.379128913E-01  1.862912877E-01  1.431056120E-01  1.232213841E+05  2.211895138E+02  3.528300118E+02  3.098189106E+02  3.294413985E+02  9.685799061E-01 
       388  1.379274402E-01  1.863453723E-01  1.469999959E-01  1.233085581E+05  2.204325924E+02  3.536573434E+02  3.106679454E+02  3.214139729E+02  9.706140738E-01 
       389 -3.389247132E-02  1.007789921E-01 -4.300551245E-02  8.755365967E+04  1.539015923E+02  3.330626984E+02  2.762452984E+02  2.357141018E+02  8.594449200E-01 
       390 -3.372456358E-02  1.010433636E-01 -4.002223516E-02  8.744523226E+04  1.545902127E+02  3.330012317E+02  2.761433513E+02  2.365972094E+02  8.589747911E-01 
       391 -3.329024078E-02  1.014074167E-01 -3.707963811E-02  8.733634418E+04  1.550315184E+02  3.329615445E+02  2.760775477E+02  2.370136928E+02  8.583020968E-01 
       392 -3.255620303E-02  1.018883264E-01 -3.421559131E-02  8.723903404E+04  1.557803296E+02  3.328910870E+02  2.759607182E+02  2.377995613E+02  8.573752800E-01 
       393 -3.153373485E-02  1.024554568E-01 -3.145384174E-02  8.712479701E+04  1.565778333E+02  3.328131619E+02  2.758315498E+02  2.386620701E+02  8.564250914E-01 
       394 -3.028950121E-02  1.031058036E-01 -2.880322264E-02  8.701499486E+04  1.572673314E+02  3.327449930E+02  2.757185765E+02  2.394013580E+02  8.557416713E-01 
       395 -2.888173412E-02  1.037838005E-01 -2.624318977E-02  8.691066492E+04  1.579601573E+02  3.326906964E+02  2.756285833E+02  2.400640538E+02  8.547785814E-01 
       396 -2.733119538E-02  1.044792183E-01 -2.377110822E-02  8.681402171E+04  1.586345463E+02  3.326360070E+02  2.755379564E+02  2.406798740E+02  8.538453075E-01 
       397 -2.568342124E-02  1.052055751E-01 -2.135968630E-02  8.669831960E+04  1.590834213E+02  3.325842087E+02  2.754521138E+02  2.414256152E+02  8.544467747E-01 
       398 -2.397735570E-02  1.059146334E-01 -1.899049647E-02  8.651009534E+04  1.596578763E+02  3.324908445E+02  2.752974715E+02  2.424752617E+02  8.555966830E-01 
       399 -2.220871387E-02  1.066063154E-01 -1.667396516E-02  8.616791669E+04  1.606987553E+02  3.322943008E+02  2.749721351E+02  2.442752904E+02  8.567462047E-01 
       400 -2.041003203E-02  1.073389070E-01 -1.437512078E-02  8.559320288E+04  1.623137963E+02  3.319939629E+02  2.744753535E+02  2.467394409E+02  8.573193611E-01 
       401 -1.856976066E-02  1.079715131E-01 -1.211630566E-02  8.486199209E+04  1.651118874E+02  3.315919015E+02  2.738109291E+02  2.499083548E+02  8.540419017E-01 
       402 -1.670953655E-02  1.086522831E-01 -9.860640570E-03  8.427315741E+04  1.689564978E+02  3.312403611E+02  2.732307334E+02  2.528472262E+02  8.446451045E-01 
       403 -1.482329113E-02  1.093026603E-01 -7.620995183E-03  8.432884178E+04  1.712531712E+02  3.312970156E+02  2.733242285E+02  2.530352930E+02  8.336349123E-01 
       404 -1.292306254E-02  1.099268373E-01 -5.385291055E-03  8.527067163E+04  1.719011188E+02  3.318209105E+02  2.741895027E+02  2.500456285E+02  8.204941284E-01 
       405 -1.101845801E-02  1.105590611E-01 -3.137660868E-03  8.699646820E+04  1.702135431E+02  3.328026744E+02  2.758147283E+02  2.440740680E+02  8.097920334E-01 
       406 -9.120841472E-03  1.111701815E-01 -8.914052251E-04  8.944271915E+04  1.678774264E+02  3.340576150E+02  2.778988406E+02  2.357621195E+02  7.963369824E-01 
       407 -7.240675928E-03  1.117476218E-01  1.353994698E-03  9.288488881E+04  1.627408361E+02  3.359396616E+02  2.810392937E+02  2.230103291E+02  7.866061216E-01 
       408 -5.370549944E-03  1.123083196E-01  3.627204146E-03  9.647460999E+04  1.630290747E+02  3.377243586E+02  2.840328174E+02  2.079560926E+02  7.430140423E-01 
       409 -3.530590186E-03  1.128981262E-01  5.933484609E-03  9.853705194E+04  1.739929129E+02  3.386311667E+02  2.855606411E+02  2.031025658E+02  6.688718298E-01 
       410 -1.726912218E-03  1.134387153E-01  8.259926622E-03  9.811269043E+04  1.849115276E+02  3.385580978E+02  2.854373727E+02  2.042971239E+02  6.091719810E-01 
       411  3.734044288E-05  1.140039107E-01  1.062617763E-02  9.735940771E+04  1.939658165E+02  3.381874609E+02  2.848125286E+02  2.077880788E+02  5.690633021E-01 
       412  1.740848712E-03  1.145879687E-01  1.302702968E-02  9.655731110E+04  2.023892641E+02  3.376946141E+02  2.839827579E+02  2.136697526E+02  5.405957027E-01 
       413  3.387617433E-03  1.151172021E-01  1.547343878E-02  9.600503842E+04  2.091683879E+02  3.373953874E+02  2.834795071E+02  2.169404973E+02  5.147147430E-01 
       414  4.957112811E-03  1.157081541E-01  1.796238578E-02  9.542358997E+04  2.155981719E+02  3.371587720E+02  2.830820155E+02  2.188983886E+02  4.872089596E-01 
       415  6.462677552E-03  1.163151534E-01  2.048609031E-02  9.459854150E+04  2.222885785E+02  3.367663889E+02  2.824235663E+02  2.223225379E+02  4.638163298E-01 
       416  7.926557233E-03  1.168909271E-01  2.304605918E-02  9.391390320E+04  2.281619816E+02  3.364097006E+02  2.818256602E+02  2.259064498E+02  4.457305875E-01 
       417  9.338612782E-03  1.175119790E-01  2.562398907E-02  9.360657964E+04  2.332180311E+02  3.361838703E+02  2.814474552E+02  2.287673105E+02  4.302319369E-01 
       418  1.068984297E-02  1.181121478E-01  2.822455248E-02  9.345979306E+04  2.378486841E+02  3.360650454E+02  2.812483096E+02  2.304808916E+02  4.131365679E-01 
       419  1.198650266E-02  1.187330819E-01  3.085849659E-02  9.337079663E+04  2.423107333E+02  3.360251310E+02  2.811813706E+02  2.316289113E+02  3.954282727E-01 
       420  1.322982934E-02  1.193430432E-01  3.352159396E-02  9.340349692E+04  2.464819646E+02  3.360382603E+02  2.812033627E+02  2.321358253E+02  3.769440331E-01 
       421  1.439865389E-02  1.199672983E-01  3.621509854E-02  9.360368756E+04  2.501173780E+02  3.361430573E+02  2.813788590E+02  2.324307724E+02  3.606709944E-01 
       422  1.553995729E-02  1.205631245E-01  3.892438234E-02  9.404570844E+04  2.532175906E+02  3.363819931E+02  2.817790428E+02  2.321370144E+02  3.449948708E-01 
       423  1.662952250E-02  1.211745408E-01  4.165332372E-02  9.459220834E+04  2.562463008E+02  3.366235056E+02  2.821838224E+02  2.315037296E+02  3.285942175E-01 
       424  1.764894372E-02  1.217373945E-01  4.441857664E-02  9.529542651E+04  2.584527929E+02  3.369868156E+02  2.827934846E+02  2.301809738E+02  3.139974016E-01 
       425  1.861873940E-02  1.222791769E-01  4.720617614E-02  9.623659116E+04  2.604583266E+02  3.374373375E+02  2.835500099E+02  2.277455072E+02  2.964836206E-01 
       426  1.950820179E-02  1.228336643E-01  5.001741530E-02  9.715274951E+04  2.622520703E+02  3.378851768E+02  2.843033080E+02  2.252605772E+02  2.800218405E-01 
       427  2.036944420E-02  1.233245632E-01  5.285072558E-02  9.809743423E+04  2.639410088E+02  3.383546634E+02  2.850938375E+02  2.226953508E+02  2.635678308E-01 
       428  2.117157025E-02  1.238295963E-01  5.569831964E-02  9.910045532E+04  2.655014505E+02  3.388450208E+02  2.859210606E+02  2.198129649E+02  2.468237474E-01 
       429  2.190592593E-02  1.242947792E-01  5.857026217E-02  1.000756907E+05  2.669279728E+02  3.393352766E+02  2.867488632E+02  2.169452629E+02  2.305920571E-01 
       430  2.257248913E-02  1.247551336E-01  6.145961794E-02  1.010354185E+05  2.686604614E+02  3.397687101E+02  2.874818411E+02  2.144501925E+02  2.139510605E-01 
       431  2.314781749E-02  1.251835029E-01  6.437124902E-02  1.019369683E+05  2.704259205E+02  3.401843624E+02  2.881856723E+02  2.120719929E+02  1.971746129E-01 
       432  2.363318974E-02  1.255957621E-01  6.730774801E-02  1.027638438E+05  2.722884641E+02  3.405838637E+02  2.888627365E+02  2.100368390E+02  1.809267015E-01 
       433  2.402789138E-02  1.260195069E-01  7.025072331E-02  1.034322231E+05  2.745999269E+02  3.409209633E+02  2.894347668E+02  2.085370302E+02  1.638963828E-01 
       434  2.431727977E-02  1.264030352E-01  7.321094069E-02  1.038486055E+05  2.774030704E+02  3.411470890E+02  2.898187046E+02  2.079299278E+02  1.469095480E-01 
       435  2.453016930E-02  1.268032789E-01  7.617447467E-02  1.039310535E+05  2.808044133E+02  3.412059393E+02  2.899187183E+02  2.084324198E+02  1.305738424E-01 
       436  2.462079541E-02  1.271795605E-01  7.915094878E-02  1.037275743E+05  2.843815341E+02  3.411626225E+02  2.898451416E+02  2.096263461E+02  1.156288345E-01 
       437  2.463902970E-02  1.275610820E-01  8.212637731E-02  1.031996472E+05  2.886377420E+02  3.409249320E+02  2.894414601E+02  2.122019129E+02  1.021147547E-01 
       438  2.457492051E-02  1.279220853E-01  8.510260082E-02  1.024686252E+05  2.928309171E+02  3.406025032E+02  2.888941765E+02  2.155843092E+02  9.229954833E-02 
       439  2.441429013E-02  1.282749863E-01  8.807550525E-02  1.012239092E+05  2.964498131E+02  3.400427951E+02  2.879455908E+02  2.203694866E+02  9.194208636E-02 
       440  2.420234297E-02  1.286273229E-01  9.105186832E-02  1.002461282E+05  2.976751832E+02  3.395585998E+02  2.871260716E+02  2.243122846E+02  1.027663417E-01 
       441  2.388558350E-02  1.289647853E-01  9.401845916E-02  1.001569361E+05  2.959601041E+02  3.395394061E+02  2.870936428E+02  2.244264122E+02  1.153022409E-01 
       442  2.351928731E-02  1.293134864E-01  9.696958543E-02  1.005929986E+05  2.933640878E+02  3.397193874E+02  2.873980608E+02  2.231372768E+02  1.274944271E-01 
       443  2.306449285E-02  1.296327241E-01  9.991680403E-02  1.013666724E+05  2.904247999E+02  3.400819016E+02  2.880117731E+02  2.202147355E+02  1.350029893E-01 
       444  2.257188759E-02  1.299515661E-01  1.028605699E-01  1.023722104E+05  2.875575171E+02  3.405760918E+02  2.888495340E+02  2.165850105E+02  1.394748604E-01 
       445  2.201092100E-02  1.302726916E-01  1.057899135E-01  1.035188917E+05  2.848251348E+02  3.411396761E+02  2.898062383E+02  2.130754310E+02  1.438549681E-01 
       446  2.143382683E-02  1.305960230E-01  1.087107054E-01  1.046153721E+05  2.821251003E+02  3.416796461E+02  2.907243752E+02  2.093273865E+02  1.474296841E-01 
       447  2.076802587E-02  1.309307408E-01  1.116221513E-01  1.055751675E+05  2.793311081E+02  3.422440414E+02  2.916857777E+02  2.048560534E+02  1.491414839E-01 
       448  2.010215597E-02  1.312657467E-01  1.145293522E-01  1.063404819E+05  2.768066874E+02  3.427984457E+02  2.926314812E+02  2.008595085E+02  1.513972408E-01 
       449  1.945135245E-02  1.316056955E-01  1.174374795E-01  1.069139067E+05  2.758676271E+02  3.431397669E+02  2.932143152E+02  1.989966829E+02  1.521154039E-01 
       450  1.885387307E-02  1.319548677E-01  1.203553293E-01  1.073262807E+05  2.759621098E+02  3.433239038E+02  2.935289946E+02  1.989380962E+02  1.532872670E-01 
       451  1.837479322E-02  1.322913677E-01  1.233018373E-01  1.075805598E+05  2.759075766E+02  3.434813328E+02  2.937982979E+02  1.989220924E+02  1.556754922E-01 
       452  1.811263581E-02  1.325954541E-01  1.262715907E-01  1.076613042E+05  2.760070038E+02  3.435538759E+02  2.939224472E+02  1.994007454E+02  1.588513837E-01 
       453  1.805653049E-02  1.328847135E-01  1.292554963E-01  1.076415256E+05  2.763974833E+02  3.435628114E+02  2.939377971E+02  2.005802188E+02  1.629641682E-01 
       454  1.819877737E-02  1.331672438E-01  1.322380588E-01  1.075159161E+05  2.771024028E+02  3.435128442E+02  2.938522620E+02  2.020683177E+02  1.662825414E-01 
       455  1.852494771E-02  1.334510277E-01  1.352129826E-01  1.073427377E+05  2.779918385E+02  3.434184579E+02  2.936907807E+02  2.037383729E+02  1.693249283E-01 
       456  1.890761882E-02  1.337081709E-01  1.381756048E-01  1.071136459E+05  2.788754891E+02  3.433018726E+02  2.934913437E+02  2.053837820E+02  1.721557989E-01 
       457  1.937808835E-02  1.339540030E-01  1.411279949E-01  1.068864812E+05  2.797828920E+02  3.431788290E+02  2.932809973E+02  2.069701324E+02  1.746120877E-01 
       458  1.989552602E-02  1.341916383E-01  1.440726902E-01  1.066405550E+05  2.806454567E+02  3.430595620E+02  2.930771414E+02  2.086874464E+02  1.778067518E-01 
       459  2.048114376E-02  1.344526817E-01  1.469999956E-01  1.063145083E+05  2.816711435E+02  3.428878889E+02  2.927831154E+02  2.107260313E+02  1.808147188E-01 
       460 -4.772920012E-02  1.664853148E-01 -4.258181757E-02  8.247597809E+04  1.814394412E+02  3.302474604E+02  2.715950972E+02  3.428912847E+02  1.013103063E+00 
       461 -4.770031945E-02  1.666117663E-01 -3.916302660E-02  8.222772162E+04  1.820219182E+02  3.300925829E+02  2.713404647E+02  3.437384651E+02  1.012676659E+00 
       462 -4.768621633E-02  1.667606858E-01 -3.574527808E-02  8.178724426E+04  1.829011455E+02  3.298671546E+02  2.709700036E+02  3.449502821E+02  1.011931557E+00 
       463 -4.773671611E-02  1.669008759E-01 -3.232563070E-02  8.131292480E+04  1.846825399E+02  3.295319948E+02  2.704197502E+02  3.472551203E+02  1.010122869E+00 
       464 -4.779814392E-02  1.670685917E-01 -2.890641835E-02  8.076699365E+04  1.862578325E+02  3.292105122E+02  2.698923359E+02  3.487324715E+02  1.007455286E+00 
       465 -4.772832030E-02  1.672854950E-01 -2.549705171E-02  8.017077893E+04  1.878888199E+02  3.288895321E+02  2.693663859E+02  3.498109870E+02  1.003985038E+00 
       466 -4.733274936E-02  1.676197526E-01 -2.211766833E-02  7.957126306E+04  1.908674016E+02  3.285113273E+02  2.687473292E+02  3.534883523E+02  1.000716737E+00 
       467 -4.646629434E-02  1.680852894E-01 -1.884685997E-02  7.942520432E+04  1.933359717E+02  3.284089630E+02  2.685798932E+02  3.543843602E+02  9.938955684E-01 
       468 -4.497458874E-02  1.687177674E-01 -1.583913045E-02  8.124129858E+04  1.908117204E+02  3.295226183E+02  2.704065552E+02  3.480491438E+02  9.907875620E-01 
       469 -4.311049959E-02  1.694263862E-01 -1.306511329E-02  8.451538281E+04  1.853974547E+02  3.314048548E+02  2.735047712E+02  3.389866238E+02  9.935372248E-01 
       470 -4.101650432E-02  1.701661907E-01 -1.047820325E-02  8.757126221E+04  1.791806974E+02  3.330532665E+02  2.762301807E+02  3.303005981E+02  1.000507496E+00 
       471 -3.872443978E-02  1.709287414E-01 -8.043812788E-03  8.773944580E+04  1.769172735E+02  3.330928302E+02  2.762959425E+02  3.322466607E+02  1.011483460E+00 
       472 -3.634257562E-02  1.716543837E-01 -5.706210795E-03  8.560331738E+04  1.790294962E+02  3.318732414E+02  2.742775135E+02  3.385633755E+02  1.014769934E+00 
       473 -3.384972842E-02  1.724025179E-01 -3.469956820E-03  8.162340649E+04  1.860274229E+02  3.297024491E+02  2.707029028E+02  3.488595541E+02  1.008818501E+00 
       474 -3.133060076E-02  1.731099844E-01 -1.271304633E-03  7.704412549E+04  1.965899416E+02  3.270362101E+02  2.663413882E+02  3.615508280E+02  9.967478770E-01 
       475 -2.873453975E-02  1.737912906E-01  8.535856133E-04  7.325961572E+04  2.060173988E+02  3.247292919E+02  2.625983057E+02  3.719666014E+02  9.857528992E-01 
       476 -2.611690126E-02  1.744247281E-01  2.958268427E-03  7.077628394E+04  2.140783396E+02  3.230053830E+02  2.598148575E+02  3.802641716E+02  9.756699633E-01 
       477 -2.348835128E-02  1.750433393E-01  5.058280838E-03  6.982665808E+04  2.166711536E+02  3.225109315E+02  2.590200859E+02  3.830910591E+02  9.727547746E-01 
       478 -2.083113736E-02  1.756162102E-01  7.133742148E-03  6.967502393E+04  2.190772853E+02  3.223014688E+02  2.586836953E+02  3.829649363E+02  9.644816536E-01 
       479 -1.816607045E-02  1.761555279E-01  9.209141426E-03  7.004567676E+04  2.204026041E+02  3.226597176E+02  2.592596846E+02  3.829602737E+02  9.598260745E-01 
       480 -1.549262448E-02  1.766467189E-01  1.128626304E-02  7.272116992E+04  2.211129236E+02  3.243554287E+02  2.619985304E+02  3.750261517E+02  9.412131086E-01 
       481 -1.281959455E-02  1.771087169E-01  1.337222607E-02  8.258176349E+04  2.134318240E+02  3.303890762E+02  2.718472459E+02  3.483008292E+02  9.171981737E-01 
       482 -1.015361520E-02  1.775059034E-01  1.547159933E-02  9.809548555E+04  2.061506372E+02  3.384004492E+02  2.851770318E+02  3.049729338E+02  8.771858774E-01 
       483 -7.491200012E-03  1.778633735E-01  1.757589553E-02  9.693321729E+04  2.211669436E+02  3.378788729E+02  2.842963467E+02  3.102336254E+02  8.307027221E-01 
       484 -4.837064878E-03  1.782590199E-01  1.971143984E-02  8.937611182E+04  2.318678007E+02  3.338523149E+02  2.775582561E+02  3.330095072E+02  8.277973942E-01 
       485 -2.188499166E-03  1.785530451E-01  2.185094162E-02  8.855078229E+04  2.305424874E+02  3.337874590E+02  2.774493760E+02  3.340632792E+02  8.346579962E-01 
       486  4.329096806E-04  1.787998193E-01  2.404680664E-02  8.898075586E+04  2.345494556E+02  3.337496548E+02  2.773864250E+02  3.346264668E+02  8.223657161E-01 
       487  3.027224691E-03  1.790317150E-01  2.627094405E-02  8.886153131E+04  2.369541585E+02  3.337154684E+02  2.773297155E+02  3.341963518E+02  8.139036410E-01 
       488  5.626976121E-03  1.792222402E-01  2.847807669E-02  8.946446802E+04  2.384176028E+02  3.341588826E+02  2.780683079E+02  3.324635134E+02  8.065506555E-01 
       489  8.191038637E-03  1.793338257E-01  3.074695743E-02  9.146055017E+04  2.395794218E+02  3.352270384E+02  2.798506792E+02  3.282118752E+02  7.961566402E-01 
       490  1.074058355E-02  1.794129340E-01  3.303046409E-02  9.491300632E+04  2.389083505E+02  3.369633542E+02  2.827590890E+02  3.198781739E+02  7.857691785E-01 
       491  1.325979491E-02  1.793970135E-01  3.532576038E-02  9.918797498E+04  2.364611652E+02  3.389882474E+02  2.861671355E+02  3.089425137E+02  7.783269547E-01 
       492  1.577166567E-02  1.793535417E-01  3.765132951E-02  1.030143352E+05  2.338694239E+02  3.407641354E+02  2.891720090E+02  2.984778466E+02  7.731386414E-01 
       493  1.825553626E-02  1.792503646E-01  4.000403552E-02  1.056692765E+05  2.321736073E+02  3.420849743E+02  2.914162855E+02  2.907863317E+02  7.690260513E-01 
       494  2.071273564E-02  1.790845686E-01  4.238164633E-02  1.073662455E+05  2.321925639E+02  3.428980906E+02  2.928032393E+02  2.871243293E+02  7.642432190E-01 
       495  2.315348782E-02  1.789033294E-01  4.476881837E-02  1.092330380E+05  2.322440453E+02  3.436679707E+02  2.941188669E+02  2.819476638E+02  7.578216707E-01 
       496  2.554611962E-02  1.786610662E-01  4.720294885E-02  1.112859697E+05  2.313983116E+02  3.445454969E+02  2.956233816E+02  2.752599792E+02  7.536662146E-01 
       497  2.790553153E-02  1.783591187E-01  4.966367300E-02  1.132560168E+05  2.302295971E+02  3.454194241E+02  2.971244373E+02  2.699816828E+02  7.522947639E-01 
       498  3.023553076E-02  1.780531658E-01  5.215009418E-02  1.149718621E+05  2.297698803E+02  3.461775081E+02  2.984295163E+02  2.662149751E+02  7.501524137E-01 
       499  3.255140683E-02  1.777481834E-01  5.464573084E-02  1.163719610E+05  2.297475724E+02  3.468433690E+02  2.995785589E+02  2.629472957E+02  7.473110915E-01 
       500  3.480321611E-02  1.773622653E-01  5.719033452E-02  1.172988295E+05  2.303480272E+02  3.473224242E+02  3.004063880E+02  2.596728747E+02  7.417737837E-01 
       501  3.704366447E-02  1.769956776E-01  5.978074099E-02  1.179720366E+05  2.306968620E+02  3.476640911E+02  3.009976990E+02  2.576389573E+02  7.387576979E-01 
       502  3.923116288E-02  1.766153691E-01  6.237867612E-02  1.185478180E+05  2.309701648E+02  3.478860021E+02  3.013819427E+02  2.561286221E+02  7.365602646E-01 
       503  4.136429871E-02  1.761773997E-01  6.501205622E-02  1.189883322E+05  2.312852288E+02  3.480388560E+02  3.016468109E+02  2.549906487E+02  7.344461440E-01 
       504  4.348069858E-02  1.757484529E-01  6.766046190E-02  1.193480217E+05  2.315935392E+02  3.481979265E+02  3.019225159E+02  2.543495936E+02  7.329589035E-01 
       505  4.554226392E-02  1.753162813E-01  7.034950997E-02  1.196303423E+05  2.321333590E+02  3.483369465E+02  3.021636391E+02  2.536570835E+02  7.305269446E-01 
       506  4.756665315E-02  1.748560179E-01  7.306168772E-02  1.197561912E+05  2.327914323E+02  3.484087307E+02  3.022881577E+02  2.537623309E+02  7.282643346E-01 
       507  4.956604909E-02  1.743615796E-01  7.580968578E-02  1.196851005E+05  2.332502650E+02  3.483911679E+02  3.022576987E+02  2.539733543E+02  7.268923949E-01 
       508  5.152654947E-02  1.738670862E-01  7.855886540E-02  1.194319749E+05  2.337368627E+02  3.482504333E+02  3.020135357E+02  2.548125530E+02  7.260081863E-01 
       509  5.347325952E-02  1.733659220E-01  8.131742073E-02  1.192302879E+05  2.336485860E+02  3.481613631E+02  3.018590420E+02  2.555593025E+02  7.274498214E-01 
       510  5.541917190E-02  1.728212690E-01  8.412523757E-02  1.194097974E+05  2.332345236E+02  3.482105024E+02  3.019442927E+02  2.549916373E+02  7.288231704E-01 
       511  5.731737707E-02  1.722438844E-01  8.698058411E-02  1.197990095E+05  2.334708478E+02  3.483435369E+02  3.021750598E+02  2.540066699E+02  7.271072397E-01 
       512  5.917186437E-02  1.716911252E-01  8.979478553E-02  1.199855672E+05  2.338826798E+02  3.484400181E+02  3.023425634E+02  2.535180948E+02  7.252822071E-01 
       513  6.096387184E-02  1.711643945E-01  9.255110888E-02  1.199756817E+05  2.347455997E+02  3.484282678E+02  3.023222820E+02  2.534494739E+02  7.220287214E-01 
       514  6.270700241E-02  1.705757992E-01  9.544380808E-02  1.197883340E+05  2.359805675E+02  3.483339596E+02  3.021585608E+02  2.538776345E+02  7.175106890E-01 
       515  6.442263795E-02  1.699823167E-01  9.834544530E-02  1.195643055E+05  2.368387019E+02  3.482419216E+02  3.019988921E+02  2.545230386E+02  7.148201301E-01 
       516  6.612271722E-02  1.694054111E-01  1.012510921E-01  1.193548260E+05  2.373856568E+02  3.481589322E+02  3.018549607E+02  2.554016557E+02  7.138273991E-01 
       517  6.776083839E-02  1.688452726E-01  1.042003507E-01  1.192637309E+05  2.379724859E+02  3.481125216E+02  3.017744788E+02  2.558231114E+02  7.123919704E-01 
       518  6.936215302E-02  1.682812898E-01  1.071729988E-01  1.192081979E+05  2.388811924E+02  3.480657431E+02  3.016937087E+02  2.563540198E+02  7.097731153E-01 
       519  7.082677073E-02  1.677321085E-01  1.102128146E-01  1.190951628E+05  2.397289318E+02  3.480352128E+02  3.016409397E+02  2.574281769E+02  7.076753029E-01 
       520  7.220712168E-02  1.672497044E-01  1.133584680E-01  1.189324611E+05  2.403874763E+02  3.480478591E+02  3.016626306E+02  2.584616668E+02  7.063315122E-01 
       521  7.342602904E-02  1.668557431E-01  1.165154693E-01  1.187202236E+05  2.409344175E+02  3.481229239E+02  3.017928505E+02  2.581629534E+02  7.043303652E-01 
       522  7.439926912E-02  1.665467988E-01  1.197652411E-01  1.185499387E+05  2.413913145E+02  3.482589445E+02  3.020291414E+02  2.573553975E+02  7.021662202E-01 
       523  7.498839543E-02  1.664581038E-01  1.231239650E-01  1.184145566E+05  2.414181404E+02  3.484488602E+02  3.023587208E+02  2.567084923E+02  7.018545493E-01 
       524  7.530423640E-02  1.665023734E-01  1.265249777E-01  1.183305625E+05  2.413647695E+02  3.485592537E+02  3.025499897E+02  2.563667822E+02  7.021112666E-01 
       525  7.543612494E-02  1.666233331E-01  1.299370256E-01  1.182202539E+05  2.426393566E+02  3.483812523E+02  3.022407417E+02  2.583316669E+02  6.995113939E-01 
       526  7.553122174E-02  1.667952118E-01  1.333496155E-01  1.181105962E+05  2.444016232E+02  3.481091375E+02  3.017688141E+02  2.610488276E+02  6.961139822E-01 
       527  7.566054780E-02  1.669469890E-01  1.367626796E-01  1.180393396E+05  2.450436244E+02  3.481185045E+02  3.017850485E+02  2.610143752E+02  6.941666026E-01 
       528  7.583993244E-02  1.671002891E-01  1.401745263E-01  1.179305773E+05  2.449943548E+02  3.483847749E+02  3.022477341E+02  2.598051120E+02  6.941061625E-01 
       529  7.600645069E-02  1.672586086E-01  1.435869327E-01  1.178162578E+05  2.437790489E+02  3.489837852E+02  3.032904108E+02  2.565613935E+02  6.976128691E-01 
       530  7.611546960E-02  1.674572299E-01  1.470000031E-01  1.179427491E+05  2.383199303E+02  3.501188123E+02  3.053534358E+02  2.464233322E+02  7.125126463E-01 
       531 -5.220359409E-02  2.342994603E-01 -4.210986580E-02  8.163983752E+04  1.831446255E+02  3.296528869E+02  2.706945037E+02  4.443510703E+02  1.145978192E+00 
       532 -5.220192467E-02  2.343108577E-01 -3.821952920E-02  8.086333914E+04  1.858789260E+02  3.292667425E+02  2.699847353E+02  4.462085097E+02  1.141172543E+00 
       533 -5.220302368E-02  2.343278434E-01 -3.432921672E-02  8.103811414E+04  1.861748903E+02  3.293840253E+02  2.701771973E+02  4.459013120E+02  1.140178055E+00 
       534 -5.220531674E-02  2.343446645E-01 -3.043898101E-02  8.235847214E+04  1.828507645E+02  3.301742515E+02  2.714766146E+02  4.422214968E+02  1.144750608E+00 
       535 -5.220735409E-02  2.343651870E-01 -2.654892396E-02  8.419178809E+04  1.777057943E+02  3.312887783E+02  2.733123379E+02  4.382720566E+02  1.153612077E+00 
       536 -5.221355576E-02  2.343966826E-01 -2.266385481E-02  8.549012872E+04  1.741473781E+02  3.320000476E+02  2.744858883E+02  4.360752319E+02  1.160300108E+00 
       537 -5.221196162E-02  2.344309954E-01 -1.877454498E-02  8.551962041E+04  1.735444337E+02  3.318839100E+02  2.742942685E+02  4.363177683E+02  1.162025165E+00 
       538 -5.222596507E-02  2.344687402E-01 -1.488167101E-02  8.414816759E+04  1.759949425E+02  3.310601600E+02  2.729352536E+02  4.395819639E+02  1.159051193E+00 
       539 -5.222923531E-02  2.345160018E-01 -1.099302079E-02  8.191573004E+04  1.809113868E+02  3.298963168E+02  2.710199201E+02  4.436468899E+02  1.150960797E+00 
       540 -5.210275326E-02  2.345957540E-01 -7.104134264E-03  7.991353119E+04  1.869668823E+02  3.288380244E+02  2.692831632E+02  4.483947862E+02  1.141125563E+00 
       541 -5.114101036E-02  2.348545508E-01 -3.375994418E-03  7.949301192E+04  1.886899747E+02  3.287119616E+02  2.690762791E+02  4.489561260E+02  1.137849823E+00 
       542 -4.917766965E-02  2.353023755E-01 -5.047413344E-05  8.019011768E+04  1.877618370E+02  3.290354404E+02  2.696059904E+02  4.492542410E+02  1.140889071E+00 
       543 -4.661414278E-02  2.358651253E-01  2.823323178E-03  8.140157739E+04  1.847376702E+02  3.297948947E+02  2.708526983E+02  4.469926176E+02  1.146183839E+00 
       544 -4.374488282E-02  2.364440537E-01  5.350106892E-03  8.428992639E+04  1.780291502E+02  3.314871097E+02  2.736399534E+02  4.414598236E+02  1.157344588E+00 
       545 -4.059796688E-02  2.370222596E-01  7.583171126E-03  8.857983606E+04  1.660136535E+02  3.337176592E+02  2.773355887E+02  4.289272485E+02  1.175055103E+00 
       546 -3.738701819E-02  2.375676250E-01  9.702642239E-03  8.756293341E+04  1.676278068E+02  3.331351774E+02  2.763694093E+02  4.311621366E+02  1.172603134E+00 
       547 -3.407522408E-02  2.380263225E-01  1.169481074E-02  8.215035559E+04  1.832364662E+02  3.302047367E+02  2.715304089E+02  4.434922624E+02  1.145724056E+00 
       548 -3.073065008E-02  2.384984497E-01  1.361793802E-02  7.971381140E+04  1.904130200E+02  3.288404751E+02  2.692868723E+02  4.477921746E+02  1.132365238E+00 
       549 -2.732884007E-02  2.388770261E-01  1.546643341E-02  8.113074426E+04  1.864043171E+02  3.295095520E+02  2.703843470E+02  4.460087185E+02  1.140389726E+00 
       550 -2.390908864E-02  2.392176502E-01  1.728468609E-02  8.189630214E+04  1.844903782E+02  3.299276705E+02  2.710703320E+02  4.444216371E+02  1.143738046E+00 
       551 -2.044822495E-02  2.394794424E-01  1.908927170E-02  8.126091913E+04  1.869840130E+02  3.295240140E+02  2.704086274E+02  4.449224925E+02  1.138695147E+00 
       552 -1.699643969E-02  2.397114515E-01  2.086461287E-02  8.076168005E+04  1.887244880E+02  3.291937089E+02  2.698675461E+02  4.472787094E+02  1.137153735E+00 
       553 -1.354033893E-02  2.398615604E-01  2.263394957E-02  8.068947900E+04  1.872604761E+02  3.293648643E+02  2.701490440E+02  4.470972595E+02  1.142144360E+00 
       554 -1.007792796E-02  2.399171479E-01  2.439846914E-02  8.083616260E+04  1.883923430E+02  3.292784324E+02  2.700066979E+02  4.460758309E+02  1.139652316E+00 
       555 -6.592279415E-03  2.399646350E-01  2.619220728E-02  8.027436694E+04  1.884552765E+02  3.291262894E+02  2.697559581E+02  4.466165342E+02  1.141468767E+00 
       556 -3.124907716E-03  2.398994093E-01  2.794309000E-02  7.901510693E+04  1.917362881E+02  3.282155418E+02  2.682663536E+02  4.451363544E+02  1.135174997E+00 
       557  3.338943067E-04  2.398017910E-01  2.968583889E-02  1.014772222E+05  2.071862717E+02  3.404573084E+02  2.886644207E+02  3.943737191E+02  1.050491160E+00 
       558  3.794068913E-03  2.396169640E-01  3.144821874E-02  1.002011453E+05  2.139066343E+02  3.397243776E+02  2.874165258E+02  4.082870760E+02  1.046875842E+00 
       559  7.248441593E-03  2.393064044E-01  3.320284907E-02  9.537013428E+04  2.108014774E+02  3.377520733E+02  2.840840454E+02  4.139966068E+02  1.058967318E+00 
       560  1.068879679E-02  2.389885178E-01  3.498866898E-02  9.216931909E+04  2.120993624E+02  3.360305586E+02  2.811965513E+02  4.172015991E+02  1.059208907E+00 
       561  1.412543948E-02  2.386075767E-01  3.676435012E-02  8.949931909E+04  2.156233525E+02  3.343003139E+02  2.783040113E+02  4.254883652E+02  1.055943046E+00 
       562  1.753589177E-02  2.380598424E-01  3.855175648E-02  8.871567822E+04  2.161371536E+02  3.341758995E+02  2.780968418E+02  4.268450737E+02  1.055989139E+00 
       563  2.093820079E-02  2.375000001E-01  4.035454522E-02  9.159365332E+04  2.137038555E+02  3.361695261E+02  2.814319954E+02  4.187911453E+02  1.055015463E+00 
       564  2.432947450E-02  2.368878370E-01  4.215773147E-02  1.028096210E+05  2.067947809E+02  3.420368903E+02  2.913677379E+02  3.942820927E+02  1.058149164E+00 
       565  2.770729830E-02  2.361795572E-01  4.394886350E-02  1.231433997E+05  1.978311863E+02  3.504345570E+02  3.058463097E+02  3.512551570E+02  1.067054458E+00 
       566  3.105826597E-02  2.354459967E-01  4.578622705E-02  1.304676421E+05  1.952061779E+02  3.530413918E+02  3.103835549E+02  3.364081225E+02  1.071250932E+00 
       567  3.438758923E-02  2.346372217E-01  4.762879820E-02  1.235923908E+05  1.970932414E+02  3.506514888E+02  3.061978764E+02  3.458294812E+02  1.060970190E+00 
       568  3.771502906E-02  2.337669833E-01  4.947240569E-02  1.179115129E+05  2.031973753E+02  3.485340602E+02  3.025073171E+02  3.585362575E+02  1.045306756E+00 
       569  4.101460083E-02  2.329246351E-01  5.135281935E-02  1.192710861E+05  2.043097200E+02  3.490632548E+02  3.034272914E+02  3.570120912E+02  1.043894558E+00 
       570  4.428347740E-02  2.319960665E-01  5.324515281E-02  1.229399835E+05  2.025460761E+02  3.503878567E+02  3.057348769E+02  3.491184883E+02  1.048374519E+00 
       571  4.749748393E-02  2.310181580E-01  5.520824782E-02  1.241967153E+05  2.006258831E+02  3.510201607E+02  3.068377995E+02  3.474443684E+02  1.050799148E+00 
       572  5.066691057E-02  2.300652086E-01  5.723980181E-02  1.241274880E+05  2.030020958E+02  3.511196335E+02  3.070107530E+02  3.447790616E+02  1.041179224E+00 
       573  5.379140778E-02  2.290521307E-01  5.932353399E-02  1.244712026E+05  2.077619503E+02  3.512805921E+02  3.072923510E+02  3.425001165E+02  1.026074405E+00 
       574  5.683956615E-02  2.279793322E-01  6.149869556E-02  1.250791392E+05  2.123487501E+02  3.515371685E+02  3.077413235E+02  3.414866962E+02  1.012011930E+00 
       575  5.985072913E-02  2.269370111E-01  6.373374277E-02  1.251138477E+05  2.162961454E+02  3.515568638E+02  3.077757397E+02  3.419099541E+02  9.999519438E-01 
       576  6.280959972E-02  2.258492183E-01  6.601505396E-02  1.245944201E+05  2.200661695E+02  3.513492878E+02  3.074123904E+02  3.427723016E+02  9.879568850E-01 
       577  6.573461678E-02  2.247295145E-01  6.832363097E-02  1.240146969E+05  2.234789419E+02  3.511252093E+02  3.070202770E+02  3.431633673E+02  9.768704716E-01 
       578  6.865501872E-02  2.236625994E-01  7.064894084E-02  1.233265870E+05  2.276040487E+02  3.507870727E+02  3.064292310E+02  3.436384922E+02  9.632816312E-01 
       579  7.151541969E-02  2.224865137E-01  7.302188293E-02  1.219067837E+05  2.285360851E+02  3.505751829E+02  3.060592213E+02  3.447822556E+02  9.598209597E-01 
       580  7.433322259E-02  2.213060150E-01  7.543149031E-02  1.215515242E+05  2.296559677E+02  3.506705112E+02  3.062264943E+02  3.452538176E+02  9.555155039E-01 
       581  7.711325138E-02  2.201536844E-01  7.789825066E-02  1.233264337E+05  2.307939767E+02  3.517542502E+02  3.081218771E+02  3.415003200E+02  9.498320179E-01 
       582  7.981655167E-02  2.189959972E-01  8.044372180E-02  1.239391239E+05  2.334487522E+02  3.521204023E+02  3.087651033E+02  3.385153036E+02  9.388548695E-01 
       583  8.242371870E-02  2.177951216E-01  8.306797326E-02  1.234862271E+05  2.343203478E+02  3.518513603E+02  3.082946377E+02  3.378453827E+02  9.342566021E-01 
       584  8.497819178E-02  2.166305248E-01  8.576177505E-02  1.229201175E+05  2.341479092E+02  3.514871387E+02  3.076566770E+02  3.388192623E+02  9.338677560E-01 
       585  8.747465708E-02  2.155008942E-01  8.852176985E-02  1.224634700E+05  2.329371362E+02  3.511937733E+02  3.071431623E+02  3.395025358E+02  9.368792679E-01 
       586  8.983863293E-02  2.143275504E-01  9.137087988E-02  1.222786077E+05  2.309825177E+02  3.510109158E+02  3.068225288E+02  3.397068634E+02  9.420071747E-01 
       587  9.211779941E-02  2.131724912E-01  9.430579148E-02  1.223900484E+05  2.289346844E+02  3.509628324E+02  3.067380470E+02  3.392820764E+02  9.475333513E-01 
       588  9.424446159E-02  2.121023496E-01  9.738772987E-02  1.226508921E+05  2.271452467E+02  3.510465122E+02  3.068847589E+02  3.389506869E+02  9.527848973E-01 
       589  9.610967173E-02  2.111612431E-01  1.006666829E-01  1.228006600E+05  2.254448970E+02  3.511070666E+02  3.069913909E+02  3.380472700E+02  9.572982864E-01 
       590  9.742401869E-02  2.103903297E-01  1.042235364E-01  1.228231922E+05  2.226294244E+02  3.511267541E+02  3.070269350E+02  3.383950235E+02  9.653925493E-01 
       591  9.764724840E-02  2.101688920E-01  1.080985861E-01  1.227998638E+05  2.197585921E+02  3.509716501E+02  3.067563162E+02  3.399371066E+02  9.738938902E-01 
       592  9.763062643E-02  2.101108570E-01  1.119846410E-01  1.226875257E+05  2.191305897E+02  3.508066831E+02  3.064672978E+02  3.407258781E+02  9.756438772E-01 
       593  9.759894170E-02  2.100363093E-01  1.158782398E-01  1.225365004E+05  2.209710311E+02  3.512158837E+02  3.071828659E+02  3.405122292E+02  9.702453846E-01 
       594  9.760335841E-02  2.100041055E-01  1.197683889E-01  1.224799449E+05  2.223900771E+02  3.524367482E+02  3.093239415E+02  3.324637170E+02  9.651142380E-01 
       595  9.760552297E-02  2.099886023E-01  1.236588659E-01  1.224801109E+05  2.231618477E+02  3.541195475E+02  3.122847254E+02  3.150979268E+02  9.629782217E-01 
       596  9.760989540E-02  2.100145164E-01  1.275491461E-01  1.226169418E+05  2.250907051E+02  3.553882880E+02  3.145250283E+02  2.994261180E+02  9.589719848E-01 
       597  9.760550437E-02  2.100148949E-01  1.314412195E-01  1.228213315E+05  2.266796355E+02  3.560214911E+02  3.156485863E+02  2.982215948E+02  9.535723329E-01 
       598  9.762031038E-02  2.101034915E-01  1.353312483E-01  1.229872388E+05  2.274342349E+02  3.560557535E+02  3.157152832E+02  3.091225579E+02  9.487313726E-01 
       599  9.762506170E-02  2.101609083E-01  1.392228176E-01  1.230829490E+05  2.272911284E+02  3.554272490E+02  3.146060007E+02  3.185237246E+02  9.490415764E-01 
       600  9.764671237E-02  2.102092269E-01  1.431110049E-01  1.232001552E+05  2.246462071E+02  3.544333258E+02  3.128487318E+02  3.247869298E+02  9.575781412E-01 
       601  9.766256924E-02  2.102587391E-01  1.469999989E-01  1.232635093E+05  2.217857394E+02  3.537831106E+02  3.114259834E+02  3.289283915E+02  9.667164609E-01 
