nodenumber     x-coordinate     y-coordinate     z-coordinate         pressure velocity-magnitude      sound-speed      temperature rel-velocity-magnitude relative-velocity-angle 
         1 -2.216901913E-02  1.039879580E-01 -4.300600202E-02  8.753723717E+04  1.538674281E+02  3.330526442E+02  2.762287141E+02  2.356092165E+02  8.593237645E-01 
         2 -2.197401757E-02  1.042260031E-01 -4.002397295E-02  8.746989960E+04  1.545368003E+02  3.329958112E+02  2.761343695E+02  2.363948779E+02  8.585914490E-01 
         3 -2.150271627E-02  1.045375264E-01 -3.708169353E-02  8.734330994E+04  1.550776490E+02  3.329404373E+02  2.760425727E+02  2.370428122E+02  8.581945957E-01 
         4 -2.072290556E-02  1.049359494E-01 -3.421635317E-02  8.724026587E+04  1.554179516E+02  3.329155860E+02  2.760014563E+02  2.376606128E+02  8.589583840E-01 
         5 -1.964621854E-02  1.053757771E-01 -3.145501365E-02  8.709448950E+04  1.563925495E+02  3.328148031E+02  2.758342938E+02  2.383174748E+02  8.563916422E-01 
         6 -1.833909717E-02  1.058829391E-01 -2.880182754E-02  8.692323486E+04  1.571438246E+02  3.327269764E+02  2.756887231E+02  2.394409518E+02  8.566976096E-01 
         7 -1.686396899E-02  1.064019756E-01 -2.624136390E-02  8.678075684E+04  1.582088504E+02  3.326233864E+02  2.755170946E+02  2.405902543E+02  8.552816976E-01 
         8 -1.524276490E-02  1.069101094E-01 -2.376908005E-02  8.659550769E+04  1.591785090E+02  3.325233378E+02  2.753513970E+02  2.415740895E+02  8.540099915E-01 
         9 -1.353040875E-02  1.074492491E-01 -2.136449246E-02  8.636912000E+04  1.602340813E+02  3.324125404E+02  2.751679161E+02  2.426642909E+02  8.527427129E-01 
        10 -1.175719847E-02  1.079385502E-01 -1.899452623E-02  8.614668201E+04  1.613515429E+02  3.323109009E+02  2.749996781E+02  2.437636642E+02  8.509899694E-01 
        11 -9.920451205E-03  1.084473482E-01 -1.667649769E-02  8.608640765E+04  1.624867561E+02  3.322715633E+02  2.749345757E+02  2.445392540E+02  8.481231385E-01 
        12 -8.053093039E-03  1.089314126E-01 -1.437870322E-02  8.624986084E+04  1.628904492E+02  3.323848969E+02  2.751221162E+02  2.445688100E+02  8.467055610E-01 
        13 -6.139911673E-03  1.093816015E-01 -1.211111235E-02  8.677818774E+04  1.622800684E+02  3.326477451E+02  2.755574722E+02  2.429621458E+02  8.448780030E-01 
        14 -4.213714023E-03  1.098625599E-01 -9.853315987E-03  8.763747705E+04  1.606079035E+02  3.330637608E+02  2.762473431E+02  2.405022612E+02  8.462245055E-01 
        15 -2.267252226E-03  1.102821410E-01 -7.616721013E-03  8.858237012E+04  1.563653440E+02  3.336027203E+02  2.771421185E+02  2.372570591E+02  8.592660576E-01 
        16 -3.058463972E-04  1.106716081E-01 -5.380345181E-03  8.949148682E+04  1.493928108E+02  3.340780649E+02  2.779326105E+02  2.343410416E+02  8.887405619E-01 
        17  1.649896870E-03  1.110991589E-01 -3.144821902E-03  8.722260376E+04  1.454963361E+02  3.329658847E+02  2.760871401E+02  2.419552357E+02  9.362644823E-01 
        18  3.605378217E-03  1.114680886E-01 -8.997268064E-04  7.558390112E+04  1.742644143E+02  3.263597188E+02  2.652394896E+02  2.852533355E+02  9.453554545E-01 
        19  5.548952344E-03  1.118349081E-01  1.356589372E-03  6.993092853E+04  2.097316014E+02  3.227291994E+02  2.593719323E+02  3.077302036E+02  8.438108796E-01 
        20  7.472030685E-03  1.121892539E-01  3.633809071E-03  7.300508083E+04  2.096872041E+02  3.249548381E+02  2.629683569E+02  2.929235615E+02  7.830913092E-01 
        21  9.366594022E-03  1.125505666E-01  5.932977735E-03  7.665566724E+04  2.048506266E+02  3.274233873E+02  2.669748733E+02  2.805836804E+02  7.594076684E-01 
        22  1.122147558E-02  1.129077905E-01  8.263617067E-03  7.896336857E+04  2.059876646E+02  3.286970823E+02  2.690539897E+02  2.738896116E+02  7.292696953E-01 
        23  1.303284284E-02  1.132507638E-01  1.062953057E-02  8.047289534E+04  2.093473243E+02  3.294663781E+02  2.703138825E+02  2.681663483E+02  6.923752366E-01 
        24  1.479928419E-02  1.136234762E-01  1.303021626E-02  8.166550070E+04  2.139306812E+02  3.300571163E+02  2.712842114E+02  2.652311559E+02  6.586018493E-01 
        25  1.649617427E-02  1.139938279E-01  1.547769530E-02  8.275004645E+04  2.189430065E+02  3.305841494E+02  2.721508145E+02  2.630532343E+02  6.253476581E-01 
        26  1.811807173E-02  1.143837002E-01  1.797032872E-02  8.349568640E+04  2.248328803E+02  3.309051108E+02  2.726788874E+02  2.619363303E+02  5.915034590E-01 
        27  1.968166241E-02  1.148013513E-01  2.049621310E-02  8.359674603E+04  2.320368526E+02  3.309105804E+02  2.726879013E+02  2.625669692E+02  5.568521093E-01 
        28  2.119101764E-02  1.152299366E-01  2.305322148E-02  8.307773102E+04  2.404369930E+02  3.306041012E+02  2.721832085E+02  2.646181511E+02  5.215089063E-01 
        29  2.266338778E-02  1.156643914E-01  2.563116057E-02  8.245125867E+04  2.492277292E+02  3.301884787E+02  2.714992718E+02  2.675826137E+02  4.876199539E-01 
        30  2.408077791E-02  1.161159634E-01  2.823658064E-02  8.188841339E+04  2.577110622E+02  3.298121400E+02  2.708806825E+02  2.710288351E+02  4.568707286E-01 
        31  2.544088325E-02  1.165921105E-01  3.086849856E-02  8.130306262E+04  2.653609271E+02  3.295548635E+02  2.704581046E+02  2.735377016E+02  4.273416186E-01 
        32  2.674433127E-02  1.170738851E-01  3.352942364E-02  8.070555066E+04  2.729560812E+02  3.293117847E+02  2.700592139E+02  2.756960490E+02  3.971476369E-01 
        33  2.797950643E-02  1.175445507E-01  3.622298897E-02  8.015104465E+04  2.814340178E+02  3.289371040E+02  2.694453123E+02  2.786068529E+02  3.654033493E-01 
        34  2.916313541E-02  1.180056499E-01  3.893937175E-02  7.981769524E+04  2.899230095E+02  3.285877466E+02  2.688735085E+02  2.816987879E+02  3.343572244E-01 
        35  3.031249539E-02  1.184785399E-01  4.167042727E-02  7.992631357E+04  2.956385883E+02  3.287531571E+02  2.691440957E+02  2.822614740E+02  3.079873535E-01 
        36  3.139929926E-02  1.189405785E-01  4.442941843E-02  8.021383585E+04  3.006643627E+02  3.290849329E+02  2.696870712E+02  2.820002392E+02  2.819915591E-01 
        37  3.242013936E-02  1.193808800E-01  4.721660669E-02  8.075956130E+04  3.061123186E+02  3.294062833E+02  2.702143452E+02  2.813901421E+02  2.521698517E-01 
        38  3.340677803E-02  1.198011670E-01  5.002067675E-02  8.208513309E+04  3.090668621E+02  3.302128289E+02  2.715401195E+02  2.781176022E+02  2.249615304E-01 
        39  3.430413654E-02  1.201853153E-01  5.285529857E-02  8.385576074E+04  3.105754194E+02  3.312336369E+02  2.732215786E+02  2.733304968E+02  1.992645366E-01 
        40  3.515433510E-02  1.205874318E-01  5.570324370E-02  8.596972363E+04  3.108477764E+02  3.323372116E+02  2.750453129E+02  2.675338192E+02  1.762772808E-01 
        41  3.592907297E-02  1.209644065E-01  5.857535950E-02  8.834279736E+04  3.093200135E+02  3.335927811E+02  2.771279960E+02  2.606979442E+02  1.591932410E-01 
        42  3.664355424E-02  1.213334730E-01  6.146049591E-02  9.081182971E+04  3.061400466E+02  3.348622270E+02  2.792409239E+02  2.529816790E+02  1.481663899E-01 
        43  3.727845098E-02  1.217084379E-01  6.437276718E-02  9.307912134E+04  3.022703514E+02  3.359353600E+02  2.810327425E+02  2.456472454E+02  1.432862468E-01 
        44  3.781448665E-02  1.220744111E-01  6.730672953E-02  9.482839966E+04  2.984781580E+02  3.367658339E+02  2.824230661E+02  2.397187796E+02  1.442822623E-01 
        45  3.826762164E-02  1.224563704E-01  7.025293559E-02  9.593142761E+04  2.957434356E+02  3.372744756E+02  2.832763543E+02  2.358963757E+02  1.480638995E-01 
        46  3.856443464E-02  1.228195695E-01  7.317567491E-02  9.645314453E+04  2.937353668E+02  3.376013336E+02  2.838260498E+02  2.338880920E+02  1.549240425E-01 
        47  3.882754171E-02  1.231963568E-01  7.616928387E-02  9.662426251E+04  2.917470689E+02  3.381450301E+02  2.847427342E+02  2.318921543E+02  1.622160948E-01 
        48  3.896508106E-02  1.235573809E-01  7.913505459E-02  9.668314453E+04  2.870585403E+02  3.393398285E+02  2.867743187E+02  2.242276154E+02  1.670437418E-01 
        49  3.903512947E-02  1.239238609E-01  8.213137167E-02  9.663036084E+04  2.753894939E+02  3.418022287E+02  2.909787786E+02  2.042689511E+02  1.805588908E-01 
        50  3.900153017E-02  1.243001337E-01  8.510504302E-02  9.648530359E+04  2.580038231E+02  3.453963243E+02  2.971390747E+02  1.697627713E+02  1.812858229E-01 
        51  3.889299026E-02  1.246700891E-01  8.806950082E-02  9.627306946E+04  2.397988462E+02  3.493620639E+02  3.039891763E+02  1.214985356E+02  1.716946198E-01 
        52  3.870303970E-02  1.250405990E-01  9.105247242E-02  9.611525684E+04  2.322459116E+02  3.520403776E+02  3.086371508E+02  7.914204669E+01  5.142678012E-02 
        53  3.847530202E-02  1.253810613E-01  9.402032493E-02  9.670453085E+04  2.334399228E+02  3.528948450E+02  3.101321818E+02  4.657908680E+01 -3.875429311E-01 
        54  3.809583015E-02  1.257752167E-01  9.695318516E-02  9.673954395E+04  2.306713104E+02  3.529654121E+02  3.102503586E+02  4.073024607E+01 -1.008586433E+00 
        55  3.767199372E-02  1.261489404E-01  9.992435767E-02  9.793893579E+04  2.458340616E+02  3.524324732E+02  3.093126554E+02  4.819333422E+01 -1.612655170E+00 
        56  3.723780727E-02  1.265196365E-01  1.028569506E-01  9.996681424E+04  2.547543198E+02  3.519311368E+02  3.084339071E+02  6.565379198E+01 -1.161943312E+00 
        57  3.672955052E-02  1.269046997E-01  1.057947981E-01  1.013283367E+05  2.459806967E+02  3.503836970E+02  3.057271838E+02  1.098453472E+02 -8.848407550E-02 
        58  3.615520807E-02  1.273091289E-01  1.087154776E-01  1.030597439E+05  2.380329576E+02  3.478288422E+02  3.012879400E+02  1.507582407E+02  2.489434760E-01 
        59  3.556812424E-02  1.277144368E-01  1.116309472E-01  1.052687544E+05  2.438655670E+02  3.449672759E+02  2.963509548E+02  1.796322842E+02  2.924146587E-01 
        60  3.495651588E-02  1.281329458E-01  1.145394580E-01  1.070463391E+05  2.508470864E+02  3.435503974E+02  2.939195700E+02  1.892267489E+02  2.751691220E-01 
        61  3.433795015E-02  1.285471243E-01  1.174457346E-01  1.079702147E+05  2.562784853E+02  3.433295364E+02  2.935395818E+02  1.911212449E+02  2.473646204E-01 
        62  3.376061330E-02  1.289460490E-01  1.203607660E-01  1.082277311E+05  2.620208831E+02  3.435874062E+02  2.939804444E+02  1.926651218E+02  2.178135330E-01 
        63  3.331803132E-02  1.293309423E-01  1.232882868E-01  1.081551577E+05  2.674508616E+02  3.435731863E+02  2.939559472E+02  1.959359350E+02  1.973039194E-01 
        64  3.310586596E-02  1.296649637E-01  1.262581306E-01  1.080654250E+05  2.703321977E+02  3.433871913E+02  2.936378288E+02  1.980923364E+02  1.891084127E-01 
        65  3.306639982E-02  1.299493947E-01  1.292495641E-01  1.079714142E+05  2.723820684E+02  3.429583350E+02  2.929048458E+02  1.998260471E+02  1.844608838E-01 
        66  3.322486525E-02  1.302097713E-01  1.322380794E-01  1.077747201E+05  2.724828651E+02  3.428279215E+02  2.926819475E+02  2.018078991E+02  1.927182321E-01 
        67  3.356462385E-02  1.304573038E-01  1.352130229E-01  1.075289799E+05  2.734874473E+02  3.426657921E+02  2.924051971E+02  2.026081106E+02  1.917228304E-01 
        68  3.400410102E-02  1.306751199E-01  1.381765647E-01  1.072194856E+05  2.743982718E+02  3.426102977E+02  2.923104715E+02  2.030428443E+02  1.900044896E-01 
        69  3.451963359E-02  1.308741206E-01  1.411278790E-01  1.069064594E+05  2.756299324E+02  3.425476389E+02  2.922035205E+02  2.040441947E+02  1.884562983E-01 
        70  3.508991352E-02  1.310576265E-01  1.440660380E-01  1.066095389E+05  2.771077499E+02  3.424657903E+02  2.920637465E+02  2.060879867E+02  1.891076041E-01 
        71  3.570211579E-02  1.312503676E-01  1.470000000E-01  1.063027676E+05  2.787403946E+02  3.423541756E+02  2.918706741E+02  2.088170986E+02  1.909793336E-01 
        72 -2.843361623E-02  1.708417341E-01 -4.258217492E-02  8.213383447E+04  1.835098791E+02  3.300402117E+02  2.712544355E+02  3.441741371E+02  1.008413393E+00 
        73 -2.838826984E-02  1.709653765E-01 -3.916427879E-02  8.216230933E+04  1.836114163E+02  3.300737941E+02  2.713097503E+02  3.443302045E+02  1.008430647E+00 
        74 -2.835908450E-02  1.711140563E-01 -3.574649433E-02  8.236618713E+04  1.832334845E+02  3.302052586E+02  2.715261595E+02  3.426441064E+02  1.006720135E+00 
        75 -2.838361088E-02  1.712589164E-01 -3.232950605E-02  8.272731177E+04  1.840526729E+02  3.302807655E+02  2.716503515E+02  3.438922682E+02  1.006543417E+00 
        76 -2.841360827E-02  1.714319125E-01 -2.891476756E-02  8.326511377E+04  1.825882483E+02  3.306864257E+02  2.723178844E+02  3.412001939E+02  1.006649682E+00 
        77 -2.833774301E-02  1.716334782E-01 -2.549995819E-02  8.382689722E+04  1.813207316E+02  3.310170541E+02  2.728629917E+02  3.392680053E+02  1.007657473E+00 
        78 -2.791452343E-02  1.719215161E-01 -2.212016887E-02  8.415212158E+04  1.812286978E+02  3.311138229E+02  2.730223885E+02  3.403320217E+02  1.009937700E+00 
        79 -2.700703325E-02  1.722886754E-01 -1.884820631E-02  8.412939478E+04  1.810328927E+02  3.310306988E+02  2.728853073E+02  3.402704887E+02  1.010415621E+00 
        80 -2.544395246E-02  1.727209334E-01 -1.584518523E-02  8.322444067E+04  1.816358104E+02  3.305836596E+02  2.721489301E+02  3.438364193E+02  1.014739006E+00 
        81 -2.351536464E-02  1.732363399E-01 -1.306823492E-02  8.140969437E+04  1.843005357E+02  3.296685356E+02  2.706448010E+02  3.478993328E+02  1.012845014E+00 
        82 -2.134527601E-02  1.737374909E-01 -1.047435973E-02  7.874988673E+04  1.917307257E+02  3.279560529E+02  2.678417537E+02  3.565506366E+02  1.004122114E+00 
        83 -1.897326710E-02  1.742189522E-01 -8.035177519E-03  7.581456635E+04  1.982380944E+02  3.263079431E+02  2.651577184E+02  3.628956119E+02  9.944108604E-01 
        84 -1.652827274E-02  1.746780172E-01 -5.688541800E-03  7.378379547E+04  2.047882464E+02  3.250071712E+02  2.630458453E+02  3.696027460E+02  9.854823332E-01 
        85 -1.397929867E-02  1.751251779E-01 -3.446989688E-03  7.291362195E+04  2.079226117E+02  3.245391841E+02  2.622885318E+02  3.719077482E+02  9.795454610E-01 
        86 -1.139011487E-02  1.755573757E-01 -1.256774906E-03  7.365197595E+04  2.102658465E+02  3.249059501E+02  2.628838286E+02  3.713314352E+02  9.703412168E-01 
        87 -8.734274343E-03  1.759085237E-01  8.667805443E-04  7.817767456E+04  2.046685863E+02  3.277267349E+02  2.674752307E+02  3.582193584E+02  9.639968388E-01 
        88 -6.073383534E-03  1.762548475E-01  2.984781313E-03  8.810925879E+04  1.919839209E+02  3.331742978E+02  2.764406836E+02  3.324033628E+02  9.631721876E-01 
        89 -3.359730182E-03  1.765819110E-01  5.053045394E-03  9.783752441E+04  1.743645970E+02  3.383658166E+02  2.851171876E+02  3.064909072E+02  9.882712741E-01 
        90 -6.741955509E-04  1.768270807E-01  7.130208361E-03  9.647533912E+04  1.708960114E+02  3.372359175E+02  2.832132736E+02  3.109522552E+02  1.005865568E+00 
        91  2.027043660E-03  1.770783858E-01  9.208570588E-03  7.912356712E+04  1.939555768E+02  3.281093206E+02  2.680960629E+02  3.598499090E+02  1.003206113E+00 
        92  4.731686997E-03  1.772422585E-01  1.127155269E-02  7.414845320E+04  2.109987028E+02  3.251309863E+02  2.632475046E+02  3.736440192E+02  9.724339426E-01 
        93  7.454465044E-03  1.773874983E-01  1.334309669E-02  7.396582756E+04  2.111640016E+02  3.247309343E+02  2.626007606E+02  3.745072958E+02  9.736328891E-01 
        94  1.015989937E-02  1.775222933E-01  1.545596277E-02  7.091870811E+04  2.183893350E+02  3.229557290E+02  2.597432274E+02  3.809509121E+02  9.632291009E-01 
        95  1.284858280E-02  1.775661421E-01  1.756817794E-02  6.730881039E+04  2.268860468E+02  3.208685167E+02  2.563946328E+02  3.904752574E+02  9.549365090E-01 
        96  1.551966693E-02  1.776138061E-01  1.970369132E-02  6.423105054E+04  2.360005848E+02  3.187779930E+02  2.530718553E+02  4.006024094E+02  9.467020910E-01 
        97  1.817410325E-02  1.776258069E-01  2.186017323E-02  6.167502844E+04  2.459199131E+02  3.168346534E+02  2.499930506E+02  4.097790937E+02  9.342533601E-01 
        98  2.080993586E-02  1.775631240E-01  2.403936301E-02  5.983303735E+04  2.525843086E+02  3.157477241E+02  2.482763200E+02  4.129143753E+02  9.192607272E-01 
        99  2.341570779E-02  1.774969016E-01  2.625394818E-02  5.920932874E+04  2.575824537E+02  3.153895636E+02  2.477131529E+02  4.135959930E+02  9.041595869E-01 
       100  2.600295182E-02  1.773818036E-01  2.848806157E-02  6.095173438E+04  2.592401428E+02  3.165961018E+02  2.496287937E+02  4.099876432E+02  8.903169520E-01 
       101  2.856627515E-02  1.771883875E-01  3.074502562E-02  6.651674854E+04  2.547159233E+02  3.204331417E+02  2.557667418E+02  3.947853441E+02  8.735111170E-01 
       102  3.110662233E-02  1.769811535E-01  3.302644514E-02  7.490940454E+04  2.463397322E+02  3.259742584E+02  2.646856594E+02  3.708654547E+02  8.521581125E-01 
       103  3.362247542E-02  1.767159818E-01  3.532849163E-02  8.167676770E+04  2.425790691E+02  3.300206861E+02  2.712427635E+02  3.526080332E+02  8.284959067E-01 
       104  3.610895472E-02  1.763647845E-01  3.765120331E-02  8.303173364E+04  2.473277326E+02  3.306258545E+02  2.722254362E+02  3.496208873E+02  8.070761012E-01 
       105  3.856497337E-02  1.759966372E-01  4.000321012E-02  8.049141895E+04  2.562225957E+02  3.292392889E+02  2.699465550E+02  3.581720642E+02  7.923270562E-01 
       106  4.103059304E-02  1.755360248E-01  4.234569910E-02  7.812535111E+04  2.632736923E+02  3.280939816E+02  2.680665193E+02  3.628609844E+02  7.768553403E-01 
       107  4.340106546E-02  1.750377176E-01  4.474435622E-02  7.842115840E+04  2.685711343E+02  3.280972701E+02  2.680727299E+02  3.632327042E+02  7.597589681E-01 
       108  4.575540032E-02  1.745445103E-01  4.717695363E-02  8.191798828E+04  2.672576227E+02  3.301866632E+02  2.715059674E+02  3.534720945E+02  7.460775459E-01 
       109  4.807037784E-02  1.739953488E-01  4.963532790E-02  8.831109399E+04  2.622092524E+02  3.337186832E+02  2.773501463E+02  3.356410084E+02  7.313250396E-01 
       110  5.034733117E-02  1.734133857E-01  5.212084081E-02  9.516183740E+04  2.577265110E+02  3.372393055E+02  2.832275162E+02  3.179316826E+02  7.169825733E-01 
       111  5.258765486E-02  1.728405975E-01  5.464144749E-02  9.961083447E+04  2.566270752E+02  3.395840702E+02  2.871721439E+02  3.049007854E+02  7.000536434E-01 
       112  5.479076840E-02  1.722430532E-01  5.718902978E-02  1.023398337E+05  2.577954721E+02  3.409511747E+02  2.894874868E+02  2.976632242E+02  6.849163380E-01 
       113  5.694737683E-02  1.716020731E-01  5.976586917E-02  1.052462724E+05  2.576518404E+02  3.422538431E+02  2.917037046E+02  2.916429448E+02  6.766087543E-01 
       114  5.911848447E-02  1.709340834E-01  6.233872565E-02  1.086145332E+05  2.566676195E+02  3.436294197E+02  2.940527238E+02  2.847357281E+02  6.702177477E-01 
       115  6.119351897E-02  1.703313828E-01  6.496775561E-02  1.114777439E+05  2.559551048E+02  3.448043003E+02  2.960675540E+02  2.769359322E+02  6.626830213E-01 
       116  6.319798910E-02  1.696485115E-01  6.765543605E-02  1.136998469E+05  2.546142325E+02  3.458667426E+02  2.978943539E+02  2.692509003E+02  6.580171399E-01 
       117  6.520189851E-02  1.689621155E-01  7.034628384E-02  1.158140996E+05  2.522084799E+02  3.469351110E+02  2.997372513E+02  2.629107437E+02  6.597667485E-01 
       118  6.717992039E-02  1.682884043E-01  7.305807409E-02  1.174831890E+05  2.510279140E+02  3.475622091E+02  3.008212299E+02  2.591689777E+02  6.603745576E-01 
       119  6.910755662E-02  1.675987334E-01  7.579818779E-02  1.187587869E+05  2.492953923E+02  3.480362704E+02  3.016421440E+02  2.567644920E+02  6.650507716E-01 
       120  7.101404689E-02  1.668389198E-01  7.852135391E-02  1.196968149E+05  2.464719841E+02  3.485039914E+02  3.024539123E+02  2.551377714E+02  6.746115824E-01 
       121  7.286652020E-02  1.661304029E-01  8.130170181E-02  1.197656235E+05  2.452758632E+02  3.485928602E+02  3.026080336E+02  2.541211128E+02  6.788196680E-01 
       122  7.473378469E-02  1.653966549E-01  8.408122010E-02  1.197536440E+05  2.444105816E+02  3.486467667E+02  3.027017040E+02  2.535008621E+02  6.821153425E-01 
       123  7.654776682E-02  1.646234676E-01  8.688218818E-02  1.197435291E+05  2.426611466E+02  3.488054342E+02  3.029780388E+02  2.535251808E+02  6.894706618E-01 
       124  7.830115451E-02  1.638494494E-01  8.971806956E-02  1.195493853E+05  2.412061863E+02  3.490631237E+02  3.034277534E+02  2.536193390E+02  6.956554316E-01 
       125  8.003223315E-02  1.630890187E-01  9.257063461E-02  1.192680811E+05  2.410371346E+02  3.493581781E+02  3.039433441E+02  2.528849630E+02  6.961357296E-01 
       126  8.174167210E-02  1.623344685E-01  9.543869445E-02  1.190536793E+05  2.416367931E+02  3.495262616E+02  3.042375956E+02  2.507698553E+02  6.925355527E-01 
       127  8.339566060E-02  1.615413001E-01  9.829620033E-02  1.189992032E+05  2.403751969E+02  3.499258761E+02  3.049356854E+02  2.474174162E+02  6.959932676E-01 
       128  8.500809507E-02  1.607572746E-01  1.012133408E-01  1.188689897E+05  2.375490291E+02  3.508022542E+02  3.064685185E+02  2.431767054E+02  7.058724412E-01 
       129  8.654116005E-02  1.600133249E-01  1.041766726E-01  1.186208009E+05  2.362299052E+02  3.516391790E+02  3.079336362E+02  2.372964424E+02  7.090457906E-01 
       130  8.807530659E-02  1.592883350E-01  1.071513815E-01  1.184912542E+05  2.370791783E+02  3.519220614E+02  3.084269896E+02  2.300353351E+02  7.017104905E-01 
       131  8.946870181E-02  1.585918917E-01  1.101955952E-01  1.185821749E+05  2.363228407E+02  3.524574629E+02  3.093610476E+02  2.182334279E+02  7.002656094E-01 
       132  9.078169785E-02  1.579398834E-01  1.132895212E-01  1.186910820E+05  2.274593911E+02  3.537144241E+02  3.115672804E+02  2.098823264E+02  7.388699655E-01 
       133  9.193376095E-02  1.573753789E-01  1.164622823E-01  1.185856935E+05  2.223229008E+02  3.538028588E+02  3.117219715E+02  2.100554535E+02  7.617210746E-01 
       134  9.287851211E-02  1.569754829E-01  1.197270904E-01  1.185134373E+05  2.261366284E+02  3.527334013E+02  3.098418428E+02  2.163979515E+02  7.453526144E-01 
       135  9.346963790E-02  1.567893278E-01  1.230899614E-01  1.184038891E+05  2.333672845E+02  3.509285675E+02  3.066841686E+02  2.351852756E+02  7.231384979E-01 
       136  9.376445592E-02  1.568076376E-01  1.265149706E-01  1.184090133E+05  2.398601675E+02  3.488701301E+02  3.030944171E+02  2.557380219E+02  7.091672430E-01 
       137  9.391306034E-02  1.569225935E-01  1.299303306E-01  1.183047900E+05  2.416092272E+02  3.478925066E+02  3.013941193E+02  2.610625114E+02  7.064770516E-01 
       138  9.402896493E-02  1.570765633E-01  1.333445553E-01  1.181432974E+05  2.409582033E+02  3.477716846E+02  3.011842594E+02  2.591502342E+02  7.079626266E-01 
       139  9.417960043E-02  1.572174564E-01  1.367593072E-01  1.180329819E+05  2.418622150E+02  3.477310944E+02  3.011139545E+02  2.600041790E+02  7.058974747E-01 
       140  9.437397158E-02  1.573466446E-01  1.401725853E-01  1.179437483E+05  2.429286513E+02  3.477751446E+02  3.011902752E+02  2.615560143E+02  7.038739743E-01 
       141  9.455826038E-02  1.574868932E-01  1.435861248E-01  1.179204072E+05  2.435317284E+02  3.479464086E+02  3.014866401E+02  2.618908532E+02  7.025121159E-01 
       142  9.468914447E-02  1.576724412E-01  1.470000022E-01  1.178332334E+05  2.439816294E+02  3.480330029E+02  3.016481533E+02  2.622119322E+02  7.019311823E-01 
       143 -2.515044289E-02  2.387134140E-01 -4.211006034E-02  8.306123913E+04  1.816731049E+02  3.305099398E+02  2.720271340E+02  4.420503215E+02  1.147304832E+00 
       144 -2.515073613E-02  2.387267259E-01 -3.821832766E-02  8.441451705E+04  1.782566259E+02  3.312734842E+02  2.732862565E+02  4.389364476E+02  1.152836849E+00 
       145 -2.514274647E-02  2.387409373E-01 -3.433018188E-02  8.569314156E+04  1.742700920E+02  3.320784851E+02  2.746159662E+02  4.332218906E+02  1.157701345E+00 
       146 -2.514933814E-02  2.387615668E-01 -3.043885368E-02  8.602752684E+04  1.751956646E+02  3.320762011E+02  2.746123350E+02  4.350569616E+02  1.157303646E+00 
       147 -2.514205174E-02  2.387863737E-01 -2.655197175E-02  8.494254298E+04  1.782084594E+02  3.314667340E+02  2.736055529E+02  4.386021139E+02  1.153484336E+00 
       148 -2.514801404E-02  2.388163633E-01 -2.268742808E-02  8.278171216E+04  1.814622625E+02  3.305338141E+02  2.720673163E+02  4.373149290E+02  1.144325421E+00 
       149 -2.514603624E-02  2.387984711E-01 -1.877579094E-02  8.055083887E+04  1.874624538E+02  3.291884689E+02  2.698568153E+02  4.468212280E+02  1.138549224E+00 
       150 -2.513833525E-02  2.388756875E-01 -1.487946342E-02  7.906102542E+04  1.906079935E+02  3.284482028E+02  2.686439511E+02  4.484453059E+02  1.132695256E+00 
       151 -2.514495058E-02  2.389300222E-01 -1.098752945E-02  7.907989401E+04  1.924744377E+02  3.281842376E+02  2.682129744E+02  4.510383935E+02  1.130741125E+00 
       152 -2.501801490E-02  2.389948317E-01 -7.101428526E-03  8.111424948E+04  1.859107139E+02  3.295185754E+02  2.703991948E+02  4.454713720E+02  1.140807559E+00 
       153 -2.403359079E-02  2.391541778E-01 -3.362202731E-03  8.580614929E+04  1.749139191E+02  3.319496102E+02  2.744043900E+02  4.356599483E+02  1.158226042E+00 
       154 -2.203079393E-02  2.393877231E-01 -4.501692070E-05  8.931928408E+04  1.665395456E+02  3.338493092E+02  2.775527201E+02  4.292809622E+02  1.173251768E+00 
       155 -1.942355624E-02  2.396357170E-01  2.825132604E-03  8.684005930E+04  1.723528721E+02  3.325494858E+02  2.753980531E+02  4.342576795E+02  1.163293674E+00 
       156 -1.648721574E-02  2.398964014E-01  5.342831758E-03  8.188045410E+04  1.885521413E+02  3.294312699E+02  2.702576349E+02  4.435477152E+02  1.131907054E+00 
       157 -1.330897545E-02  2.400801911E-01  7.594698846E-03  8.034537512E+04  1.872566862E+02  3.290471425E+02  2.696260357E+02  4.488938580E+02  1.140872460E+00 
       158 -1.004552185E-02  2.402353079E-01  9.709455816E-03  8.088013831E+04  1.856095376E+02  3.291659932E+02  2.698212991E+02  4.456680317E+02  1.141743829E+00 
       159 -6.714656287E-03  2.403804415E-01  1.171394437E-02  8.082511427E+04  1.846877477E+02  3.291065221E+02  2.697233716E+02  4.458985707E+02  1.144571096E+00 
       160 -3.322138608E-03  2.404066774E-01  1.362735999E-02  7.996197534E+04  1.858789835E+02  3.287299392E+02  2.691062294E+02  4.483505342E+02  1.144799340E+00 
       161  9.783589121E-05  2.404201762E-01  1.547870720E-02  7.991592993E+04  1.850229225E+02  3.287999482E+02  2.692225332E+02  4.467531929E+02  1.146315163E+00 
       162  3.534439975E-03  2.403949673E-01  1.730379042E-02  8.215135889E+04  1.814338808E+02  3.300685167E+02  2.713301983E+02  4.448331661E+02  1.156097688E+00 
       163  6.969024296E-03  2.402279751E-01  1.908412837E-02  9.236211713E+04  1.556823530E+02  3.357441497E+02  2.807391179E+02  4.241675172E+02  1.200587998E+00 
       164  1.043411823E-02  2.400800089E-01  2.085152946E-02  7.967884367E+04  1.879542731E+02  3.292543055E+02  2.699669800E+02  4.500634577E+02  1.144582178E+00 
       165  1.388371434E-02  2.398652026E-01  2.263181169E-02  7.953961243E+04  1.856945589E+02  3.290432551E+02  2.696205127E+02  4.460834055E+02  1.146349264E+00 
       166  1.734145131E-02  2.394992745E-01  2.440657916E-02  7.915724854E+04  1.890113564E+02  3.286167140E+02  2.689209986E+02  4.497173181E+02  1.140096648E+00 
       167  2.080043859E-02  2.391294908E-01  2.615375350E-02  7.899491141E+04  1.886626169E+02  3.289156336E+02  2.694099656E+02  4.455474354E+02  1.137372374E+00 
       168  2.424052770E-02  2.387186889E-01  2.792040504E-02  7.893918030E+04  1.892876470E+02  3.289669962E+02  2.694946775E+02  4.415934601E+02  1.132790630E+00 
       169  2.766624902E-02  2.381908713E-01  2.968394578E-02  7.874752881E+04  1.925792875E+02  3.286928229E+02  2.690454893E+02  4.441191278E+02  1.127322810E+00 
       170  3.108229850E-02  2.375970478E-01  3.144655572E-02  7.845431592E+04  1.950313462E+02  3.285662715E+02  2.688392682E+02  4.444017785E+02  1.122174716E+00 
       171  3.449726266E-02  2.369314331E-01  3.319569832E-02  7.849663910E+04  1.972154164E+02  3.286045356E+02  2.689024148E+02  4.433167152E+02  1.116186547E+00 
       172  3.787267708E-02  2.362004853E-01  3.498142333E-02  7.893289087E+04  1.982695639E+02  3.289180589E+02  2.694164834E+02  4.422290993E+02  1.113470355E+00 
       173  4.123744789E-02  2.354271843E-01  3.677379579E-02  7.923681079E+04  1.992421336E+02  3.291802945E+02  2.698465471E+02  4.411211286E+02  1.111840505E+00 
       174  4.456263149E-02  2.345133553E-01  3.856958315E-02  7.872407217E+04  2.008318229E+02  3.291657969E+02  2.698226348E+02  4.402627044E+02  1.109337182E+00 
       175  4.789152860E-02  2.335402793E-01  4.034492433E-02  7.709848187E+04  2.067702109E+02  3.280854665E+02  2.680560728E+02  4.417325797E+02  1.098029683E+00 
       176  5.119514426E-02  2.325727211E-01  4.215365701E-02  7.510937070E+04  2.127096176E+02  3.267164784E+02  2.658231691E+02  4.452979470E+02  1.087717155E+00 
       177  5.444737908E-02  2.314873556E-01  4.396264389E-02  7.310742595E+04  2.178172187E+02  3.254797948E+02  2.638128638E+02  4.479505891E+02  1.077856187E+00 
       178  5.771043354E-02  2.303389779E-01  4.576361213E-02  7.103216013E+04  2.259519714E+02  3.239487836E+02  2.613409832E+02  4.559255898E+02  1.067897964E+00 
       179  6.093363739E-02  2.292015055E-01  4.761570799E-02  6.853704211E+04  2.359520688E+02  3.220872269E+02  2.583491502E+02  4.631749029E+02  1.052621925E+00 
       180  6.411569228E-02  2.279427553E-01  4.946832252E-02  6.677089258E+04  2.472126198E+02  3.208632364E+02  2.563915701E+02  4.684767246E+02  1.031086314E+00 
       181  6.728438578E-02  2.267057043E-01  5.135068917E-02  6.916107654E+04  2.565369811E+02  3.232711964E+02  2.602571316E+02  4.610357027E+02  9.968157187E-01 
       182  7.045491472E-02  2.254566135E-01  5.324396322E-02  8.076819165E+04  2.659423079E+02  3.297516155E+02  2.708554769E+02  4.403682475E+02  9.460642207E-01 
       183  7.352398986E-02  2.240979077E-01  5.520813549E-02  9.649325269E+04  2.498814869E+02  3.380282998E+02  2.845920415E+02  4.001251316E+02  9.454748053E-01 
       184  7.654294831E-02  2.227589545E-01  5.724026033E-02  1.042874068E+05  2.393453525E+02  3.415839028E+02  2.905664008E+02  3.890327303E+02  9.610816492E-01 
       185  7.954929441E-02  2.214414527E-01  5.933596166E-02  1.085633867E+05  2.407916737E+02  3.445365248E+02  2.956245928E+02  3.768056917E+02  9.474954251E-01 
       186  8.244157493E-02  2.200232159E-01  6.149679439E-02  1.247401523E+05  2.386720581E+02  3.513096008E+02  3.073518295E+02  3.413817139E+02  9.337936938E-01 
       187  8.531452000E-02  2.186177542E-01  6.372436707E-02  1.191666214E+05  2.462974161E+02  3.478852963E+02  3.013836368E+02  3.575667140E+02  9.157404886E-01 
       188  8.816039266E-02  2.172472440E-01  6.601424901E-02  1.214494026E+05  2.334421401E+02  3.500348577E+02  3.051186643E+02  3.472627382E+02  9.459449649E-01 
       189  9.092008057E-02  2.157826082E-01  6.831794754E-02  1.215387941E+05  2.270075995E+02  3.498030298E+02  3.047129163E+02  3.484928489E+02  9.644988722E-01 
       190  9.367581728E-02  2.143255962E-01  7.064980943E-02  1.218790111E+05  2.233604741E+02  3.498375645E+02  3.047736132E+02  3.480834111E+02  9.732742843E-01 
       191  9.641114101E-02  2.128789625E-01  7.302159977E-02  1.224064415E+05  2.233132000E+02  3.498717432E+02  3.048333462E+02  3.455815737E+02  9.718019399E-01 
       192  9.907895187E-02  2.114028516E-01  7.542603674E-02  1.226965394E+05  2.190489955E+02  3.504401245E+02  3.058243282E+02  3.450663908E+02  9.831432328E-01 
       193  1.016896232E-01  2.099003163E-01  7.789626121E-02  1.228673975E+05  2.216904473E+02  3.502030082E+02  3.054107313E+02  3.442501898E+02  9.748645974E-01 
       194  1.042573666E-01  2.084682280E-01  8.044071344E-02  1.228896722E+05  2.196634928E+02  3.509186506E+02  3.066609318E+02  3.429975982E+02  9.807116077E-01 
       195  1.067132028E-01  2.069758083E-01  8.306726980E-02  1.226727447E+05  2.216627532E+02  3.515124803E+02  3.077040069E+02  3.421944479E+02  9.737933698E-01 
       196  1.091091693E-01  2.055182938E-01  8.576040538E-02  1.226948202E+05  2.233875412E+02  3.524095091E+02  3.092793698E+02  3.386183457E+02  9.669734044E-01 
       197  1.114533399E-01  2.040960959E-01  8.851719904E-02  1.226853400E+05  2.241894351E+02  3.538994516E+02  3.119057213E+02  3.321986724E+02  9.631071253E-01 
       198  1.136946430E-01  2.026973542E-01  9.137514269E-02  1.225163349E+05  2.236848944E+02  3.558002311E+02  3.152668088E+02  3.223091087E+02  9.639478023E-01 
       199  1.158224243E-01  2.012857480E-01  9.431046231E-02  1.223635042E+05  2.258387785E+02  3.570699055E+02  3.175142990E+02  3.084143572E+02  9.590881465E-01 
       200  1.177983438E-01  1.999614296E-01  9.738734661E-02  1.223729761E+05  2.291861205E+02  3.578838654E+02  3.189572878E+02  2.929529103E+02  9.518143171E-01 
       201  1.195376812E-01  1.988013159E-01  1.006637087E-01  1.224014672E+05  2.311640562E+02  3.581488598E+02  3.194285821E+02  2.838085529E+02  9.482877263E-01 
       202  1.207748534E-01  1.979244993E-01  1.042263433E-01  1.222910397E+05  2.331157408E+02  3.568617060E+02  3.171433339E+02  2.937305453E+02  9.398837746E-01 
       203  1.209766187E-01  1.976967879E-01  1.080979692E-01  1.223992728E+05  2.331134904E+02  3.541419754E+02  3.123327642E+02  3.252540559E+02  9.362070251E-01 
       204  1.209415894E-01  1.976147862E-01  1.119887176E-01  1.226028210E+05  2.298964027E+02  3.519915164E+02  3.085449933E+02  3.351462351E+02  9.437707399E-01 
       205  1.209136670E-01  1.975679793E-01  1.158784497E-01  1.226892583E+05  2.268176875E+02  3.510755962E+02  3.069364743E+02  3.401859153E+02  9.529673442E-01 
       206  1.209140530E-01  1.975343277E-01  1.197687765E-01  1.227051770E+05  2.231383422E+02  3.510857087E+02  3.069540035E+02  3.401233184E+02  9.637375141E-01 
       207  1.209033119E-01  1.974945510E-01  1.236620610E-01  1.227220856E+05  2.204188870E+02  3.514797124E+02  3.076449828E+02  3.351968752E+02  9.706956861E-01 
       208  1.208998844E-01  1.975608583E-01  1.275528569E-01  1.226243184E+05  2.207890659E+02  3.518956377E+02  3.083788614E+02  3.372168201E+02  9.708902340E-01 
       209  1.209086196E-01  1.975927695E-01  1.314428594E-01  1.225924396E+05  2.203550926E+02  3.525055302E+02  3.094507524E+02  3.370989951E+02  9.723044410E-01 
       210  1.209261261E-01  1.976437754E-01  1.353324952E-01  1.226718404E+05  2.217226280E+02  3.530689746E+02  3.104423026E+02  3.315246680E+02  9.677375169E-01 
       211  1.209477387E-01  1.976921952E-01  1.392217013E-01  1.227197487E+05  2.210960363E+02  3.538703652E+02  3.118539938E+02  3.218439497E+02  9.701792160E-01 
       212  1.209659901E-01  1.977439656E-01  1.431109690E-01  1.229721721E+05  2.195825190E+02  3.549193740E+02  3.136900421E+02  3.082150670E+02  9.756734155E-01 
       213  1.210017723E-01  1.977818072E-01  1.470000027E-01  1.231497104E+05  2.209950581E+02  3.553772936E+02  3.143271952E+02  3.020101795E+02  9.726138078E-01 
       214 -1.337431699E-02  1.053111530E-01 -4.600000000E-02  8.757789551E+04  1.540553246E+02  3.330867004E+02  2.762985611E+02  2.353217793E+02  8.570957184E-01 
       215 -1.336879354E-02  1.054912688E-01 -4.299898917E-02  8.748300220E+04  1.540148482E+02  3.330466957E+02  2.762187576E+02  2.358729033E+02  8.593708780E-01 
       216 -1.321272523E-02  1.057016208E-01 -4.000664894E-02  8.747477441E+04  1.542264948E+02  3.330075836E+02  2.761538448E+02  2.363613100E+02  8.601581790E-01 
       217 -1.269691607E-02  1.059729593E-01 -3.706120983E-02  8.737649044E+04  1.547434463E+02  3.329571791E+02  2.760703126E+02  2.365408568E+02  8.582135371E-01 
       218 -1.181263769E-02  1.063072321E-01 -3.420969757E-02  8.714824613E+04  1.559516584E+02  3.328418239E+02  2.758790332E+02  2.383375222E+02  8.583162285E-01 
       219 -1.066241908E-02  1.066659143E-01 -3.145726216E-02  8.706111753E+04  1.567813140E+02  3.327840616E+02  2.757833187E+02  2.390711182E+02  8.568093885E-01 
       220 -9.280794463E-03  1.070573859E-01 -2.881758489E-02  8.689736426E+04  1.572156594E+02  3.327459741E+02  2.757202085E+02  2.395722786E+02  8.565630586E-01 
       221 -7.735023178E-03  1.074435380E-01 -2.626912607E-02  8.683056000E+04  1.579157861E+02  3.327123146E+02  2.756643633E+02  2.399488015E+02  8.545644023E-01 
       222 -6.047350445E-03  1.078135440E-01 -2.381048416E-02  8.668939270E+04  1.588712001E+02  3.325925556E+02  2.754660352E+02  2.407308127E+02  8.526072311E-01 
       223 -4.299611852E-03  1.081916589E-01 -2.139379423E-02  8.661066380E+04  1.595805148E+02  3.326384536E+02  2.755420424E+02  2.415384295E+02  8.522844170E-01 
       224 -2.461870607E-03  1.085505379E-01 -1.904289133E-02  8.668377224E+04  1.599203569E+02  3.325657251E+02  2.754215681E+02  2.416099140E+02  8.512199064E-01 
       225 -5.886173328E-04  1.088780789E-01 -1.671486844E-02  8.679672930E+04  1.595404291E+02  3.327299114E+02  2.756935770E+02  2.415813281E+02  8.535118554E-01 
       226  1.337912187E-03  1.092215599E-01 -1.443302686E-02  8.691000437E+04  1.597357981E+02  3.326002924E+02  2.754787746E+02  2.423337434E+02  8.556872957E-01 
       227  3.290030235E-03  1.094941851E-01 -1.216353628E-02  8.678290455E+04  1.592083855E+02  3.325320817E+02  2.753658505E+02  2.434043825E+02  8.627712761E-01 
       228  5.262023684E-03  1.097864070E-01 -9.913643549E-03  8.605438014E+04  1.602104891E+02  3.320840480E+02  2.746246320E+02  2.472394078E+02  8.715735509E-01 
       229  7.256339014E-03  1.100495762E-01 -7.679258903E-03  8.416188649E+04  1.646243607E+02  3.310645622E+02  2.729414543E+02  2.539030623E+02  8.723623238E-01 
       230  9.250945095E-03  1.102792579E-01 -5.441700620E-03  8.182204969E+04  1.723962609E+02  3.299144961E+02  2.710481929E+02  2.619641501E+02  8.605277397E-01 
       231  1.125130268E-02  1.105297001E-01 -3.209862298E-03  8.059287061E+04  1.800739050E+02  3.293190136E+02  2.700704904E+02  2.658826308E+02  8.347434942E-01 
       232  1.324504242E-02  1.107259366E-01 -9.692227629E-04  8.138698633E+04  1.831272578E+02  3.297883091E+02  2.708411160E+02  2.639049387E+02  8.116099089E-01 
       233  1.522818012E-02  1.109344875E-01  1.280794701E-03  8.328938916E+04  1.843293333E+02  3.307915936E+02  2.724921741E+02  2.583917179E+02  7.863392606E-01 
       234  1.717717000E-02  1.111306516E-01  3.565314237E-03  8.539122656E+04  1.832375145E+02  3.320768852E+02  2.746134491E+02  2.497513256E+02  7.629325837E-01 
       235  2.098827574E-02  1.115152878E-01  8.199040730E-03  8.921652100E+04  1.864069881E+02  3.341887703E+02  2.781175232E+02  2.372879868E+02  7.069161907E-01 
       236  2.283804163E-02  1.116790561E-01  1.055952489E-02  9.048280377E+04  1.901252348E+02  3.352460380E+02  2.798791361E+02  2.303661883E+02  6.655463045E-01 
       237  2.632960383E-02  1.121198866E-01  1.543269692E-02  9.114609326E+04  2.047391396E+02  3.354027920E+02  2.801410847E+02  2.306731758E+02  5.889696591E-01 
       238  2.959379811E-02  1.126564718E-01  2.044933110E-02  9.025872180E+04  2.209926124E+02  3.349065347E+02  2.793124056E+02  2.366663342E+02  5.237055803E-01 
       239  3.114059063E-02  1.129278581E-01  2.301118304E-02  8.974041167E+04  2.281619656E+02  3.348740516E+02  2.792582462E+02  2.387856898E+02  4.937170561E-01 
       240  3.264987762E-02  1.132456905E-01  2.559358749E-02  8.917760080E+04  2.355970229E+02  3.344605294E+02  2.785692369E+02  2.420185271E+02  4.665962908E-01 
       241  3.807676132E-02  1.146676712E-01  3.621643154E-02  8.778403305E+04  2.602897003E+02  3.337513154E+02  2.773889181E+02  2.510045245E+02  3.739314000E-01 
       242  3.928374460E-02  1.150413043E-01  3.894926042E-02  8.790232721E+04  2.656025360E+02  3.341789670E+02  2.781010861E+02  2.511581118E+02  3.474038311E-01 
       243  4.044503934E-02  1.154301055E-01  4.169676193E-02  8.833454380E+04  2.700598987E+02  3.344224069E+02  2.785062032E+02  2.513487802E+02  3.263909487E-01 
       244  4.154949506E-02  1.158110833E-01  4.446441861E-02  8.901720410E+04  2.728935509E+02  3.348710365E+02  2.792551479E+02  2.497941046E+02  3.075556643E-01 
       245  4.259018966E-02  1.161595968E-01  4.726780086E-02  8.990948265E+04  2.753348667E+02  3.353791180E+02  2.801041602E+02  2.471955136E+02  2.864540391E-01 
       246  4.357921759E-02  1.165132208E-01  5.008364009E-02  9.101002466E+04  2.783098593E+02  3.357729273E+02  2.807625751E+02  2.446147079E+02  2.623251807E-01 
       247  4.448002582E-02  1.168267471E-01  5.293502673E-02  9.233916458E+04  2.793623545E+02  3.364982257E+02  2.819751375E+02  2.399740464E+02  2.408297327E-01 
       248  4.534234860E-02  1.171711221E-01  5.579536500E-02  9.380550488E+04  2.800745373E+02  3.371709137E+02  2.831043282E+02  2.364402809E+02  2.258736081E-01 
       249  4.612355051E-02  1.174912616E-01  5.867935283E-02  9.511535742E+04  2.814342728E+02  3.377882156E+02  2.841426964E+02  2.328197632E+02  2.064773664E-01 
       250  4.681688670E-02  1.178330389E-01  6.158342338E-02  9.628320313E+04  2.823150215E+02  3.384006462E+02  2.851732521E+02  2.295797119E+02  1.915149838E-01 
       251  4.742483443E-02  1.181684938E-01  6.451168194E-02  9.730323535E+04  2.830553055E+02  3.389645004E+02  2.861229973E+02  2.268441868E+02  1.793227773E-01 
       252  4.796175059E-02  1.184973583E-01  6.744925218E-02  9.816203564E+04  2.844627056E+02  3.394007759E+02  2.868597193E+02  2.247125082E+02  1.654215297E-01 
       253  4.839690646E-02  1.188449776E-01  7.040346354E-02  9.880317798E+04  2.862319170E+02  3.396407472E+02  2.872652663E+02  2.236608015E+02  1.534388979E-01 
       254  4.867844520E-02  1.192029192E-01  7.337369276E-02  9.915766359E+04  2.882314124E+02  3.397793873E+02  2.875004096E+02  2.232519070E+02  1.423999695E-01 
       255  4.889804354E-02  1.195863964E-01  7.634446821E-02  9.949420326E+04  2.897414441E+02  3.398987823E+02  2.877025980E+02  2.224447729E+02  1.327683616E-01 
       256  4.901527392E-02  1.199575346E-01  7.936475415E-02  9.956020679E+04  2.923373647E+02  3.398738571E+02  2.876603577E+02  2.230572964E+02  1.219518086E-01 
       257  4.897414798E-02  1.207471392E-01  8.530893469E-02  9.946517578E+04  2.966219673E+02  3.399863892E+02  2.878502846E+02  2.243027000E+02  1.055184826E-01 
       258  4.879835866E-02  1.211503063E-01  8.827262235E-02  9.951106543E+04  2.989146996E+02  3.398604355E+02  2.876369133E+02  2.252905083E+02  9.763613716E-02 
       259  4.854576088E-02  1.215647590E-01  9.126615169E-02  9.961182766E+04  3.005549342E+02  3.396654789E+02  2.873071778E+02  2.254145505E+02  9.011853881E-02 
       260  4.818457029E-02  1.219712360E-01  9.420996830E-02  9.999565132E+04  3.008655852E+02  3.398771950E+02  2.876652658E+02  2.250062762E+02  8.822815362E-02 
       261  4.782320061E-02  1.224212570E-01  9.713670139E-02  1.004635767E+05  3.010670052E+02  3.400592785E+02  2.879743195E+02  2.235057125E+02  8.262668271E-02 
       262  4.734997920E-02  1.228526278E-01  1.001180955E-01  1.014048809E+05  2.997847137E+02  3.406969376E+02  2.890546494E+02  2.209283524E+02  8.123557921E-02 
       263  4.683890011E-02  1.232935874E-01  1.030087938E-01  1.028929783E+05  2.975433311E+02  3.415263104E+02  2.904646468E+02  2.168249716E+02  7.975254339E-02 
       264  4.566507936E-02  1.242316696E-01  1.088390156E-01  1.050596780E+05  2.925788396E+02  3.419867635E+02  2.912479446E+02  2.096150082E+02  8.442662344E-02 
       265  4.352639189E-02  1.257122811E-01  1.174848542E-01  1.079906596E+05  2.629389979E+02  3.456758598E+02  2.975718944E+02  1.786108885E+02  1.658345755E-01 
       266  4.289440586E-02  1.261798267E-01  1.203730247E-01  1.082143012E+05  2.490616523E+02  3.476097508E+02  3.009083261E+02  1.592776636E+02  1.939057747E-01 
       267  4.242365191E-02  1.265975250E-01  1.232861776E-01  1.083823360E+05  2.531854356E+02  3.477449044E+02  3.011386407E+02  1.564298828E+02  1.535198591E-01 
       268  4.208270049E-02  1.270006734E-01  1.262530889E-01  1.078061621E+05  2.622336655E+02  3.473084831E+02  3.003845100E+02  1.500683231E+02  6.255483604E-02 
       269  4.202415066E-02  1.273246053E-01  1.292418903E-01  1.070090862E+05  2.578156702E+02  3.475281430E+02  3.007640959E+02  1.418847126E+02  7.256686598E-02 
       270  4.218523596E-02  1.275849052E-01  1.322314117E-01  1.067339367E+05  2.480763409E+02  3.478886851E+02  3.013890256E+02  1.398123342E+02  1.431152822E-01 
       271  4.252691668E-02  1.278080741E-01  1.352038484E-01  1.069022500E+05  2.445323398E+02  3.481950579E+02  3.019245197E+02  1.487176320E+02  2.042692579E-01 
       272  4.296344289E-02  1.279984053E-01  1.381664338E-01  1.070229339E+05  2.482698407E+02  3.480967119E+02  3.017572458E+02  1.567526499E+02  2.062212816E-01 
       273  4.347514252E-02  1.281630447E-01  1.411197974E-01  1.068819823E+05  2.524118678E+02  3.480741572E+02  3.017166776E+02  1.618308045E+02  1.959820392E-01 
       274  4.403358971E-02  1.283124551E-01  1.440677535E-01  1.065806538E+05  2.556173041E+02  3.480624122E+02  3.016908852E+02  1.656290622E+02  1.883724321E-01 
       275  4.466583781E-02  1.284644007E-01  1.470000034E-01  1.063165543E+05  2.582796671E+02  3.475532641E+02  2.944136131E+02  1.692224910E+02  1.842533791E-01 
       276 -1.390154712E-02  1.725232616E-01 -4.600000033E-02  8.231678912E+04  1.821845354E+02  3.302217339E+02  2.716814097E+02  3.425821874E+02  1.009987713E+00 
       277 -1.389524734E-02  1.726308379E-01 -4.258575940E-02  8.261276672E+04  1.819328675E+02  3.302504163E+02  2.715999493E+02  3.421900786E+02  1.010164450E+00 
       278 -1.388827040E-02  1.727470810E-01 -3.919459871E-02  8.286598405E+04  1.815492638E+02  3.303187577E+02  2.717124113E+02  3.424431356E+02  1.012015240E+00 
       279 -1.387976982E-02  1.728866868E-01 -3.575874102E-02  8.277559804E+04  1.815728097E+02  3.303341139E+02  2.717376682E+02  3.428782654E+02  1.012764315E+00 
       280 -1.386962822E-02  1.730354599E-01 -3.234598001E-02  8.288871034E+04  1.818635959E+02  3.302785003E+02  2.716461633E+02  3.434342287E+02  1.012889260E+00 
       281 -1.385715910E-02  1.732129765E-01 -2.893478341E-02  8.243295251E+04  1.819592079E+02  3.301691065E+02  2.714662241E+02  3.447092344E+02  1.015230176E+00 
       282 -1.381464856E-02  1.733989484E-01 -2.553958976E-02  8.202173247E+04  1.820979447E+02  3.299633982E+02  2.711282431E+02  3.449943631E+02  1.015545595E+00 
       283 -1.334927366E-02  1.736519924E-01 -2.216152427E-02  8.128676807E+04  1.848043488E+02  3.294089201E+02  2.702182645E+02  3.474832923E+02  1.011034969E+00 
       284 -1.220387625E-02  1.739549638E-01 -1.896956374E-02  7.991671729E+04  1.890386314E+02  3.285695229E+02  2.688433361E+02  3.534706688E+02  1.007452726E+00 
       285 -1.057589609E-02  1.742731966E-01 -1.599005111E-02  7.838921271E+04  1.928183970E+02  3.277865249E+02  2.675630911E+02  3.566215799E+02  1.000010189E+00 
       286 -8.586070527E-03  1.745821273E-01 -1.323108332E-02  7.679355465E+04  1.977974405E+02  3.269834463E+02  2.662538639E+02  3.605836838E+02  9.907389583E-01 
       287 -6.371188279E-03  1.748941133E-01 -1.065117603E-02  7.597188005E+04  2.003063285E+02  3.267898529E+02  2.659385612E+02  3.609360703E+02  9.828712392E-01 
       288 -3.959984913E-03  1.752012559E-01 -8.251810021E-03  7.758958800E+04  1.985441235E+02  3.278685347E+02  2.677002845E+02  3.555141853E+02  9.786026537E-01 
       289 -1.474621790E-03  1.754287438E-01 -5.921768022E-03  8.227700158E+04  1.915140366E+02  3.304133160E+02  2.718812879E+02  3.434026362E+02  9.817514283E-01 
       290  1.096342236E-03  1.756586641E-01 -3.684409899E-03  8.877035451E+04  1.806070688E+02  3.333034007E+02  2.766500019E+02  3.305876665E+02  9.973212685E-01 
       291  3.722457199E-03  1.758529720E-01 -1.512169024E-03  9.173176831E+04  1.758859901E+02  3.342536564E+02  2.782250957E+02  3.278937216E+02  1.009064190E+00 
       292  6.390497491E-03  1.759799744E-01  6.206893580E-04  8.793581738E+04  1.794219885E+02  3.328191395E+02  2.758477516E+02  3.338710632E+02  1.007101804E+00 
       293  1.179759467E-02  1.761809281E-01  4.808741428E-03  7.623768750E+04  1.996516876E+02  3.267391052E+02  2.658615646E+02  3.658312302E+02  9.947159290E-01 
       294  1.450804596E-02  1.762121176E-01  6.883706551E-03  7.254884326E+04  2.101425438E+02  3.241756802E+02  2.617044697E+02  3.764735146E+02  9.803991914E-01 
       295  1.722225861E-02  1.762495216E-01  8.953048646E-03  7.067237500E+04  2.143510780E+02  3.228889999E+02  2.596280746E+02  3.811958961E+02  9.759749174E-01 
       296  1.993233776E-02  1.761597577E-01  1.102855473E-02  6.921350293E+04  2.155618496E+02  3.222179642E+02  2.585506325E+02  3.839672432E+02  9.777021259E-01 
       297  2.263244469E-02  1.760920636E-01  1.311525345E-02  6.746440869E+04  2.220230865E+02  3.209973049E+02  2.565969296E+02  3.894078941E+02  9.676934183E-01 
       298  2.532249661E-02  1.759768902E-01  1.521525865E-02  6.581200293E+04  2.299682961E+02  3.197255249E+02  2.545673180E+02  3.952834454E+02  9.538415000E-01 
       299  2.800116021E-02  1.758008440E-01  1.732596334E-02  6.543155933E+04  2.350839777E+02  3.193321295E+02  2.539404898E+02  3.989856958E+02  9.449231066E-01 
       300  3.066011949E-02  1.756198651E-01  1.946182943E-02  6.781520935E+04  2.358834257E+02  3.207428913E+02  2.561978359E+02  3.934856153E+02  9.301133286E-01 
       301  3.850917716E-02  1.748410184E-01  2.602581626E-02  8.680295459E+04  2.350284824E+02  3.335649080E+02  2.770837717E+02  3.360171804E+02  8.236135226E-01 
       302  4.358739934E-02  1.740919978E-01  3.053362568E-02  8.609235449E+04  2.372884254E+02  3.330274343E+02  2.761898203E+02  3.412952156E+02  8.254174292E-01 
       303  4.609287257E-02  1.736863543E-01  3.281922705E-02  8.522047314E+04  2.391803265E+02  3.326139126E+02  2.755023327E+02  3.427336397E+02  8.217949383E-01 
       304  4.855845708E-02  1.731970535E-01  3.512834265E-02  8.487869238E+04  2.425099812E+02  3.325505219E+02  2.753966875E+02  3.440285025E+02  8.126574587E-01 
       305  5.100043215E-02  1.726458906E-01  3.745772352E-02  8.562291431E+04  2.476130610E+02  3.328964472E+02  2.759705071E+02  3.433828487E+02  7.944099475E-01 
       306  5.340036417E-02  1.720848619E-01  3.982071753E-02  8.868303931E+04  2.491073511E+02  3.345851746E+02  2.787835503E+02  3.357087250E+02  7.765392587E-01 
       307  5.576533568E-02  1.714326002E-01  4.220398857E-02  9.408643689E+04  2.467138594E+02  3.375749241E+02  2.837909378E+02  3.218134346E+02  7.625685260E-01 
       308  5.808130114E-02  1.707532671E-01  4.462162642E-02  9.987371729E+04  2.444592701E+02  3.405861640E+02  2.888734995E+02  3.074451977E+02  7.485387426E-01 
       309  6.913202621E-02  1.670049815E-01  5.708998555E-02  1.128240377E+05  2.434176145E+02  3.469180760E+02  2.997098503E+02  2.728540978E+02  7.058160482E-01 
       310  7.325557335E-02  1.653928843E-01  6.228962682E-02  1.155802569E+05  2.409805254E+02  3.483255715E+02  3.021452889E+02  2.664969518E+02  7.081216215E-01 
       311  7.526114685E-02  1.645964451E-01  6.493668120E-02  1.165514199E+05  2.399959869E+02  3.487849121E+02  3.029427280E+02  2.640078545E+02  7.105518244E-01 
       312  8.099008587E-02  1.620989224E-01  7.305121222E-02  1.186523369E+05  2.379305897E+02  3.494232254E+02  3.040514526E+02  2.581217461E+02  7.123540640E-01 
       313  8.281625202E-02  1.612441772E-01  7.580722199E-02  1.189038369E+05  2.379877434E+02  3.493900146E+02  3.039937325E+02  2.574425507E+02  7.119359076E-01 
       314  8.462318717E-02  1.604029889E-01  7.856519154E-02  1.190820317E+05  2.380208097E+02  3.493358955E+02  3.038994980E+02  2.567957249E+02  7.126426678E-01 
       315  8.638808364E-02  1.595156660E-01  8.135371941E-02  1.191863162E+05  2.381361370E+02  3.492171879E+02  3.036928921E+02  2.562852230E+02  7.125335075E-01 
       316  8.818531781E-02  1.586346563E-01  8.418846896E-02  1.191837377E+05  2.385587828E+02  3.489767755E+02  3.032748137E+02  2.560757710E+02  7.091100480E-01 
       317  9.153487112E-02  1.568453452E-01  8.985396979E-02  1.189444011E+05  2.373870149E+02  3.489369159E+02  3.032060523E+02  2.564298010E+02  7.147683622E-01 
       318  9.319079870E-02  1.559467714E-01  9.269883327E-02  1.188724932E+05  2.376874886E+02  3.489424706E+02  3.032159214E+02  2.550033817E+02  7.123344131E-01 
       319  9.639067810E-02  1.541493463E-01  9.845101971E-02  1.188848008E+05  2.389412613E+02  3.486206951E+02  3.026564007E+02  2.546780148E+02  7.081577480E-01 
       320  9.789700787E-02  1.532238030E-01  1.013752208E-01  1.188945371E+05  2.396834240E+02  3.484757895E+02  3.024046893E+02  2.548002300E+02  7.043698784E-01 
       321  9.939560036E-02  1.523575645E-01  1.043121280E-01  1.188802285E+05  2.399894676E+02  3.483881912E+02  3.022525539E+02  2.551999340E+02  7.041534632E-01 
       322  1.008373928E-01  1.515239935E-01  1.072922639E-01  1.187373311E+05  2.404915905E+02  3.482012959E+02  3.019282932E+02  2.559170780E+02  7.034813017E-01 
       323  1.021925752E-01  1.507164957E-01  1.103173974E-01  1.185702410E+05  2.413253007E+02  3.480294161E+02  3.016305256E+02  2.566211896E+02  7.006169930E-01 
       324  1.063175391E-01  1.486079647E-01  1.265700906E-01  1.182023438E+05  2.414792252E+02  3.487997437E+02  3.029707146E+02  2.556938477E+02  7.015316784E-01 
       325  1.064822206E-01  1.487022474E-01  1.299738775E-01  1.183832148E+05  2.372637329E+02  3.503117294E+02  3.056057167E+02  2.464484711E+02  7.127123773E-01 
       326  1.066476119E-01  1.488146338E-01  1.333799290E-01  1.182707266E+05  2.314464455E+02  3.518060875E+02  3.082159386E+02  2.300610962E+02  7.300301641E-01 
       327  1.068180965E-01  1.489318139E-01  1.367854531E-01  1.180073672E+05  2.280241394E+02  3.524492683E+02  3.093411865E+02  2.186126423E+02  7.433264777E-01 
       328  1.069979625E-01  1.490578552E-01  1.401905319E-01  1.179326611E+05  2.289233036E+02  3.520253677E+02  3.085988731E+02  2.252475452E+02  7.440401092E-01 
       329  1.071817424E-01  1.491887345E-01  1.435955648E-01  1.180599268E+05  2.358339481E+02  3.504208508E+02  3.056960945E+02  2.457878561E+02  7.231947258E-01 
       330  1.073851999E-01  1.493347905E-01  1.470000044E-01  1.180278867E+05  2.451385727E+02  3.482181015E+02  3.012941742E+02  2.654279404E+02  7.005338222E-01 
       331 -5.132010553E-03  2.399711247E-01 -4.600000034E-02  8.370286426E+04  1.730193233E+02  3.312094707E+02  2.725316086E+02  4.378481102E+02  1.164484173E+00 
       332 -5.128125210E-03  2.399809281E-01 -4.210430258E-02  8.444705591E+04  1.744467010E+02  3.309117613E+02  2.726893191E+02  4.393329372E+02  1.162493993E+00 
       333 -5.125201508E-03  2.399922328E-01 -3.820870464E-02  8.351949536E+04  1.773590018E+02  3.303271894E+02  2.717281024E+02  4.418142705E+02  1.157879246E+00 
       334 -5.121813889E-03  2.400095995E-01 -3.431329778E-02  8.175321625E+04  1.818150177E+02  3.294431672E+02  2.702758892E+02  4.455084982E+02  1.150727284E+00 
       335 -5.119016059E-03  2.400291916E-01 -3.041776666E-02  7.977345692E+04  1.867029209E+02  3.284779446E+02  2.686944030E+02  4.497088895E+02  1.143114942E+00 
       336 -5.114574788E-03  2.400538233E-01 -2.652182619E-02  7.821534087E+04  1.890699401E+02  3.280297424E+02  2.679603197E+02  4.513319818E+02  1.138956197E+00 
       337 -5.109553763E-03  2.400828758E-01 -2.262552630E-02  7.806427258E+04  1.887415464E+02  3.282027659E+02  2.682442622E+02  4.504649220E+02  1.138825415E+00 
       338 -5.103895973E-03  2.401152952E-01 -1.872899116E-02  8.027581549E+04  1.849650880E+02  3.293362098E+02  2.701022651E+02  4.459254637E+02  1.143506834E+00 
       339 -4.925504783E-03  2.402473149E-01 -7.056915668E-03  8.767898292E+04  1.703036160E+02  3.323867325E+02  2.751321155E+02  4.320880520E+02  1.169522864E+00 
       340 -3.715119829E-03  2.403023013E-01 -3.373311706E-03  8.230606635E+04  1.804885106E+02  3.303042655E+02  2.717013304E+02  4.434018669E+02  1.154638084E+00 
       341 -1.562012846E-03  2.403581740E-01 -1.360753051E-04  7.835631326E+04  1.909572056E+02  3.281727090E+02  2.681976964E+02  4.552766869E+02  1.139167436E+00 
       342  1.133764527E-03  2.404094608E-01  2.675248428E-03  7.842845874E+04  1.910689240E+02  3.277768593E+02  2.675490637E+02  4.533420773E+02  1.136775717E+00 
       343  4.137632423E-03  2.404197044E-01  5.149238455E-03  7.991569444E+04  1.870953727E+02  3.283816788E+02  2.685367395E+02  4.452243653E+02  1.138325546E+00 
       344  7.316400202E-03  2.403253331E-01  7.399564588E-03  8.002028414E+04  1.841701776E+02  3.287555028E+02  2.691475391E+02  4.437143806E+02  1.144237997E+00 
       345  1.395577155E-02  2.400667001E-01  1.148649181E-02  8.654704395E+04  1.714277716E+02  3.318478603E+02  2.742431650E+02  4.346206474E+02  1.167386144E+00 
       346  1.735065466E-02  2.397965962E-01  1.337576268E-02  9.021479297E+04  1.599387741E+02  3.338175278E+02  2.775050392E+02  4.286522598E+02  1.190480754E+00 
       347  2.419161170E-02  2.391929427E-01  1.704637434E-02  7.974150879E+04  1.844675293E+02  3.290459976E+02  2.696287727E+02  4.488386612E+02  1.148898423E+00 
       348  2.761839379E-02  2.387452844E-01  1.884103948E-02  7.971320605E+04  1.883969002E+02  3.286273079E+02  2.689388199E+02  4.488190193E+02  1.138881996E+00 
       349  3.105226563E-02  2.382885234E-01  2.062260888E-02  8.082377783E+04  1.845864305E+02  3.295701885E+02  2.704839115E+02  4.444825153E+02  1.144168831E+00 
       350  3.788868369E-02  2.371344800E-01  2.417075674E-02  8.064912988E+04  1.863813705E+02  3.296020069E+02  2.705357914E+02  4.460987358E+02  1.141969122E+00 
       351  4.468291751E-02  2.357525484E-01  2.771953789E-02  8.025178711E+04  1.896140881E+02  3.291859169E+02  2.698554516E+02  4.453428459E+02  1.134615101E+00 
       352  4.805699300E-02  2.349490393E-01  2.948953136E-02  8.074112988E+04  1.891976452E+02  3.294981771E+02  2.703689814E+02  4.446058064E+02  1.136444598E+00 
       353  5.140582287E-02  2.340778219E-01  3.127771149E-02  8.082261475E+04  1.911342468E+02  3.293401890E+02  2.701101017E+02  4.475653858E+02  1.136864215E+00 
       354  5.473006301E-02  2.331020583E-01  3.305777180E-02  8.000029004E+04  1.936900215E+02  3.289303055E+02  2.694358597E+02  4.479933853E+02  1.132950872E+00 
       355  5.803984836E-02  2.320923676E-01  3.484458617E-02  7.851645947E+04  1.984748211E+02  3.278597107E+02  2.676850224E+02  4.516578636E+02  1.126372911E+00 
       356  6.132921494E-02  2.310454118E-01  3.665150486E-02  7.678840182E+04  2.016577270E+02  3.269291426E+02  2.661665901E+02  4.543993611E+02  1.124257201E+00 
       357  6.777528194E-02  2.285846393E-01  4.027160278E-02  8.554017285E+04  2.155806351E+02  3.329476547E+02  2.760918579E+02  4.294960823E+02  1.064925313E+00 
       358  7.097972553E-02  2.273472007E-01  4.209367684E-02  9.243085742E+04  2.295401917E+02  3.364603691E+02  2.819211826E+02  4.148093681E+02  1.015426993E+00 
       359  7.412444428E-02  2.259565065E-01  4.393674079E-02  9.121387256E+04  2.349674978E+02  3.349678221E+02  2.794230356E+02  4.200408983E+02  1.007758236E+00 
       360  7.725834663E-02  2.245514312E-01  4.577102978E-02  8.751134814E+04  2.341113682E+02  3.332426033E+02  2.765464516E+02  4.258557835E+02  1.017006770E+00 
       361  8.037011026E-02  2.231435234E-01  4.763983740E-02  8.998149316E+04  2.319123573E+02  3.350069695E+02  2.794991417E+02  4.188594551E+02  1.019572422E+00 
       362  8.343109451E-02  2.215945322E-01  4.950276897E-02  1.032585451E+05  2.217205418E+02  3.412466989E+02  2.900334349E+02  3.944935112E+02  1.032591303E+00 
       363  8.646988642E-02  2.201046420E-01  5.141624103E-02  1.216310369E+05  2.088662405E+02  3.481620207E+02  3.018911471E+02  3.602909393E+02  1.056742040E+00 
       364  9.242245520E-02  2.169732682E-01  5.534503106E-02  1.186978188E+05  2.222000332E+02  3.496384411E+02  3.044514341E+02  3.519133730E+02  9.978718646E-01 
       365  9.533631835E-02  2.153857768E-01  5.738443174E-02  1.165017462E+05  2.241537194E+02  3.492239370E+02  3.037420268E+02  3.561446624E+02  9.911522344E-01 
       366  9.819952312E-02  2.138016843E-01  5.949569436E-02  1.164611260E+05  2.243046494E+02  3.499055595E+02  3.049323349E+02  3.534099693E+02  9.872346371E-01 
       367  1.009694591E-01  2.121295788E-01  6.167326851E-02  1.188009390E+05  2.279790597E+02  3.510494499E+02  3.069279461E+02  3.456398764E+02  9.698368590E-01 
       368  1.037116704E-01  2.105064985E-01  6.390540356E-02  1.202429897E+05  2.323292665E+02  3.522680893E+02  3.090618801E+02  3.383871040E+02  9.515067525E-01 
       369  1.064180189E-01  2.088777679E-01  6.618856681E-02  1.207842598E+05  2.357226048E+02  3.525965023E+02  3.096326103E+02  3.373694267E+02  9.376396537E-01 
       370  1.090480686E-01  2.071800512E-01  6.850700508E-02  1.211317012E+05  2.349588327E+02  3.527341957E+02  3.098753300E+02  3.356760159E+02  9.370533787E-01 
       371  1.116790455E-01  2.055210471E-01  7.084353951E-02  1.215113674E+05  2.352088914E+02  3.530571971E+02  3.104441438E+02  3.358851461E+02  9.351885803E-01 
       372  1.142974452E-01  2.038484190E-01  7.319785208E-02  1.219137634E+05  2.373597908E+02  3.530433397E+02  3.104185066E+02  3.342795067E+02  9.270993117E-01 
       373  1.168416696E-01  2.021295301E-01  7.558130371E-02  1.222572427E+05  2.379182997E+02  3.532628231E+02  3.108106174E+02  3.313508320E+02  9.237587899E-01 
       374  1.193277496E-01  2.004108846E-01  7.805168345E-02  1.224732584E+05  2.362274275E+02  3.536942725E+02  3.115772624E+02  3.303316541E+02  9.275010107E-01 
       375  1.217693779E-01  1.987784452E-01  8.060399866E-02  1.225064297E+05  2.345906572E+02  3.540809135E+02  3.122638788E+02  3.302174778E+02  9.321235344E-01 
       376  1.240793489E-01  1.970470446E-01  8.322373237E-02  1.226758125E+05  2.314916582E+02  3.542098694E+02  3.124952631E+02  3.289498253E+02  9.413987510E-01 
       377  1.263696524E-01  1.953872062E-01  8.590193330E-02  1.230825730E+05  2.257238397E+02  3.548789464E+02  3.136732224E+02  3.238081082E+02  9.588863938E-01 
       378  1.285811840E-01  1.937639536E-01  8.866989816E-02  1.233102306E+05  2.208147178E+02  3.536440306E+02  3.114823003E+02  3.297122059E+02  9.736912344E-01 
       379  1.378530526E-01  1.861918564E-01  1.119425893E-01  1.223578486E+05  2.228651819E+02  3.546361370E+02  3.132008266E+02  3.210469847E+02  9.649960734E-01 
       380  1.378280879E-01  1.861358471E-01  1.158380052E-01  1.221537747E+05  2.243203506E+02  3.553567839E+02  3.144742470E+02  3.068322620E+02  9.606023617E-01 
       381  1.378172244E-01  1.861105784E-01  1.197328496E-01  1.218405059E+05  2.283300376E+02  3.556032643E+02  3.149086103E+02  3.012994518E+02  9.485983867E-01 
       382  1.378137064E-01  1.861013403E-01  1.236281983E-01  1.223934647E+05  2.299389832E+02  3.553329277E+02  3.144306202E+02  3.125175450E+02  9.404093875E-01 
       383  1.378232998E-01  1.861207539E-01  1.275238734E-01  1.229788856E+05  2.293217803E+02  3.543790888E+02  3.127476975E+02  3.255531455E+02  9.431632044E-01 
       384  1.378388478E-01  1.861485149E-01  1.314192119E-01  1.231067143E+05  2.270437563E+02  3.531546688E+02  3.105935448E+02  3.366380753E+02  9.523897527E-01 
       385  1.378667705E-01  1.861922064E-01  1.353144338E-01  1.229723912E+05  2.230191498E+02  3.528223817E+02  3.100109954E+02  3.347939835E+02  9.638987049E-01 
       386  1.378917792E-01  1.862393165E-01  1.392095884E-01  1.229159408E+05  2.215648173E+02  3.527158648E+02  3.098218694E+02  3.323489769E+02  9.677318856E-01 
       387  1.379128913E-01  1.862912877E-01  1.431056120E-01  1.229838232E+05  2.215339660E+02  3.529361141E+02  3.100980627E+02  3.301713164E+02  9.676391723E-01 
       388  1.379274402E-01  1.863453723E-01  1.469999959E-01  1.231549277E+05  2.207378759E+02  3.537392373E+02  3.111785192E+02  3.267045369E+02  9.701752216E-01 
       389 -3.389247132E-02  1.007789921E-01 -4.300551245E-02  8.752741016E+04  1.543881235E+02  3.330120354E+02  2.761612587E+02  2.361347771E+02  8.582826778E-01 
       390 -3.372456358E-02  1.010433636E-01 -4.002223516E-02  8.744712102E+04  1.545299852E+02  3.330109562E+02  2.761594991E+02  2.364417730E+02  8.587590331E-01 
       391 -3.329024078E-02  1.014074167E-01 -3.707963811E-02  8.735014539E+04  1.546694370E+02  3.330067431E+02  2.761525297E+02  2.367328977E+02  8.593181833E-01 
       392 -3.255620303E-02  1.018883264E-01 -3.421559131E-02  8.721191704E+04  1.558437268E+02  3.328886506E+02  2.759566758E+02  2.376667982E+02  8.565644679E-01 
       393 -3.153373485E-02  1.024554568E-01 -3.145384174E-02  8.707956470E+04  1.566181171E+02  3.327944008E+02  2.758004307E+02  2.384257737E+02  8.554083509E-01 
       394 -3.028950121E-02  1.031058036E-01 -2.880322264E-02  8.697694319E+04  1.575756871E+02  3.327088473E+02  2.756586230E+02  2.397456066E+02  8.552700068E-01 
       395 -2.888173412E-02  1.037838005E-01 -2.624318977E-02  8.690109660E+04  1.582834955E+02  3.326466804E+02  2.755555859E+02  2.407851261E+02  8.554855828E-01 
       396 -2.733119538E-02  1.044792183E-01 -2.377110822E-02  8.683520887E+04  1.585991473E+02  3.326310668E+02  2.755297804E+02  2.410111631E+02  8.551004173E-01 
       397 -2.568342124E-02  1.052055751E-01 -2.135968630E-02  8.672547516E+04  1.591751412E+02  3.325774847E+02  2.754409708E+02  2.415376168E+02  8.543077648E-01 
       398 -2.397735570E-02  1.059146334E-01 -1.899049647E-02  8.656805545E+04  1.596621150E+02  3.324988294E+02  2.753107640E+02  2.425944084E+02  8.559870394E-01 
       399 -2.220871387E-02  1.066063154E-01 -1.667396516E-02  8.626556601E+04  1.602821484E+02  3.323653756E+02  2.750898207E+02  2.440453284E+02  8.582833470E-01 
       400 -2.041003203E-02  1.073389070E-01 -1.437512078E-02  8.569871671E+04  1.624909202E+02  3.320093610E+02  2.745008969E+02  2.468099177E+02  8.567091320E-01 
       401 -1.856976066E-02  1.079715131E-01 -1.211630566E-02  8.490045120E+04  1.649063571E+02  3.316259458E+02  2.738672642E+02  2.496795739E+02  8.544011622E-01 
       402 -1.670953655E-02  1.086522831E-01 -9.860640570E-03  8.433822841E+04  1.681459142E+02  3.313244820E+02  2.733694650E+02  2.519816521E+02  8.459935778E-01 
       403 -1.482329113E-02  1.093026603E-01 -7.620995183E-03  8.441563902E+04  1.710776853E+02  3.313539796E+02  2.734183038E+02  2.529209630E+02  8.340833640E-01 
       404 -1.292306254E-02  1.099268373E-01 -5.385291055E-03  8.526209692E+04  1.719314680E+02  3.317986012E+02  2.741526537E+02  2.498204699E+02  8.194417823E-01 
       405 -1.101845801E-02  1.105590611E-01 -3.137660868E-03  8.704341528E+04  1.701148872E+02  3.328227532E+02  2.758478012E+02  2.440329831E+02  8.102696431E-01 
       406 -9.120841472E-03  1.111701815E-01 -8.914052251E-04  8.945538788E+04  1.673221245E+02  3.341000054E+02  2.779695942E+02  2.354336478E+02  7.980412042E-01 
       407 -7.240675928E-03  1.117476218E-01  1.353994698E-03  9.282283647E+04  1.630210208E+02  3.359089037E+02  2.809877981E+02  2.232451697E+02  7.861819812E-01 
       408 -5.370549944E-03  1.123083196E-01  3.627204146E-03  9.658563684E+04  1.621027188E+02  3.378818927E+02  2.842977810E+02  2.080842748E+02  7.487311857E-01 
       409 -3.530590186E-03  1.128981262E-01  5.933484609E-03  9.850179915E+04  1.749302161E+02  3.386423808E+02  2.855792308E+02  2.010802085E+02  6.578556688E-01 
       410 -1.726912218E-03  1.134387153E-01  8.259926622E-03  9.806424829E+04  1.867483335E+02  3.383101187E+02  2.850200100E+02  2.062589946E+02  6.039354363E-01 
       411  3.734044288E-05  1.140039107E-01  1.062617763E-02  9.733856543E+04  1.941996579E+02  3.381497469E+02  2.847489510E+02  2.084853964E+02  5.691065257E-01 
       412  1.740848712E-03  1.145879687E-01  1.302702968E-02  9.658561972E+04  2.019648105E+02  3.377640958E+02  2.840995011E+02  2.132087045E+02  5.413049051E-01 
       413  3.387617433E-03  1.151172021E-01  1.547343878E-02  9.603454892E+04  2.081389858E+02  3.375786374E+02  2.837875056E+02  2.155028825E+02  5.159669948E-01 
       414  4.957112811E-03  1.157081541E-01  1.796238578E-02  9.545533118E+04  2.149293697E+02  3.372519193E+02  2.832386870E+02  2.179446373E+02  4.879832147E-01 
       415  6.462677552E-03  1.163151534E-01  2.048609031E-02  9.467273193E+04  2.220483680E+02  3.367755680E+02  2.824390144E+02  2.219384828E+02  4.638842996E-01 
       416  7.926557233E-03  1.168909271E-01  2.304605918E-02  9.399797571E+04  2.277102764E+02  3.364496255E+02  2.818923433E+02  2.255767055E+02  4.470478627E-01 
       417  9.338612782E-03  1.175119790E-01  2.562398907E-02  9.363550667E+04  2.327955019E+02  3.362444865E+02  2.815487117E+02  2.285543323E+02  4.317480306E-01 
       418  1.068984297E-02  1.181121478E-01  2.822455248E-02  9.343777112E+04  2.374597979E+02  3.361554559E+02  2.813996962E+02  2.305184315E+02  4.156735960E-01 
       419  1.198650266E-02  1.187330819E-01  3.085849659E-02  9.335095023E+04  2.427706878E+02  3.359858865E+02  2.811160716E+02  2.321926442E+02  3.949203356E-01 
       420  1.322982934E-02  1.193430432E-01  3.352159396E-02  9.330648242E+04  2.472389250E+02  3.359408822E+02  2.810409219E+02  2.329773635E+02  3.757046002E-01 
       421  1.439865389E-02  1.199672983E-01  3.621509854E-02  9.347948221E+04  2.506231956E+02  3.360720487E+02  2.812603734E+02  2.327672361E+02  3.591320367E-01 
       422  1.553995729E-02  1.205631245E-01  3.892438234E-02  9.392884286E+04  2.535987610E+02  3.363313172E+02  2.816943410E+02  2.320337653E+02  3.427665730E-01 
       423  1.662952250E-02  1.211745408E-01  4.165332372E-02  9.450380408E+04  2.562494165E+02  3.366358265E+02  2.822048552E+02  2.309295098E+02  3.266366658E-01 
       424  1.764894372E-02  1.217373945E-01  4.441857664E-02  9.532648193E+04  2.584393663E+02  3.370107877E+02  2.828340784E+02  2.292171123E+02  3.107432701E-01 
       425  1.861873940E-02  1.222791769E-01  4.720617614E-02  9.643380940E+04  2.601409317E+02  3.375100094E+02  2.836723625E+02  2.265586993E+02  2.940998736E-01 
       426  1.950820179E-02  1.228336643E-01  5.001741530E-02  9.759370178E+04  2.613115709E+02  3.380719130E+02  2.846182802E+02  2.235769112E+02  2.796030402E-01 
       427  2.036944420E-02  1.233245632E-01  5.285072558E-02  9.875543875E+04  2.621226468E+02  3.387197611E+02  2.857098856E+02  2.201310294E+02  2.649595371E-01 
       428  2.117157025E-02  1.238295963E-01  5.569831964E-02  9.986455530E+04  2.635794926E+02  3.392597795E+02  2.866215863E+02  2.170340548E+02  2.479741990E-01 
       429  2.190592593E-02  1.242947792E-01  5.857026217E-02  1.008112559E+05  2.654209623E+02  3.396904230E+02  2.873495932E+02  2.145183268E+02  2.305730591E-01 
       430  2.257248913E-02  1.247551336E-01  6.145961794E-02  1.016152788E+05  2.676616220E+02  3.400031433E+02  2.878789244E+02  2.128459883E+02  2.140079215E-01 
       431  2.314781749E-02  1.251835029E-01  6.437124902E-02  1.022433054E+05  2.699035850E+02  3.402872448E+02  2.883600059E+02  2.115688152E+02  1.984745981E-01 
       432  2.363318974E-02  1.255957621E-01  6.730774801E-02  1.027361984E+05  2.723857889E+02  3.405217128E+02  2.887572994E+02  2.104507580E+02  1.819772403E-01 
       433  2.402789138E-02  1.260195069E-01  7.025072331E-02  1.031142529E+05  2.750205956E+02  3.407402382E+02  2.891279907E+02  2.095683203E+02  1.654057000E-01 
       434  2.431727977E-02  1.264030352E-01  7.321094069E-02  1.033619072E+05  2.779819279E+02  3.408995667E+02  2.893984394E+02  2.092211571E+02  1.485034116E-01 
       435  2.453016930E-02  1.268032789E-01  7.617447467E-02  1.034417349E+05  2.812001114E+02  3.409749241E+02  2.895264459E+02  2.094504676E+02  1.322614898E-01 
       436  2.462079541E-02  1.271795605E-01  7.915094878E-02  1.033406130E+05  2.846367147E+02  3.409947672E+02  2.895601478E+02  2.104489452E+02  1.174252015E-01 
       437  2.463902970E-02  1.275610820E-01  8.212637731E-02  1.028507600E+05  2.890437164E+02  3.407627769E+02  2.891663532E+02  2.129424620E+02  1.027136759E-01 
       438  2.457492051E-02  1.279220853E-01  8.510260082E-02  1.019570779E+05  2.934476926E+02  3.403719015E+02  2.885034329E+02  2.168218953E+02  9.369173163E-02 
       439  2.441429013E-02  1.282749863E-01  8.807550525E-02  1.007121151E+05  2.977107279E+02  3.397039421E+02  2.873720735E+02  2.217218909E+02  8.985858813E-02 
       440  2.420234297E-02  1.286273229E-01  9.105186832E-02  9.980870328E+04  2.984971393E+02  3.393047671E+02  2.866970550E+02  2.253471259E+02  1.021090890E-01 
       441  2.388558350E-02  1.289647853E-01  9.401845916E-02  9.975716794E+04  2.967703780E+02  3.393088006E+02  2.867037042E+02  2.259524172E+02  1.166573819E-01 
       442  2.351928731E-02  1.293134864E-01  9.696958543E-02  1.002635401E+05  2.939204048E+02  3.395610282E+02  2.871301528E+02  2.241376210E+02  1.282275042E-01 
       443  2.306449285E-02  1.296327241E-01  9.991680403E-02  1.010795244E+05  2.916752605E+02  3.399234581E+02  2.877434425E+02  2.218794866E+02  1.341602691E-01 
       444  2.257188759E-02  1.299515661E-01  1.028605699E-01  1.020859941E+05  2.891433239E+02  3.404017286E+02  2.885536833E+02  2.189358854E+02  1.392006460E-01 
       445  2.201092100E-02  1.302726916E-01  1.057899135E-01  1.030238157E+05  2.867875410E+02  3.408552463E+02  2.893230419E+02  2.161142132E+02  1.438395979E-01 
       446  2.143382683E-02  1.305960230E-01  1.087107054E-01  1.040175876E+05  2.841826470E+02  3.413498895E+02  2.901634477E+02  2.129077382E+02  1.486777505E-01 
       447  2.076802587E-02  1.309307408E-01  1.116221513E-01  1.048710781E+05  2.815267105E+02  3.418889523E+02  2.910807056E+02  2.087658844E+02  1.504885582E-01 
       448  2.010215597E-02  1.312657467E-01  1.145293522E-01  1.057227168E+05  2.793089209E+02  3.424368639E+02  2.920144072E+02  2.041237922E+02  1.480976506E-01 
       449  1.945135245E-02  1.316056955E-01  1.174374795E-01  1.064122799E+05  2.779977667E+02  3.428630838E+02  2.927416911E+02  2.016604047E+02  1.487193480E-01 
       450  1.885387307E-02  1.319548677E-01  1.203553293E-01  1.069621794E+05  2.769373274E+02  3.431936519E+02  2.933064175E+02  2.000403718E+02  1.512210924E-01 
       451  1.837479322E-02  1.322913677E-01  1.233018373E-01  1.074107986E+05  2.760155411E+02  3.434304523E+02  2.937113924E+02  1.985760059E+02  1.536046108E-01 
       452  1.811263581E-02  1.325954541E-01  1.262715907E-01  1.076403032E+05  2.753950768E+02  3.435488501E+02  2.939140587E+02  1.979975443E+02  1.573950425E-01 
       453  1.805653049E-02  1.328847135E-01  1.292554963E-01  1.077051213E+05  2.751197715E+02  3.436008353E+02  2.940030761E+02  1.977405634E+02  1.604339925E-01 
       454  1.819877737E-02  1.331672438E-01  1.322380588E-01  1.076194667E+05  2.754176571E+02  3.435482085E+02  2.939129868E+02  1.983500386E+02  1.631154517E-01 
       455  1.852494771E-02  1.334510277E-01  1.352129826E-01  1.074626517E+05  2.761142142E+02  3.434500801E+02  2.937451827E+02  1.999646175E+02  1.672042660E-01 
       456  1.890761882E-02  1.337081709E-01  1.381756048E-01  1.072395823E+05  2.771118817E+02  3.433157794E+02  2.935152634E+02  2.022024199E+02  1.714728915E-01 
       457  1.937808835E-02  1.339540030E-01  1.411279949E-01  1.069841602E+05  2.777870405E+02  3.432389925E+02  2.933839240E+02  2.044224901E+02  1.776084641E-01 
       458  1.989552602E-02  1.341916383E-01  1.440726902E-01  1.066799765E+05  2.784090711E+02  3.431582006E+02  2.932457799E+02  2.063754786E+02  1.830693047E-01 
       459  2.048114376E-02  1.344526817E-01  1.469999956E-01  1.063053452E+05  2.795570841E+02  3.429763193E+02  2.929369946E+02  2.085187445E+02  1.856333176E-01 
       460 -4.772920012E-02  1.664853148E-01 -4.258181757E-02  8.254252038E+04  1.816905234E+02  3.302843753E+02  2.716558418E+02  3.429505888E+02  1.012377558E+00 
       461 -4.770031945E-02  1.666117663E-01 -3.916302660E-02  8.233097144E+04  1.807287211E+02  3.302928641E+02  2.716698878E+02  3.425531967E+02  1.015046052E+00 
       462 -4.768621633E-02  1.667606858E-01 -3.574527808E-02  8.194786548E+04  1.831182168E+02  3.298839803E+02  2.709980693E+02  3.448807673E+02  1.011207568E+00 
       463 -4.773671611E-02  1.669008759E-01 -3.232563070E-02  8.146745435E+04  1.847918038E+02  3.295609541E+02  2.704675188E+02  3.471260500E+02  1.009657305E+00 
       464 -4.779814392E-02  1.670685917E-01 -2.890641835E-02  8.089303638E+04  1.858642769E+02  3.293079386E+02  2.700524540E+02  3.480138741E+02  1.007607874E+00 
       465 -4.772832030E-02  1.672854950E-01 -2.549705171E-02  8.023419116E+04  1.885239317E+02  3.288800144E+02  2.693510580E+02  3.506843896E+02  1.003749017E+00 
       466 -4.733274936E-02  1.676197526E-01 -2.211766833E-02  7.955506799E+04  1.908909245E+02  3.285015416E+02  2.687324386E+02  3.530738769E+02  1.000817871E+00 
       467 -4.646629434E-02  1.680852894E-01 -1.884685997E-02  7.917941122E+04  1.960459601E+02  3.279765896E+02  2.678749257E+02  3.548173592E+02  9.913961855E-01 
       468 -4.497458874E-02  1.687177674E-01 -1.583913045E-02  8.076586401E+04  1.965752139E+02  3.286544495E+02  2.689867826E+02  3.526710930E+02  9.921735357E-01 
       469 -4.311049959E-02  1.694263862E-01 -1.306511329E-02  8.390976807E+04  1.917371011E+02  3.303633709E+02  2.717913861E+02  3.438560171E+02  9.946930408E-01 
       470 -4.101650432E-02  1.701661907E-01 -1.047820325E-02  8.679780713E+04  1.857639170E+02  3.319339676E+02  2.743797226E+02  3.373890343E+02  1.004536733E+00 
       471 -3.872443978E-02  1.709287414E-01 -8.043812788E-03  8.724472180E+04  1.812283800E+02  3.323093319E+02  2.749991479E+02  3.338619552E+02  1.010571644E+00 
       472 -3.634257562E-02  1.716543837E-01 -5.706210795E-03  8.515457861E+04  1.815040140E+02  3.313431339E+02  2.734033165E+02  3.394423313E+02  1.016461574E+00 
       473 -3.384972842E-02  1.724025179E-01 -3.469956820E-03  8.140280963E+04  1.883932168E+02  3.291975596E+02  2.698777726E+02  3.520312986E+02  1.012680472E+00 
       474 -3.133060076E-02  1.731099844E-01 -1.271304633E-03  7.697806448E+04  1.985550162E+02  3.267135031E+02  2.658200867E+02  3.626659746E+02  9.957437301E-01 
       475 -2.873453975E-02  1.737912906E-01  8.535856133E-04  7.352957983E+04  2.071105404E+02  3.246407156E+02  2.624577713E+02  3.729166927E+02  9.857761115E-01 
       476 -2.611690126E-02  1.744247281E-01  2.958268427E-03  7.121476184E+04  2.135802221E+02  3.232315717E+02  2.601825409E+02  3.791837325E+02  9.762276709E-01 
       477 -2.348835128E-02  1.750433393E-01  5.058280838E-03  6.984263196E+04  2.184927351E+02  3.222510308E+02  2.586081122E+02  3.833871291E+02  9.683296536E-01 
       478 -2.083113736E-02  1.756162102E-01  7.133742148E-03  6.971178516E+04  2.181132135E+02  3.224340305E+02  2.589042711E+02  3.834827232E+02  9.696062729E-01 
       479 -1.816607045E-02  1.761555279E-01  9.209141426E-03  6.994503271E+04  2.225285921E+02  3.223400106E+02  2.587498703E+02  3.832246590E+02  9.540231116E-01 
       480 -1.549262448E-02  1.766467189E-01  1.128626304E-02  7.242965161E+04  2.218094759E+02  3.241326571E+02  2.616410046E+02  3.769018879E+02  9.430363625E-01 
       481 -1.281959455E-02  1.771087169E-01  1.337222607E-02  8.229250641E+04  2.130837104E+02  3.302270510E+02  2.715801125E+02  3.510775237E+02  9.232522128E-01 
       482 -1.015361520E-02  1.775059034E-01  1.547159933E-02  9.769695094E+04  2.076230130E+02  3.382293350E+02  2.848894198E+02  3.039699445E+02  8.712570909E-01 
       483 -7.491200012E-03  1.778633735E-01  1.757589553E-02  9.461717041E+04  2.207817311E+02  3.366862898E+02  2.822940855E+02  3.159806414E+02  8.426919058E-01 
       484 -4.837064878E-03  1.782590199E-01  1.971143984E-02  8.967826074E+04  2.289139566E+02  3.345183716E+02  2.786676960E+02  3.269206886E+02  8.316460587E-01 
       485 -2.188499166E-03  1.785530451E-01  2.185094162E-02  8.883266690E+04  2.310556954E+02  3.339712740E+02  2.777569354E+02  3.331531671E+02  8.339444490E-01 
       486  4.329096806E-04  1.787998193E-01  2.404680664E-02  8.898921338E+04  2.354645596E+02  3.338088932E+02  2.774865341E+02  3.372215824E+02  8.260555938E-01 
       487  3.027224691E-03  1.790317150E-01  2.627094405E-02  8.881885962E+04  2.384401751E+02  3.335078418E+02  2.769855709E+02  3.387113793E+02  8.180557238E-01 
       488  5.626976121E-03  1.792222402E-01  2.847807669E-02  8.955144543E+04  2.394303691E+02  3.339427452E+02  2.777082300E+02  3.374380629E+02  8.117467277E-01 
       489  8.191038637E-03  1.793338257E-01  3.074695743E-02  9.148994568E+04  2.397395625E+02  3.350659595E+02  2.795818644E+02  3.323744345E+02  8.020672109E-01 
       490  1.074058355E-02  1.794129340E-01  3.303046409E-02  9.486374973E+04  2.390088301E+02  3.368923924E+02  2.826396436E+02  3.224280211E+02  7.885160790E-01 
       491  1.325979491E-02  1.793970135E-01  3.532576038E-02  9.929519666E+04  2.382754922E+02  3.389750872E+02  2.861458571E+02  3.098788328E+02  7.720592469E-01 
       492  1.577166567E-02  1.793535417E-01  3.765132951E-02  1.033884817E+05  2.370906568E+02  3.408494697E+02  2.893170552E+02  2.998872843E+02  7.621524027E-01 
       493  1.825553626E-02  1.792503646E-01  4.000403552E-02  1.062787238E+05  2.365749674E+02  3.421732869E+02  2.915666127E+02  2.926014433E+02  7.543163849E-01 
       494  2.071273564E-02  1.790845686E-01  4.238164633E-02  1.084180803E+05  2.366019030E+02  3.431762557E+02  2.932777768E+02  2.864093952E+02  7.465292185E-01 
       495  2.315348782E-02  1.789033294E-01  4.476881837E-02  1.107123044E+05  2.351212089E+02  3.442634063E+02  2.951391783E+02  2.814344201E+02  7.461360702E-01 
       496  2.554611962E-02  1.786610662E-01  4.720294885E-02  1.129361626E+05  2.328866863E+02  3.452492266E+02  2.968320522E+02  2.775609579E+02  7.502290588E-01 
       497  2.790553153E-02  1.783591187E-01  4.966367300E-02  1.144324053E+05  2.315432329E+02  3.459026070E+02  2.979559584E+02  2.714393873E+02  7.486551348E-01 
       498  3.023553076E-02  1.780531658E-01  5.215009418E-02  1.153967683E+05  2.309733498E+02  3.464239595E+02  2.988545558E+02  2.658367548E+02  7.450399837E-01 
       499  3.255140683E-02  1.777481834E-01  5.464573084E-02  1.163371072E+05  2.309813992E+02  3.468832037E+02  2.996474667E+02  2.641424657E+02  7.437070799E-01 
       500  3.480321611E-02  1.773622653E-01  5.719033452E-02  1.171691822E+05  2.314019250E+02  3.471881249E+02  3.001746142E+02  2.611803398E+02  7.395523442E-01 
       501  3.704366447E-02  1.769956776E-01  5.978074099E-02  1.178599104E+05  2.310476706E+02  3.474864137E+02  3.006903121E+02  2.589660752E+02  7.390297153E-01 
       502  3.923116288E-02  1.766153691E-01  6.237867612E-02  1.184786498E+05  2.308313873E+02  3.477989106E+02  3.012312870E+02  2.584869566E+02  7.395080039E-01 
       503  4.136429871E-02  1.761773997E-01  6.501205622E-02  1.189817029E+05  2.315969762E+02  3.479549707E+02  3.015016701E+02  2.569231609E+02  7.351392012E-01 
       504  4.348069858E-02  1.757484529E-01  6.766046190E-02  1.192468684E+05  2.319766150E+02  3.480544624E+02  3.016739597E+02  2.548949718E+02  7.320257071E-01 
       505  4.554226392E-02  1.753162813E-01  7.034950997E-02  1.193614819E+05  2.324170361E+02  3.481230307E+02  3.017928228E+02  2.548803024E+02  7.305842843E-01 
       506  4.756665315E-02  1.748560179E-01  7.306168772E-02  1.193812302E+05  2.329274858E+02  3.481819525E+02  3.018949990E+02  2.551852947E+02  7.291008728E-01 
       507  4.956604909E-02  1.743615796E-01  7.580968578E-02  1.192855329E+05  2.337786773E+02  3.481798072E+02  3.018910771E+02  2.553321217E+02  7.260675356E-01 
       508  5.152654947E-02  1.738670862E-01  7.855886540E-02  1.192714619E+05  2.340858311E+02  3.482362734E+02  3.019890423E+02  2.552919060E+02  7.251540907E-01 
       509  5.347325952E-02  1.733659220E-01  8.131742073E-02  1.192324601E+05  2.342964365E+02  3.482239100E+02  3.019675820E+02  2.556825271E+02  7.250511281E-01 
       510  5.541917190E-02  1.728212690E-01  8.412523757E-02  1.192810986E+05  2.343067248E+02  3.481430360E+02  3.018274001E+02  2.557627236E+02  7.252766062E-01 
       511  5.731737707E-02  1.722438844E-01  8.698058411E-02  1.196794269E+05  2.343365368E+02  3.482668599E+02  3.020422678E+02  2.544668498E+02  7.241061279E-01 
       512  5.917186437E-02  1.716911252E-01  8.979478553E-02  1.198374237E+05  2.348759177E+02  3.483274038E+02  3.021473543E+02  2.541568042E+02  7.219237408E-01 
       513  6.096387184E-02  1.711643945E-01  9.255110888E-02  1.197708271E+05  2.358077719E+02  3.483038750E+02  3.021066290E+02  2.545574832E+02  7.188335042E-01 
       514  6.270700241E-02  1.705757992E-01  9.544380808E-02  1.195849973E+05  2.366832805E+02  3.482619157E+02  3.020337386E+02  2.548581409E+02  7.156528234E-01 
       515  6.442263795E-02  1.699823167E-01  9.834544530E-02  1.194057671E+05  2.373166075E+02  3.482022420E+02  3.019302078E+02  2.551508416E+02  7.135908712E-01 
       516  6.612271722E-02  1.694054111E-01  1.012510921E-01  1.192165690E+05  2.381143744E+02  3.481043575E+02  3.017605064E+02  2.556127911E+02  7.112087742E-01 
       517  6.776083839E-02  1.688452726E-01  1.042003507E-01  1.190368088E+05  2.386381708E+02  3.480232052E+02  3.016198250E+02  2.561356682E+02  7.100736443E-01 
       518  6.936215302E-02  1.682812898E-01  1.071729988E-01  1.188616599E+05  2.391277124E+02  3.479591088E+02  3.015087579E+02  2.568832310E+02  7.092223503E-01 
       519  7.082677073E-02  1.677321085E-01  1.102128146E-01  1.187240775E+05  2.398278812E+02  3.479123271E+02  3.014276445E+02  2.576964039E+02  7.074430184E-01 
       520  7.220712168E-02  1.672497044E-01  1.133584680E-01  1.186406212E+05  2.403997280E+02  3.479388909E+02  3.014738995E+02  2.586726751E+02  7.066479276E-01 
       521  7.342602904E-02  1.668557431E-01  1.165154693E-01  1.185592754E+05  2.407806209E+02  3.480425704E+02  3.016538656E+02  2.585028770E+02  7.056785971E-01 
       522  7.439926912E-02  1.665467988E-01  1.197652411E-01  1.185387043E+05  2.406474588E+02  3.482526484E+02  3.020183744E+02  2.574890583E+02  7.057101522E-01 
       523  7.498839543E-02  1.664581038E-01  1.231239650E-01  1.183831680E+05  2.406693802E+02  3.484086742E+02  3.022885723E+02  2.560002689E+02  7.044593394E-01 
       524  7.530423640E-02  1.665023734E-01  1.265249777E-01  1.182490103E+05  2.406151390E+02  3.484650435E+02  3.023862824E+02  2.557029057E+02  7.049626363E-01 
       525  7.543612494E-02  1.666233331E-01  1.299370256E-01  1.180795371E+05  2.417554874E+02  3.482654686E+02  3.020404682E+02  2.589107876E+02  7.044430375E-01 
       526  7.553122174E-02  1.667952118E-01  1.333496155E-01  1.179125830E+05  2.438928113E+02  3.478848367E+02  3.013810143E+02  2.627160773E+02  7.011312703E-01 
       527  7.566054780E-02  1.669469890E-01  1.367626796E-01  1.178545686E+05  2.439039421E+02  3.479868536E+02  3.015570602E+02  2.592658849E+02  6.973683685E-01 
       528  7.583993244E-02  1.671002891E-01  1.401745263E-01  1.177688015E+05  2.439331803E+02  3.482548819E+02  3.020224265E+02  2.596051939E+02  6.982725174E-01 
       529  7.600645069E-02  1.672586086E-01  1.435869327E-01  1.176827977E+05  2.440667298E+02  3.487223222E+02  3.028372083E+02  2.590381377E+02  6.996036349E-01 
       530  7.611546960E-02  1.674572299E-01  1.470000031E-01  1.178618738E+05  2.378835604E+02  3.500067947E+02  3.051763098E+02  2.475590982E+02  7.162663983E-01 
       531 -5.220359409E-02  2.342994603E-01 -4.210986580E-02  8.180067850E+04  1.817621030E+02  3.297529284E+02  2.708623532E+02  4.439911748E+02  1.149042723E+00 
       532 -5.220192467E-02  2.343108577E-01 -3.821952920E-02  8.073580249E+04  1.850275646E+02  3.292204719E+02  2.699090916E+02  4.465581691E+02  1.143682686E+00 
       533 -5.220302368E-02  2.343278434E-01 -3.432921672E-02  8.050119318E+04  1.866109810E+02  3.290899858E+02  2.696948373E+02  4.473154627E+02  1.140608495E+00 
       534 -5.220531674E-02  2.343446645E-01 -3.043898101E-02  8.158330000E+04  1.838634165E+02  3.297674813E+02  2.708085302E+02  4.440373047E+02  1.144113806E+00 
       535 -5.220735409E-02  2.343651870E-01 -2.654892396E-02  8.360516113E+04  1.781125164E+02  3.310252876E+02  2.728788090E+02  4.394680748E+02  1.153832115E+00 
       536 -5.221355576E-02  2.343966826E-01 -2.266385481E-02  8.531704694E+04  1.737923672E+02  3.319556026E+02  2.744128195E+02  4.360590652E+02  1.161315505E+00 
       537 -5.221196162E-02  2.344309954E-01 -1.877454498E-02  8.562769038E+04  1.730693524E+02  3.319310213E+02  2.743724968E+02  4.356799231E+02  1.162701803E+00 
       538 -5.222596507E-02  2.344687402E-01 -1.488167101E-02  8.416397760E+04  1.760926884E+02  3.309772945E+02  2.727992953E+02  4.388891822E+02  1.158427148E+00 
       539 -5.222923531E-02  2.345160018E-01 -1.099302079E-02  8.147269214E+04  1.818558960E+02  3.294833198E+02  2.703441709E+02  4.465904477E+02  1.153137880E+00 
       540 -5.210275326E-02  2.345957540E-01 -7.104134264E-03  7.904704956E+04  1.888612385E+02  3.282192277E+02  2.682715659E+02  4.484161447E+02  1.139766565E+00 
       541 -5.114101036E-02  2.348545508E-01 -3.375994418E-03  7.851917862E+04  1.928694828E+02  3.278701543E+02  2.677020396E+02  4.501425407E+02  1.133443485E+00 
       542 -4.917766965E-02  2.353023755E-01 -5.047413344E-05  7.978219434E+04  1.911074753E+02  3.284271498E+02  2.686124783E+02  4.532310600E+02  1.140857633E+00 
       543 -4.661414278E-02  2.358651253E-01  2.823323178E-03  8.137498999E+04  1.867026732E+02  3.295011840E+02  2.703715668E+02  4.493386068E+02  1.147226309E+00 
       544 -4.374488282E-02  2.364440537E-01  5.350106892E-03  8.424213007E+04  1.797931716E+02  3.313254721E+02  2.733730011E+02  4.413513298E+02  1.154111666E+00 
       545 -4.059796688E-02  2.370222596E-01  7.583171126E-03  8.827181042E+04  1.667710973E+02  3.335321426E+02  2.770274315E+02  4.290227466E+02  1.174330634E+00 
       546 -3.738701819E-02  2.375676250E-01  9.702642239E-03  8.730355975E+04  1.673118540E+02  3.331078534E+02  2.763233230E+02  4.317338452E+02  1.174559269E+00 
       547 -3.407522408E-02  2.380263225E-01  1.169481074E-02  8.234578723E+04  1.819436617E+02  3.304987407E+02  2.720136900E+02  4.442412648E+02  1.150399294E+00 
       548 -3.073065008E-02  2.384984497E-01  1.361793802E-02  8.021948206E+04  1.901857919E+02  3.291265526E+02  2.697556598E+02  4.473846884E+02  1.132620164E+00 
       549 -2.732884007E-02  2.388770261E-01  1.546643341E-02  8.157656482E+04  1.856833353E+02  3.299256706E+02  2.710680952E+02  4.446361046E+02  1.141142463E+00 
       550 -2.390908864E-02  2.392176502E-01  1.728468609E-02  8.218332907E+04  1.852799252E+02  3.301406227E+02  2.714207761E+02  4.417781312E+02  1.139349264E+00 
       551 -2.044822495E-02  2.394794424E-01  1.908927170E-02  8.146941779E+04  1.868108943E+02  3.297457848E+02  2.707718339E+02  4.426178079E+02  1.136276178E+00 
       552 -1.699643969E-02  2.397114515E-01  2.086461287E-02  8.078441809E+04  1.883040233E+02  3.293197351E+02  2.700733366E+02  4.457175817E+02  1.136744525E+00 
       553 -1.354033893E-02  2.398615604E-01  2.263394957E-02  8.079796729E+04  1.863344669E+02  3.294838638E+02  2.703438511E+02  4.451219368E+02  1.141932510E+00 
       554 -1.007792796E-02  2.399171479E-01  2.439846914E-02  8.114637073E+04  1.880128562E+02  3.294436345E+02  2.702784986E+02  4.437419181E+02  1.137109319E+00 
       555 -6.592279415E-03  2.399646350E-01  2.619220728E-02  8.077857715E+04  1.873244715E+02  3.293335333E+02  2.700972428E+02  4.439003353E+02  1.141007412E+00 
       556 -3.124907716E-03  2.398994093E-01  2.794309000E-02  7.960729150E+04  1.897336092E+02  3.287023087E+02  2.690612583E+02  4.467414322E+02  1.138533711E+00 
       557  3.338943067E-04  2.398017910E-01  2.968583889E-02  1.049390569E+05  2.091671196E+02  3.419908342E+02  2.912685065E+02  3.939215163E+02  1.044292315E+00 
       558  3.794068913E-03  2.396169640E-01  3.144821874E-02  1.004778511E+05  2.130755434E+02  3.400568261E+02  2.879794025E+02  4.039082680E+02  1.043961694E+00 
       559  7.248441593E-03  2.393064044E-01  3.320284907E-02  9.602640967E+04  2.131563272E+02  3.380240173E+02  2.845410843E+02  4.100099792E+02  1.049085811E+00 
       560  1.068879679E-02  2.389885178E-01  3.498866898E-02  9.268851978E+04  2.149386797E+02  3.364572353E+02  2.819137592E+02  4.177257967E+02  1.051938806E+00 
       561  1.412543948E-02  2.386075767E-01  3.676435012E-02  8.972627295E+04  2.186092553E+02  3.346498194E+02  2.788889961E+02  4.275798101E+02  1.050547212E+00 
       562  1.753589177E-02  2.380598424E-01  3.855175648E-02  8.885697559E+04  2.178710384E+02  3.343926640E+02  2.784606819E+02  4.252356682E+02  1.050536625E+00 
       563  2.093820079E-02  2.375000001E-01  4.035454522E-02  9.181376953E+04  2.147764025E+02  3.364000683E+02  2.818198128E+02  4.170944138E+02  1.052434821E+00 
       564  2.432947450E-02  2.368878370E-01  4.215773147E-02  1.034397883E+05  2.087681244E+02  3.422087238E+02  2.916601733E+02  3.925548937E+02  1.053961496E+00 
       565  2.770729830E-02  2.361795572E-01  4.394886350E-02  1.244648984E+05  1.987136426E+02  3.509812369E+02  3.068082204E+02  3.487302742E+02  1.066265434E+00 
       566  3.105826597E-02  2.354459967E-01  4.578622705E-02  1.317260791E+05  1.974735165E+02  3.534533439E+02  3.111100082E+02  3.395734744E+02  1.066619221E+00 
       567  3.438758923E-02  2.346372217E-01  4.762879820E-02  1.239222782E+05  2.028731944E+02  3.505611942E+02  3.060424298E+02  3.550543882E+02  1.048955463E+00 
       568  3.771502906E-02  2.337669833E-01  4.947240569E-02  1.172437637E+05  2.049456415E+02  3.482350321E+02  3.019884377E+02  3.648328888E+02  1.044099914E+00 
       569  4.101460083E-02  2.329246351E-01  5.135281935E-02  1.183566165E+05  2.022959528E+02  3.489266286E+02  3.031897998E+02  3.594030957E+02  1.049759654E+00 
       570  4.428347740E-02  2.319960665E-01  5.324515281E-02  1.229017701E+05  2.021244469E+02  3.505490029E+02  3.060144985E+02  3.492587268E+02  1.046155385E+00 
       571  4.749748393E-02  2.310181580E-01  5.520824782E-02  1.249718586E+05  2.044057937E+02  3.510787067E+02  3.069393983E+02  3.471319089E+02  1.039274126E+00 
       572  5.066691057E-02  2.300652086E-01  5.723980181E-02  1.248518023E+05  2.051916871E+02  3.511980443E+02  3.071482323E+02  3.460914309E+02  1.036344374E+00 
       573  5.379140778E-02  2.290521307E-01  5.932353399E-02  1.247027734E+05  2.074316117E+02  3.513676108E+02  3.074451472E+02  3.440221069E+02  1.028054049E+00 
       574  5.683956615E-02  2.279793322E-01  6.149869556E-02  1.253383711E+05  2.118703098E+02  3.515785713E+02  3.078141508E+02  3.416271610E+02  1.014767196E+00 
       575  5.985072913E-02  2.269370111E-01  6.373374277E-02  1.256475947E+05  2.146465139E+02  3.517305546E+02  3.080803051E+02  3.404023762E+02  1.006239653E+00 
       576  6.280959972E-02  2.258492183E-01  6.601505396E-02  1.253434269E+05  2.171147241E+02  3.516222876E+02  3.078906406E+02  3.384247908E+02  9.970146176E-01 
       577  6.573461678E-02  2.247295145E-01  6.832363097E-02  1.248419886E+05  2.209558282E+02  3.513107238E+02  3.073450041E+02  3.362983360E+02  9.840184888E-01 
       578  6.865501872E-02  2.236625994E-01  7.064894084E-02  1.241908937E+05  2.252424862E+02  3.510457206E+02  3.068817574E+02  3.409758544E+02  9.733745246E-01 
       579  7.151541969E-02  2.224865137E-01  7.302188293E-02  1.224796230E+05  2.299272428E+02  3.504366932E+02  3.058181853E+02  3.511513548E+02  9.625636935E-01 
       580  7.433322259E-02  2.213060150E-01  7.543149031E-02  1.208504705E+05  2.293508139E+02  3.503340330E+02  3.056401205E+02  3.539532671E+02  9.627438821E-01 
       581  7.711325138E-02  2.201536844E-01  7.789825066E-02  1.223217815E+05  2.316568196E+02  3.510870092E+02  3.069564421E+02  3.449949501E+02  9.498113085E-01 
       582  7.981655167E-02  2.189959972E-01  8.044372180E-02  1.227284615E+05  2.356595705E+02  3.514888644E+02  3.076603055E+02  3.406055489E+02  9.334369842E-01 
       583  8.242371870E-02  2.177951216E-01  8.306797326E-02  1.223992817E+05  2.382991104E+02  3.517135983E+02  3.080563450E+02  3.390538731E+02  9.232169241E-01 
       584  8.497819178E-02  2.166305248E-01  8.576177505E-02  1.220593311E+05  2.389995662E+02  3.516954418E+02  3.080243018E+02  3.397635115E+02  9.198115873E-01 
       585  8.747465708E-02  2.155008942E-01  8.852176985E-02  1.219644795E+05  2.384942226E+02  3.513454733E+02  3.074092493E+02  3.404401999E+02  9.206049517E-01 
       586  8.983863293E-02  2.143275504E-01  9.137087988E-02  1.221118494E+05  2.341101434E+02  3.512192650E+02  3.071872768E+02  3.394495339E+02  9.326111823E-01 
       587  9.211779941E-02  2.131724912E-01  9.430579148E-02  1.224265837E+05  2.301729063E+02  3.510676155E+02  3.069210223E+02  3.384774294E+02  9.434842757E-01 
       588  9.424446159E-02  2.121023496E-01  9.738772987E-02  1.226058231E+05  2.267725153E+02  3.509692084E+02  3.067487482E+02  3.394258445E+02  9.538125143E-01 
       589  9.610967173E-02  2.111612431E-01  1.006666829E-01  1.227870339E+05  2.229478245E+02  3.509145620E+02  3.066531330E+02  3.401867907E+02  9.651669136E-01 
       590  9.742401869E-02  2.103903297E-01  1.042235364E-01  1.229119784E+05  2.186020700E+02  3.509095209E+02  3.066447985E+02  3.411654859E+02  9.779471652E-01 
       591  9.764724840E-02  2.101688920E-01  1.080985861E-01  1.229340046E+05  2.177357230E+02  3.507707372E+02  3.064028664E+02  3.413799510E+02  9.805678781E-01 
       592  9.763062643E-02  2.101108570E-01  1.119846410E-01  1.228337588E+05  2.197986941E+02  3.507924880E+02  3.064425729E+02  3.395612100E+02  9.742449542E-01 
       593  9.759894170E-02  2.100363093E-01  1.158782398E-01  1.226850067E+05  2.216987875E+02  3.516474707E+02  3.079412954E+02  3.374471040E+02  9.682007045E-01 
       594  9.760335841E-02  2.100041055E-01  1.197683889E-01  1.225947055E+05  2.224700777E+02  3.530482779E+02  3.104011394E+02  3.306592119E+02  9.649667414E-01 
       595  9.760552297E-02  2.099886023E-01  1.236588659E-01  1.225311420E+05  2.228359405E+02  3.544120633E+02  3.128010548E+02  3.169085409E+02  9.644142473E-01 
       596  9.760989540E-02  2.100145164E-01  1.275491461E-01  1.226283721E+05  2.251041645E+02  3.551289936E+02  3.140651262E+02  3.028203289E+02  9.593427989E-01 
       597  9.760550437E-02  2.100148949E-01  1.314412195E-01  1.227231064E+05  2.268284225E+02  3.555170660E+02  3.147526989E+02  3.008636951E+02  9.534976929E-01 
       598  9.762031038E-02  2.101034915E-01  1.353312483E-01  1.228625990E+05  2.284805430E+02  3.556300145E+02  3.149575211E+02  3.104089909E+02  9.456901976E-01 
       599  9.762506170E-02  2.101609083E-01  1.392228176E-01  1.230026595E+05  2.285051071E+02  3.552379823E+02  3.142686541E+02  3.185471786E+02  9.451033967E-01 
       600  9.764671237E-02  2.102092269E-01  1.431110049E-01  1.231007640E+05  2.255135298E+02  3.544346147E+02  3.128508909E+02  3.242053516E+02  9.549195804E-01 
       601  9.766256924E-02  2.102587391E-01  1.469999989E-01  1.231419175E+05  2.216622343E+02  3.539044752E+02  3.116311169E+02  3.301881714E+02  9.673365057E-01 
